 
TRANSIENT_NAME:     DES14X3taz 
SNID:               1279780    
OBS_DATE:           2015-01-26
MJD:                57048. 
PHASE:              -18.   
MJD_MAX:            57077.5 (Angus et. al.: MNRAS, 487, 2215A, 2019)
TYPE:               41 
SPEC_EVAL:          SLSN-I
REDSHIFT:           0.6080  
REDSHIFT_ERR:       0.0005  
REDSHIFT_SOURCE:    Z_GAL
TELESCOPE:          GTC
INSTRUMENT:         OSIRIS
 
======================================
 
# WAVE  FLUX  FLUX_ERR
 4802.56  -8.6995e-18   5.5722e-18
 4807.17  -3.6122e-18   5.2743e-18
 4811.78   1.5260e-18   4.9204e-18
 4816.40   5.0162e-18   4.5773e-18
 4821.01   3.6401e-18   4.2969e-18
 4825.62   5.2769e-18   3.9911e-18
 4830.23   6.7707e-18   2.8559e-18
 4834.84   2.2179e-18   3.4504e-18
 4839.45   5.7417e-18   3.2164e-18
 4844.06  -1.2489e-18   2.9545e-18
 4848.67   4.7669e-18   4.1692e-19
 4853.28  -1.2954e-19   3.4084e-18
 4857.90   1.3186e-19   2.7147e-18
 4862.51   7.0141e-18   2.2822e-18
 4867.12   4.6681e-18   2.1740e-18
 4871.73   4.8454e-18   2.1245e-18
 4876.34   5.4480e-18   2.0210e-18
 4880.95   4.1673e-18   1.9131e-18
 4885.56   6.1776e-18   1.8260e-18
 4890.17   4.8814e-18   1.7504e-18
 4894.79  -3.0261e-19   1.6846e-18
 4899.40   1.5270e-18   1.6217e-18
 4904.01   2.1099e-18   1.5376e-18
 4908.62   3.0696e-18   1.4729e-18
 4913.23   4.9535e-18   1.4090e-18
 4917.84   5.9189e-18   1.3587e-18
 4922.45   4.4489e-18   1.3122e-18
 4927.07   3.2546e-18   1.2855e-18
 4931.68   1.8882e-18   1.2467e-18
 4936.29   4.6014e-18   1.2049e-18
 4940.90   2.2911e-18   1.1825e-18
 4945.51   4.5073e-18   1.1772e-18
 4950.12   2.7657e-18   1.1311e-18
 4954.73   4.6060e-18   1.1028e-18
 4959.34   4.8517e-18   1.0863e-18
 4963.96   1.8654e-18   1.0648e-18
 4968.57   2.3097e-18   1.0529e-18
 4973.18   1.7664e-18   1.0337e-18
 4977.79   3.3169e-18   1.0134e-18
 4982.40   1.1669e-18   9.8616e-19
 4987.01   1.3605e-18   9.7850e-19
 4991.62   5.3333e-18   9.7780e-19
 4996.23   9.1598e-19   9.5237e-19
 5000.85   2.0023e-18   9.3555e-19
 5005.46   3.5099e-18   9.2405e-19
 5010.07   4.1803e-18   9.1109e-19
 5014.68   3.9223e-18   9.0477e-19
 5019.29   3.5293e-18   9.0401e-19
 5023.90   3.6653e-18   9.0614e-19
 5028.51   2.5821e-18   8.9800e-19
 5033.12   4.6346e-18   8.9999e-19
 5037.74   4.5501e-18   8.8797e-19
 5042.35   5.0221e-18   8.8435e-19
 5046.96   3.8059e-18   8.8566e-19
 5051.57   3.4311e-18   8.9125e-19
 5056.18   4.4913e-18   8.9377e-19
 5060.79   8.9831e-19   8.8169e-19
 5065.40   3.6246e-18   8.7500e-19
 5070.01   3.0707e-18   8.6661e-19
 5074.63   3.4462e-18   8.5686e-19
 5079.24   2.4180e-18   8.5251e-19
 5083.85   4.6973e-18   8.6330e-19
 5088.46   2.4863e-18   8.6304e-19
 5093.07   4.5024e-18   8.6367e-19
 5097.68   3.8840e-18   8.5499e-19
 5102.29   6.8422e-18   8.5680e-19
 5106.90   4.2456e-18   8.5156e-19
 5111.52   2.8777e-18   8.5448e-19
 5116.13   1.7929e-18   8.5127e-19
 5120.74   5.0521e-18   8.5157e-19
 5125.35   4.9469e-18   8.4072e-19
 5129.96   4.7252e-18   8.3515e-19
 5134.57   5.5825e-18   8.4055e-19
 5139.18   7.5396e-18   8.4098e-19
 5143.79   4.9946e-18   8.3730e-19
 5148.41   4.9536e-18   8.3808e-19
 5153.02   4.4062e-18   8.4055e-19
 5157.63   5.1172e-18   8.3847e-19
 5162.24   5.0494e-18   8.1090e-19
 5166.85   4.7607e-18   7.8635e-19
 5171.46   4.5361e-18   7.9003e-19
 5176.07   4.2840e-18   7.9563e-19
 5180.68   2.8287e-18   7.9845e-19
 5185.30   4.4794e-18   8.0576e-19
 5189.91   6.3401e-18   8.4032e-19
 5194.52   4.5026e-18   8.8091e-19
 5199.13   3.3997e-18   8.8469e-19
 5203.74   5.3272e-18   8.6322e-19
 5208.35   4.9412e-18   8.3179e-19
 5212.96   4.1730e-18   8.2983e-19
 5217.57   4.6055e-18   8.3077e-19
 5222.19   4.3974e-18   8.2494e-19
 5226.80   4.2587e-18   8.1899e-19
 5231.41   3.9985e-18   8.2006e-19
 5236.02   6.0690e-18   8.3403e-19
 5240.63   6.6035e-18   8.3565e-19
 5245.24   5.8593e-18   8.3254e-19
 5249.85   6.9703e-18   8.3360e-19
 5254.46   5.9222e-18   8.2550e-19
 5259.08   3.9266e-18   8.0841e-19
 5263.69   5.0524e-18   7.9074e-19
 5268.30   5.4159e-18   7.8367e-19
 5272.91   5.5615e-18   7.9349e-19
 5277.52   5.7346e-18   8.1170e-19
 5282.13   4.5126e-18   8.1822e-19
 5286.74   6.1333e-18   8.2171e-19
 5291.35   5.2245e-18   8.2245e-19
 5295.97   4.4504e-18   8.2028e-19
 5300.58   5.5687e-18   8.1770e-19
 5305.19   5.6868e-18   8.2258e-19
 5309.80   5.8621e-18   8.2801e-19
 5314.41   5.2520e-18   8.1990e-19
 5319.02   7.1030e-18   8.1264e-19
 5323.63   5.2462e-18   8.0282e-19
 5328.25   6.4203e-18   8.0303e-19
 5332.86   5.9024e-18   8.0355e-19
 5337.47   4.8994e-18   8.0155e-19
 5342.08   4.5198e-18   8.0918e-19
 5346.69   4.5441e-18   8.2340e-19
 5351.30   4.4377e-18   8.3291e-19
 5355.91   4.8733e-18   8.2927e-19
 5360.52   5.2045e-18   8.1761e-19
 5365.14   5.8352e-18   7.9995e-19
 5369.75   5.0390e-18   7.8667e-19
 5374.36   5.4025e-18   7.9244e-19
 5378.97   5.5434e-18   7.9480e-19
 5383.58   6.6650e-18   7.8933e-19
 5388.19   8.0516e-18   7.8428e-19
 5392.80   6.2541e-18   7.7211e-19
 5397.41   5.5470e-18   7.6053e-19
 5402.03   6.1775e-18   7.5590e-19
 5406.64   5.5069e-18   7.5283e-19
 5411.25   4.4153e-18   7.5661e-19
 5415.86   5.6706e-18   7.5986e-19
 5420.47   5.2037e-18   7.5926e-19
 5425.08   5.4048e-18   7.5270e-19
 5429.69   5.0068e-18   7.4927e-19
 5434.30   4.3819e-18   7.4863e-19
 5438.92   5.2727e-18   7.5002e-19
 5443.53   6.4467e-18   7.5095e-19
 5448.14   4.8347e-18   7.4520e-19
 5452.75   5.1022e-18   7.4927e-19
 5457.36   4.3654e-18   7.5461e-19
 5461.97   6.1811e-18   7.5272e-19
 5466.58   5.9150e-18   7.4022e-19
 5471.19   4.7915e-18   7.2390e-19
 5475.81   5.1369e-18   7.1912e-19
 5480.42   5.0750e-18   7.1508e-19
 5485.03   4.3222e-18   7.1470e-19
 5489.64   4.9078e-18   7.1670e-19
 5494.25   5.4544e-18   7.1335e-19
 5498.86   3.6349e-18   7.0768e-19
 5503.47   5.6572e-18   7.0459e-19
 5508.08   6.1412e-18   7.0232e-19
 5512.70   5.1961e-18   6.9906e-19
 5517.31   4.3714e-18   6.9309e-19
 5521.92   4.9772e-18   6.9031e-19
 5526.53   4.9812e-18   6.8509e-19
 5531.14   4.4914e-18   6.8181e-19
 5535.75   5.3148e-18   6.8446e-19
 5540.36   7.3468e-18   6.8748e-19
 5544.97   6.3155e-18   6.8634e-19
 5549.59   5.7971e-18   6.8120e-19
 5554.20   4.3583e-18   6.7598e-19
 5558.81   7.4626e-18   6.8023e-19
 5563.42   5.2923e-18   7.0156e-19
 5568.03   5.3927e-18   1.0461e-18
 5572.64   5.3445e-18   1.3857e-18
 5577.25   5.4032e-18   1.4409e-18
 5581.86   5.3242e-18   1.2468e-18
 5586.48   5.2549e-18   8.1540e-19
 5591.09   5.2323e-18   6.4627e-19
 5595.70   5.9847e-18   6.4783e-19
 5600.31   5.3612e-18   6.4788e-19
 5604.92   6.1869e-18   6.4883e-19
 5609.53   4.1157e-18   6.4347e-19
 5614.14   4.8280e-18   6.3748e-19
 5618.75   5.5044e-18   6.3414e-19
 5623.37   4.8968e-18   6.3399e-19
 5627.98   6.6692e-18   6.3503e-19
 5632.59   6.0183e-18   6.3103e-19
 5637.20   4.6914e-18   6.2574e-19
 5641.81   5.1059e-18   6.2568e-19
 5646.42   5.4171e-18   6.2068e-19
 5651.03   5.4344e-18   6.1620e-19
 5655.65   5.2517e-18   6.0950e-19
 5660.26   6.0063e-18   6.0869e-19
 5664.87   6.6440e-18   6.1218e-19
 5669.48   4.3477e-18   6.1205e-19
 5674.09   4.6281e-18   6.1203e-19
 5678.70   5.1224e-18   6.1374e-19
 5683.31   4.4304e-18   6.1348e-19
 5687.92   5.5826e-18   6.1224e-19
 5692.54   6.5412e-18   6.1076e-19
 5697.15   5.0635e-18   6.0093e-19
 5701.76   4.8934e-18   5.9706e-19
 5706.37   5.6783e-18   5.8824e-19
 5710.98   4.2832e-18   5.8492e-19
 5715.59   4.7596e-18   5.9235e-19
 5720.20   4.0466e-18   5.9285e-19
 5724.81   5.3047e-18   5.9553e-19
 5729.43   5.6097e-18   5.9355e-19
 5734.04   4.9895e-18   5.8836e-19
 5738.65   4.5480e-18   5.8735e-19
 5743.26   5.4397e-18   5.8235e-19
 5747.87   4.4097e-18   5.7795e-19
 5752.48   4.5469e-18   5.7460e-19
 5757.09   4.9072e-18   5.7287e-19
 5761.70   5.3223e-18   5.7281e-19
 5766.32   3.8570e-18   5.7469e-19
 5770.93   4.5631e-18   5.7292e-19
 5775.54   4.1085e-18   5.6694e-19
 5780.15   4.7608e-18   5.6091e-19
 5784.76   4.3858e-18   5.6127e-19
 5789.37   4.5414e-18   5.6122e-19
 5793.98   5.3017e-18   5.6330e-19
 5798.59   4.5461e-18   5.6052e-19
 5803.21   3.1168e-18   5.5868e-19
 5807.82   4.0569e-18   5.5633e-19
 5812.43   4.5525e-18   5.5676e-19
 5817.04   3.2959e-18   5.5500e-19
 5821.65   4.2209e-18   5.5789e-19
 5826.26   3.4773e-18   5.5579e-19
 5830.87   4.1155e-18   5.5575e-19
 5835.48   4.3803e-18   5.5561e-19
 5840.10   4.0590e-18   5.5289e-19
 5844.71   5.1733e-18   5.5219e-19
 5849.32   5.1327e-18   5.4875e-19
 5853.93   2.8563e-18   5.4194e-19
 5858.54   4.1285e-18   5.4868e-19
 5863.15   5.4588e-18   5.6038e-19
 5867.76   5.0835e-18   5.6273e-19
 5872.37   5.0466e-18   5.5960e-19
 5876.99   3.0196e-18   5.6942e-19
 5881.60   4.7551e-18   6.5738e-19
 5886.21   3.3864e-18   7.6198e-19
 5890.82   4.7662e-18   8.2256e-19
 5895.43   3.9861e-18   7.7817e-19
 5900.04   5.0289e-18   6.7193e-19
 5904.65   3.2512e-18   5.8084e-19
 5909.26   4.9152e-18   5.5524e-19
 5913.88   4.1977e-18   5.5192e-19
 5918.49   6.1017e-18   5.5288e-19
 5923.10   4.8381e-18   5.4930e-19
 5927.71   4.5251e-18   5.4918e-19
 5932.32   4.5965e-18   5.4707e-19
 5936.93   3.3726e-18   5.4056e-19
 5941.54   3.9126e-18   5.3632e-19
 5946.15   5.1330e-18   5.4047e-19
 5950.77   4.0986e-18   5.3839e-19
 5955.38   2.8770e-18   5.3366e-19
 5959.99   3.9025e-18   5.3341e-19
 5964.60   4.4686e-18   5.3126e-19
 5969.21   4.7297e-18   5.3264e-19
 5973.82   5.7230e-18   5.3462e-19
 5978.43   4.5320e-18   5.2921e-19
 5983.04   4.2412e-18   5.2336e-19
 5987.66   5.1420e-18   5.2226e-19
 5992.27   4.1309e-18   5.2150e-19
 5996.88   3.9723e-18   5.2183e-19
 6001.49   3.5110e-18   5.1933e-19
 6006.10   4.0805e-18   5.1752e-19
 6010.71   5.0523e-18   5.1459e-19
 6015.32   3.6315e-18   5.0899e-19
 6019.94   4.6363e-18   5.0911e-19
 6024.55   3.7206e-18   5.0987e-19
 6029.16   3.5012e-18   5.1276e-19
 6033.77   4.0458e-18   5.1291e-19
 6038.38   5.2997e-18   5.1455e-19
 6042.99   4.2209e-18   5.1178e-19
 6047.60   4.4489e-18   5.0972e-19
 6052.21   4.6515e-18   5.0848e-19
 6056.83   4.6308e-18   5.0826e-19
 6061.44   3.1336e-18   5.0545e-19
 6066.05   3.3404e-18   5.0347e-19
 6070.66   4.0061e-18   5.0380e-19
 6075.27   4.3491e-18   4.9640e-19
 6079.88   3.6709e-18   5.0039e-19
 6084.49   4.9390e-18   5.0349e-19
 6089.10   3.0451e-18   4.9914e-19
 6093.72   4.1772e-18   5.0096e-19
 6098.33   4.7096e-18   5.0136e-19
 6102.94   4.2881e-18   5.0229e-19
 6107.55   4.5291e-18   5.0624e-19
 6112.16   4.9319e-18   5.0610e-19
 6116.77   5.4351e-18   5.0507e-19
 6121.38   5.0634e-18   5.0022e-19
 6125.99   3.2384e-18   4.9572e-19
 6130.61   4.4025e-18   4.9763e-19
 6135.22   4.8383e-18   5.0092e-19
 6139.83   4.8524e-18   5.0262e-19
 6144.44   4.8617e-18   5.0260e-19
 6149.05   4.8029e-18   5.0362e-19
 6153.66   4.7414e-18   5.0341e-19
 6158.27   3.9732e-18   4.9855e-19
 6162.88   5.6681e-18   4.9763e-19
 6167.50   4.2986e-18   4.9508e-19
 6172.11   3.8889e-18   4.9422e-19
 6176.72   4.6255e-18   4.9604e-19
 6181.33   4.6946e-18   4.9367e-19
 6185.94   2.9575e-18   4.8984e-19
 6190.55   4.3834e-18   4.9105e-19
 6195.16   4.8406e-18   4.9298e-19
 6199.77   4.9765e-18   4.9613e-19
 6204.39   4.9963e-18   4.9665e-19
 6209.00   4.6030e-18   4.9443e-19
 6213.61   4.9843e-18   4.9324e-19
 6218.22   4.4838e-18   4.9257e-19
 6222.83   4.1976e-18   4.9194e-19
 6227.44   5.4400e-18   5.0113e-19
 6232.05   6.2504e-18   5.1139e-19
 6236.66   4.0869e-18   5.1283e-19
 6241.28   4.6999e-18   5.0664e-19
 6245.89   3.9367e-18   4.9240e-19
 6250.50   4.7158e-18   4.9557e-19
 6255.11   4.7415e-18   5.0121e-19
 6259.72   3.8120e-18   5.0317e-19
 6264.33   3.3652e-18   4.9759e-19
 6268.94   3.9734e-18   4.9025e-19
 6273.55   4.3603e-18   4.8486e-19
 6278.17   4.0245e-18   4.8564e-19
 6282.78   3.9478e-18   4.9953e-19
 6287.39   5.0578e-18   5.8114e-19
 6292.00   4.2500e-18   1.0135e-18
 6296.61   4.3542e-18   1.2991e-18
 6301.22   4.6045e-18   1.3031e-18
 6305.83   3.9949e-18   1.0495e-18
 6310.44   3.8481e-18   6.3592e-19
 6315.06   3.5587e-18   4.7215e-19
 6319.67   4.5241e-18   4.8534e-19
 6324.28   4.4340e-18   4.8608e-19
 6328.89   3.3333e-18   4.8689e-19
 6333.50   3.7259e-18   4.7899e-19
 6338.11   4.2167e-18   4.7209e-19
 6342.72   4.7779e-18   4.7283e-19
 6347.33   4.0319e-18   4.7410e-19
 6351.95   4.3279e-18   5.4943e-19
 6356.56   5.3237e-18   7.3013e-19
 6361.17   6.0822e-18   8.3593e-19
 6365.78   4.8200e-18   8.0687e-19
 6370.39   2.8544e-18   6.6288e-19
 6375.00   4.9445e-18   4.8926e-19
 6379.61   5.6558e-18   4.7125e-19
 6384.23   4.1088e-18   4.6762e-19
 6388.84   4.7041e-18   4.6418e-19
 6393.45   5.2127e-18   4.5871e-19
 6398.06   5.3920e-18   4.5536e-19
 6402.67   4.4512e-18   4.5206e-19
 6407.28   4.0376e-18   4.5040e-19
 6411.89   4.4183e-18   4.5135e-19
 6416.50   4.4503e-18   4.5240e-19
 6421.12   4.4683e-18   4.5156e-19
 6425.73   4.5274e-18   4.4955e-19
 6430.34   4.1731e-18   4.4677e-19
 6434.95   4.5523e-18   4.4524e-19
 6439.56   4.5493e-18   4.4448e-19
 6444.17   4.0732e-18   4.4625e-19
 6448.78   4.7700e-18   4.4644e-19
 6453.39   4.0220e-18   4.4717e-19
 6458.01   4.4325e-18   4.5395e-19
 6462.62   4.1835e-18   4.5945e-19
 6467.23   4.1611e-18   4.6031e-19
 6471.84   4.4851e-18   4.5566e-19
 6476.45   4.1513e-18   4.4595e-19
 6481.06   4.2687e-18   4.3786e-19
 6485.67   4.1526e-18   4.3401e-19
 6490.28   3.6125e-18   4.3836e-19
 6494.90   3.6124e-18   4.4817e-19
 6499.51   3.4750e-18   4.5222e-19
 6504.12   4.7238e-18   4.4990e-19
 6508.73   3.7603e-18   4.3812e-19
 6513.34   4.3107e-18   4.3310e-19
 6517.95   4.2606e-18   4.3156e-19
 6522.56   4.0622e-18   4.3397e-19
 6527.17   4.2961e-18   4.4096e-19
 6531.79   3.9580e-18   4.3973e-19
 6536.40   4.3766e-18   4.4001e-19
 6541.01   3.8788e-18   4.3373e-19
 6545.62   5.0938e-18   4.3654e-19
 6550.23   4.9563e-18   4.3640e-19
 6554.84   4.9091e-18   4.3118e-19
 6559.45   3.6494e-18   4.2112e-19
 6564.06   4.3870e-18   4.1592e-19
 6568.68   4.3495e-18   4.2238e-19
 6573.29   3.7912e-18   4.2716e-19
 6577.90   4.0747e-18   4.2729e-19
 6582.51   4.1884e-18   4.2202e-19
 6587.12   4.3956e-18   4.1546e-19
 6591.73   4.6258e-18   4.1459e-19
 6596.34   4.7896e-18   4.1844e-19
 6600.95   4.0220e-18   4.1935e-19
 6605.57   3.0313e-18   4.1623e-19
 6610.18   4.1653e-18   4.1281e-19
 6614.79   3.9976e-18   4.0976e-19
 6619.40   3.5822e-18   4.0845e-19
 6624.01   4.1888e-18   4.0950e-19
 6628.62   5.0720e-18   4.1006e-19
 6633.23   4.4751e-18   4.0811e-19
 6637.84   4.0241e-18   4.0531e-19
 6642.46   3.6459e-18   4.0190e-19
 6647.07   3.0724e-18   4.0161e-19
 6651.68   3.3897e-18   4.0131e-19
 6656.29   3.9104e-18   4.0133e-19
 6660.90   3.8865e-18   3.9995e-19
 6665.51   3.8511e-18   3.9901e-19
 6670.12   3.8981e-18   3.9760e-19
 6674.73   2.3432e-18   3.9368e-19
 6679.35   3.0528e-18   3.9377e-19
 6683.96   3.7004e-18   3.9323e-19
 6688.57   3.2311e-18   3.9310e-19
 6693.18   3.0392e-18   3.9263e-19
 6697.79   3.0579e-18   3.9168e-19
 6702.40   3.1584e-18   3.9139e-19
 6707.01   3.4460e-18   3.8976e-19
 6711.62   4.1070e-18   3.8821e-19
 6716.24   3.7366e-18   3.8577e-19
 6720.85   2.8138e-18   3.8280e-19
 6725.46   2.8692e-18   3.8364e-19
 6730.07   2.9811e-18   3.8299e-19
 6734.68   3.3718e-18   3.8217e-19
 6739.29   3.0459e-18   3.8110e-19
 6743.90   3.2431e-18   3.7879e-19
 6748.52   3.8017e-18   3.7891e-19
 6753.13   2.9373e-18   3.7654e-19
 6757.74   2.8054e-18   3.7511e-19
 6762.35   3.0954e-18   3.7548e-19
 6766.96   3.7436e-18   3.7438e-19
 6771.57   3.1433e-18   3.7260e-19
 6776.18   3.1166e-18   3.7195e-19
 6780.79   3.6018e-18   3.7216e-19
 6785.40   2.9026e-18   3.7048e-19
 6790.02   2.2869e-18   3.6769e-19
 6794.63   3.0940e-18   3.6750e-19
 6799.24   2.9651e-18   3.6789e-19
 6803.85   2.3242e-18   3.6485e-19
 6808.46   2.4578e-18   3.6386e-19
 6813.07   3.2045e-18   3.6470e-19
 6817.68   2.7324e-18   3.6997e-19
 6822.30   3.0449e-18   3.8965e-19
 6826.91   3.8040e-18   4.1143e-19
 6831.52   3.4490e-18   4.1639e-19
 6836.13   2.0701e-18   4.0062e-19
 6840.74   2.7881e-18   3.7896e-19
 6845.35   3.2431e-18   3.6497e-19
 6849.96   2.4928e-18   3.6067e-19
 6854.57   3.4171e-18   3.7500e-19
 6859.19   3.5695e-18   3.9288e-19
 6863.80   3.3259e-18   3.8744e-19
 6868.41   1.9223e-18   3.6530e-19
 6873.02   3.1353e-18   3.3897e-19
 6877.63   2.4616e-18   3.3507e-19
 6882.24   3.2849e-18   3.4515e-19
 6886.85   2.9601e-18   3.4783e-19
 6891.46   3.2486e-18   3.4716e-19
 6896.08   2.7771e-18   3.4556e-19
 6900.69   3.0728e-18   3.4684e-19
 6905.30   3.0646e-18   3.5264e-19
 6909.91   3.7383e-18   3.5658e-19
 6914.52   2.9980e-18   3.6470e-19
 6919.13   3.8480e-18   3.7288e-19
 6923.74   2.9190e-18   3.6787e-19
 6928.35   2.8252e-18   3.6399e-19
 6932.97   2.6452e-18   3.5561e-19
 6937.58   3.2892e-18   3.6054e-19
 6942.19   3.6463e-18   3.7494e-19
 6946.80   3.2626e-18   3.7651e-19
 6951.41   3.6023e-18   3.7224e-19
 6956.02   2.9048e-18   3.5835e-19
 6960.63   3.6662e-18   3.5114e-19
 6965.24   3.1261e-18   3.5194e-19
 6969.86   3.2009e-18   3.5882e-19
 6974.47   3.0661e-18   3.6254e-19
 6979.08   3.4280e-18   3.5876e-19
 6983.69   3.4628e-18   3.5188e-19
 6988.30   3.7146e-18   3.4461e-19
 6992.91   3.3622e-18   3.4218e-19
 6997.52   3.1954e-18   3.4376e-19
 7002.13   2.6800e-18   3.4527e-19
 7006.75   3.4932e-18   3.4755e-19
 7011.36   3.4525e-18   3.4538e-19
 7015.97   2.7773e-18   3.3876e-19
 7020.58   2.8593e-18   3.3303e-19
 7025.19   3.6291e-18   3.3341e-19
 7029.80   3.3310e-18   3.3404e-19
 7034.41   2.9673e-18   3.3569e-19
 7039.02   3.8694e-18   3.4074e-19
 7043.64   2.9222e-18   3.4421e-19
 7048.25   3.2395e-18   3.4614e-19
 7052.86   3.5811e-18   3.4370e-19
 7057.47   3.2503e-18   3.3955e-19
 7062.08   3.2701e-18   3.3844e-19
 7066.69   3.5229e-18   3.3876e-19
 7071.30   3.4750e-18   3.3950e-19
 7075.91   2.9047e-18   3.3882e-19
 7080.53   2.2920e-18   3.3808e-19
 7085.14   2.9400e-18   3.3837e-19
 7089.75   2.7533e-18   3.3534e-19
 7094.36   3.3872e-18   3.3465e-19
 7098.97   2.8113e-18   3.3408e-19
 7103.58   2.2370e-18   3.3153e-19
 7108.19   3.0693e-18   3.3139e-19
 7112.80   3.0815e-18   3.3095e-19
 7117.42   2.9219e-18   3.2997e-19
 7122.03   2.9063e-18   3.3123e-19
 7126.64   3.3689e-18   3.3285e-19
 7131.25   3.1642e-18   3.3328e-19
 7135.86   2.8493e-18   3.3319e-19
 7140.47   3.2711e-18   3.3461e-19
 7145.08   2.4527e-18   3.3400e-19
 7149.69   2.4635e-18   3.3251e-19
 7154.31   2.5807e-18   3.3120e-19
 7158.92   2.3566e-18   3.3085e-19
 7163.53   2.7424e-18   3.3026e-19
 7168.14   2.5618e-18   3.2859e-19
 7172.75   2.8394e-18   3.2950e-19
 7177.36   3.2201e-18   3.2713e-19
 7181.97   2.5495e-18   3.2280e-19
 7186.58   2.9750e-18   3.2032e-19
 7191.20   3.4902e-18   3.2022e-19
 7195.81   2.1162e-18   3.1910e-19
 7200.42   2.8442e-18   3.2022e-19
 7205.03   2.9993e-18   3.2113e-19
 7209.64   3.1370e-18   3.2351e-19
 7214.25   2.1087e-18   3.2463e-19
 7218.86   3.2379e-18   3.2749e-19
 7223.48   2.9763e-18   3.2879e-19
 7228.09   3.6234e-18   3.4062e-19
 7232.70   3.2501e-18   3.7987e-19
 7237.31   2.9628e-18   4.2661e-19
 7241.92   3.2156e-18   4.4666e-19
 7246.53   2.9616e-18   4.2823e-19
 7251.14   3.2320e-18   3.8630e-19
 7255.75   2.7222e-18   3.5199e-19
 7260.37   2.3326e-18   3.4031e-19
 7264.98   2.4827e-18   3.5158e-19
 7269.59   4.2169e-18   4.0115e-19
 7274.20   3.1340e-18   4.2893e-19
 7278.81   3.8725e-18   4.3821e-19
 7283.42   2.3077e-18   4.0347e-19
 7288.03   4.1309e-18   3.7203e-19
 7292.64   3.8974e-18   3.5620e-19
 7297.26   3.8623e-18   3.5767e-19
 7301.87   4.0568e-18   3.6073e-19
 7306.48   3.1525e-18   3.7667e-19
 7311.09   3.2053e-18   3.9963e-19
 7315.70   3.5973e-18   4.0424e-19
 7320.31   2.5903e-18   3.9900e-19
 7324.92   3.3619e-18   3.7988e-19
 7329.53   2.8622e-18   3.7896e-19
 7334.15   3.2487e-18   4.1404e-19
 7338.76   2.6333e-18   4.1897e-19
 7343.37   3.2228e-18   4.1271e-19
 7347.98   3.3025e-18   3.8133e-19
 7352.59   3.9379e-18   3.6490e-19
 7357.20   2.4410e-18   3.7072e-19
 7361.81   3.5323e-18   4.0015e-19
 7366.42   3.7067e-18   4.0868e-19
 7371.04   3.2228e-18   4.0075e-19
 7375.65   2.4585e-18   3.7257e-19
 7380.26   3.5029e-18   3.4488e-19
 7384.87   4.0878e-18   3.4756e-19
 7389.48   3.2620e-18   3.5855e-19
 7394.09   3.2664e-18   3.7699e-19
 7398.70   3.4559e-18   3.8616e-19
 7403.31   3.0417e-18   3.7543e-19
 7407.93   2.7911e-18   3.5856e-19
 7412.54   3.2169e-18   3.3780e-19
 7417.15   2.8649e-18   3.3409e-19
 7421.76   2.1598e-18   3.4033e-19
 7426.37   2.8718e-18   3.4882e-19
 7430.98   3.4323e-18   3.6352e-19
 7435.59   3.3751e-18   3.6709e-19
 7440.20   3.1255e-18   3.6024e-19
 7444.82   3.4108e-18   3.4958e-19
 7449.43   3.8388e-18   3.4058e-19
 7454.04   4.1612e-18   3.4310e-19
 7458.65   4.2420e-18   3.5263e-19
 7463.26   3.5281e-18   3.6640e-19
 7467.87   3.8236e-18   3.8079e-19
 7472.48   3.5511e-18   3.9070e-19
 7477.09   4.0026e-18   3.9726e-19
 7481.71   3.1717e-18   3.8853e-19
 7486.32   3.7383e-18   3.7709e-19
 7490.93   4.0767e-18   3.6053e-19
 7495.54   3.0412e-18   3.5033e-19
 7500.15   2.3931e-18   3.4485e-19
 7504.76   3.1991e-18   3.4272e-19
 7509.37   2.9118e-18   3.4435e-19
 7513.98   3.2590e-18   3.6930e-19
 7518.60   3.1283e-18   4.0475e-19
 7523.21   3.6919e-18   4.2342e-19
 7527.82   3.6929e-18   4.1604e-19
 7532.43   3.0200e-18   3.8448e-19
 7537.04   3.9533e-18   3.6282e-19
 7541.65   2.8158e-18   3.5252e-19
 7546.26   3.4168e-18   3.5209e-19
 7550.88   2.3863e-18   3.5569e-19
 7555.49   2.9628e-18   3.5952e-19
 7560.10   3.0183e-18   3.6749e-19
 7564.71   3.5424e-18   3.8723e-19
 7569.32   3.2272e-18   3.9613e-19
 7573.93   3.0850e-18   3.9417e-19
 7578.54   3.5721e-18   3.8012e-19
 7583.15   2.2777e-18   3.6144e-19
 7587.77   2.5403e-18   3.5007e-19
 7592.38   2.3329e-18   3.2600e-19
 7596.99   1.7416e-18   2.8409e-19
 7601.60   2.2936e-18   2.4477e-19
 7606.21   2.5062e-18   2.2975e-19
 7610.82   2.2343e-18   2.5677e-19
 7615.43   1.5425e-18   2.8769e-19
 7620.04   2.0263e-18   3.0781e-19
 7624.66   1.6846e-18   3.0540e-19
 7629.27   1.5198e-18   2.9100e-19
 7633.88   1.5259e-18   2.8292e-19
 7638.49   2.3513e-18   2.8117e-19
 7643.10   1.8409e-18   2.8956e-19
 7647.71   1.9928e-18   3.0353e-19
 7652.32   2.5301e-18   3.1991e-19
 7656.93   3.0881e-18   3.3528e-19
 7661.55   2.6145e-18   3.3901e-19
 7666.16   2.9140e-18   3.3994e-19
 7670.77   2.5268e-18   3.3805e-19
 7675.38   3.1748e-18   3.4433e-19
 7679.99   2.9911e-18   3.5971e-19
 7684.60   2.5483e-18   3.7364e-19
 7689.21   3.3546e-18   3.8038e-19
 7693.82   3.4026e-18   3.7911e-19
 7698.44   2.7802e-18   3.7146e-19
 7703.05   2.8643e-18   3.9966e-19
 7707.66   2.6897e-18   4.6484e-19
 7712.27   3.4824e-18   5.1291e-19
 7716.88   2.1652e-18   5.1578e-19
 7721.49   2.4005e-18   4.7311e-19
 7726.10   2.4645e-18   4.1277e-19
 7730.71   2.4880e-18   3.8764e-19
 7735.33   2.8123e-18   3.7407e-19
 7739.94   2.1548e-18   3.9741e-19
 7744.55   3.3529e-18   4.6389e-19
 7749.16   2.3431e-18   4.8949e-19
 7753.77   3.6911e-18   5.0078e-19
 7758.38   2.7812e-18   4.5033e-19
 7762.99   2.5295e-18   4.2694e-19
 7767.60   3.2983e-18   4.4390e-19
 7772.22   2.7609e-18   4.5716e-19
 7776.83   2.6468e-18   4.5319e-19
 7781.44   3.3452e-18   4.3065e-19
 7786.05   2.0234e-18   4.3600e-19
 7790.66   3.2293e-18   4.5669e-19
 7795.27   3.2197e-18   4.5130e-19
 7799.88   2.7142e-18   4.3405e-19
 7804.49   2.2425e-18   4.0439e-19
 7809.11   2.9667e-18   4.1002e-19
 7813.72   3.7178e-18   4.5590e-19
 7818.33   3.0349e-18   4.7200e-19
 7822.94   3.4469e-18   4.6906e-19
 7827.55   2.7443e-18   4.2430e-19
 7832.16   2.0822e-18   3.8351e-19
 7836.77   2.3945e-18   3.8650e-19
 7841.38   2.7046e-18   4.1545e-19
 7846.00   2.5743e-18   4.7018e-19
 7850.61   2.3709e-18   5.0757e-19
 7855.22   3.2765e-18   5.2184e-19
 7859.83   1.8008e-18   4.9542e-19
 7864.44   2.0922e-18   4.7010e-19
 7869.05   3.1846e-18   4.5412e-19
 7873.66   2.6628e-18   4.5412e-19
 7878.27   2.1355e-18   4.3961e-19
 7882.89   3.0785e-18   4.4711e-19
 7887.50   2.6124e-18   4.4357e-19
 7892.11   2.5087e-18   4.2122e-19
 7896.72   2.7749e-18   3.8841e-19
 7901.33   2.6285e-18   3.8101e-19
 7905.94   1.0740e-18   4.5223e-19
 7910.55   2.0698e-18   5.2247e-19
 7915.17   3.1155e-18   5.4852e-19
 7919.78   2.0949e-18   5.1372e-19
 7924.39   4.0059e-18   4.6196e-19
 7929.00   1.4638e-18   4.1920e-19
 7933.61   3.0532e-18   3.9724e-19
 7938.22   2.6476e-18   3.7973e-19
 7942.83   1.9970e-18   3.7973e-19
 7947.44   2.4322e-18   3.8590e-19
 7952.06   2.8696e-18   3.9287e-19
 7956.67   1.7082e-18   4.2795e-19
 7961.28   3.3552e-18   4.6570e-19
 7965.89   3.7903e-18   4.6974e-19
 7970.50   2.6333e-18   4.5562e-19
 7975.11   2.0776e-18   4.1769e-19
 7979.72   2.0829e-18   4.1170e-19
 7984.33   3.4959e-18   4.4970e-19
 7988.95   2.6058e-18   4.7575e-19
 7993.56   1.7199e-18   4.7915e-19
 7998.17   2.3899e-18   4.4360e-19
 8002.78   3.2752e-18   3.8471e-19
 8007.39   2.5394e-18   3.7173e-19
 8012.00   2.5731e-18   3.9135e-19
 8016.61   1.5077e-18   4.2176e-19
 8021.22   2.6915e-18   4.5532e-19
 8025.84   2.9165e-18   4.4696e-19
 8030.45   3.7334e-18   4.2568e-19
 8035.06   1.9961e-18   3.6553e-19
 8039.67   2.5046e-18   3.4372e-19
 8044.28   2.3789e-18   3.5474e-19
 8048.89   3.2343e-18   3.6473e-19
 8053.50   2.9809e-18   3.8859e-19
 8058.11   3.0188e-18   3.9899e-19
 8062.73   3.3436e-18   3.9226e-19
 8067.34   2.0889e-18   3.7253e-19
 8071.95   2.6748e-18   3.4685e-19
 8076.56   2.5747e-18   3.3796e-19
 8081.17   2.6162e-18   3.4124e-19
 8085.78   2.5710e-18   3.4329e-19
 8090.39   3.1943e-18   3.4942e-19
 8095.00   3.0450e-18   3.5968e-19
 8099.62   2.7409e-18   3.6276e-19
 8104.23   2.4832e-18   3.5815e-19
 8108.84   2.8215e-18   3.4702e-19
 8113.45   2.6377e-18   3.3495e-19
 8118.06   2.7843e-18   3.3146e-19
 8122.67   2.3294e-18   3.3076e-19
 8127.28   1.6959e-18   3.3159e-19
 8131.89   2.5412e-18   3.3602e-19
 8136.51   2.6908e-18   3.3921e-19
 8141.12   2.4123e-18   3.4335e-19
 8145.73   2.9716e-18   3.4093e-19
 8150.34   2.9879e-18   3.3453e-19
 8154.95   2.5684e-18   3.2628e-19
 8159.56   2.7860e-18   3.2163e-19
 8164.17   2.2525e-18   3.1990e-19
 8168.78   2.2113e-18   3.1990e-19
 8173.40   2.1163e-18   3.2292e-19
 8178.01   2.5544e-18   3.2731e-19
 8182.62   2.5467e-18   3.3154e-19
 8187.23   2.5139e-18   3.3633e-19
 8191.84   2.7744e-18   3.3780e-19
 8196.45   2.8228e-18   3.3499e-19
 8201.06   2.1030e-18   3.3034e-19
 8205.67   2.3339e-18   3.2574e-19
 8210.29   2.7101e-18   3.2376e-19
 8214.90   2.7325e-18   3.2160e-19
 8219.51   1.8044e-18   3.1787e-19
 8224.12   2.1248e-18   3.1529e-19
 8228.73   2.4932e-18   3.1479e-19
 8233.34   2.7165e-18   3.1732e-19
 8237.95   2.7541e-18   3.2222e-19
 8242.56   2.4646e-18   3.2501e-19
 8247.18   2.0486e-18   3.2471e-19
 8251.79   2.3538e-18   3.2388e-19
 8256.40   1.7244e-18   3.2029e-19
 8261.01   2.6556e-18   3.2148e-19
 8265.62   2.2203e-18   3.2171e-19
 8270.23   2.4932e-18   3.5280e-19
 8274.84   2.8954e-18   4.0480e-19
 8279.46   1.6532e-18   4.6646e-19
 8284.07   1.2417e-18   4.9311e-19
 8288.68   2.2346e-18   5.0587e-19
 8293.29   9.1898e-19   5.0719e-19
 8297.90   1.8219e-18   4.7890e-19
 8302.51   3.1912e-18   4.5420e-19
 8307.12   2.2666e-18   3.9902e-19
 8311.73   2.1432e-18   3.6537e-19
 8316.34   1.9288e-18   3.4876e-19
 8320.96   1.6546e-18   3.2482e-19
 8325.57   2.3162e-18   3.1990e-19
 8330.18   2.3785e-18   3.1846e-19
 8334.79   3.6776e-18   4.2895e-19
 8339.40   2.9671e-18   5.4129e-19
 8344.01   4.1271e-18   6.0179e-19
 8348.62   3.6291e-18   5.8830e-19
 8353.24   2.5752e-18   4.8652e-19
 8357.85   2.3879e-18   4.2410e-19
 8362.46   2.3986e-18   3.7895e-19
 8367.07   2.6248e-18   3.6221e-19
 8371.68   1.6097e-18   3.5756e-19
 8376.29   2.7908e-18   3.8310e-19
 8380.90   2.7133e-18   3.9608e-19
 8385.51   2.2581e-18   3.8871e-19
 8390.12   2.8355e-18   4.3957e-19
 8394.74   2.0810e-18   4.9806e-19
 8399.35   2.5906e-18   5.1102e-19
 8403.96   2.4813e-18   4.8099e-19
 8408.57   1.6792e-18   4.1803e-19
 8413.18   1.6983e-18   4.0595e-19
 8417.79   1.4913e-18   4.2064e-19
 8422.40   1.5832e-18   4.9479e-19
 8427.02   7.2651e-19   5.3229e-19
 8431.63   2.3678e-18   5.3672e-19
 8436.24   1.4728e-18   4.6075e-19
 8440.85   2.5485e-18   3.8801e-19
 8445.46   1.6247e-18   4.0292e-19
 8450.07   8.8897e-19   4.2027e-19
 8454.68   2.0671e-18   4.4018e-19
 8459.29   2.8704e-18   4.8738e-19
 8463.91   2.0054e-18   4.8757e-19
 8468.52   2.4177e-18   4.7495e-19
 8473.13   1.5011e-18   3.8694e-19
 8477.74   2.5331e-18   3.3134e-19
 8482.35   1.5548e-18   3.3176e-19
 8486.96   2.3890e-18   3.6077e-19
 8491.57   2.3068e-18   3.7595e-19
 8496.18   2.2425e-18   4.1284e-19
 8500.80   2.0736e-18   4.3431e-19
 8505.41   1.3795e-18   4.1956e-19
 8510.02   1.3929e-18   3.9514e-19
 8514.63   1.2913e-18   3.3471e-19
 8519.24   1.5326e-18   3.2359e-19
 8523.85   1.7791e-18   3.2362e-19
 8528.46   1.9129e-18   3.2805e-19
 8533.07   1.9317e-18   3.3353e-19
 8537.69   2.4295e-18   3.4411e-19
 8542.30   1.9338e-18   3.6342e-19
 8546.91   2.1884e-18   3.7154e-19
 8551.52   2.5301e-18   3.6632e-19
 8556.13   2.6657e-18   3.4903e-19
 8560.74   2.2977e-18   3.2765e-19
 8565.35   1.9619e-18   3.2993e-19
 8569.96   1.9032e-18   3.3348e-19
 8574.58   2.5869e-18   3.3617e-19
 8579.19   2.4033e-18   3.4138e-19
 8583.80   2.3796e-18   3.4726e-19
 8588.41   1.6312e-18   3.5663e-19
 8593.02   1.6774e-18   3.6203e-19
 8597.63   2.3039e-18   3.5994e-19
 8602.24   1.9287e-18   3.5544e-19
 8606.85   2.2766e-18   3.6270e-19
 8611.47   1.7708e-18   3.9192e-19
 8616.08   5.8167e-19   4.3820e-19
 8620.69   1.9941e-18   4.8906e-19
 8625.30   2.9273e-18   5.2441e-19
 8629.91   3.0798e-18   5.2917e-19
 8634.52   2.9980e-18   5.0111e-19
 8639.13   2.1038e-18   4.6433e-19
 8643.75   2.5248e-18   4.5687e-19
 8648.36   3.1557e-18   4.8423e-19
 8652.97   2.1168e-18   5.1574e-19
 8657.58   1.3917e-18   5.2883e-19
 8662.19   2.6308e-18   5.2182e-19
 8666.80   1.7605e-18   5.0187e-19
 8671.41   1.9909e-18   4.7844e-19
 8676.02   3.1826e-18   4.5228e-19
 8680.63   1.8312e-18   4.2288e-19
 8685.25   1.8930e-18   4.0083e-19
 8689.86   2.1357e-18   3.8578e-19
 8694.47   1.6568e-18   3.7804e-19
 8699.08   1.8995e-18   3.7720e-19
 8703.69   1.6742e-18   3.7529e-19
 8708.30   2.1007e-18   3.6944e-19
 8712.91   2.4286e-18   3.6332e-19
 8717.53   2.3322e-18   3.5925e-19
 8722.14   2.3189e-18   3.5975e-19
 8726.75   1.6292e-18   3.5884e-19
 8731.36   1.7198e-18   3.5946e-19
 8735.97   1.7003e-18   3.6097e-19
 8740.58   1.9143e-18   3.6453e-19
 8745.19   1.9931e-18   3.6366e-19
 8749.80   1.8861e-18   4.1942e-19
 8754.42   1.5813e-18   5.2821e-19
 8759.03   3.5384e-19   6.4190e-19
 8763.64   1.2800e-18   7.1171e-19
 8768.25   1.2750e-18   7.1141e-19
 8772.86   3.1846e-18   7.1636e-19
 8777.47   4.2144e-18   6.4451e-19
 8782.08   3.5818e-18   6.0351e-19
 8786.69   3.0327e-18   5.1150e-19
 8791.31   2.9307e-18   4.5791e-19
 8795.92   2.2972e-18   4.3566e-19
 8800.53   2.3939e-18   3.8992e-19
 8805.14   2.2316e-18   3.7953e-19
 8809.75   2.2889e-18   3.7473e-19
 8814.36   1.6917e-18   4.3380e-19
 8818.97   1.1758e-18   6.4349e-19
 8823.58  -2.0271e-19   7.8934e-19
 8828.20   1.4975e-18   8.6390e-19
 8832.81   5.8156e-19   7.8543e-19
 8837.42   2.3631e-18   6.3707e-19
 8842.03   8.8653e-19   5.3572e-19
 8846.64   1.0741e-18   4.8063e-19
 8851.25   1.8625e-18   4.4777e-19
 8855.86   1.9409e-18   4.5457e-19
 8860.47   1.1818e-18   4.8767e-19
 8865.09   2.5433e-18   5.2331e-19
 8869.70   1.3965e-18   5.1836e-19
 8874.31   1.6352e-18   5.0450e-19
 8878.92   2.5069e-18   6.4699e-19
 8883.53   1.8713e-18   7.1734e-19
 8888.14   1.7968e-18   7.1162e-19
 8892.75   1.7281e-18   6.1877e-19
 8897.36   3.2563e-18   5.4523e-19
 8901.98   3.8843e-18   5.6305e-19
 8906.59   1.4753e-18   5.7060e-19
 8911.20   3.8150e-19   6.4947e-19
 8915.81   1.6512e-18   7.5679e-19
 8920.42   1.7363e-18   7.6767e-19
 8925.03   1.7676e-18   6.7322e-19
 8929.64   1.2767e-18   4.8492e-19
 8934.25   1.0267e-18   4.6771e-19
 8938.87   3.9199e-19   5.3241e-19
 8943.48   6.9695e-20   5.3962e-19
 8948.09   6.1245e-20   5.9834e-19
 8952.70   1.1893e-18   6.8122e-19
 8957.31   3.5324e-18   6.9792e-19
 8961.92   3.0387e-18   6.6707e-19
 8966.53   2.9452e-18   4.9580e-19
 8971.14   2.1185e-18   4.1546e-19
 8975.76   2.4270e-18   4.1514e-19
 8980.37   1.1941e-18   4.6704e-19
 8984.98   1.0177e-18   4.9505e-19
 8989.59   1.0847e-18   5.2895e-19
 8994.20   2.4793e-18   5.7912e-19
 8998.81   2.5407e-18   5.9490e-19
 9003.42   1.6250e-18   5.7184e-19
 9008.04   2.2237e-18   4.9472e-19
 9012.65   3.0556e-18   3.9689e-19
 9017.26   2.2072e-18   3.8401e-19
 9021.87   2.0534e-18   3.9394e-19
 9026.48   2.1266e-18   4.0571e-19
 9031.09   1.7626e-18   4.4057e-19
 9035.70   2.8737e-18   4.6235e-19
 9040.31   2.3070e-18   4.9565e-19
 9044.92   1.7482e-18   5.2324e-19
 9049.54   1.9595e-18   5.0709e-19
 9054.15   1.8437e-18   4.8363e-19
 9058.76   1.3255e-18   4.2133e-19
 9063.37   2.0573e-18   4.0620e-19
 9067.98   1.6025e-18   4.0190e-19
 9072.59   1.7907e-18   3.9664e-19
 9077.20   1.5384e-18   3.8936e-19
 9081.82   2.4907e-18   3.9722e-19
 9086.43   2.3393e-18   4.1294e-19
 9091.04   1.3037e-18   4.3117e-19
 9095.65   1.9097e-18   4.5185e-19
 9100.26   2.5950e-18   4.5345e-19
 9104.87   1.8991e-18   4.3836e-19
 9109.48   2.2288e-18   4.1319e-19
 9114.09   1.3209e-18   3.8759e-19
 9118.71   1.5280e-18   3.8366e-19
 9123.32   2.7826e-18   3.8670e-19
 9127.93   2.6534e-18   3.8652e-19
 9132.54   2.7441e-18   3.8663e-19
 9137.15   2.0276e-18   3.8642e-19
 9141.76   1.4526e-18   3.9362e-19
 9146.37   2.2313e-18   4.0977e-19
 9150.98   2.4311e-18   4.2166e-19
 9155.60   1.5728e-18   4.3408e-19
 9160.21   1.7624e-18   4.2517e-19
 9164.82   1.8607e-18   4.1092e-19
 9169.43   1.5031e-18   3.9075e-19
 9174.04   1.9638e-18   3.8222e-19
 9178.65   1.4094e-18   3.8301e-19
 9183.26   1.0007e-18   3.8083e-19
 9187.87   1.5333e-18   3.8032e-19
 9192.49   2.1904e-18   3.8077e-19
 9197.10   2.3688e-18   3.8341e-19
