 
TRANSIENT_NAME:     DES14X2byo 
SNID:               1298914    
OBS_DATE:           2014-10-18
MJD:                56948. 
PHASE:              +2.    
MJD_MAX:            56944.7 (Angus et. al.: MNRAS, 487, 2215A, 2019)
TYPE:               41 
SPEC_EVAL:          SLSN-I
REDSHIFT:           0.8680  
REDSHIFT_ERR:       0.0005  
REDSHIFT_SOURCE:    Z_GAL
TELESCOPE:          GTC
INSTRUMENT:         OSIRIS
 
======================================
 
# WAVE  FLUX  FLUX_ERR
 4804.46   1.2981e-17   2.9506e-18
 4809.07   3.0234e-18   2.4750e-18
 4813.68   6.1411e-18   2.4516e-18
 4818.30   5.7777e-18   2.0667e-18
 4822.91   8.1772e-18   1.9375e-18
 4827.52   6.8924e-18   1.7863e-18
 4832.14   3.6496e-18   1.5539e-18
 4836.75   5.8754e-18   1.5052e-18
 4841.36   7.5320e-18   1.3877e-18
 4845.98   8.1662e-18   1.3172e-18
 4850.59   7.6125e-18   1.1948e-18
 4855.20   8.9969e-18   1.1341e-18
 4859.82   1.0005e-17   1.0717e-18
 4864.43   8.1240e-18   1.0156e-18
 4869.04   6.1215e-18   8.8372e-19
 4873.66   6.9749e-18   9.3470e-19
 4878.27   5.9836e-18   8.8852e-19
 4882.88   6.4740e-18   8.9784e-19
 4887.50   4.3535e-18   8.0472e-19
 4892.11   6.1695e-18   8.0154e-19
 4896.73   9.2545e-18   1.2405e-18
 4901.34   8.5002e-18   1.2566e-18
 4905.95   9.9003e-18   1.1814e-18
 4910.57   6.4553e-18   7.1112e-19
 4915.18   8.5731e-18   7.1518e-19
 4919.79   9.1130e-18   7.0851e-19
 4924.41   9.4159e-18   7.0127e-19
 4929.02   9.0031e-18   6.8214e-19
 4933.63   5.8625e-18   6.4136e-19
 4938.25   7.0609e-18   6.4975e-19
 4942.86   9.0462e-18   6.6251e-19
 4947.47   7.2761e-18   6.3306e-19
 4952.09   6.8062e-18   6.2276e-19
 4956.70   7.3987e-18   6.1327e-19
 4961.31   8.1867e-18   6.2617e-19
 4965.93   7.0072e-18   6.2133e-19
 4970.54   7.3638e-18   6.0976e-19
 4975.15   7.4275e-18   6.0272e-19
 4979.77   7.2043e-18   5.9111e-19
 4984.38   8.5587e-18   6.0534e-19
 4988.99   9.2716e-18   6.0417e-19
 4993.61   8.5555e-18   5.9472e-19
 4998.22   7.6881e-18   5.7675e-19
 5002.83   8.9551e-18   5.8390e-19
 5007.45   8.3464e-18   5.7174e-19
 5012.06   9.1072e-18   5.7465e-19
 5016.67   8.8756e-18   5.7107e-19
 5021.29   9.0725e-18   5.6502e-19
 5025.90   8.3940e-18   5.5887e-19
 5030.52   7.6751e-18   5.4947e-19
 5035.13   1.0485e-17   5.5918e-19
 5039.74   9.8451e-18   5.5076e-19
 5044.36   8.9664e-18   5.4411e-19
 5048.97   1.0292e-17   5.4989e-19
 5053.58   1.0081e-17   5.4538e-19
 5058.20   1.0340e-17   7.7244e-19
 5062.81   9.4294e-18   5.4112e-19
 5067.42   1.1060e-17   5.3894e-19
 5072.04   9.0049e-18   5.1953e-19
 5076.65   1.0186e-17   5.3605e-19
 5081.26   1.0076e-17   5.2677e-19
 5085.88   9.3187e-18   5.2059e-19
 5090.49   1.0059e-17   5.1984e-19
 5095.10   9.0763e-18   5.0941e-19
 5099.72   9.5425e-18   5.1016e-19
 5104.33   9.8462e-18   5.0585e-19
 5108.94   9.4382e-18   5.0084e-19
 5113.56   1.0168e-17   5.0338e-19
 5118.17   1.0694e-17   5.0042e-19
 5122.78   9.4222e-18   4.9007e-19
 5127.40   1.0183e-17   4.9656e-19
 5132.01   1.0703e-17   5.0468e-19
 5136.62   9.5790e-18   4.9561e-19
 5141.24   1.0877e-17   5.0291e-19
 5145.85   1.0440e-17   4.9433e-19
 5150.46   8.5716e-18   4.8799e-19
 5155.08   1.0349e-17   4.8174e-19
 5159.69   1.0305e-17   4.4641e-19
 5164.31   9.1076e-18   5.6029e-19
 5168.92   7.6305e-18   5.5034e-19
 5173.53   6.6832e-18   5.3789e-19
 5178.15   7.9011e-18   5.4873e-19
 5182.76   7.0240e-18   5.3497e-19
 5187.37   7.2320e-18   5.3969e-19
 5191.99   8.2004e-18   5.4681e-19
 5196.60   8.5319e-18   5.0698e-19
 5201.21   9.6083e-18   4.3835e-19
 5205.83   9.8281e-18   4.3200e-19
 5210.44   9.3802e-18   4.2489e-19
 5215.05   9.2247e-18   4.2346e-19
 5219.67   8.4230e-18   4.1574e-19
 5224.28   7.4865e-18   4.0716e-19
 5228.89   8.0361e-18   4.0362e-19
 5233.51   8.0153e-18   4.0106e-19
 5238.12   8.2430e-18   3.9984e-19
 5242.73   9.4438e-18   4.0207e-19
 5247.35   8.1512e-18   3.9144e-19
 5251.96   8.5790e-18   3.8999e-19
 5256.57   8.7620e-18   3.8438e-19
 5261.19   8.3943e-18   3.7223e-19
 5265.80   9.0849e-18   3.6914e-19
 5270.42   9.2051e-18   3.7051e-19
 5275.03   8.7200e-18   3.6834e-19
 5279.64   8.3548e-18   3.6322e-19
 5284.26   8.6105e-18   3.6126e-19
 5288.87   8.5542e-18   3.6002e-19
 5293.48   8.2553e-18   3.5920e-19
 5298.10   8.5209e-18   3.5848e-19
 5302.71   8.3785e-18   3.5762e-19
 5307.32   8.3663e-18   3.5579e-19
 5311.94   8.3036e-18   3.5440e-19
 5316.55   7.9704e-18   3.4856e-19
 5321.16   7.5272e-18   3.4281e-19
 5325.78   7.1124e-18   3.4094e-19
 5330.39   8.4575e-18   3.4453e-19
 5335.00   8.3930e-18   3.3917e-19
 5339.62   7.3974e-18   3.3001e-19
 5344.23   7.8863e-18   3.3027e-19
 5348.84   7.4714e-18   3.2496e-19
 5353.46   6.8761e-18   3.2026e-19
 5358.07   7.8422e-18   3.2168e-19
 5362.68   7.4586e-18   3.1608e-19
 5367.30   7.0843e-18   3.1233e-19
 5371.91   7.3651e-18   3.1242e-19
 5376.52   7.8483e-18   3.1386e-19
 5381.14   7.2618e-18   3.0772e-19
 5385.75   7.6483e-18   3.0541e-19
 5390.36   7.0280e-18   2.9854e-19
 5394.98   7.1903e-18   2.9441e-19
 5399.59   7.1582e-18   2.9213e-19
 5404.21   6.8022e-18   2.8940e-19
 5408.82   6.9015e-18   2.8820e-19
 5413.43   6.5909e-18   2.8687e-19
 5418.05   7.3391e-18   2.8991e-19
 5422.66   6.6568e-18   2.8460e-19
 5427.27   6.9613e-18   2.8388e-19
 5431.89   7.1076e-18   2.8536e-19
 5436.50   7.2376e-18   2.8413e-19
 5441.11   6.3920e-18   2.7930e-19
 5445.73   6.9131e-18   2.7885e-19
 5450.34   6.5695e-18   2.7707e-19
 5454.95   6.7068e-18   2.8066e-19
 5459.57   6.6522e-18   2.7916e-19
 5464.18   6.4494e-18   2.7630e-19
 5468.79   6.6384e-18   2.7226e-19
 5473.41   6.2830e-18   2.6801e-19
 5478.02   6.8423e-18   2.7074e-19
 5482.63   6.4005e-18   2.6784e-19
 5487.25   6.3544e-18   2.6693e-19
 5491.86   6.1741e-18   2.6543e-19
 5496.47   6.7457e-18   2.7017e-19
 5501.09   6.3263e-18   2.6697e-19
 5505.70   6.4352e-18   2.6681e-19
 5510.31   6.2664e-18   2.6383e-19
 5514.93   6.2200e-18   2.6412e-19
 5519.54   6.3732e-18   2.6168e-19
 5524.15   5.9158e-18   2.5790e-19
 5528.77   5.9954e-18   2.5671e-19
 5533.38   6.9783e-18   2.6397e-19
 5538.00   6.4305e-18   2.6434e-19
 5542.61   6.0788e-18   2.6395e-19
 5547.22   6.7118e-18   2.6496e-19
 5551.84   7.1092e-18   2.6473e-19
 5556.45   5.3323e-18   2.6278e-19
 5561.06   6.1269e-18   2.7397e-19
 5565.68   6.1480e-18   5.2512e-19
 5570.29   8.5191e-18   9.1154e-19
 5574.90   6.2248e-18   1.0190e-18
 5579.52   7.0997e-18   9.3996e-19
 5584.13   7.0593e-18   6.0200e-19
 5588.74   6.3659e-18   2.6928e-19
 5593.36   6.3301e-18   2.6026e-19
 5597.97   5.8914e-18   2.5040e-19
 5602.58   6.1455e-18   2.5324e-19
 5607.20   6.4244e-18   2.5294e-19
 5611.81   5.9747e-18   2.4663e-19
 5616.42   5.8982e-18   2.4552e-19
 5621.04   6.0398e-18   2.4593e-19
 5625.65   6.2333e-18   2.4517e-19
 5630.26   6.0510e-18   2.4143e-19
 5634.88   6.0125e-18   2.4039e-19
 5639.49   5.6984e-18   2.3914e-19
 5644.10   6.2607e-18   2.4154e-19
 5648.72   5.9137e-18   2.3686e-19
 5653.33   6.2076e-18   2.3626e-19
 5657.94   5.7506e-18   2.3377e-19
 5662.56   5.6710e-18   2.3399e-19
 5667.17   5.8456e-18   2.3615e-19
 5671.79   5.9637e-18   2.3758e-19
 5676.40   5.9946e-18   2.3946e-19
 5681.01   5.8910e-18   2.4036e-19
 5685.63   5.9312e-18   2.4070e-19
 5690.24   5.2759e-18   2.3690e-19
 5694.85   5.4569e-18   2.3573e-19
 5699.47   6.0613e-18   2.3713e-19
 5704.08   5.8294e-18   2.3464e-19
 5708.69   5.6880e-18   2.3230e-19
 5713.31   5.5490e-18   2.3082e-19
 5717.92   5.6467e-18   2.3146e-19
 5722.53   5.6001e-18   2.3010e-19
 5727.15   5.3737e-18   2.2718e-19
 5731.76   5.2242e-18   2.2465e-19
 5736.37   5.2135e-18   2.2313e-19
 5740.99   5.5239e-18   2.2231e-19
 5745.60   5.5164e-18   2.2144e-19
 5750.21   5.2999e-18   2.1937e-19
 5754.83   5.1589e-18   2.1854e-19
 5759.44   4.5804e-18   2.1541e-19
 5764.05   5.0733e-18   2.1762e-19
 5768.67   5.0819e-18   2.1702e-19
 5773.28   4.9610e-18   2.1497e-19
 5777.90   4.9016e-18   2.0973e-19
 5782.51   5.2240e-18   2.1480e-19
 5787.12   4.7733e-18   2.1157e-19
 5791.74   5.0670e-18   2.1344e-19
 5796.35   5.0392e-18   2.1218e-19
 5800.96   4.9405e-18   2.1061e-19
 5805.58   5.2954e-18   2.1214e-19
 5810.19   4.8833e-18   2.1002e-19
 5814.80   4.9100e-18   2.0950e-19
 5819.42   5.1830e-18   2.1080e-19
 5824.03   4.8751e-18   2.0882e-19
 5828.64   4.8616e-18   2.0804e-19
 5833.26   4.5276e-18   2.0515e-19
 5837.87   4.3686e-18   2.0397e-19
 5842.48   4.5840e-18   2.0371e-19
 5847.10   4.3159e-18   2.0086e-19
 5851.71   4.5808e-18   2.0195e-19
 5856.32   4.7315e-18   2.0755e-19
 5860.94   4.6756e-18   2.1679e-19
 5865.55   4.7690e-18   2.2191e-19
 5870.16   4.9328e-18   2.2150e-19
 5874.78   4.3354e-18   2.1585e-19
 5879.39   4.8862e-18   2.8424e-19
 5884.00   4.1591e-18   3.8979e-19
 5888.62   4.8025e-18   4.6087e-19
 5893.23   4.7581e-18   4.5416e-19
 5897.84   4.7598e-18   3.7229e-19
 5902.46   3.8548e-18   2.6877e-19
 5907.07   4.2848e-18   2.1523e-19
 5911.69   4.7382e-18   2.1099e-19
 5916.30   4.4214e-18   2.0870e-19
 5920.91   4.2735e-18   2.0569e-19
 5925.53   4.4755e-18   2.0715e-19
 5930.14   4.5408e-18   2.0750e-19
 5934.75   4.3735e-18   2.0304e-19
 5939.37   4.5089e-18   1.9804e-19
 5943.98   4.4993e-18   1.9803e-19
 5948.59   4.3834e-18   2.0120e-19
 5953.21   4.1044e-18   1.9826e-19
 5957.82   4.1792e-18   1.9437e-19
 5962.43   4.3585e-18   1.9062e-19
 5967.05   4.1885e-18   1.9082e-19
 5971.66   4.4506e-18   1.9395e-19
 5976.27   4.1378e-18   1.9098e-19
 5980.89   4.1569e-18   1.8677e-19
 5985.50   4.2531e-18   1.8254e-19
 5990.11   4.2363e-18   1.8159e-19
 5994.73   4.3315e-18   1.8280e-19
 5999.34   4.2826e-18   1.8297e-19
 6003.95   4.1342e-18   1.7932e-19
 6008.57   3.9670e-18   1.7578e-19
 6013.18   4.1282e-18   1.7283e-19
 6017.79   4.0839e-18   1.7101e-19
 6022.41   4.3397e-18   1.7277e-19
 6027.02   4.2237e-18   1.7258e-19
 6031.63   3.8442e-18   1.7022e-19
 6036.25   3.9693e-18   1.6919e-19
 6040.86   4.0502e-18   1.6775e-19
 6045.48   4.0660e-18   1.6567e-19
 6050.09   4.3412e-18   1.6602e-19
 6054.70   4.0412e-18   1.6450e-19
 6059.32   4.0309e-18   1.6205e-19
 6063.93   3.7058e-18   1.6170e-19
 6068.54   4.4788e-18   1.6211e-19
 6073.16   4.6741e-18   1.6106e-19
 6077.77   4.2050e-18   1.5870e-19
 6082.38   4.3622e-18   1.5800e-19
 6087.00   4.1550e-18   1.5808e-19
 6091.61   4.2061e-18   1.5837e-19
 6096.22   4.2242e-18   1.5840e-19
 6100.84   4.3420e-18   1.5909e-19
 6105.45   4.2816e-18   1.5821e-19
 6110.06   4.0074e-18   1.5603e-19
 6114.68   4.3122e-18   1.5566e-19
 6119.29   3.9343e-18   1.5211e-19
 6123.90   3.9465e-18   1.5184e-19
 6128.52   4.0385e-18   1.5195e-19
 6133.13   3.6190e-18   1.5274e-19
 6137.74   3.9758e-18   1.5606e-19
 6142.36   3.8951e-18   1.5691e-19
 6146.97   4.1184e-18   1.5516e-19
 6151.58   3.9847e-18   1.5200e-19
 6156.20   3.9228e-18   1.5069e-19
 6160.81   3.9069e-18   1.5007e-19
 6165.42   3.5905e-18   1.4898e-19
 6170.04   3.8378e-18   1.5057e-19
 6174.65   3.7513e-18   1.4882e-19
 6179.27   3.6706e-18   1.4594e-19
 6183.88   3.9033e-18   1.4485e-19
 6188.49   3.8939e-18   1.4464e-19
 6193.11   3.6046e-18   1.4344e-19
 6197.72   3.6919e-18   1.4450e-19
 6202.33   3.7973e-18   1.4512e-19
 6206.95   3.6785e-18   1.4385e-19
 6211.56   3.7770e-18   1.4400e-19
 6216.17   3.8370e-18   1.4501e-19
 6220.79   3.7283e-18   1.4465e-19
 6225.40   3.6127e-18   1.5085e-19
 6230.01   3.6928e-18   1.6199e-19
 6234.63   3.6637e-18   1.6868e-19
 6239.24   3.5544e-18   1.6595e-19
 6243.85   3.8194e-18   1.5500e-19
 6248.47   3.6782e-18   1.5151e-19
 6253.08   3.3015e-18   1.5538e-19
 6257.69   3.9091e-18   1.6171e-19
 6262.31   3.9928e-18   1.5961e-19
 6266.92   3.9532e-18   1.5136e-19
 6271.53   3.3686e-18   1.4223e-19
 6276.15   3.6180e-18   1.4340e-19
 6280.76   3.8919e-18   1.4938e-19
 6285.38   3.6764e-18   1.5302e-19
 6289.99   3.4532e-18   1.7567e-19
 6294.60   3.9819e-18   2.0777e-19
 6299.22   3.4476e-18   2.1669e-19
 6303.83   3.4725e-18   2.0574e-19
 6308.44   3.5708e-18   1.7079e-19
 6313.06   3.4559e-18   1.4515e-19
 6317.67   3.6005e-18   1.4215e-19
 6322.28   3.6265e-18   1.4884e-19
 6326.90   3.2042e-18   1.4958e-19
 6331.51   3.7255e-18   1.4813e-19
 6336.12   3.7203e-18   1.4073e-19
 6340.74   3.6406e-18   1.3646e-19
 6345.35   3.3459e-18   1.3864e-19
 6349.96   3.1377e-18   1.4329e-19
 6354.58   3.5152e-18   1.5548e-19
 6359.19   3.5319e-18   1.6313e-19
 6363.80   3.4054e-18   1.5913e-19
 6368.42   3.1764e-18   1.4737e-19
 6373.03   3.2642e-18   1.3503e-19
 6377.64   3.2754e-18   1.3312e-19
 6382.26   3.2533e-18   1.3551e-19
 6386.87   3.4711e-18   1.3473e-19
 6391.48   3.5738e-18   1.3127e-19
 6396.10   3.1635e-18   1.2569e-19
 6400.71   3.0756e-18   1.2361e-19
 6405.32   3.2970e-18   1.2516e-19
 6409.94   3.1694e-18   1.2623e-19
 6414.55   3.3015e-18   1.2782e-19
 6419.17   3.5026e-18   1.2817e-19
 6423.78   3.3204e-18   1.2574e-19
 6428.39   3.3302e-18   1.2367e-19
 6433.01   3.4428e-18   1.2271e-19
 6437.62   3.3006e-18   1.2171e-19
 6442.23   3.0745e-18   1.2157e-19
 6446.85   3.0601e-18   1.2313e-19
 6451.46   3.2710e-18   1.2674e-19
 6456.07   3.1972e-18   1.3163e-19
 6460.69   3.2991e-18   1.3841e-19
 6465.30   2.8043e-18   1.3935e-19
 6469.91   3.2269e-18   1.3686e-19
 6474.53   3.1320e-18   1.2918e-19
 6479.14   3.2981e-18   1.2439e-19
 6483.75   3.1860e-18   1.2055e-19
 6488.37   2.8790e-18   1.2270e-19
 6492.98   3.0293e-18   1.3320e-19
 6497.59   3.2466e-18   1.3961e-19
 6502.21   3.1579e-18   1.3829e-19
 6506.82   2.8981e-18   1.2879e-19
 6511.43   3.0677e-18   1.2277e-19
 6516.05   2.8771e-18   1.2119e-19
 6520.66   2.8611e-18   1.2344e-19
 6525.27   3.2770e-18   1.3077e-19
 6529.89   3.3920e-18   1.3394e-19
 6534.50   3.2801e-18   1.3465e-19
 6539.11   3.1988e-18   1.3227e-19
 6543.73   2.8779e-18   1.3137e-19
 6548.34   2.8888e-18   1.3544e-19
 6552.96   3.1101e-18   1.3589e-19
 6557.57   2.7427e-18   1.3186e-19
 6562.18   2.9734e-18   1.2727e-19
 6566.80   2.8948e-18   1.2725e-19
 6571.41   2.8487e-18   1.3280e-19
 6576.02   2.9364e-18   1.3289e-19
 6580.64   2.9521e-18   1.2893e-19
 6585.25   2.7132e-18   1.2174e-19
 6589.86   2.7232e-18   1.1951e-19
 6594.48   2.8158e-18   1.2312e-19
 6599.09   2.7584e-18   1.2570e-19
 6603.70   2.8115e-18   1.2476e-19
 6608.32   2.8432e-18   1.2214e-19
 6612.93   2.7222e-18   1.1697e-19
 6617.54   2.7758e-18   1.1609e-19
 6622.16   2.6960e-18   1.1717e-19
 6626.77   2.9697e-18   1.2091e-19
 6631.38   2.9807e-18   1.2211e-19
 6636.00   2.9875e-18   1.2114e-19
 6640.61   3.1655e-18   1.1968e-19
 6645.22   3.1401e-18   1.1615e-19
 6649.84   2.7990e-18   1.1577e-19
 6654.45   2.7630e-18   1.1657e-19
 6659.06   2.8653e-18   1.1729e-19
 6663.68   2.8605e-18   1.1853e-19
 6668.29   2.9741e-18   1.1838e-19
 6672.90   2.8123e-18   1.1651e-19
 6677.52   2.7801e-18   1.1515e-19
 6682.13   3.0300e-18   1.1611e-19
 6686.75   2.9833e-18   1.1625e-19
 6691.36   2.8465e-18   1.1648e-19
 6695.97   2.7760e-18   1.1771e-19
 6700.59   2.9019e-18   1.1888e-19
 6705.20   2.9854e-18   1.1868e-19
 6709.81   2.9452e-18   1.1753e-19
 6714.43   3.0410e-18   1.1800e-19
 6719.04   2.8709e-18   1.1667e-19
 6723.65   3.0124e-18   1.1717e-19
 6728.27   2.9623e-18   1.1656e-19
 6732.88   2.9235e-18   1.1669e-19
 6737.49   3.0247e-18   1.1744e-19
 6742.11   2.9741e-18   1.1759e-19
 6746.72   3.0902e-18   1.1792e-19
 6751.33   2.7645e-18   1.1506e-19
 6755.95   3.0412e-18   1.1543e-19
 6760.56   3.0357e-18   1.1535e-19
 6765.17   3.0125e-18   1.1472e-19
 6769.79   3.1270e-18   1.1507e-19
 6774.40   3.0484e-18   1.1469e-19
 6779.01   3.0911e-18   1.1536e-19
 6783.63   2.9499e-18   1.1509e-19
 6788.24   2.7951e-18   1.1397e-19
 6792.85   3.0010e-18   1.1489e-19
 6797.47   3.2576e-18   1.1465e-19
 6802.08   3.0354e-18   1.1403e-19
 6806.70   3.0497e-18   1.1419e-19
 6811.31   2.9611e-18   1.1373e-19
 6815.92   2.6438e-18   1.1576e-19
 6820.54   3.1915e-18   1.3594e-19
 6825.15   3.1293e-18   1.5900e-19
 6829.76   3.0766e-18   1.7135e-19
 6834.38   2.8344e-18   1.6681e-19
 6838.99   2.8366e-18   1.4731e-19
 6843.60   2.8676e-18   1.2921e-19
 6848.22   3.1500e-18   1.2138e-19
 6852.83   3.2053e-18   1.2875e-19
 6857.44   2.8765e-18   1.4783e-19
 6862.06   2.9323e-18   1.5885e-19
 6866.67   2.6526e-18   1.5319e-19
 6871.28   2.4451e-18   1.3400e-19
 6875.90   2.7504e-18   1.1800e-19
 6880.51   2.6738e-18   1.2166e-19
 6885.12   2.9864e-18   1.2682e-19
 6889.74   2.7650e-18   1.2532e-19
 6894.35   2.6480e-18   1.2434e-19
 6898.96   2.7619e-18   1.2278e-19
 6903.58   2.7364e-18   1.2514e-19
 6908.19   2.7976e-18   1.2939e-19
 6912.80   2.6580e-18   1.3375e-19
 6917.42   2.7990e-18   1.4283e-19
 6922.03   2.7569e-18   1.4059e-19
 6926.65   2.9249e-18   1.3559e-19
 6931.26   2.8897e-18   1.2880e-19
 6935.87   3.0121e-18   1.2777e-19
 6940.49   3.0785e-18   1.3955e-19
 6945.10   2.7813e-18   1.4629e-19
 6949.71   2.9963e-18   1.4441e-19
 6954.33   3.0347e-18   1.3555e-19
 6958.94   2.8416e-18   1.2403e-19
 6963.55   2.7255e-18   1.2323e-19
 6968.17   2.9300e-18   1.3296e-19
 6972.78   2.7954e-18   1.4048e-19
 6977.39   2.9658e-18   1.4098e-19
 6982.01   2.7609e-18   1.3384e-19
 6986.62   2.8291e-18   1.2301e-19
 6991.23   2.7667e-18   1.1606e-19
 6995.85   2.7940e-18   1.1816e-19
 7000.46   2.7279e-18   1.2223e-19
 7005.07   2.8542e-18   1.2677e-19
 7009.69   2.8728e-18   1.2574e-19
 7014.30   2.9226e-18   1.2185e-19
 7018.91   2.8066e-18   1.1454e-19
 7023.53   2.6646e-18   1.0922e-19
 7028.14   3.0206e-18   1.1157e-19
 7032.75   2.8205e-18   1.1232e-19
 7037.37   2.8363e-18   1.1769e-19
 7041.98   2.7584e-18   1.2612e-19
 7046.59   2.5828e-18   1.2998e-19
 7051.21   2.7517e-18   1.2940e-19
 7055.82   2.7977e-18   1.2454e-19
 7060.44   2.7021e-18   1.2043e-19
 7065.05   2.7089e-18   1.2148e-19
 7069.66   2.8264e-18   1.2282e-19
 7074.28   2.6944e-18   1.2216e-19
 7078.89   2.8969e-18   1.2386e-19
 7083.50   2.7863e-18   1.2463e-19
 7088.12   2.7191e-18   1.2310e-19
 7092.73   2.8782e-18   1.2108e-19
 7097.34   2.8898e-18   1.1657e-19
 7101.96   2.8669e-18   1.1424e-19
 7106.57   2.9140e-18   1.1429e-19
 7111.18   2.5754e-18   1.1243e-19
 7115.80   2.4771e-18   1.1159e-19
 7120.41   2.8046e-18   1.1481e-19
 7125.02   2.8718e-18   1.1701e-19
 7129.64   2.7831e-18   1.1768e-19
 7134.25   2.7958e-18   1.1980e-19
 7138.86   2.7741e-18   1.2280e-19
 7143.48   2.9561e-18   1.2513e-19
 7148.09   2.7745e-18   1.2362e-19
 7152.70   2.5225e-18   1.1961e-19
 7157.32   2.7820e-18   1.1860e-19
 7161.93   2.8054e-18   1.1824e-19
 7166.54   2.3030e-18   1.1525e-19
 7171.16   2.5989e-18   1.1500e-19
 7175.77   2.3394e-18   1.1185e-19
 7180.38   2.3502e-18   1.0969e-19
 7185.00   2.5288e-18   1.0549e-19
 7189.61   2.5059e-18   1.0210e-19
 7194.23   2.3072e-18   1.0215e-19
 7198.84   2.1949e-18   1.0218e-19
 7203.45   2.2847e-18   1.0329e-19
 7208.07   2.5283e-18   1.0581e-19
 7212.68   2.4393e-18   1.0813e-19
 7217.29   2.3358e-18   1.1072e-19
 7221.91   2.4130e-18   1.1304e-19
 7226.52   2.6021e-18   1.2073e-19
 7231.13   2.4735e-18   1.4950e-19
 7235.75   2.2972e-18   1.9492e-19
 7240.36   2.2526e-18   2.2333e-19
 7244.97   1.8735e-18   2.2093e-19
 7249.59   2.4190e-18   1.9240e-19
 7254.20   2.6698e-18   1.5312e-19
 7258.81   2.3638e-18   1.3037e-19
 7263.43   2.2102e-18   1.2869e-19
 7268.04   2.3489e-18   1.6270e-19
 7272.65   2.6061e-18   1.9535e-19
 7277.27   2.4996e-18   2.1135e-19
 7281.88   2.2502e-18   2.0063e-19
 7286.49   2.6551e-18   1.7227e-19
 7291.11   2.6547e-18   1.5125e-19
 7295.72   2.1844e-18   1.4114e-19
 7300.33   2.3788e-18   1.4429e-19
 7304.95   2.2448e-18   1.5152e-19
 7309.56   2.3502e-18   1.7562e-19
 7314.18   2.5344e-18   1.8545e-19
 7318.79   2.3355e-18   1.8487e-19
 7323.40   2.4368e-18   1.7435e-19
 7328.02   2.6054e-18   1.6023e-19
 7332.63   2.5129e-18   1.8541e-19
 7337.24   2.2859e-18   2.0175e-19
 7341.86   2.6252e-18   2.0104e-19
 7346.47   2.7399e-18   1.8261e-19
 7351.08   2.8138e-18   1.5998e-19
 7355.70   2.5577e-18   1.5572e-19
 7360.31   2.6818e-18   1.7538e-19
 7364.92   2.7308e-18   1.9001e-19
 7369.54   2.2842e-18   1.8244e-19
 7374.15   2.7657e-18   1.6841e-19
 7378.76   2.6612e-18   1.3834e-19
 7383.38   2.7723e-18   1.3049e-19
 7387.99   2.7554e-18   1.4285e-19
 7392.60   3.0082e-18   1.6178e-19
 7397.22   2.7223e-18   1.7560e-19
 7401.83   2.9403e-18   1.7115e-19
 7406.44   2.6333e-18   1.5700e-19
 7411.06   2.5383e-18   1.3218e-19
 7415.67   2.7026e-18   1.1834e-19
 7420.28   2.9221e-18   1.2342e-19
 7424.90   2.5465e-18   1.2870e-19
 7429.51   2.4660e-18   1.4142e-19
 7434.12   2.7724e-18   1.5367e-19
 7438.74   2.6836e-18   1.4948e-19
 7443.35   2.5849e-18   1.3770e-19
 7447.97   2.6195e-18   1.2156e-19
 7452.58   2.8000e-18   1.1628e-19
 7457.19   2.5165e-18   1.2076e-19
 7461.81   2.6897e-18   1.3205e-19
 7466.42   2.4784e-18   1.4410e-19
 7471.03   2.6987e-18   1.5608e-19
 7475.65   2.8952e-18   1.6421e-19
 7480.26   2.6341e-18   1.5967e-19
 7484.87   2.4378e-18   1.4904e-19
 7489.49   2.7283e-18   1.3614e-19
 7494.10   2.7462e-18   1.2442e-19
 7498.71   2.5623e-18   1.1855e-19
 7503.33   2.6442e-18   1.1580e-19
 7507.94   2.5815e-18   1.1503e-19
 7512.55   2.4387e-18   1.2623e-19
 7517.17   2.5334e-18   1.5252e-19
 7521.78   2.4732e-18   1.6953e-19
 7526.39   2.6647e-18   1.7078e-19
 7531.01   2.5973e-18   1.5520e-19
 7535.62   2.5688e-18   1.3311e-19
 7540.23   2.7829e-18   1.2302e-19
 7544.85   2.4142e-18   1.1764e-19
 7549.46   2.1535e-18   1.1840e-19
 7554.07   2.3732e-18   1.2350e-19
 7558.69   2.5167e-18   1.2786e-19
 7563.30   2.5340e-18   1.3956e-19
 7567.92   2.4175e-18   1.5029e-19
 7572.53   2.3870e-18   1.5116e-19
 7577.14   2.5602e-18   1.4558e-19
 7581.76   2.2461e-18   1.3087e-19
 7586.37   2.3490e-18   1.2403e-19
 7590.98   2.1299e-18   1.2105e-19
 7595.60   2.1561e-18   1.0936e-19
 7600.21   2.1412e-18   9.9142e-20
 7604.82   2.1249e-18   9.0854e-20
 7609.44   2.1429e-18   9.4667e-20
 7614.05   1.9695e-18   1.0805e-19
 7618.66   1.9647e-18   1.1838e-19
 7623.28   1.9607e-18   1.2197e-19
 7627.89   1.9616e-18   1.1860e-19
 7632.50   1.9465e-18   1.1071e-19
 7637.12   1.9369e-18   1.0347e-19
 7641.73   1.8285e-18   1.0096e-19
 7646.34   1.8270e-18   1.0441e-19
 7650.96   1.9690e-18   1.1034e-19
 7655.57   1.6181e-18   1.1803e-19
 7660.18   2.0352e-18   1.2198e-19
 7664.80   1.6955e-18   1.1736e-19
 7669.41   1.8683e-18   1.1042e-19
 7674.02   1.7786e-18   1.0809e-19
 7678.64   1.7815e-18   1.1182e-19
 7683.25   1.9563e-18   1.1871e-19
 7687.86   1.9780e-18   1.2353e-19
 7692.48   2.1336e-18   1.2861e-19
 7697.09   2.0875e-18   1.2760e-19
 7701.71   2.0093e-18   1.4155e-19
 7706.32   1.8695e-18   1.9690e-19
 7710.93   2.0905e-18   2.4921e-19
 7715.55   2.1001e-18   2.6643e-19
 7720.16   1.4905e-18   2.4870e-19
 7724.77   1.5836e-18   1.9638e-19
 7729.39   1.7714e-18   1.5731e-19
 7734.00   2.0766e-18   1.3874e-19
 7738.61   2.0627e-18   1.3907e-19
 7743.23   2.0881e-18   1.8990e-19
 7747.84   1.9207e-18   2.2499e-19
 7752.45   1.9073e-18   2.3841e-19
 7757.07   1.8117e-18   2.1908e-19
 7761.68   1.6221e-18   1.7647e-19
 7766.29   1.8828e-18   1.6406e-19
 7770.91   2.0309e-18   1.6415e-19
 7775.52   2.2718e-18   1.7371e-19
 7780.13   2.0279e-18   1.6996e-19
 7784.75   1.6314e-18   1.7576e-19
 7789.36   2.3115e-18   2.0147e-19
 7793.97   2.4617e-18   2.0492e-19
 7798.59   1.7864e-18   1.9526e-19
 7803.20   2.1364e-18   1.7573e-19
 7807.81   1.6923e-18   1.6245e-19
 7812.43   2.0828e-18   1.9217e-19
 7817.04   2.4028e-18   2.1766e-19
 7821.66   1.9157e-18   2.1820e-19
 7826.27   1.9000e-18   1.9985e-19
 7830.88   2.1097e-18   1.5891e-19
 7835.50   2.3570e-18   1.4751e-19
 7840.11   2.0610e-18   1.6049e-19
 7844.72   1.9747e-18   1.9691e-19
 7849.34   1.6619e-18   2.2948e-19
 7853.95   2.0825e-18   2.4406e-19
 7858.56   1.6428e-18   2.3292e-19
 7863.18   1.8492e-18   2.0613e-19
 7867.79   1.8868e-18   1.8675e-19
 7872.40   2.0937e-18   1.8934e-19
 7877.02   2.1085e-18   1.8846e-19
 7881.63   1.8560e-18   1.9282e-19
 7886.24   1.9825e-18   2.0334e-19
 7890.86   1.9361e-18   1.9126e-19
 7895.47   2.0411e-18   1.7081e-19
 7900.08   1.8025e-18   1.3764e-19
 7904.70   1.9241e-18   1.6015e-19
 7909.31   1.6926e-18   2.0789e-19
 7913.92   1.8420e-18   2.3676e-19
 7918.54   2.0974e-18   2.3549e-19
 7923.15   2.1930e-18   2.1113e-19
 7927.76   1.9970e-18   1.8568e-19
 7932.38   1.9750e-18   1.6683e-19
 7936.99   1.8281e-18   1.4908e-19
 7941.60   1.8011e-18   1.3817e-19
 7946.22   1.7358e-18   1.3707e-19
 7950.83   1.7235e-18   1.3722e-19
 7955.45   1.6358e-18   1.4766e-19
 7960.06   1.9001e-18   1.7597e-19
 7964.67   2.0368e-18   1.8705e-19
 7969.29   1.8508e-18   1.8773e-19
 7973.90   1.6955e-18   1.7217e-19
 7978.51   1.8232e-18   1.5864e-19
 7983.13   1.7859e-18   1.6822e-19
 7987.74   1.8359e-18   1.8824e-19
 7992.35   1.9236e-18   1.9751e-19
 7996.97   1.9256e-18   1.8917e-19
 8001.58   2.1927e-18   1.5771e-19
 8006.19   1.8465e-18   1.2668e-19
 8010.81   1.8108e-18   1.3648e-19
 8015.42   1.7891e-18   1.5096e-19
 8020.03   1.6745e-18   1.7928e-19
 8024.65   1.5716e-18   1.8349e-19
 8029.26   1.4522e-18   1.7589e-19
 8033.87   1.3937e-18   1.4360e-19
 8038.49   1.7173e-18   1.1211e-19
 8043.10   1.8943e-18   1.1257e-19
 8047.71   1.8517e-18   1.2082e-19
 8052.33   1.7477e-18   1.3261e-19
 8056.94   1.7951e-18   1.4604e-19
 8061.55   1.8568e-18   1.4622e-19
 8066.17   1.7262e-18   1.3563e-19
 8070.78   1.6905e-18   1.1886e-19
 8075.40   1.5676e-18   1.0345e-19
 8080.01   1.8444e-18   1.0639e-19
 8084.62   1.6664e-18   1.0749e-19
 8089.24   1.7654e-18   1.1151e-19
 8093.85   1.4937e-18   1.1592e-19
 8098.46   1.6903e-18   1.2364e-19
 8103.08   1.7132e-18   1.2365e-19
 8107.69   1.5965e-18   1.1563e-19
 8112.30   1.6692e-18   1.0445e-19
 8116.92   1.5448e-18   9.5734e-20
 8121.53   1.4311e-18   9.5453e-20
 8126.14   1.3552e-18   9.5783e-20
 8130.76   1.3733e-18   9.9368e-20
 8135.37   1.2734e-18   1.0233e-19
 8139.98   1.3633e-18   1.0513e-19
 8144.60   1.4727e-18   1.0578e-19
 8149.21   1.1986e-18   9.8258e-20
 8153.82   1.3675e-18   9.3259e-20
 8158.44   1.1774e-18   8.7338e-20
 8163.05   1.1313e-18   8.4013e-20
 8167.66   1.1319e-18   8.4826e-20
 8172.28   1.2446e-18   8.5931e-20
 8176.89   1.2993e-18   8.8739e-20
 8181.50   1.0544e-18   8.9959e-20
 8186.12   1.1267e-18   9.5386e-20
 8190.73   1.3080e-18   1.0102e-19
 8195.34   1.0605e-18   9.7552e-20
 8199.96   1.0662e-18   9.6363e-20
 8204.57   1.2645e-18   9.4282e-20
 8209.19   1.2497e-18   9.2750e-20
 8213.80   1.2927e-18   9.2499e-20
 8218.41   1.2640e-18   8.9684e-20
 8223.03   1.1256e-18   8.5334e-20
 8227.64   9.9244e-19   8.1746e-20
 8232.25   1.1283e-18   8.2904e-20
 8236.87   1.2320e-18   8.3099e-20
 8241.48   1.3539e-18   9.3783e-20
 8246.09   2.9267e-18   2.4925e-19
 8250.71   2.8926e-18   2.4515e-19
 8255.32   2.8900e-18   2.3776e-19
 8259.93   1.2455e-18   8.2509e-20
 8264.55   1.3015e-18   8.8167e-20
 8269.16   1.1170e-18   1.0176e-19
 8273.77   1.1827e-18   1.3977e-19
 8278.39   1.2738e-18   1.8444e-19
 8283.00   1.3315e-18   2.1356e-19
 8287.61   1.3650e-18   2.2308e-19
 8292.23   1.5373e-18   2.2570e-19
 8296.84   1.5451e-18   2.1638e-19
 8301.45   1.0723e-18   1.9676e-19
 8306.07   1.3527e-18   1.7355e-19
 8310.68   1.4559e-18   1.3974e-19
 8315.29   1.5586e-18   1.2574e-19
 8319.91   1.3414e-18   1.0809e-19
 8324.52   1.6031e-18   9.7014e-20
 8329.13   1.4939e-18   9.0704e-20
 8333.75   1.6884e-18   1.3339e-19
 8338.36   1.6123e-18   2.1168e-19
 8342.98   1.4377e-18   2.6184e-19
 8347.59   1.0867e-18   2.7378e-19
 8352.20   1.5470e-18   2.3990e-19
 8356.82   1.2934e-18   1.8447e-19
 8361.43   1.2697e-18   1.5488e-19
 8366.04   1.4286e-18   1.3788e-19
 8370.66   1.5464e-18   1.2699e-19
 8375.27   1.5144e-18   1.3676e-19
 8379.88   1.5272e-18   1.5152e-19
 8384.50   1.3403e-18   1.4971e-19
 8389.11   1.4400e-18   1.6246e-19
 8393.72   1.4413e-18   2.0298e-19
 8398.34   1.8918e-18   2.2454e-19
 8402.95   1.3411e-18   2.1580e-19
 8407.56   1.5018e-18   1.8462e-19
 8412.18   1.7589e-18   1.6224e-19
 8416.79   1.3589e-18   1.5978e-19
 8421.40   1.4294e-18   1.9570e-19
 8426.02   1.3058e-18   2.3196e-19
 8430.63   1.5023e-18   2.4552e-19
 8435.24   1.3142e-18   2.2179e-19
 8439.86   1.5420e-18   1.6165e-19
 8444.47   1.6193e-18   1.3214e-19
 8449.08   1.3513e-18   1.5929e-19
 8453.70   1.3251e-18   1.6733e-19
 8458.31   1.4618e-18   2.0374e-19
 8462.92   1.9227e-18   2.1925e-19
 8467.54   1.2677e-18   2.1508e-19
 8472.15   1.6917e-18   1.8282e-19
 8476.77   1.6676e-18   1.2305e-19
 8481.38   1.4336e-18   9.4204e-20
 8485.99   1.7082e-18   1.2249e-19
 8490.61   1.6130e-18   1.3979e-19
 8495.22   1.4284e-18   1.6169e-19
 8499.83   1.5605e-18   1.9023e-19
 8504.45   1.8709e-18   1.8674e-19
 8509.06   1.8379e-18   1.7538e-19
 8513.67   1.5915e-18   1.3360e-19
 8518.29   1.5599e-18   1.0039e-19
 8522.90   1.5521e-18   9.5990e-20
 8527.51   1.4819e-18   9.7154e-20
 8532.13   1.6102e-18   1.1101e-19
 8536.74   1.5914e-18   1.2259e-19
 8541.35   1.6984e-18   1.4206e-19
 8545.97   1.7405e-18   1.5537e-19
 8550.58   1.2607e-18   1.4412e-19
 8555.19   1.4173e-18   1.3281e-19
 8559.81   1.6692e-18   1.0544e-19
 8564.42   1.4996e-18   9.7022e-20
 8569.04   1.4947e-18   1.0074e-19
 8573.65   1.5912e-18   1.0390e-19
 8578.26   1.7027e-18   1.0661e-19
 8582.88   1.6290e-18   1.1268e-19
 8587.49   1.6572e-18   1.2115e-19
 8592.10   1.4705e-18   1.2878e-19
 8596.72   1.5355e-18   1.3096e-19
 8601.33   1.7371e-18   1.2915e-19
 8605.94   1.7134e-18   1.3782e-19
 8610.56   1.2877e-18   1.6898e-19
 8615.17   9.9962e-19   2.2269e-19
 8619.78   2.0719e-18   2.8276e-19
 8624.40   1.6963e-18   3.2344e-19
 8629.01   1.7924e-18   3.4101e-19
 8633.62   1.7254e-18   3.2549e-19
 8638.24   1.7886e-18   2.8415e-19
 8642.85   2.0012e-18   2.5262e-19
 8647.46   1.7313e-18   2.6283e-19
 8652.08   1.5192e-18   3.0187e-19
 8656.69   1.3044e-18   3.3413e-19
 8661.30   1.0348e-18   3.3916e-19
 8665.92   1.5286e-18   3.2866e-19
 8670.53   2.0262e-18   3.0580e-19
 8675.14   2.2885e-18   2.7557e-19
 8679.76   1.5117e-18   2.3998e-19
 8684.37   1.1948e-18   2.0590e-19
 8688.98   1.6717e-18   1.7934e-19
 8693.60   1.7465e-18   1.5946e-19
 8698.21   1.5302e-18   1.4552e-19
 8702.83   1.4726e-18   1.3677e-19
 8707.44   1.4667e-18   1.2782e-19
 8712.05   1.5405e-18   1.1751e-19
 8716.67   1.5568e-18   1.0912e-19
 8721.28   1.6079e-18   1.0570e-19
 8725.89   1.3678e-18   1.0229e-19
 8730.51   1.4212e-18   1.0431e-19
 8735.12   1.3042e-18   1.0564e-19
 8739.73   1.4468e-18   1.0969e-19
 8744.35   1.5607e-18   1.0862e-19
 8748.96   1.4074e-18   1.2698e-19
 8753.57   1.2538e-18   1.9544e-19
 8758.19   7.1598e-19   2.7834e-19
 8762.80   1.2107e-18   3.4167e-19
 8767.41   2.4434e-18   3.5091e-19
 8772.03   1.4327e-18   3.5448e-19
 8776.64   9.5547e-19   3.1438e-19
 8781.25   1.6207e-18   2.8613e-19
 8785.87   1.7545e-18   2.4523e-19
 8790.48   1.5803e-18   1.9083e-19
 8795.09   1.2678e-18   1.7146e-19
 8799.71   1.2687e-18   1.4533e-19
 8804.32   1.2503e-18   1.1343e-19
 8808.93   1.2342e-18   1.1572e-19
 8813.55   1.4374e-18   1.2316e-19
 8818.16   1.2436e-18   2.1424e-19
 8822.77   1.5366e-18   3.3579e-19
 8827.39   1.5068e-18   3.9046e-19
 8832.00   1.2565e-18   3.9630e-19
 8836.62   1.5214e-18   3.2702e-19
 8841.23   1.2154e-18   2.3857e-19
 8845.84   1.1339e-18   2.0591e-19
 8850.46   1.4459e-18   1.6299e-19
 8855.07   1.3346e-18   1.6393e-19
 8859.68   1.3397e-18   1.7262e-19
 8864.30   1.5783e-18   2.0822e-19
 8868.91   1.5754e-18   2.1370e-19
 8873.52   1.6610e-18   1.8960e-19
 8878.14   1.5819e-18   2.3400e-19
 8882.75   2.0828e-18   2.9376e-19
 8887.36   1.5921e-18   3.1651e-19
 8891.98   1.6720e-18   2.8310e-19
 8896.59   1.4076e-18   2.2745e-19
 8901.20   1.6137e-18   2.2895e-19
 8905.82   1.3773e-18   2.3019e-19
 8910.43   1.1745e-18   2.4143e-19
 8915.04   1.3263e-18   3.0401e-19
 8919.66   6.6148e-19   3.2463e-19
 8924.27   1.0091e-18   3.1762e-19
 8928.88   1.1435e-18   2.2612e-19
 8933.50   1.1868e-18   1.4555e-19
 8938.11   9.9334e-19   1.9096e-19
 8942.72   7.3715e-19   2.0923e-19
 8947.34   1.0881e-18   2.1930e-19
 8951.95   1.4462e-18   2.6263e-19
 8956.56   2.1964e-18   2.8318e-19
 8961.18   1.6083e-18   2.8097e-19
 8965.79   1.4877e-18   2.2388e-19
 8970.41   1.3234e-18   1.3500e-19
 8975.02   1.1092e-18   1.0371e-19
 8979.63   9.4308e-19   1.3669e-19
 8984.25   8.4121e-19   1.6293e-19
 8988.86   7.1844e-19   1.7476e-19
 8993.47   1.0214e-18   1.9732e-19
 8998.09   1.4100e-18   2.2625e-19
 9002.70   1.3742e-18   2.1705e-19
 9007.31   1.2522e-18   2.0129e-19
 9011.93   1.2044e-18   1.2692e-19
 9016.54   1.1671e-18   9.1490e-20
 9021.15   9.9036e-19   9.5619e-20
 9025.77   8.9987e-19   9.6143e-20
 9030.38   9.5916e-19   1.2100e-19
 9034.99   1.0316e-18   1.4104e-19
 9039.61   1.1602e-18   1.5870e-19
 9044.22   1.0662e-18   1.8462e-19
 9048.83   9.9591e-19   1.8246e-19
 9053.45   1.1915e-18   1.7549e-19
 9058.06   1.0388e-18   1.4109e-19
 9062.67   9.7732e-19   1.1005e-19
 9067.29   8.9042e-19   1.0286e-19
 9071.90   7.8238e-19   9.9034e-20
 9076.51   8.5333e-19   9.1982e-20
 9081.13   8.0964e-19   8.8385e-20
 9085.74   8.2212e-19   9.6621e-20
 9090.36   1.0987e-18   1.1155e-19
 9094.97   9.8100e-19   1.2346e-19
 9099.58   9.1345e-19   1.3841e-19
 9104.20   8.8192e-19   1.3127e-19
 9108.81   9.5308e-19   1.2106e-19
 9113.42   7.5337e-19   9.2630e-20
 9118.04   6.6537e-19   7.6866e-20
 9122.65   7.3746e-19   7.8288e-20
 9127.26   7.3629e-19   7.7264e-20
 9131.88   7.4269e-19   7.7864e-20
 9136.49   7.1029e-19   7.7786e-20
 9141.10   7.8023e-19   8.1459e-20
 9145.72   7.8719e-19   9.0193e-20
 9150.33   7.1479e-19   9.7964e-20
 9154.94   7.2333e-19   1.1277e-19
 9159.56   7.4746e-19   1.1478e-19
 9164.17   7.8313e-19   1.0870e-19
 9168.78   7.4572e-19   9.3774e-20
 9173.40   8.7991e-19   8.0594e-20
 9178.01   8.5399e-19   7.7443e-20
 9182.62   6.1635e-19   7.4180e-20
 9187.24   7.4481e-19   7.4825e-20
 9191.85   7.7457e-19   7.4235e-20
 9196.46   8.5120e-19   7.5436e-20
