 
TRANSIENT_NAME:     DES14C1rhg 
SNID:               1315816    
OBS_DATE:           2014-12-29
MJD:                57020. 
PHASE:              +6.    
MJD_MAX:            57010.9 (Angus et. al.: MNRAS, 487, 2215A, 2019)
TYPE:               41 
SPEC_EVAL:          SLSN-I
REDSHIFT:           0.4700  
REDSHIFT_ERR:       0.0050  
REDSHIFT_SOURCE:    Z_SN
TELESCOPE:          VLT
INSTRUMENT:         X-SHOOTER
 
======================================
 
# WAVE  FLUX  FLUX_ERR
 3100.00  -4.0528e-19   6.4349e-18
 3105.00  -5.4116e-18   4.2180e-18
 3110.00  -3.2794e-20   3.9486e-18
 3115.00  -2.8735e-18   3.6306e-18
 3120.00   3.9890e-19   3.3912e-18
 3125.00   2.1010e-18   3.1958e-18
 3130.00  -4.8268e-18   3.0444e-18
 3135.00  -1.6213e-18   3.1044e-18
 3140.00  -9.8143e-19   3.2161e-18
 3145.00   7.0679e-19   3.3191e-18
 3150.00   2.8418e-18   3.1772e-18
 3155.00  -3.3387e-18   3.0031e-18
 3160.00   2.2926e-18   2.9703e-18
 3165.00  -6.4631e-18   2.8280e-18
 3170.00  -2.0487e-18   2.7516e-18
 3175.00  -2.4846e-18   2.6250e-18
 3180.00  -3.3538e-18   2.4369e-18
 3185.00  -1.4265e-18   2.2410e-18
 3190.00   3.4512e-19   2.0842e-18
 3195.00  -2.9465e-19   1.9363e-18
 3200.00  -2.0118e-20   1.7633e-18
 3205.00  -1.5689e-18   1.5743e-18
 3210.00   1.3920e-18   1.8049e-18
 3215.00   1.6370e-20   1.5663e-18
 3220.00  -1.6584e-18   1.4425e-18
 3225.00  -8.9902e-20   1.3263e-18
 3230.00   1.1381e-18   1.2784e-18
 3235.00  -1.0787e-18   1.1589e-18
 3240.00   8.4406e-19   1.1170e-18
 3245.00   8.2005e-19   1.0705e-18
 3250.00  -6.4858e-19   1.0186e-18
 3255.00  -9.2969e-20   1.0290e-18
 3260.00  -3.0430e-19   1.0990e-18
 3265.00   6.6197e-19   1.0686e-18
 3270.00   4.9105e-19   1.0885e-18
 3275.00  -4.7523e-19   1.0533e-18
 3280.00  -1.3577e-18   1.0447e-18
 3285.00   1.7984e-18   1.1920e-18
 3290.00  -5.5464e-19   1.1780e-18
 3295.00  -1.4822e-18   1.3819e-18
 3300.00  -1.1291e-18   1.3158e-18
 3305.00  -8.7179e-19   1.3586e-18
 3310.00  -5.0922e-19   1.4062e-18
 3315.00  -1.7854e-18   1.5010e-18
 3320.00  -4.9142e-20   1.5741e-18
 3325.00  -3.5731e-18   1.5518e-18
 3330.00  -1.7943e-18   1.5455e-18
 3335.00   1.6860e-18   1.5666e-18
 3340.00  -8.9799e-19   1.5156e-18
 3345.00   8.9283e-19   1.6868e-18
 3350.00  -1.0133e-18   1.5474e-18
 3355.00   2.3250e-18   1.4575e-18
 3360.00  -1.2892e-18   1.3372e-18
 3365.00  -7.5523e-19   1.3423e-18
 3370.00   5.5250e-19   1.7493e-18
 3375.00   1.0880e-19   1.4812e-18
 3380.00  -4.4583e-19   1.3774e-18
 3385.00   6.5032e-19   1.2820e-18
 3390.00   6.4837e-19   1.2160e-18
 3395.00   2.0779e-18   1.2102e-18
 3400.00  -3.9966e-19   1.1325e-18
 3405.00   1.7336e-18   1.1589e-18
 3410.00   1.4060e-18   1.1130e-18
 3415.00   1.2954e-18   1.1678e-18
 3420.00  -1.7967e-20   1.1776e-18
 3425.00   1.1288e-18   1.2578e-18
 3430.00  -4.1872e-20   1.2138e-18
 3435.00   1.8412e-19   1.2852e-18
 3440.00   6.0722e-19   1.3097e-18
 3445.00   7.8520e-20   1.3095e-18
 3450.00   1.1010e-18   1.4380e-18
 3455.00   3.3863e-19   1.4705e-18
 3460.00   1.5091e-18   1.4260e-18
 3465.00  -6.5679e-19   1.3676e-18
 3470.00  -6.9255e-20   1.3326e-18
 3475.00  -9.1177e-19   1.2665e-18
 3480.00   7.2690e-19   1.4118e-18
 3485.00   2.1992e-19   1.2959e-18
 3490.00  -3.9340e-19   1.1878e-18
 3495.00   8.8405e-19   1.1414e-18
 3500.00  -5.6233e-20   1.0039e-18
 3505.00   6.9399e-19   9.6503e-19
 3510.00   1.1506e-18   9.5385e-19
 3515.00   4.2583e-19   8.6315e-19
 3520.00  -9.6049e-20   7.9527e-19
 3525.00   1.2761e-18   7.7292e-19
 3530.00   2.1471e-18   7.4812e-19
 3535.00   1.2739e-18   6.9976e-19
 3540.00  -6.6756e-19   7.6953e-19
 3545.00   3.4106e-19   8.8488e-19
 3550.00   1.3255e-18   8.0613e-19
 3555.00   8.2013e-19   8.1217e-19
 3560.00  -2.4910e-20   7.3509e-19
 3565.00   7.7357e-19   6.6934e-19
 3570.00   9.9666e-19   6.3036e-19
 3575.00  -1.6341e-19   5.9819e-19
 3580.00   1.0453e-18   5.8163e-19
 3585.00   1.4780e-18   5.7965e-19
 3590.00   1.1542e-18   5.7596e-19
 3595.00   4.8774e-19   5.8687e-19
 3600.00   7.8152e-19   6.0003e-19
 3605.00   8.7297e-19   6.1493e-19
 3610.00   2.0450e-19   6.3422e-19
 3615.00  -1.4788e-18   6.9204e-19
 3620.00   2.8966e-19   7.5493e-19
 3625.00   1.1260e-18   7.6052e-19
 3630.00  -3.5093e-19   7.7196e-19
 3635.00  -2.2010e-19   7.9153e-19
 3640.00  -1.0646e-18   7.6113e-19
 3645.00   9.5183e-19   7.3687e-19
 3650.00   1.3213e-18   7.1557e-19
 3655.00   2.9978e-19   8.1384e-19
 3660.00   4.5180e-19   7.8655e-19
 3665.00   1.1758e-19   7.1802e-19
 3670.00   1.0641e-18   6.6528e-19
 3675.00   8.0463e-19   6.0290e-19
 3680.00   6.3651e-19   5.6511e-19
 3685.00   8.2797e-19   5.4883e-19
 3690.00   1.4521e-18   5.3188e-19
 3695.00   8.8617e-19   5.0964e-19
 3700.00   9.7289e-19   5.9209e-19
 3705.00   2.7526e-19   5.5647e-19
 3710.00   7.4448e-19   5.2370e-19
 3715.00   1.1771e-18   5.0034e-19
 3720.00   7.1448e-19   4.6202e-19
 3725.00   1.0194e-18   4.6390e-19
 3730.00   1.5765e-18   5.0694e-19
 3735.00   1.9750e-18   5.3828e-19
 3740.00   1.3087e-18   5.6590e-19
 3745.00   1.3047e-18   5.2361e-19
 3750.00   2.2119e-18   4.8900e-19
 3755.00   1.6216e-18   4.9078e-19
 3760.00   2.4828e-18   4.9013e-19
 3765.00   1.8305e-18   4.7908e-19
 3770.00   1.1691e-18   4.7239e-19
 3775.00   1.0927e-18   5.0293e-19
 3780.00   2.0744e-18   5.1706e-19
 3785.00   7.7735e-19   5.1797e-19
 3790.00   1.7081e-18   5.5444e-19
 3795.00   9.2851e-19   5.6087e-19
 3800.00   1.1464e-18   5.6421e-19
 3805.00   2.2589e-18   5.8013e-19
 3810.00   1.3809e-18   5.7564e-19
 3815.00   1.0263e-18   6.2339e-19
 3820.00   6.8257e-19   6.0164e-19
 3825.00   9.5561e-19   5.8687e-19
 3830.00   1.4895e-18   6.6807e-19
 3835.00   1.2117e-18   6.2294e-19
 3840.00   7.1813e-20   5.8884e-19
 3845.00   8.2054e-19   6.3642e-19
 3850.00   6.9849e-19   5.7684e-19
 3855.00   5.2714e-19   5.3624e-19
 3860.00   9.6025e-19   5.0334e-19
 3865.00   1.7186e-19   4.6820e-19
 3870.00   5.9144e-20   4.3551e-19
 3875.00   4.3453e-19   4.3888e-19
 3880.00   1.1171e-18   4.1283e-19
 3885.00   5.5977e-19   3.8766e-19
 3890.00   9.6627e-19   3.8426e-19
 3895.00   1.5949e-20   3.7246e-19
 3900.00   5.8974e-21   3.7670e-19
 3905.00   1.3298e-20   4.1336e-19
 3910.00   9.0855e-19   4.3501e-19
 3915.00   7.2056e-19   4.0229e-19
 3920.00   3.5392e-19   3.7278e-19
 3925.00   7.5334e-19   3.5851e-19
 3930.00   6.7151e-19   3.5959e-19
 3935.00   5.1134e-19   3.4165e-19
 3940.00   3.9874e-19   3.8424e-19
 3945.00   9.0898e-19   3.9480e-19
 3950.00   1.1867e-18   3.9722e-19
 3955.00   1.1497e-18   3.7802e-19
 3960.00   1.0171e-18   3.7667e-19
 3965.00   9.6489e-19   3.6230e-19
 3970.00   1.0459e-18   3.6008e-19
 3975.00   1.4020e-18   4.0941e-19
 3980.00   1.5535e-18   4.1740e-19
 3985.00   1.9365e-18   4.1203e-19
 3990.00   9.0211e-19   4.1224e-19
 3995.00   1.8447e-18   4.1654e-19
 4000.00   1.8203e-18   4.2860e-19
 4005.00   1.1791e-18   4.2739e-19
 4010.00   1.3447e-18   4.6402e-19
 4015.00   2.9443e-18   4.6270e-19
 4020.00   1.7881e-18   4.5006e-19
 4025.00   1.6664e-18   4.3535e-19
 4030.00   1.8018e-18   4.3521e-19
 4035.00   1.7052e-18   4.3030e-19
 4040.00   2.3940e-18   4.5132e-19
 4045.00   1.9232e-18   5.2146e-19
 4050.00   1.5266e-18   4.8652e-19
 4055.00   2.1720e-18   4.4241e-19
 4060.00   2.2566e-18   4.4213e-19
 4065.00   1.6078e-18   4.4707e-19
 4070.00   2.3769e-18   4.3619e-19
 4075.00   2.4049e-18   4.0615e-19
 4080.00   2.4036e-18   3.9099e-19
 4085.00   2.6312e-18   3.8234e-19
 4090.00   2.1748e-18   3.6065e-19
 4095.00   3.9856e-18   3.7028e-19
 4100.00   2.6188e-18   3.3875e-19
 4105.00   2.6166e-18   3.3009e-19
 4110.00   2.9573e-18   3.2863e-19
 4115.00   2.6597e-18   3.2476e-19
 4120.00   2.5953e-18   3.1826e-19
 4125.00   2.7836e-18   3.3599e-19
 4130.00   2.3296e-18   3.2692e-19
 4135.00   2.2602e-18   3.3099e-19
 4140.00   2.4375e-18   3.1581e-19
 4145.00   2.6712e-18   3.1392e-19
 4150.00   2.6423e-18   3.0308e-19
 4155.00   2.4917e-18   3.2947e-19
 4160.00   2.2739e-18   3.3244e-19
 4165.00   1.7372e-18   3.4003e-19
 4170.00   2.2114e-18   3.5955e-19
 4175.00   1.7456e-18   3.3268e-19
 4180.00   2.1192e-18   3.4336e-19
 4185.00   2.0437e-18   3.3037e-19
 4190.00   2.4519e-18   3.3322e-19
 4195.00   1.7443e-18   3.2848e-19
 4200.00   1.8203e-18   3.2394e-19
 4205.00   2.1386e-18   3.3015e-19
 4210.00   1.6668e-18   3.3443e-19
 4215.00   2.0022e-18   3.3930e-19
 4220.00   1.9326e-18   3.3291e-19
 4225.00   1.5905e-18   3.3736e-19
 4230.00   1.5506e-18   3.3628e-19
 4235.00   2.1144e-18   3.5105e-19
 4240.00   2.2645e-18   3.4981e-19
 4245.00   2.1128e-18   3.6285e-19
 4250.00   1.4542e-18   3.6437e-19
 4255.00   2.2063e-18   3.6984e-19
 4260.00   1.7772e-18   3.6339e-19
 4265.00   1.3901e-18   3.5700e-19
 4270.00   1.7977e-18   3.5639e-19
 4275.00   2.1552e-18   3.5054e-19
 4280.00   2.3016e-18   4.0249e-19
 4285.00   2.3927e-18   3.8695e-19
 4290.00   2.5512e-18   3.6747e-19
 4295.00   1.8518e-18   3.6027e-19
 4300.00   2.2524e-18   3.4061e-19
 4305.00   2.2676e-18   3.2802e-19
 4310.00   2.2977e-18   3.3246e-19
 4315.00   2.5154e-18   3.3584e-19
 4320.00   2.7071e-18   3.2393e-19
 4325.00   2.0883e-18   3.0068e-19
 4330.00   2.3905e-18   2.9740e-19
 4335.00   2.5748e-18   3.0055e-19
 4340.00   2.0149e-18   2.8006e-19
 4345.00   2.2549e-18   2.8752e-19
 4350.00   2.5094e-18   2.8995e-19
 4355.00   2.5098e-18   2.8111e-19
 4360.00   2.6020e-18   2.8439e-19
 4365.00   2.5698e-18   2.7465e-19
 4370.00   2.1533e-18   2.7056e-19
 4375.00   2.4113e-18   2.7816e-19
 4380.00   2.5821e-18   2.7943e-19
 4385.00   2.3409e-18   2.7138e-19
 4390.00   2.3004e-18   2.6735e-19
 4395.00   2.7543e-18   2.7627e-19
 4400.00   2.3367e-18   2.7588e-19
 4405.00   2.3462e-18   3.0435e-19
 4410.00   1.9334e-18   3.0807e-19
 4415.00   2.5106e-18   3.0785e-19
 4420.00   1.7834e-18   3.0324e-19
 4425.00   2.2037e-18   3.0811e-19
 4430.00   2.1117e-18   3.0471e-19
 4435.00   2.3703e-18   2.9915e-19
 4440.00   2.3096e-18   3.1359e-19
 4445.00   1.8366e-18   3.0392e-19
 4450.00   2.2159e-18   3.0180e-19
 4455.00   2.4231e-18   2.9995e-19
 4460.00   1.8242e-18   2.9825e-19
 4465.00   2.0541e-18   3.0551e-19
 4470.00   1.7025e-18   2.9621e-19
 4475.00   1.9817e-18   3.1411e-19
 4480.00   2.1085e-18   3.0926e-19
 4485.00   1.8687e-18   3.2021e-19
 4490.00   1.8824e-18   3.1606e-19
 4495.00   1.3764e-18   3.2412e-19
 4500.00   1.6368e-18   3.2218e-19
 4505.00   1.6475e-18   3.2532e-19
 4510.00   1.0691e-18   4.6764e-19
 4515.00   1.6303e-18   4.4692e-19
 4520.00   1.9380e-18   4.3790e-19
 4525.00   2.0530e-18   4.1589e-19
 4530.00   1.7559e-18   4.1487e-19
 4535.00   1.5168e-18   3.9636e-19
 4540.00   2.3633e-18   3.8809e-19
 4545.00   1.7570e-18   3.7448e-19
 4550.00   1.8439e-18   3.5301e-19
 4555.00   1.4216e-18   3.2996e-19
 4560.00   1.4924e-18   3.2065e-19
 4565.00   1.7794e-18   3.0743e-19
 4570.00   2.0966e-18   3.0243e-19
 4575.00   2.0495e-18   2.9411e-19
 4580.00   2.0582e-18   2.9921e-19
 4585.00   1.8202e-18   2.8581e-19
 4590.00   2.1427e-18   2.7853e-19
 4595.00   2.0544e-18   2.6834e-19
 4600.00   2.3259e-18   2.6888e-19
 4605.00   2.3193e-18   2.6552e-19
 4610.00   1.8990e-18   2.6132e-19
 4615.00   2.4332e-18   2.5849e-19
 4620.00   2.3221e-18   2.5583e-19
 4625.00   2.6334e-18   2.5684e-19
 4630.00   2.0931e-18   2.4934e-19
 4635.00   2.1180e-18   2.4758e-19
 4640.00   2.3980e-18   2.4927e-19
 4645.00   2.4184e-18   2.4400e-19
 4650.00   2.0468e-18   2.4147e-19
 4655.00   2.0868e-18   2.4937e-19
 4660.00   2.3176e-18   2.6628e-19
 4665.00   2.2507e-18   2.5687e-19
 4670.00   2.1841e-18   2.5700e-19
 4675.00   2.5609e-18   2.6393e-19
 4680.00   2.2215e-18   2.5924e-19
 4685.00   2.2304e-18   2.6240e-19
 4690.00   2.7150e-18   2.6367e-19
 4695.00   2.5068e-18   2.6149e-19
 4700.00   2.5843e-18   2.6091e-19
 4705.00   2.1424e-18   2.5908e-19
 4710.00   2.5000e-18   2.6820e-19
 4715.00   2.2855e-18   2.6355e-19
 4720.00   2.0946e-18   2.6256e-19
 4725.00   2.1253e-18   2.6587e-19
 4730.00   2.0154e-18   2.6236e-19
 4735.00   1.9768e-18   2.6065e-19
 4740.00   1.7713e-18   2.6427e-19
 4745.00   1.5601e-18   2.6249e-19
 4750.00   1.9399e-18   2.6490e-19
 4755.00   2.0148e-18   2.6889e-19
 4760.00   1.5853e-18   2.6596e-19
 4765.00   1.7434e-18   2.6772e-19
 4770.00   1.5737e-18   2.6824e-19
 4775.00   2.4997e-18   2.7820e-19
 4780.00   1.7180e-18   2.7057e-19
 4785.00   2.0310e-18   2.7810e-19
 4790.00   1.2970e-18   4.1432e-19
 4795.00   1.5755e-18   4.0298e-19
 4800.00   1.4396e-18   3.8101e-19
 4805.00   1.6645e-18   3.7229e-19
 4810.00   1.3534e-18   3.5560e-19
 4815.00   1.8054e-18   3.6309e-19
 4820.00   2.1360e-18   3.6693e-19
 4825.00   1.6614e-18   3.4416e-19
 4830.00   2.1925e-18   3.4537e-19
 4835.00   2.1572e-18   3.3917e-19
 4840.00   2.1369e-18   3.2905e-19
 4845.00   1.6621e-18   3.1150e-19
 4850.00   1.8280e-18   2.9188e-19
 4855.00   1.8169e-18   2.8454e-19
 4860.00   1.4071e-18   2.7805e-19
 4865.00   1.7343e-18   2.6350e-19
 4870.00   2.1283e-18   2.6692e-19
 4875.00   1.7418e-18   2.5416e-19
 4880.00   2.0707e-18   2.6171e-19
 4885.00   2.0980e-18   2.5628e-19
 4890.00   2.0003e-18   2.5755e-19
 4895.00   1.9932e-18   2.4426e-19
 4900.00   2.0622e-18   2.3726e-19
 4905.00   2.2048e-18   2.4179e-19
 4910.00   2.2564e-18   2.3591e-19
 4915.00   1.8411e-18   2.2875e-19
 4920.00   1.9915e-18   2.2593e-19
 4925.00   2.1923e-18   2.3244e-19
 4930.00   2.1043e-18   2.2813e-19
 4935.00   2.3833e-18   2.2815e-19
 4940.00   2.2762e-18   2.2969e-19
 4945.00   2.1767e-18   2.2402e-19
 4950.00   2.1579e-18   2.2802e-19
 4955.00   1.9560e-18   2.2769e-19
 4960.00   1.9484e-18   2.2187e-19
 4965.00   1.9666e-18   2.3204e-19
 4970.00   2.1832e-18   2.3545e-19
 4975.00   2.2640e-18   2.3042e-19
 4980.00   2.2008e-18   2.2805e-19
 4985.00   2.1522e-18   2.2423e-19
 4990.00   2.1097e-18   2.3800e-19
 4995.00   2.3496e-18   2.3762e-19
 5000.00   2.1285e-18   2.3645e-19
 5005.00   2.2376e-18   2.4038e-19
 5010.00   2.1942e-18   2.4289e-19
 5015.00   2.0931e-18   2.4282e-19
 5020.00   2.0876e-18   2.4029e-19
 5025.00   2.1373e-18   2.4453e-19
 5030.00   2.4980e-18   2.5054e-19
 5035.00   2.1740e-18   2.4946e-19
 5040.00   1.8944e-18   2.4731e-19
 5045.00   2.6400e-18   2.5919e-19
 5050.00   2.1206e-18   2.4999e-19
 5055.00   2.1245e-18   2.4953e-19
 5060.00   2.2889e-18   2.5424e-19
 5065.00   2.0843e-18   2.4792e-19
 5070.00   2.4118e-18   2.5456e-19
 5075.00   1.9545e-18   2.4682e-19
 5080.00   1.9631e-18   2.5025e-19
 5085.00   1.8410e-18   2.4984e-19
 5090.00   1.9579e-18   2.5369e-19
 5095.00   1.6097e-18   2.5176e-19
 5100.00   2.1349e-18   2.5547e-19
 5105.00   2.0747e-18   2.5710e-19
 5110.00   1.8377e-18   2.5600e-19
 5115.00   1.6921e-18   4.1211e-19
 5120.00   1.4127e-18   3.9429e-19
 5125.00   2.0710e-18   3.7957e-19
 5130.00   1.6831e-18   3.6953e-19
 5135.00   1.2259e-18   3.6473e-19
 5140.00   1.9623e-18   3.6071e-19
 5145.00   2.0467e-18   3.4963e-19
 5150.00   2.2757e-18   3.3676e-19
 5155.00   1.8617e-18   3.2112e-19
 5160.00   1.6939e-18   3.1527e-19
 5165.00   1.5141e-18   2.9758e-19
 5170.00   1.9761e-18   2.8978e-19
 5175.00   2.1176e-18   2.8645e-19
 5180.00   2.1491e-18   2.7967e-19
 5185.00   2.2360e-18   2.7508e-19
 5190.00   2.3761e-18   2.8746e-19
 5195.00   2.0708e-18   2.6918e-19
 5200.00   2.2003e-18   3.0547e-19
 5205.00   2.0438e-18   2.6128e-19
 5210.00   2.2444e-18   2.5204e-19
 5215.00   2.1220e-18   2.4733e-19
 5220.00   1.8497e-18   2.4306e-19
 5225.00   2.0780e-18   2.4839e-19
 5230.00   2.2509e-18   2.4141e-19
 5235.00   2.5824e-18   2.3543e-19
 5240.00   2.2036e-18   2.4499e-19
 5245.00   2.1353e-18   2.2354e-19
 5250.00   1.9547e-18   2.3129e-19
 5255.00   2.7068e-18   2.4798e-19
 5260.00   2.1281e-18   2.2149e-19
 5265.00   2.1856e-18   2.1356e-19
 5270.00   1.9748e-18   2.1947e-19
 5275.00   1.8148e-18   2.3112e-19
 5280.00   1.8887e-18   2.1764e-19
 5285.00   2.2560e-18   2.1798e-19
 5290.00   2.1008e-18   2.2014e-19
 5295.00   1.9925e-18   2.2229e-19
 5300.00   2.2479e-18   2.3338e-19
 5305.00   1.8461e-18   2.2531e-19
 5310.00   2.0683e-18   2.2606e-19
 5315.00   2.1624e-18   2.3218e-19
 5320.00   2.2193e-18   2.3253e-19
 5325.00   2.0689e-18   2.3798e-19
 5330.00   2.0380e-18   2.3757e-19
 5335.00   2.3427e-18   2.3413e-19
 5340.00   2.3400e-18   2.3110e-19
 5345.00   2.1804e-18   2.3294e-19
 5350.00   2.1051e-18   2.3329e-19
 5355.00   2.0631e-18   2.3220e-19
 5360.00   2.4378e-18   2.3306e-19
 5365.00   2.3094e-18   2.2962e-19
 5370.00   1.9916e-18   2.3257e-19
 5375.00   1.9953e-18   2.3192e-19
 5380.00   2.2013e-18   2.3567e-19
 5385.00   2.2840e-18   2.3498e-19
 5390.00   2.3272e-18   2.3796e-19
 5395.00   2.0836e-18   2.3527e-19
 5400.00   2.2330e-18   2.3980e-19
 5405.00   2.5628e-18   2.4198e-19
 5410.00   1.7977e-18   2.4178e-19
 5415.00   1.8173e-18   2.4539e-19
 5420.00   2.1256e-18   2.5583e-19
 5425.00   2.1695e-18   2.5725e-19
 5430.00   2.0465e-18   2.5586e-19
 5435.00   2.1557e-18   2.5431e-19
 5440.00   1.9882e-18   2.6046e-19
 5445.00   1.2961e-18   2.5551e-19
 5450.00   1.8873e-18   2.6699e-19
 5455.00   1.9469e-18   2.6983e-19
 5460.00   1.7705e-18   2.8409e-19
 5465.00   1.5889e-18   2.8140e-19
 5470.00   1.3978e-18   2.8762e-19
 5475.00   1.8662e-18   2.9946e-19
 5480.00   1.6603e-18   3.0462e-19
 5485.00   1.7758e-18   3.1129e-19
 5490.00   1.5499e-18   5.0689e-19
 5495.00   1.4412e-18   4.8788e-19
 5500.00   1.8951e-18   4.7653e-19
 5505.00   1.5636e-18   4.4871e-19
 5510.00   1.3290e-18   4.2967e-19
 5515.00   1.9686e-18   4.2332e-19
 5520.00   1.6354e-18   4.0937e-19
 5525.00   1.8149e-18   4.0288e-19
 5530.00   1.7019e-18   3.9271e-19
 5535.00   1.4906e-18   3.8723e-19
 5540.00   1.7052e-18   4.0909e-19
 5545.00   1.8395e-18   4.3606e-19
 5550.00   1.7455e-18   3.9954e-19
 5555.00   1.8891e-18   3.8897e-19
 5560.00   1.9561e-18   3.8890e-19
 5565.00   1.1044e-18   4.0585e-19
 5570.00   1.0711e-18   3.8919e-19
 5575.00   1.1325e-18   4.6494e-19
 5580.00  -1.1141e-18   4.3254e-19
 5585.00   6.7114e-19   3.5096e-19
 5590.00   1.1943e-18   3.5771e-19
 5595.00   1.3258e-18   3.2804e-19
 5600.00   1.4448e-18   3.4767e-19
 5605.00   6.2512e-19   3.9628e-19
 5610.00   5.7701e-19   3.5010e-19
 5615.00   9.1710e-19   3.3781e-19
 5620.00   3.4567e-19   3.1001e-19
 5625.00  -3.5984e-20   3.0711e-19
 5630.00   6.7495e-19   2.8771e-19
 5635.00   1.4521e-19   2.7591e-19
 5640.00   4.2214e-19   2.7559e-19
 5645.00   3.8562e-19   2.7699e-19
 5650.00   7.9326e-19   2.6366e-19
 5655.00   4.7863e-19   2.5962e-19
 5660.00   7.8987e-19   2.5629e-19
 5665.00   8.4456e-19   2.6348e-19
 5670.00   3.6529e-19   2.6419e-19
 5675.00   4.9318e-19   2.5976e-19
 5680.00   6.2500e-19   2.6470e-19
 5685.00   5.8259e-19   2.6642e-19
 5690.00   4.1397e-19   2.7367e-19
 5695.00   1.9312e-19   2.7954e-19
 5700.00   5.7719e-19   2.8401e-19
 5705.00   2.4906e-19   2.8801e-19
 5710.00   9.4814e-19   2.9777e-19
 5715.00   1.9763e-20   2.9930e-19
 5720.00  -2.2568e-20   3.0771e-19
 5725.00   2.3006e-19   3.1590e-19
 5730.00   3.0889e-19   3.1658e-19
 5735.00   8.0434e-19   3.2562e-19
 5740.00   5.1919e-19   3.2827e-19
 5745.00  -5.6269e-20   3.3011e-19
 5750.00   6.1174e-19   3.3348e-19
 5755.00  -2.5098e-20   3.3335e-19
 5760.00   7.3286e-19   3.3210e-19
 5765.00   1.1621e-18   3.3322e-19
 5770.00   8.9961e-19   3.2642e-19
 5775.00   3.9984e-19   3.1322e-19
 5780.00   1.6033e-19   3.0566e-19
 5785.00   6.7912e-19   2.8742e-19
 5790.00   6.4907e-19   2.6949e-19
 5795.00   6.7756e-19   2.6960e-19
 5800.00   6.0380e-19   2.5901e-19
 5805.00   4.7409e-19   2.5322e-19
 5810.00   5.6515e-19   2.4787e-19
 5815.00   1.0438e-19   2.4002e-19
 5820.00   4.0668e-20   2.3603e-19
 5825.00   1.0844e-19   2.3222e-19
 5830.00   1.4045e-19   2.3150e-19
 5835.00   8.2547e-19   2.3657e-19
 5840.00   1.6356e-19   2.2924e-19
 5845.00   5.3362e-19   2.3022e-19
 5850.00   1.8289e-19   2.2777e-19
 5855.00   7.9129e-19   2.3339e-19
 5860.00   4.2561e-19   2.3462e-19
 5865.00   7.1958e-19   2.7605e-19
 5870.00   3.6454e-19   2.7837e-19
 5875.00   7.4753e-20   2.5988e-19
 5880.00   6.4491e-19   2.5140e-19
 5885.00   6.5059e-20   2.6265e-19
 5890.00   2.4953e-19   3.2332e-19
 5895.00   2.5072e-19   3.0904e-19
 5900.00   6.6815e-19   2.6385e-19
 5905.00   3.8134e-19   2.8409e-19
 5910.00   4.2919e-19   2.6931e-19
 5915.00   3.2949e-19   2.8919e-19
 5920.00   4.6155e-19   2.7160e-19
 5925.00   6.7514e-19   2.8909e-19
 5930.00   2.5634e-19   2.6934e-19
 5935.00   5.4081e-19   2.8908e-19
 5940.00   1.2081e-19   2.6456e-19
 5945.00   7.4778e-19   2.8330e-19
 5950.00   2.4638e-19   2.6480e-19
 5955.00   2.9393e-19   2.8867e-19
 5960.00   2.3805e-19   2.6247e-19
 5965.00   3.9032e-19   2.6318e-19
 5970.00   6.6519e-19   2.7369e-19
 5975.00   5.4425e-19   2.7656e-19
 5980.00   3.5960e-19   2.6013e-19
 5985.00   7.3362e-19   2.5551e-19
 5990.00   3.8242e-19   2.5115e-19
 5995.00   3.6062e-19   2.5084e-19
 6000.00   5.3890e-19   2.6716e-19
 6005.00   5.8320e-19   2.7114e-19
 6010.00   6.1076e-19   2.4536e-19
 6015.00   8.4582e-19   2.4491e-19
 6020.00   4.3246e-19   2.3945e-19
 6025.00   9.1962e-19   2.4211e-19
 6030.00   5.2934e-19   2.4145e-19
 6035.00   5.6223e-19   2.4651e-19
 6040.00   6.6742e-19   2.3104e-19
 6045.00   5.2191e-19   2.2819e-19
 6050.00   6.2780e-19   2.2706e-19
 6055.00   4.1447e-19   2.2353e-19
 6060.00   7.1942e-19   2.2924e-19
 6065.00   5.3283e-19   2.2858e-19
 6070.00   2.4044e-19   2.2196e-19
 6075.00   6.1298e-19   2.2236e-19
 6080.00   6.0365e-19   2.2155e-19
 6085.00   1.1556e-18   2.2723e-19
 6090.00   6.9460e-19   2.2180e-19
 6095.00   6.3929e-19   2.2326e-19
 6100.00   8.4250e-19   2.3042e-19
 6105.00   2.6188e-19   2.3063e-19
 6110.00   3.5200e-19   2.2458e-19
 6115.00   4.9096e-19   2.2542e-19
 6120.00   8.3234e-19   2.3112e-19
 6125.00   1.4369e-19   2.2962e-19
 6130.00   4.3343e-19   2.3502e-19
 6135.00   2.1933e-19   2.4441e-19
 6140.00   5.2689e-19   2.5799e-19
 6145.00   7.7794e-19   2.5859e-19
 6150.00   4.9548e-19   2.4157e-19
 6155.00   5.1531e-19   2.4268e-19
 6160.00   5.8234e-19   2.4156e-19
 6165.00   2.6818e-19   2.3539e-19
 6170.00   2.4363e-19   2.5474e-19
 6175.00   4.7977e-19   2.4622e-19
 6180.00   5.4986e-19   2.3575e-19
 6185.00   8.1682e-20   2.3789e-19
 6190.00   4.9993e-19   2.3595e-19
 6195.00   6.7369e-19   2.4242e-19
 6200.00   3.3247e-19   2.3248e-19
 6205.00   1.8273e-19   2.4217e-19
 6210.00   4.1268e-19   2.2875e-19
 6215.00   6.0132e-19   2.3853e-19
 6220.00   5.5678e-19   2.5932e-19
 6225.00   2.9465e-19   2.3176e-19
 6230.00   8.7027e-19   2.3143e-19
 6235.00   2.4577e-19   3.2744e-19
 6240.00   7.0507e-19   2.6712e-19
 6245.00   9.3790e-19   2.4038e-19
 6250.00   2.8715e-19   2.2133e-19
 6255.00   3.7426e-19   2.2364e-19
 6260.00   5.4143e-19   2.5191e-19
 6265.00   7.4531e-19   2.3530e-19
 6270.00   5.9903e-19   2.2236e-19
 6275.00   5.0989e-19   2.2248e-19
 6280.00   6.5522e-19   2.1569e-19
 6285.00   2.5712e-19   2.1883e-19
 6290.00   4.6257e-19   2.2910e-19
 6295.00   4.9678e-19   2.1554e-19
 6300.00   5.6128e-19   2.7105e-19
 6305.00   6.4173e-19   2.3488e-19
 6310.00   4.4902e-20   2.0867e-19
 6315.00   6.2466e-20   2.0679e-19
 6320.00   5.5426e-19   2.3747e-19
 6325.00   2.2619e-19   2.1847e-19
 6330.00   4.2757e-19   2.4387e-19
 6335.00   4.6026e-19   2.1893e-19
 6340.00   3.6869e-19   2.2225e-19
 6345.00   1.0946e-19   2.2723e-19
 6350.00  -2.3397e-19   2.3794e-19
 6355.00   1.3105e-19   2.4823e-19
 6360.00   5.1778e-19   2.3212e-19
 6365.00   8.1879e-19   2.6604e-19
 6370.00   4.8105e-19   2.2615e-19
 6375.00   4.9087e-19   2.2490e-19
 6380.00   4.8031e-19   2.3823e-19
 6385.00   3.2070e-19   2.4387e-19
 6390.00   5.1216e-19   2.1817e-19
 6395.00   5.6812e-20   2.1715e-19
 6400.00   4.6293e-19   2.1144e-19
 6405.00   1.4700e-19   2.0800e-19
 6410.00   3.8199e-19   2.0509e-19
 6415.00   3.4113e-19   2.1070e-19
 6420.00   3.6989e-19   2.1232e-19
 6425.00   4.4301e-19   1.9631e-19
 6430.00   3.2410e-19   1.9147e-19
 6435.00   6.0558e-19   1.9209e-19
 6440.00   4.4988e-19   1.8597e-19
 6445.00   4.3084e-19   1.8508e-19
 6450.00   3.3681e-19   1.9402e-19
 6455.00   2.5480e-19   1.8509e-19
 6460.00   8.6530e-19   2.0032e-19
 6465.00   6.0321e-19   2.5923e-19
 6470.00   1.9225e-19   2.0750e-19
 6475.00   6.6242e-19   1.8045e-19
 6480.00   2.9219e-19   1.8335e-19
 6485.00   3.7265e-19   1.6438e-19
 6490.00   3.5601e-19   1.6273e-19
 6495.00   6.2749e-19   1.7068e-19
 6500.00   3.7586e-19   1.9605e-19
 6505.00   4.2338e-19   1.7794e-19
 6510.00   2.6728e-19   1.5660e-19
 6515.00   5.0095e-19   1.6400e-19
 6520.00   4.3314e-19   1.6083e-19
 6525.00   6.6211e-19   1.6953e-19
 6530.00   3.3769e-19   1.5237e-19
 6535.00   4.6227e-19   1.7287e-19
 6540.00   4.2766e-19   1.6302e-19
 6545.00   6.7660e-19   1.8113e-19
 6550.00   3.9370e-19   1.5946e-19
 6555.00   5.4104e-19   1.7982e-19
 6560.00   1.9143e-19   1.5836e-19
 6565.00   5.0651e-19   1.7287e-19
 6570.00   6.3328e-20   1.7484e-19
 6575.00   2.3840e-19   1.7196e-19
 6580.00   2.9691e-19   1.6675e-19
 6585.00   4.0004e-19   1.6509e-19
 6590.00   1.7725e-19   1.6167e-19
 6595.00   3.9263e-19   1.7463e-19
 6600.00   4.0352e-19   1.6206e-19
 6605.00   6.4247e-19   1.8241e-19
 6610.00   2.5835e-19   1.6245e-19
 6615.00   6.1231e-19   1.6376e-19
 6620.00   4.8140e-19   1.6552e-19
 6625.00   4.6775e-19   1.6862e-19
 6630.00   3.1004e-19   1.7479e-19
 6635.00   1.2575e-19   1.8183e-19
 6640.00   1.8072e-19   1.7009e-19
 6645.00   2.5722e-19   1.6916e-19
 6650.00   3.2783e-19   1.7208e-19
 6655.00   1.8512e-19   1.7112e-19
 6660.00   4.6214e-19   1.8027e-19
 6665.00   4.7113e-19   1.7899e-19
 6670.00   4.6885e-19   1.8007e-19
 6675.00   6.0182e-19   1.7457e-19
 6680.00   5.8972e-19   1.7206e-19
 6685.00   2.4905e-19   1.7249e-19
 6690.00   2.0702e-19   1.7092e-19
 6695.00   2.9930e-19   1.7055e-19
 6700.00   5.8127e-19   1.8239e-19
 6705.00   4.0998e-19   1.7908e-19
 6710.00   1.3878e-19   1.7063e-19
 6715.00   5.0829e-19   1.9085e-19
 6720.00   2.3564e-19   1.8280e-19
 6725.00   2.0645e-19   1.7692e-19
 6730.00   3.5224e-19   1.7779e-19
 6735.00   4.8788e-19   1.7385e-19
 6740.00   2.6634e-19   1.7422e-19
 6745.00   6.7136e-19   1.8097e-19
 6750.00   3.4806e-19   1.6627e-19
 6755.00   2.9290e-19   1.6182e-19
 6760.00   3.5100e-19   1.6159e-19
 6765.00   1.0119e-18   1.6302e-19
 6770.00   4.2122e-19   1.5928e-19
 6775.00   3.9631e-19   1.5558e-19
 6780.00   4.5556e-19   1.5401e-19
 6785.00   5.9421e-19   1.5969e-19
 6790.00   3.3347e-19   1.5807e-19
 6795.00   1.6545e-19   1.4882e-19
 6800.00   6.9681e-19   1.5321e-19
 6805.00   4.5691e-19   1.5088e-19
 6810.00   3.5580e-19   1.4969e-19
 6815.00   2.6811e-19   1.4794e-19
 6820.00   4.1125e-19   1.5031e-19
 6825.00   3.8471e-19   1.5740e-19
 6830.00   5.5788e-19   2.4298e-19
 6835.00   4.7522e-19   2.1161e-19
 6840.00   7.1631e-19   1.8177e-19
 6845.00   5.1042e-19   1.5267e-19
 6850.00   1.5165e-19   1.6092e-19
 6855.00   5.6904e-19   1.5576e-19
 6860.00   2.4147e-19   1.5993e-19
 6865.00   1.2861e-19   1.9828e-19
 6870.00   2.7604e-19   1.6325e-19
 6875.00   3.6639e-19   1.4958e-19
 6880.00   4.3900e-19   1.8327e-19
 6885.00   3.2512e-19   1.6654e-19
 6890.00  -4.3148e-19   1.7472e-19
 6895.00   2.6952e-19   1.6419e-19
 6900.00   2.8853e-19   1.7674e-19
 6905.00   3.4251e-19   1.6321e-19
 6910.00   2.6790e-19   1.6930e-19
 6915.00   3.5259e-19   1.7264e-19
 6920.00   4.3906e-19   1.6345e-19
 6925.00   2.8069e-19   1.9098e-19
 6930.00   5.0807e-19   1.6481e-19
 6935.00   3.9892e-19   1.6059e-19
 6940.00   4.9566e-19   1.9056e-19
 6945.00   4.8426e-19   1.5773e-19
 6950.00   2.3923e-19   1.8823e-19
 6955.00   3.7475e-19   1.6235e-19
 6960.00   3.4918e-19   1.5907e-19
 6965.00   2.5976e-19   1.5950e-19
 6970.00   4.0380e-19   1.6819e-19
 6975.00   1.5396e-19   1.5134e-19
 6980.00   3.1306e-19   1.7290e-19
 6985.00   3.4961e-19   1.5533e-19
 6990.00   5.3277e-19   1.6789e-19
 6995.00   5.3813e-19   1.6559e-19
 7000.00   2.6718e-19   1.6188e-19
 7005.00   4.9826e-19   1.6746e-19
 7010.00   3.1123e-19   1.6854e-19
 7015.00   1.5866e-19   1.4076e-19
 7020.00   1.2942e-19   1.3979e-19
 7025.00   5.3315e-19   1.4000e-19
 7030.00   4.7909e-19   1.4262e-19
 7035.00   9.4957e-20   1.3100e-19
 7040.00   4.1328e-19   1.4680e-19
 7045.00   3.7787e-19   1.4938e-19
 7050.00   2.1341e-19   1.8558e-19
 7055.00   3.9070e-19   1.4521e-19
 7060.00   3.5368e-19   1.3596e-19
 7065.00   2.6725e-19   1.5308e-19
 7070.00   1.9607e-19   1.3781e-19
 7075.00   4.7024e-19   1.3868e-19
 7080.00   3.2405e-19   1.4310e-19
 7085.00   5.3221e-19   1.3690e-19
 7090.00   4.0559e-19   1.5710e-19
 7095.00   4.0480e-19   1.2666e-19
 7100.00   3.0459e-19   1.2408e-19
 7105.00   1.1157e-19   1.2121e-19
 7110.00   1.7738e-19   1.2623e-19
 7115.00   2.8627e-19   1.2292e-19
 7120.00   2.8178e-19   1.2051e-19
 7125.00   4.1279e-19   1.2928e-19
 7130.00   5.8041e-19   1.3802e-19
 7135.00   3.7576e-19   1.3225e-19
 7140.00   3.5569e-19   1.3321e-19
 7145.00   5.4053e-19   1.6744e-19
 7150.00   4.1672e-19   1.4444e-19
 7155.00   2.9449e-19   1.2786e-19
 7160.00   4.7504e-19   1.4543e-19
 7165.00   2.8141e-19   1.4242e-19
 7170.00   1.0510e-19   1.3635e-19
 7175.00   2.5948e-19   1.4669e-19
 7180.00   3.5002e-19   1.4935e-19
 7185.00   4.9076e-19   1.3455e-19
 7190.00   2.7773e-19   1.3415e-19
 7195.00   5.1590e-19   1.3499e-19
 7200.00   3.5479e-19   1.3922e-19
 7205.00   3.4895e-19   1.3397e-19
 7210.00   4.2653e-19   1.3983e-19
 7215.00   2.9811e-19   1.3351e-19
 7220.00   5.8382e-19   1.4256e-19
 7225.00   5.2455e-19   1.4870e-19
 7230.00   4.0998e-19   1.4624e-19
 7235.00   6.1941e-20   1.4722e-19
 7240.00   5.3331e-19   2.8227e-19
 7245.00   1.1495e-19   2.2430e-19
 7250.00   2.6834e-19   1.5195e-19
 7255.00   5.5273e-19   1.8587e-19
 7260.00   5.0199e-19   1.4201e-19
 7265.00   3.7307e-19   1.4642e-19
 7270.00   2.4735e-19   1.6423e-19
 7275.00   2.4314e-19   1.7969e-19
 7280.00   1.9744e-19   1.4990e-19
 7285.00   9.0076e-20   1.7183e-19
 7290.00   4.4578e-19   1.4729e-19
 7295.00   1.5719e-18   1.9479e-19
 7300.00   3.7782e-19   1.3798e-19
 7305.00   3.3844e-19   1.7557e-19
 7310.00   2.5468e-19   1.5099e-19
 7315.00   1.2646e-20   1.4799e-19
 7320.00   3.5852e-19   1.2680e-19
 7325.00   5.1673e-19   1.2674e-19
 7330.00   3.6820e-19   1.6601e-19
 7335.00   3.8195e-19   1.2509e-19
 7340.00   4.3309e-19   1.4920e-19
 7345.00   1.7812e-19   1.3346e-19
 7350.00   3.5040e-19   1.4221e-19
 7355.00   3.6738e-19   1.3011e-19
 7360.00   2.0642e-19   1.5049e-19
 7365.00   2.1712e-19   1.3048e-19
 7370.00   4.7435e-19   1.4247e-19
 7375.00   3.7039e-19   1.2552e-19
 7380.00   2.6315e-19   1.1746e-19
 7385.00   4.3906e-19   1.1725e-19
 7390.00   2.5652e-19   1.3669e-19
 7395.00   3.7531e-19   1.2069e-19
 7400.00   3.7867e-19   1.3134e-19
 7405.00   2.9922e-19   1.1211e-19
 7410.00   4.5435e-19   1.1510e-19
 7415.00   2.3397e-19   1.2277e-19
 7420.00   2.7808e-19   1.1046e-19
 7425.00   1.8146e-19   1.0914e-19
 7430.00   3.2327e-19   1.2474e-19
 7435.00   2.3532e-19   1.0817e-19
 7440.00   4.7936e-19   1.3661e-19
 7445.00   1.7836e-19   1.0918e-19
 7450.00   4.0931e-19   1.0982e-19
 7455.00   3.7499e-19   1.0955e-19
 7460.00   4.1650e-19   1.3013e-19
 7465.00   3.0922e-19   1.5730e-19
 7470.00   1.7232e-19   1.4730e-19
 7475.00   3.6325e-19   1.3329e-19
 7480.00   2.2828e-19   1.5049e-19
 7485.00   3.2993e-19   1.4369e-19
 7490.00   2.2394e-19   1.2020e-19
 7495.00   2.1372e-19   1.2726e-19
 7500.00   3.8798e-19   1.2311e-19
 7505.00   1.3785e-19   1.1704e-19
 7510.00   5.2909e-20   1.1509e-19
 7515.00   3.2112e-19   1.2649e-19
 7520.00   2.0937e-19   1.3307e-19
 7525.00   2.8844e-19   1.6684e-19
 7530.00   2.5613e-19   1.4807e-19
 7535.00   3.3625e-19   1.2536e-19
 7540.00   3.9824e-19   1.4024e-19
 7545.00   2.3697e-19   1.2554e-19
 7550.00   5.6350e-20   1.2294e-19
 7555.00   3.6614e-19   1.3624e-19
 7560.00   5.6593e-19   1.4409e-19
 7565.00   1.1290e-18   1.3935e-19
 7570.00   4.4099e-19   1.5905e-19
 7575.00   1.2695e-19   1.4400e-19
 7580.00   4.2294e-19   1.2331e-19
 7585.00   2.5763e-19   1.3644e-19
 7590.00   3.8274e-19   1.2424e-19
 7595.00   1.0904e-19   1.1334e-19
 7600.00  -1.4834e-19   1.2019e-19
 7605.00  -5.8286e-20   1.0425e-19
 7610.00   6.2404e-20   1.1071e-19
 7615.00   2.1635e-19   1.1439e-19
 7620.00   2.6936e-19   1.8163e-19
 7625.00   2.1573e-19   1.4192e-19
 7630.00  -3.5925e-20   1.4762e-19
 7635.00  -7.4495e-20   1.2273e-19
 7640.00   3.5664e-20   1.3048e-19
 7645.00  -9.7612e-20   1.2820e-19
 7650.00   1.0889e-19   1.3038e-19
 7655.00   6.9087e-20   1.3912e-19
 7660.00   2.5056e-19   1.3093e-19
 7665.00   3.6746e-19   1.2825e-19
 7670.00  -9.7497e-20   1.1571e-19
 7675.00   2.6361e-19   1.1890e-19
 7680.00   1.6795e-19   1.2652e-19
 7685.00   1.4056e-19   1.3466e-19
 7690.00   3.8643e-19   1.5010e-19
 7695.00   1.8268e-19   1.2802e-19
 7700.00   5.7274e-19   1.4922e-19
 7705.00   3.7076e-19   1.1677e-19
 7710.00   2.1889e-19   1.2705e-19
 7715.00   1.1193e-18   2.7970e-19
 7720.00   4.1383e-19   1.3521e-19
 7725.00   3.6088e-19   1.7574e-19
 7730.00   2.6838e-19   1.2561e-19
 7735.00   4.8109e-19   1.5429e-19
 7740.00   4.7200e-19   1.3307e-19
 7745.00   3.3756e-19   1.2502e-19
 7750.00  -1.1850e-18   1.9242e-19
 7755.00   1.3637e-19   1.2774e-19
 7760.00   5.1083e-19   1.3102e-19
 7765.00   1.8834e-19   1.1161e-19
 7770.00   2.1526e-19   1.2769e-19
 7775.00   4.6747e-19   1.4889e-19
 7780.00   2.9819e-19   1.3855e-19
 7785.00   2.6598e-19   1.3510e-19
 7790.00   7.7175e-20   1.4926e-19
 7795.00   2.0225e-19   1.4931e-19
 7800.00   1.8297e-19   1.1612e-19
 7805.00   3.2199e-19   1.2169e-19
 7810.00   2.4791e-19   1.5651e-19
 7815.00   2.5548e-19   1.4547e-19
 7820.00   2.7159e-19   1.6870e-19
 7825.00   2.2498e-19   1.2504e-19
 7830.00   3.3843e-19   1.2912e-19
 7835.00   2.8855e-19   1.2531e-19
 7840.00   6.1011e-19   1.4857e-19
 7845.00   4.2389e-19   1.1596e-19
 7850.00   3.4305e-19   1.8506e-19
 7855.00   4.2998e-19   1.5611e-19
 7860.00  -1.8483e-19   1.6655e-19
 7865.00   3.8347e-19   1.2775e-19
 7870.00   2.9268e-19   1.6750e-19
 7875.00   5.3641e-19   1.2556e-19
 7880.00   4.1259e-19   2.0746e-19
 7885.00   4.2746e-19   1.6578e-19
 7890.00   4.1559e-19   2.1125e-19
 7895.00   1.8920e-19   1.5752e-19
 7900.00   3.6309e-19   1.3438e-19
 7905.00   1.4555e-20   1.4634e-19
 7910.00   4.1893e-19   1.5653e-19
 7915.00   1.3579e-19   1.7763e-19
 7920.00   5.5410e-19   2.1185e-19
 7925.00   1.4896e-19   1.3675e-19
 7930.00   3.5467e-19   2.1042e-19
 7935.00   4.0786e-19   1.4092e-19
 7940.00   2.9497e-19   1.4055e-19
 7945.00   1.7549e-19   1.5940e-19
 7950.00   2.9897e-19   1.5048e-19
 7955.00   1.2155e-19   1.2279e-19
 7960.00   2.3723e-19   1.2420e-19
 7965.00   2.1974e-19   1.5737e-19
 7970.00   2.6531e-19   1.5785e-19
 7975.00   2.3768e-19   1.5023e-19
 7980.00   3.6785e-19   1.6264e-19
 7985.00   1.9102e-19   1.6473e-19
 7990.00   3.9128e-19   1.8944e-19
 7995.00   6.5840e-19   2.2911e-19
 8000.00   4.2023e-19   1.9283e-19
 8005.00   3.1728e-19   1.5994e-19
 8010.00   4.6605e-19   1.5737e-19
 8015.00   1.6891e-19   1.8516e-19
 8020.00   2.3757e-19   1.6465e-19
 8025.00   1.8001e-19   1.8543e-19
 8030.00   7.3767e-19   2.0646e-19
 8035.00   2.3446e-19   1.4378e-19
 8040.00   4.5781e-19   1.4315e-19
 8045.00   1.8540e-19   1.3035e-19
 8050.00   3.1569e-19   1.6339e-19
 8055.00   3.1312e-19   1.2950e-19
 8060.00   3.4862e-19   1.4651e-19
 8065.00   3.2251e-19   1.4135e-19
 8070.00   2.3202e-19   1.1876e-19
 8075.00   1.8587e-19   1.3534e-19
 8080.00   1.7612e-19   1.2643e-19
 8085.00   3.9278e-19   1.4778e-19
 8090.00   3.1114e-19   1.1398e-19
 8095.00   2.9078e-19   1.4111e-19
 8100.00   3.6278e-19   1.4068e-19
 8105.00   3.2572e-19   1.4836e-19
 8110.00   3.1104e-19   1.2734e-19
 8115.00   2.6030e-19   1.1479e-19
 8120.00   1.6515e-19   1.1380e-19
 8125.00   1.7263e-19   1.2215e-19
 8130.00   3.9246e-19   1.2974e-19
 8135.00   1.3363e-19   1.2712e-19
 8140.00   1.0283e-19   1.4383e-19
 8145.00   2.1268e-19   1.2886e-19
 8150.00   2.7930e-19   1.1881e-19
 8155.00   2.3285e-19   1.1110e-19
 8160.00   4.3750e-19   1.1481e-19
 8165.00   2.7840e-19   1.1035e-19
 8170.00   3.5996e-19   1.1070e-19
 8175.00   2.7224e-19   1.1346e-19
 8180.00   2.1345e-19   1.1100e-19
 8185.00   1.3217e-19   1.0970e-19
 8190.00   2.0981e-19   1.2633e-19
 8195.00   4.9286e-19   1.3362e-19
 8200.00   5.3607e-19   1.1231e-19
 8205.00   2.7668e-19   1.2276e-19
 8210.00   2.2866e-19   1.2036e-19
 8215.00   4.1286e-19   1.2366e-19
 8220.00   2.2379e-19   1.1230e-19
 8225.00   4.5664e-19   1.1798e-19
 8230.00   1.5535e-19   1.0469e-19
 8235.00   2.7158e-19   1.1133e-19
 8240.00   1.4033e-19   1.2162e-19
 8245.00   9.1165e-20   1.1853e-19
 8250.00   6.7784e-20   1.2171e-19
 8255.00   1.9169e-19   1.1675e-19
 8260.00   4.5466e-19   1.1133e-19
 8265.00   1.6606e-19   1.1060e-19
 8270.00   2.0915e-19   1.1939e-19
 8275.00   1.2383e-19   1.1888e-19
 8280.00   1.0494e-18   3.2460e-19
 8285.00   1.9938e-19   1.7376e-19
 8290.00   3.1937e-19   1.6547e-19
 8295.00   7.5013e-20   1.2981e-19
 8300.00   4.6425e-19   1.5640e-19
 8305.00  -5.2326e-20   1.2979e-19
 8310.00   2.2388e-19   1.4298e-19
 8315.00   7.6580e-20   1.0920e-19
 8320.00   2.1012e-19   1.2616e-19
 8325.00   1.2162e-19   1.0923e-19
 8330.00   2.3779e-19   1.0735e-19
 8335.00   1.0483e-19   1.0974e-19
 8340.00   2.5633e-19   1.2658e-19
 8345.00   2.2847e-19   1.6816e-19
 8350.00   3.9364e-19   1.3560e-19
 8355.00   3.1259e-19   1.3030e-19
 8360.00   8.6362e-20   1.2767e-19
 8365.00   1.0866e-19   1.7338e-19
 8370.00   2.4416e-19   1.0499e-19
 8375.00   1.2279e-19   1.2986e-19
 8380.00   1.9160e-19   1.7151e-19
 8385.00   1.8900e-19   1.2953e-19
 8390.00   1.0311e-19   1.3524e-19
 8395.00   1.9904e-19   1.1217e-19
 8400.00  -3.6157e-18   1.5468e-19
 8405.00   2.6963e-19   1.0707e-19
 8410.00   3.6490e-19   1.0860e-19
 8415.00  -2.6680e-19   1.2693e-19
 8420.00   3.5033e-19   1.0838e-19
 8425.00   1.7411e-20   1.4340e-19
 8430.00   3.0757e-19   1.6657e-19
 8435.00   2.5742e-19   1.1244e-19
 8440.00   2.1231e-19   9.5949e-20
 8445.00   2.4071e-19   1.0493e-19
 8450.00   4.1252e-19   1.1360e-19
 8455.00   1.2460e-19   1.0949e-19
 8460.00   4.0878e-19   1.0466e-19
 8465.00   2.6375e-19   1.2505e-19
 8470.00   1.8460e-19   8.9147e-20
 8475.00   3.5180e-19   1.0324e-19
 8480.00   2.4658e-19   8.7369e-20
 8485.00   3.1271e-19   9.0059e-20
 8490.00   2.4220e-19   8.6208e-20
 8495.00   2.0183e-20   1.3225e-19
 8500.00   2.9775e-19   1.0555e-19
 8505.00   3.1352e-19   1.3076e-19
 8510.00   3.6153e-20   8.1695e-20
 8515.00   3.2751e-19   8.7386e-20
 8520.00   3.5067e-19   9.2886e-20
 8525.00   2.8681e-19   8.4281e-20
 8530.00   2.6615e-19   8.1772e-20
 8535.00   1.7332e-19   8.0491e-20
 8540.00   1.1780e-19   1.0425e-19
 8545.00   2.0473e-19   8.9018e-20
 8550.00   3.2422e-19   1.3008e-19
 8555.00   7.6245e-20   8.5980e-20
 8560.00   2.1825e-19   7.9587e-20
 8565.00   2.4950e-19   8.1689e-20
 8570.00   2.5777e-21   8.2996e-20
 8575.00   1.8877e-19   1.0016e-19
 8580.00   1.5259e-19   8.3521e-20
 8585.00   9.6193e-20   8.1774e-20
 8590.00   4.4983e-19   1.0597e-19
 8595.00   9.8730e-20   9.5730e-20
 8600.00   2.0560e-19   9.3390e-20
 8605.00   9.2769e-20   9.7751e-20
 8610.00   4.0261e-19   1.3033e-19
 8615.00   3.8271e-19   1.8861e-19
 8620.00   9.5285e-19   2.4402e-19
 8625.00  -1.3354e-19   2.2292e-19
 8630.00   1.8784e-19   2.1678e-19
 8635.00  -3.0109e-19   1.8710e-19
 8640.00   3.0379e-19   1.5955e-19
 8645.00   4.4844e-20   1.0990e-19
 8650.00   8.2439e-20   1.5466e-19
 8655.00   3.5110e-19   1.6407e-19
 8660.00  -6.3096e-20   1.5929e-19
 8665.00   3.0649e-19   1.4103e-19
 8670.00   5.2419e-19   1.4066e-19
 8675.00   1.1972e-19   1.3132e-19
 8680.00   2.7191e-19   1.2959e-19
 8685.00   2.5546e-19   1.1515e-19
 8690.00   2.2856e-19   1.0775e-19
 8695.00  -5.2144e-20   1.1013e-19
 8700.00   3.0061e-19   1.4850e-19
 8705.00   3.6053e-19   1.2709e-19
 8710.00   2.8978e-19   1.1635e-19
 8715.00   1.1649e-19   9.6244e-20
 8720.00   1.7347e-19   9.9092e-20
 8725.00   1.6165e-19   1.0843e-19
 8730.00   5.1400e-20   9.5506e-20
 8735.00   1.0116e-19   1.0075e-19
 8740.00   1.8986e-19   1.1699e-19
 8745.00   1.2008e-19   1.0954e-19
 8750.00   2.1319e-19   1.0906e-19
 8755.00   2.0599e-19   1.0338e-19
 8760.00   6.8378e-19   2.8750e-19
 8765.00   8.9611e-20   1.7870e-19
 8770.00   4.2037e-19   1.6088e-19
 8775.00   1.4970e-19   1.4543e-19
 8780.00   2.2121e-19   1.3736e-19
 8785.00  -4.9598e-20   1.0522e-19
 8790.00   3.3821e-19   1.4844e-19
 8795.00   3.9082e-20   1.0420e-19
 8800.00   1.7380e-19   1.1330e-19
 8805.00   2.1187e-19   1.0473e-19
 8810.00   2.2364e-19   1.3696e-19
 8815.00   1.9484e-19   1.0615e-19
 8820.00   4.0373e-19   1.5763e-19
 8825.00  -1.7614e-17   2.5600e-19
 8830.00  -5.3515e-16   2.5999e-19
 8835.00   9.0737e-20   4.0067e-19
 8840.00   1.5877e-19   1.5669e-19
 8845.00   2.7674e-19   1.7498e-19
 8850.00   1.9720e-19   1.8601e-19
 8855.00   3.0948e-19   1.5308e-19
 8860.00   2.3031e-19   1.6442e-19
 8865.00   2.6242e-19   1.9295e-19
 8870.00   6.7649e-20   1.5871e-19
 8875.00   2.8799e-19   1.3050e-19
 8880.00   1.6190e-19   1.2675e-19
 8885.00   4.3391e-18   1.9609e-19
 8890.00   3.2358e-19   1.6459e-19
 8895.00  -1.0063e-20   1.5387e-19
 8900.00   1.6093e-19   1.3695e-19
 8905.00  -5.9544e-20   1.7788e-19
 8910.00   1.0912e-19   1.5810e-19
 8915.00   2.6099e-19   1.3512e-19
 8920.00  -7.2734e-18   2.1682e-19
 8925.00   3.2311e-19   1.6409e-19
 8930.00   1.4962e-19   1.5570e-19
 8935.00   1.8868e-19   1.6099e-19
 8940.00   3.2121e-19   1.4412e-19
 8945.00  -1.3380e-17   1.6284e-19
 8950.00  -7.5118e-20   1.1391e-19
 8955.00  -5.8925e-19   1.2601e-19
 8960.00   4.4114e-19   1.5179e-19
 8965.00   1.2947e-19   1.1830e-19
 8970.00   2.1974e-19   1.4576e-19
 8975.00   2.7100e-19   1.2508e-19
 8980.00   3.5382e-19   1.7051e-19
 8985.00   2.2946e-19   1.4031e-19
 8990.00   3.6309e-19   1.5376e-19
 8995.00   3.0513e-19   1.1720e-19
 9000.00   4.4170e-19   1.6045e-19
 9005.00   3.2497e-19   1.1095e-19
 9010.00   3.8699e-20   1.0087e-19
 9015.00   1.4806e-19   9.7536e-20
 9020.00   3.5780e-19   1.2084e-19
 9025.00   1.5833e-19   1.0172e-19
 9030.00   1.5195e-19   1.4273e-19
 9035.00   1.6565e-19   1.1111e-19
 9040.00   4.4076e-19   1.3665e-19
 9045.00   3.7673e-19   1.2843e-19
 9050.00   5.5254e-19   1.7759e-19
 9055.00   2.4209e-19   1.2925e-19
 9060.00   2.7320e-19   1.1443e-19
 9065.00   1.8391e-19   1.3668e-19
 9070.00   2.6678e-20   1.3738e-19
 9075.00   2.8633e-19   1.1437e-19
 9080.00   2.5115e-19   1.1031e-19
 9085.00   3.3559e-19   1.3295e-19
 9090.00   1.2607e-19   1.2425e-19
 9095.00   4.4947e-19   1.4846e-19
 9100.00   4.8564e-19   1.4097e-19
 9105.00   1.1378e-19   1.3239e-19
 9110.00   2.5806e-19   1.1788e-19
 9115.00   3.1680e-20   1.1529e-19
 9120.00   1.3100e-19   1.1037e-19
 9125.00   2.2144e-19   1.1699e-19
 9130.00   2.0350e-19   1.1502e-19
 9135.00  -1.4743e-19   1.2967e-19
 9140.00   3.3253e-19   1.3298e-19
 9145.00   3.3356e-19   1.3469e-19
 9150.00   1.2511e-19   1.5236e-19
 9155.00   1.7064e-19   1.6809e-19
 9160.00   5.7093e-19   2.1474e-19
 9165.00   1.2271e-19   1.3138e-19
 9170.00   1.5609e-19   1.3527e-19
 9175.00   1.3054e-19   1.3129e-19
 9180.00   6.9656e-20   1.3682e-19
 9185.00   1.2254e-19   1.3425e-19
 9190.00  -1.3151e-19   1.2829e-19
 9195.00  -7.0442e-20   1.2690e-19
 9200.00   1.1179e-19   1.3733e-19
 9205.00   2.1325e-19   1.3817e-19
 9210.00   2.6616e-20   1.3955e-19
 9215.00   2.2692e-19   1.7297e-19
 9220.00   3.3514e-19   1.5436e-19
 9225.00   6.5400e-19   2.2254e-19
 9230.00   5.3581e-19   1.5324e-19
 9235.00   1.3673e-19   1.4981e-19
 9240.00   3.0555e-20   1.4444e-19
 9245.00   1.0953e-19   1.5111e-19
 9250.00   6.6969e-20   2.1736e-19
 9255.00   5.1370e-19   1.7175e-19
 9260.00   9.5493e-20   1.5890e-19
 9265.00  -1.3101e-20   1.7275e-19
 9270.00   1.2752e-19   1.5122e-19
 9275.00   8.8695e-20   1.5010e-19
 9280.00   4.6480e-20   1.4761e-19
 9285.00   3.3067e-19   1.9256e-19
 9290.00   2.3129e-19   1.7931e-19
 9295.00   1.9846e-19   2.1537e-19
 9300.00   1.3460e-19   2.7868e-19
 9305.00   1.2681e-18   5.0168e-19
 9310.00   4.2670e-18   1.1603e-18
 9315.00  -9.6272e-19   5.8580e-19
 9320.00   6.8347e-19   4.2491e-19
 9325.00   3.8033e-19   4.5036e-19
 9330.00   2.3946e-19   3.5976e-19
 9335.00   5.1029e-19   3.0402e-19
 9340.00   2.9569e-19   3.3182e-19
 9345.00   1.3680e-19   2.3403e-19
 9350.00   1.6669e-18   5.2343e-19
 9355.00  -7.2683e-20   2.4660e-19
 9360.00  -1.2157e-19   2.7594e-19
 9365.00  -2.3250e-19   2.5884e-19
 9370.00   3.3221e-19   3.0273e-19
 9375.00  -4.2811e-18   1.0742e-18
 9380.00   2.3291e-19   3.2032e-19
 9385.00   4.0243e-19   3.7284e-19
 9390.00   1.7265e-19   2.5106e-19
 9395.00   7.1471e-19   3.1607e-19
 9400.00   9.1881e-19   3.4763e-19
 9405.00   4.0150e-19   2.9643e-19
 9410.00   1.0901e-19   2.1927e-19
 9415.00   1.9322e-19   2.6171e-19
 9420.00   2.0665e-18   5.4300e-19
 9425.00  -1.4376e-19   2.4909e-19
 9430.00   1.1544e-19   2.0521e-19
 9435.00  -1.1623e-19   2.7818e-19
 9440.00  -1.7682e-17   6.8334e-19
 9445.00   4.9997e-19   2.8564e-19
 9450.00   7.6262e-20   3.2168e-19
 9455.00   4.9512e-19   2.7608e-19
 9460.00   8.3420e-19   4.1674e-19
 9465.00   2.4217e-19   2.1276e-19
 9470.00   3.8830e-21   2.1105e-19
 9475.00   4.0198e-18   4.1345e-19
 9480.00   6.0441e-19   2.7796e-19
 9485.00   4.6425e-19   2.4402e-19
 9490.00  -1.2044e-19   2.5282e-19
 9495.00  -9.2930e-20   1.9221e-19
 9500.00   2.5283e-19   2.6967e-19
 9505.00   4.4940e-18   3.0682e-19
 9510.00   8.4002e-20   2.1448e-19
 9515.00   3.9237e-19   2.1598e-19
 9520.00   1.1588e-18   3.7225e-19
 9525.00   2.2493e-19   2.2116e-19
 9530.00   2.4149e-19   2.6141e-19
 9535.00   1.4712e-19   2.8981e-19
 9540.00   3.8848e-19   1.9510e-19
 9545.00   3.2627e-19   1.7453e-19
 9550.00   1.0803e-18   2.5299e-19
 9555.00   1.8246e-19   2.4207e-19
 9560.00   4.7335e-19   2.4074e-19
 9565.00   1.2395e-18   2.9206e-19
 9570.00   9.5828e-19   3.6259e-19
 9575.00   9.6264e-20   2.3717e-19
 9580.00   2.4549e-19   1.8381e-19
 9585.00   4.9088e-19   2.0111e-19
 9590.00   3.7171e-20   1.9073e-19
 9595.00   4.1455e-19   1.9429e-19
 9600.00  -1.3502e-19   1.8604e-19
 9605.00   4.6402e-19   2.4127e-19
 9610.00   7.5982e-19   2.6769e-19
 9615.00   6.0442e-20   2.2213e-19
 9620.00   1.3099e-18   3.6650e-19
 9625.00   1.0424e-18   2.7503e-19
 9630.00   3.0502e-19   3.0202e-19
 9635.00   1.4535e-19   2.1423e-19
 9640.00   6.0376e-19   2.1992e-19
 9645.00   3.2099e-19   1.8746e-19
 9650.00   3.6554e-19   2.2912e-19
 9655.00   3.7291e-19   3.0322e-19
 9660.00   6.3741e-19   3.1852e-19
 9665.00   8.9837e-19   2.5743e-19
 9670.00   1.2066e-18   4.3460e-19
 9675.00   8.0379e-19   3.0747e-19
 9680.00   2.6832e-18   5.5768e-19
 9685.00   9.1637e-19   3.3308e-19
 9690.00   1.1843e-18   3.4214e-19
 9695.00   5.6153e-19   2.8665e-19
 9700.00   2.0537e-18   4.4329e-19
 9705.00   6.3563e-19   2.7347e-19
 9710.00   1.0628e-18   3.2506e-19
 9715.00   9.6050e-19   2.8464e-19
 9720.00   1.5465e-18   5.5060e-19
 9725.00   7.1128e-19   3.5172e-19
 9730.00   1.5664e-18   3.2742e-19
 9735.00   9.8092e-19   4.6061e-19
 9740.00   1.0395e-18   3.4497e-19
 9745.00   1.8462e-18   4.0594e-19
 9750.00   5.1021e-19   2.6438e-19
 9755.00   2.4801e-19   2.8164e-19
 9760.00   2.5116e-19   2.4985e-19
 9765.00   3.9967e-19   2.5416e-19
 9770.00   4.9428e-19   2.6188e-19
 9775.00   2.1157e-19   2.6389e-19
 9780.00   1.8654e-19   2.8374e-19
 9785.00   4.5369e-19   3.0409e-19
 9790.00   3.3331e-18   8.2924e-19
 9795.00   1.6113e-18   4.7643e-19
 9800.00   1.8987e-18   5.1663e-19
 9805.00   1.3798e-18   3.9500e-19
 9810.00   1.3954e-18   5.4027e-19
 9815.00   1.0269e-18   4.6316e-19
 9820.00   7.7331e-19   4.1786e-19
 9825.00  -6.8486e-21   3.9254e-19
 9830.00   1.5588e-19   4.4837e-19
 9835.00   7.9821e-19   3.7881e-19
 9840.00   4.4257e-19   3.2151e-19
 9845.00   1.1003e-18   3.9504e-19
 9850.00   1.6736e-18   5.4222e-19
 9855.00   2.1311e-19   3.5006e-19
 9860.00  -6.3025e-20   3.3858e-19
 9865.00   1.3920e-18   6.3942e-19
 9870.00   2.7948e-18   1.1523e-18
 9875.00   1.8433e-18   9.0255e-19
 9880.00   8.0045e-19   6.1886e-19
 9885.00   6.6161e-19   8.6491e-19
 9890.00   5.4289e-19   6.5944e-19
 9895.00   4.0785e-18   1.3135e-18
 9900.00  -6.1311e-21   6.9090e-19
 9905.00   1.4336e-18   5.9796e-19
 9910.00   2.9047e-18   7.6334e-19
 9915.00   6.3799e-18   1.6376e-18
 9920.00   1.7864e-18   6.8919e-19
 9925.00   3.6457e-19   5.6517e-19
 9930.00   9.4436e-19   5.8419e-19
 9935.00   2.1260e-18   6.9166e-19
 9940.00   8.0538e-18   1.3361e-18
 9945.00   2.3137e-17   2.8517e-18
 9950.00   1.2415e-17   1.5576e-18
 9955.00   1.3043e-17   1.5985e-18
 9960.00   1.1440e-17   2.0510e-18
 9965.00   4.0873e-18   9.6840e-19
 9970.00   2.8239e-18   9.8680e-19
 9975.00   1.6804e-18   9.9417e-19
 9980.00   2.5603e-18   8.9020e-19
 9985.00   5.6318e-19   5.7809e-19
 9990.00   1.3512e-19   5.7029e-19
 9995.00   1.1325e-18   6.0632e-19
10000.00   5.2202e-18   1.1688e-18
10005.00   3.4320e-18   8.4348e-19
10010.00   1.0043e-17   1.4941e-18
10015.00   9.1822e-18   1.8276e-18
10020.00   6.4713e-18   1.1397e-18
10025.00   8.5536e-18   1.5869e-18
10030.00   2.0906e-18   8.5782e-19
10035.00   1.9670e-18   7.8435e-19
10040.00   2.5694e-18   8.6706e-19
10045.00   3.1963e-18   1.0076e-18
10050.00   9.0348e-19   6.4106e-19
10055.00   2.4983e-18   7.2857e-19
10060.00   1.1559e-17   1.7799e-18
10065.00   7.4470e-18   1.2707e-18
10070.00   6.5024e-18   1.6022e-18
10075.00   3.6645e-18   9.2326e-19
10080.00   1.1014e-17   1.4594e-18
10085.00   1.0426e-17   1.4415e-18
10090.00   3.6891e-18   8.8542e-19
10095.00   1.9270e-18   9.2069e-19
10100.00   5.5353e-18   1.1369e-18
10105.00   7.6523e-18   1.4631e-18
10110.00   3.2578e-18   8.7111e-19
10115.00   7.3748e-20   8.5838e-19
10120.00   9.3174e-18   1.3178e-18
10125.00   1.9486e-17   2.5157e-18
10130.00   5.9356e-18   1.3228e-18
10135.00   1.5875e-18   1.1485e-18
10140.00   2.4482e-18   1.0331e-18
10145.00   8.0666e-18   1.8099e-18
10150.00   6.7851e-18   1.9819e-18
10155.00   7.7555e-18   2.1996e-18
10160.00   4.3607e-18   1.9893e-18
10165.00   7.2092e-18   2.0812e-18
10170.00   1.7260e-17   3.1934e-18
10175.00   1.1479e-17   2.2879e-18
10180.00   8.3414e-18   2.2376e-18
10185.00   1.0586e-17   2.0730e-18
10190.00   1.5958e-17   3.0793e-18
10195.00   4.6055e-18   1.9752e-18
10200.00   7.8894e-18   2.1431e-18
10205.00   1.4516e-17   2.9757e-18
10210.00   2.7638e-17   5.1502e-18
10215.00   7.9690e-18   2.3789e-18
10220.00   2.1134e-18   2.2352e-18
10225.00   1.1591e-17   3.6654e-18
10230.00   1.4456e-17   3.6489e-18
10235.00   4.8728e-18   2.4721e-18
10240.00   3.5561e-19   2.1519e-18
10245.00   5.4686e-19   2.2190e-18
10250.00   2.8058e-18   2.3485e-18
10255.00  -3.5249e-18   2.6173e-18
10260.00   2.1777e-18   2.8090e-18
10265.00   3.0271e-18   3.3905e-18
10270.00   1.5426e-18   4.4821e-18
10275.00  -8.5542e-18   4.1094e-18
10280.00   1.2967e-17   4.7754e-18
10285.00   4.5490e-17   9.7902e-18
10290.00   2.9108e-17   7.8926e-18
10295.00   3.5344e-17   9.1386e-18
10300.00  -9.7448e-19   6.7376e-18
10305.00  -1.0432e-17   7.1481e-18
10310.00   5.9674e-18   9.4987e-18
10315.00  -2.3799e-18   8.6402e-18
10320.00  -1.9036e-17   1.0136e-17
10325.00  -1.9657e-17   1.2234e-17
10330.00  -2.3648e-17   1.3200e-17
10335.00   1.3710e-18   1.1704e-17
10340.00   1.3710e-18   5.0000e+04
10345.00   1.3710e-18   5.0000e+04
10350.00   1.3710e-18   5.0000e+04
10355.00   1.3710e-18   5.0000e+04
10360.00   1.3710e-18   5.0000e+04
10365.00   1.3710e-18   5.0000e+04
10370.00   1.3710e-18   5.0000e+04
10375.00   1.3710e-18   5.0000e+04
10380.00   1.3710e-18   5.0000e+04
10385.00   1.3710e-18   5.0000e+04
10390.00   1.3710e-18   5.0000e+04
10395.00   1.3710e-18   5.0000e+04
10400.00   1.3710e-18   9.9999e+04
