 
TRANSIENT_NAME:     DES15S2nr  
SNID:               1281880    
OBS_DATE:           2015-11-04
MJD:                57330. 
PHASE:              +9.    
MJD_MAX:            57318.9 (Angus et. al.: MNRAS, 487, 2215A, 2019)
TYPE:               41 
SPEC_EVAL:          SLSN-I
REDSHIFT:           0.2200  
REDSHIFT_ERR:       0.0005  
REDSHIFT_SOURCE:    Z_GAL
TELESCOPE:          VLT
INSTRUMENT:         X-SHOOTER
 
======================================
 
# WAVE  FLUX  FLUX_ERR
 3100.00   2.3555e-17   2.2307e-17
 3105.00  -5.9990e-18   1.4412e-17
 3110.00   1.4267e-19   1.3522e-17
 3115.00  -1.0949e-17   1.2597e-17
 3120.00  -9.0585e-19   1.1715e-17
 3125.00  -5.2981e-18   1.1038e-17
 3130.00  -1.2717e-17   1.0849e-17
 3135.00   6.0660e-18   1.0821e-17
 3140.00   4.4077e-21   1.0620e-17
 3145.00  -2.1240e-17   1.0499e-17
 3150.00  -3.6860e-18   1.0229e-17
 3155.00  -7.9900e-18   1.0306e-17
 3160.00  -2.2719e-17   1.0541e-17
 3165.00   4.8117e-19   1.0514e-17
 3170.00  -9.3841e-18   1.0945e-17
 3175.00   8.9519e-19   1.0899e-17
 3180.00  -1.2941e-17   1.0475e-17
 3185.00  -2.2405e-18   1.0151e-17
 3190.00   7.1128e-18   9.6712e-18
 3195.00  -8.8309e-18   9.2671e-18
 3200.00  -8.2083e-18   8.7615e-18
 3205.00  -7.0333e-18   8.0385e-18
 3210.00   1.0455e-17   8.0990e-18
 3215.00   1.8470e-18   7.3756e-18
 3220.00  -3.3509e-18   6.8981e-18
 3225.00  -4.3065e-19   6.5052e-18
 3230.00  -1.1822e-17   6.0425e-18
 3235.00   4.9036e-18   5.7425e-18
 3240.00   2.3760e-18   5.5245e-18
 3245.00  -1.6560e-18   5.3816e-18
 3250.00  -7.7215e-18   5.2719e-18
 3255.00   2.2681e-18   5.2665e-18
 3260.00  -1.0427e-17   5.1463e-18
 3265.00  -5.7986e-19   5.1486e-18
 3270.00   3.5007e-18   5.2287e-18
 3275.00  -4.2204e-18   5.3258e-18
 3280.00   4.3417e-18   5.4921e-18
 3285.00  -7.5636e-18   5.5752e-18
 3290.00   2.8295e-18   5.8179e-18
 3295.00   6.3656e-18   6.2182e-18
 3300.00  -5.4299e-18   6.4030e-18
 3305.00  -6.3003e-18   6.7556e-18
 3310.00  -1.2257e-17   7.0834e-18
 3315.00  -7.3247e-18   7.4762e-18
 3320.00  -4.7935e-18   7.7247e-18
 3325.00  -3.8615e-17   7.9316e-18
 3330.00  -1.0083e-18   8.0330e-18
 3335.00  -4.0754e-18   8.0179e-18
 3340.00  -9.4579e-18   7.8978e-18
 3345.00  -1.7856e-18   8.7399e-18
 3350.00   2.7340e-18   8.1772e-18
 3355.00   2.9811e-18   7.5419e-18
 3360.00  -3.2593e-19   7.1145e-18
 3365.00  -3.2847e-18   6.8084e-18
 3370.00  -1.9431e-18   6.8991e-18
 3375.00   1.1918e-19   6.5066e-18
 3380.00  -9.9453e-18   6.1221e-18
 3385.00   2.5465e-18   5.9541e-18
 3390.00  -4.0651e-18   5.7448e-18
 3395.00  -2.8720e-18   5.6264e-18
 3400.00   2.5472e-18   5.6075e-18
 3405.00   2.5316e-19   5.4628e-18
 3410.00  -3.1467e-18   5.5442e-18
 3415.00   7.3638e-18   5.5248e-18
 3420.00  -3.9842e-18   5.7575e-18
 3425.00   2.9300e-18   5.9515e-18
 3430.00  -4.2875e-18   5.8604e-18
 3435.00   5.7694e-18   6.2813e-18
 3440.00   2.2155e-18   6.4131e-18
 3445.00  -4.9414e-18   6.6641e-18
 3450.00  -7.7994e-19   7.0047e-18
 3455.00   1.0853e-17   7.3929e-18
 3460.00  -5.2254e-18   7.3751e-18
 3465.00  -1.0849e-17   7.5273e-18
 3470.00  -3.1013e-18   7.5943e-18
 3475.00  -4.7279e-18   7.4864e-18
 3480.00  -6.6528e-18   7.5080e-18
 3485.00  -3.6941e-18   7.2317e-18
 3490.00  -7.9627e-18   6.8350e-18
 3495.00  -1.7467e-19   7.0682e-18
 3500.00  -3.4811e-18   6.4262e-18
 3505.00   5.5136e-18   6.0273e-18
 3510.00  -1.1273e-18   5.6412e-18
 3515.00   4.8042e-18   5.2993e-18
 3520.00   1.0455e-17   5.0833e-18
 3525.00   3.7036e-18   4.7760e-18
 3530.00   2.0578e-18   4.6022e-18
 3535.00   3.9843e-18   4.4346e-18
 3540.00   8.5098e-18   4.4478e-18
 3545.00   1.8041e-18   4.4282e-18
 3550.00   4.2342e-18   4.2162e-18
 3555.00   6.2033e-18   4.1560e-18
 3560.00   1.9512e-18   3.9578e-18
 3565.00   5.9964e-18   3.8390e-18
 3570.00   3.3646e-18   3.6783e-18
 3575.00   7.9904e-18   3.6401e-18
 3580.00   5.4646e-18   3.5377e-18
 3585.00   8.3568e-18   3.5449e-18
 3590.00   5.0658e-18   3.5946e-18
 3595.00   2.8270e-19   3.6687e-18
 3600.00   3.5781e-18   3.8049e-18
 3605.00   3.9905e-18   4.0026e-18
 3610.00   2.7418e-18   4.1992e-18
 3615.00   7.2569e-18   4.4429e-18
 3620.00   5.7722e-18   4.6145e-18
 3625.00   2.8848e-18   4.6568e-18
 3630.00   8.6215e-18   4.6992e-18
 3635.00   4.0573e-18   4.6463e-18
 3640.00   3.0076e-18   4.5452e-18
 3645.00   7.8304e-18   4.4186e-18
 3650.00   6.0491e-18   4.2415e-18
 3655.00   6.7974e-18   4.6215e-18
 3660.00   3.1623e-18   4.2851e-18
 3665.00   2.3691e-18   3.9361e-18
 3670.00   1.7748e-18   3.6493e-18
 3675.00   1.0286e-17   3.4959e-18
 3680.00   7.7277e-18   3.2753e-18
 3685.00   5.7050e-18   3.0985e-18
 3690.00   7.6298e-18   2.9825e-18
 3695.00   3.5803e-18   2.8499e-18
 3700.00   1.3825e-18   2.8521e-18
 3705.00   2.9367e-18   2.7181e-18
 3710.00   5.6211e-18   2.6608e-18
 3715.00   5.9365e-18   2.5945e-18
 3720.00  -3.5470e-19   2.4380e-18
 3725.00   5.7282e-18   2.4586e-18
 3730.00   3.0539e-18   2.4388e-18
 3735.00   3.2435e-18   2.4018e-18
 3740.00   3.4104e-18   2.4693e-18
 3745.00   4.6850e-18   2.3883e-18
 3750.00   2.4318e-18   2.3171e-18
 3755.00   8.6846e-18   2.4204e-18
 3760.00   5.6889e-18   2.3728e-18
 3765.00   6.9377e-18   2.4413e-18
 3770.00   4.7544e-18   2.4831e-18
 3775.00   5.3710e-18   2.6153e-18
 3780.00   5.2598e-18   2.7056e-18
 3785.00   5.2113e-18   2.8182e-18
 3790.00   7.5136e-18   2.9472e-18
 3795.00   1.0224e-18   2.9932e-18
 3800.00   7.8879e-18   3.1468e-18
 3805.00   4.2505e-18   3.2317e-18
 3810.00   9.0814e-18   3.3166e-18
 3815.00   1.8780e-18   3.3555e-18
 3820.00   2.1030e-18   3.3434e-18
 3825.00   6.1037e-18   3.3281e-18
 3830.00   2.2410e-18   3.3463e-18
 3835.00   4.8524e-18   3.2565e-18
 3840.00   7.0076e-18   3.1766e-18
 3845.00   3.5965e-18   3.3364e-18
 3850.00   8.2094e-18   3.1309e-18
 3855.00   1.0768e-17   2.9425e-18
 3860.00   6.9582e-18   2.7293e-18
 3865.00   7.2719e-18   2.6313e-18
 3870.00   7.0944e-18   2.4646e-18
 3875.00   7.5405e-18   2.4048e-18
 3880.00   8.6028e-18   2.2853e-18
 3885.00   6.4761e-18   2.1990e-18
 3890.00   9.9893e-18   2.1605e-18
 3895.00   9.5282e-18   2.1273e-18
 3900.00   6.8181e-18   2.0652e-18
 3905.00   1.0352e-17   2.0773e-18
 3910.00   1.0034e-17   2.0724e-18
 3915.00   1.0120e-17   2.0132e-18
 3920.00   1.2165e-17   1.9701e-18
 3925.00   8.2620e-18   1.8988e-18
 3930.00   8.8555e-18   1.8373e-18
 3935.00   9.0361e-18   1.8081e-18
 3940.00   1.1554e-17   1.9202e-18
 3945.00   8.0161e-18   1.9245e-18
 3950.00   7.8645e-18   1.9564e-18
 3955.00   6.5376e-18   1.9241e-18
 3960.00   1.1673e-17   1.9743e-18
 3965.00   9.6380e-18   1.9406e-18
 3970.00   6.4640e-18   1.9230e-18
 3975.00   8.4055e-18   2.0506e-18
 3980.00   9.2166e-18   2.1499e-18
 3985.00   9.7497e-18   2.1892e-18
 3990.00   6.4888e-18   2.2197e-18
 3995.00   8.7098e-18   2.2735e-18
 4000.00   7.7025e-18   2.3437e-18
 4005.00   9.3894e-18   2.3857e-18
 4010.00   7.4980e-18   2.4554e-18
 4015.00   7.5320e-18   2.4941e-18
 4020.00   8.6805e-18   2.5259e-18
 4025.00   6.9143e-18   2.5326e-18
 4030.00   7.0312e-18   2.5054e-18
 4035.00   6.9110e-18   2.4954e-18
 4040.00   5.0895e-18   2.4747e-18
 4045.00   9.6950e-18   2.8422e-18
 4050.00   7.3966e-18   2.6848e-18
 4055.00   8.4067e-18   2.4978e-18
 4060.00   1.0607e-17   2.4108e-18
 4065.00   8.4742e-18   2.2877e-18
 4070.00   6.9400e-18   2.1981e-18
 4075.00   1.1463e-17   2.1369e-18
 4080.00   9.8938e-18   2.0609e-18
 4085.00   1.0359e-17   1.9895e-18
 4090.00   6.9090e-18   1.9044e-18
 4095.00   8.5927e-18   1.8640e-18
 4100.00   7.8414e-18   1.7745e-18
 4105.00   9.4051e-18   1.7511e-18
 4110.00   9.9432e-18   1.7409e-18
 4115.00   9.5540e-18   1.7227e-18
 4120.00   8.8351e-18   1.6660e-18
 4125.00   9.8866e-18   1.6804e-18
 4130.00   9.5290e-18   1.6466e-18
 4135.00   8.2851e-18   1.6344e-18
 4140.00   8.6975e-18   1.6187e-18
 4145.00   1.1797e-17   1.6077e-18
 4150.00   8.2506e-18   1.5836e-18
 4155.00   7.4972e-18   1.5978e-18
 4160.00   7.3406e-18   1.6253e-18
 4165.00   8.0500e-18   1.6470e-18
 4170.00   8.8889e-18   1.6749e-18
 4175.00   6.0991e-18   1.6305e-18
 4180.00   9.9220e-18   1.6799e-18
 4185.00   1.0598e-17   1.6982e-18
 4190.00   9.4183e-18   1.7064e-18
 4195.00   7.9345e-18   1.7351e-18
 4200.00   1.0317e-17   1.7437e-18
 4205.00   9.2405e-18   1.8064e-18
 4210.00   8.5856e-18   1.8357e-18
 4215.00   1.0836e-17   1.8817e-18
 4220.00   6.9693e-18   1.8938e-18
 4225.00   9.2408e-18   1.9110e-18
 4230.00   5.3794e-18   1.9592e-18
 4235.00   8.4484e-18   2.0101e-18
 4240.00   8.3455e-18   2.0434e-18
 4245.00   9.3342e-18   2.1003e-18
 4250.00   7.5230e-18   2.1066e-18
 4255.00   6.0007e-18   2.1165e-18
 4260.00   1.0387e-17   2.1239e-18
 4265.00   5.3678e-18   2.1165e-18
 4270.00   8.3995e-18   2.0957e-18
 4275.00   7.6263e-18   2.0476e-18
 4280.00   9.1284e-18   2.2907e-18
 4285.00   1.0135e-17   2.1808e-18
 4290.00   7.9881e-18   2.0447e-18
 4295.00   1.0822e-17   1.9903e-18
 4300.00   1.0886e-17   1.8628e-18
 4305.00   7.7851e-18   1.7701e-18
 4310.00   8.5990e-18   1.7353e-18
 4315.00   7.5965e-18   1.7321e-18
 4320.00   1.0845e-17   1.7231e-18
 4325.00   1.1885e-17   1.6345e-18
 4330.00   1.0282e-17   1.6128e-18
 4335.00   1.0898e-17   1.5831e-18
 4340.00   9.0046e-18   1.4950e-18
 4345.00   9.4651e-18   1.4989e-18
 4350.00   1.0057e-17   1.4780e-18
 4355.00   1.2843e-17   1.4895e-18
 4360.00   1.1246e-17   1.4645e-18
 4365.00   1.1819e-17   1.4396e-18
 4370.00   1.1148e-17   1.4207e-18
 4375.00   1.1354e-17   1.3943e-18
 4380.00   1.3733e-17   1.4213e-18
 4385.00   1.0922e-17   1.3492e-18
 4390.00   9.7613e-18   1.3623e-18
 4395.00   9.3292e-18   1.3720e-18
 4400.00   1.1367e-17   1.3905e-18
 4405.00   1.2851e-17   1.4240e-18
 4410.00   1.0889e-17   1.4420e-18
 4415.00   1.1908e-17   1.4371e-18
 4420.00   1.1082e-17   1.4677e-18
 4425.00   1.0827e-17   1.4685e-18
 4430.00   1.0355e-17   1.4794e-18
 4435.00   1.0815e-17   1.4671e-18
 4440.00   1.0854e-17   1.5272e-18
 4445.00   1.0938e-17   1.5419e-18
 4450.00   8.1782e-18   1.5396e-18
 4455.00   1.0681e-17   1.5670e-18
 4460.00   9.1400e-18   1.5743e-18
 4465.00   7.0077e-18   1.6137e-18
 4470.00   9.4031e-18   1.6486e-18
 4475.00   9.7587e-18   1.6956e-18
 4480.00   9.0633e-18   1.7058e-18
 4485.00   8.3525e-18   1.7552e-18
 4490.00   1.0549e-17   1.7850e-18
 4495.00   8.7573e-18   1.8098e-18
 4500.00   1.0171e-17   1.8438e-18
 4505.00   9.4943e-18   1.8733e-18
 4510.00   6.2653e-18   2.7748e-18
 4515.00   8.5415e-18   2.6225e-18
 4520.00   9.8282e-18   2.5090e-18
 4525.00   1.1368e-17   2.3712e-18
 4530.00   1.4263e-17   2.2740e-18
 4535.00   1.0701e-17   2.1481e-18
 4540.00   1.1278e-17   2.0581e-18
 4545.00   1.4399e-17   2.0156e-18
 4550.00   8.7574e-18   1.8574e-18
 4555.00   1.0558e-17   1.8035e-18
 4560.00   1.1849e-17   1.7516e-18
 4565.00   1.0636e-17   1.6658e-18
 4570.00   1.0333e-17   1.6076e-18
 4575.00   7.3296e-18   1.5494e-18
 4580.00   9.0589e-18   1.5205e-18
 4585.00   9.6122e-18   1.4712e-18
 4590.00   1.0768e-17   1.4574e-18
 4595.00   1.2816e-17   1.4309e-18
 4600.00   1.1430e-17   1.3838e-18
 4605.00   9.6462e-18   1.3471e-18
 4610.00   1.0476e-17   1.3474e-18
 4615.00   1.0624e-17   1.3146e-18
 4620.00   9.5632e-18   1.2883e-18
 4625.00   1.0910e-17   1.2903e-18
 4630.00   1.0523e-17   1.2640e-18
 4635.00   1.0166e-17   1.2526e-18
 4640.00   1.0342e-17   1.2365e-18
 4645.00   1.0362e-17   1.2295e-18
 4650.00   9.0412e-18   1.2225e-18
 4655.00   9.0530e-18   1.2261e-18
 4660.00   1.1026e-17   1.2498e-18
 4665.00   8.0056e-18   1.2138e-18
 4670.00   1.0231e-17   1.2265e-18
 4675.00   9.3597e-18   1.2372e-18
 4680.00   9.4702e-18   1.2292e-18
 4685.00   1.0765e-17   1.2557e-18
 4690.00   1.0553e-17   1.2466e-18
 4695.00   1.0434e-17   1.2533e-18
 4700.00   1.0995e-17   1.2604e-18
 4705.00   9.6675e-18   1.2576e-18
 4710.00   1.1125e-17   1.2818e-18
 4715.00   7.5853e-18   1.2680e-18
 4720.00   9.4120e-18   1.3003e-18
 4725.00   8.9384e-18   1.3115e-18
 4730.00   8.3781e-18   1.3099e-18
 4735.00   1.0300e-17   1.3403e-18
 4740.00   1.1068e-17   1.3679e-18
 4745.00   1.0204e-17   1.3828e-18
 4750.00   1.0186e-17   1.3988e-18
 4755.00   1.0550e-17   1.4182e-18
 4760.00   1.0042e-17   1.4316e-18
 4765.00   9.5552e-18   1.4436e-18
 4770.00   1.0438e-17   1.4709e-18
 4775.00   1.1310e-17   1.5132e-18
 4780.00   1.0988e-17   1.5222e-18
 4785.00   9.4105e-18   1.5336e-18
 4790.00   1.1651e-17   2.6060e-18
 4795.00   7.5337e-18   2.4263e-18
 4800.00   1.0760e-17   2.3192e-18
 4805.00   7.8738e-18   2.1943e-18
 4810.00   7.2085e-18   2.0758e-18
 4815.00   8.9593e-18   2.0367e-18
 4820.00   1.0398e-17   1.9837e-18
 4825.00   7.4743e-18   1.8911e-18
 4830.00   1.0255e-17   1.8497e-18
 4835.00   1.1110e-17   1.7993e-18
 4840.00   8.8433e-18   1.7177e-18
 4845.00   9.7936e-18   1.6605e-18
 4850.00   1.0904e-17   1.6201e-18
 4855.00   1.1355e-17   1.5632e-18
 4860.00   1.1445e-17   1.4815e-18
 4865.00   1.0988e-17   1.4474e-18
 4870.00   1.0904e-17   1.4198e-18
 4875.00   1.0192e-17   1.3702e-18
 4880.00   8.6685e-18   1.3488e-18
 4885.00   1.0846e-17   1.3154e-18
 4890.00   1.0401e-17   1.2747e-18
 4895.00   9.3722e-18   1.2617e-18
 4900.00   1.1687e-17   1.2428e-18
 4905.00   9.9934e-18   1.1919e-18
 4910.00   1.2538e-17   1.1811e-18
 4915.00   1.0482e-17   1.1525e-18
 4920.00   1.0375e-17   1.1166e-18
 4925.00   1.1042e-17   1.1480e-18
 4930.00   1.0939e-17   1.1483e-18
 4935.00   1.1169e-17   1.1105e-18
 4940.00   1.1897e-17   1.1067e-18
 4945.00   1.0430e-17   1.1123e-18
 4950.00   9.9808e-18   1.0897e-18
 4955.00   8.8902e-18   1.0885e-18
 4960.00   1.0786e-17   1.0932e-18
 4965.00   1.0033e-17   1.0889e-18
 4970.00   9.7563e-18   1.0977e-18
 4975.00   1.1447e-17   1.1065e-18
 4980.00   1.0686e-17   1.0877e-18
 4985.00   1.0817e-17   1.0793e-18
 4990.00   1.0928e-17   1.1009e-18
 4995.00   1.0792e-17   1.1034e-18
 5000.00   9.1763e-18   1.0929e-18
 5005.00   9.4372e-18   1.1060e-18
 5010.00   1.1102e-17   1.1209e-18
 5015.00   1.1397e-17   1.1332e-18
 5020.00   1.0916e-17   1.1337e-18
 5025.00   1.0969e-17   1.1578e-18
 5030.00   1.0974e-17   1.1668e-18
 5035.00   1.0292e-17   1.1820e-18
 5040.00   9.9071e-18   1.1745e-18
 5045.00   1.0069e-17   1.2200e-18
 5050.00   1.1141e-17   1.2123e-18
 5055.00   1.0788e-17   1.2296e-18
 5060.00   9.8528e-18   1.2312e-18
 5065.00   1.0465e-17   1.2464e-18
 5070.00   8.9372e-18   1.2461e-18
 5075.00   1.1991e-17   1.2664e-18
 5080.00   1.1304e-17   1.2821e-18
 5085.00   9.4970e-18   1.2830e-18
 5090.00   1.1877e-17   1.3206e-18
 5095.00   1.1174e-17   1.3308e-18
 5100.00   8.6743e-18   1.3331e-18
 5105.00   7.7090e-18   1.3480e-18
 5110.00   8.2614e-18   1.3684e-18
 5115.00   7.9727e-18   2.4194e-18
 5120.00   1.0819e-17   2.3221e-18
 5125.00   6.8712e-18   2.1819e-18
 5130.00   7.4686e-18   2.0860e-18
 5135.00   7.6201e-18   2.0173e-18
 5140.00   1.1480e-17   1.9704e-18
 5145.00   6.5124e-18   1.8589e-18
 5150.00   9.5849e-18   1.8103e-18
 5155.00   1.0397e-17   1.7456e-18
 5160.00   9.4122e-18   1.6968e-18
 5165.00   1.0413e-17   1.6194e-18
 5170.00   8.6203e-18   1.5351e-18
 5175.00   8.7557e-18   1.5035e-18
 5180.00   1.0407e-17   1.4804e-18
 5185.00   8.6386e-18   1.3884e-18
 5190.00   8.0860e-18   1.3809e-18
 5195.00   1.0272e-17   1.3631e-18
 5200.00   8.1121e-18   1.3397e-18
 5205.00   8.8471e-18   1.2963e-18
 5210.00   7.7751e-18   1.2423e-18
 5215.00   9.1779e-18   1.2412e-18
 5220.00   8.8129e-18   1.2022e-18
 5225.00   9.6575e-18   1.1830e-18
 5230.00   1.0006e-17   1.1782e-18
 5235.00   8.4818e-18   1.1424e-18
 5240.00   1.0076e-17   1.1590e-18
 5245.00   1.0319e-17   1.1173e-18
 5250.00   9.2096e-18   1.1068e-18
 5255.00   1.1075e-17   1.1166e-18
 5260.00   9.5425e-18   1.0891e-18
 5265.00   9.6063e-18   1.0676e-18
 5270.00   8.2379e-18   1.0399e-18
 5275.00   1.0009e-17   1.0515e-18
 5280.00   8.6717e-18   1.0555e-18
 5285.00   8.6780e-18   1.0405e-18
 5290.00   9.2301e-18   1.0451e-18
 5295.00   8.2122e-18   1.0411e-18
 5300.00   1.0128e-17   1.0480e-18
 5305.00   8.2795e-18   1.0317e-18
 5310.00   1.0123e-17   1.0601e-18
 5315.00   8.6016e-18   1.0410e-18
 5320.00   8.6479e-18   1.0401e-18
 5325.00   7.7458e-18   1.0344e-18
 5330.00   9.2628e-18   1.0646e-18
 5335.00   8.8319e-18   1.0441e-18
 5340.00   8.2446e-18   1.0309e-18
 5345.00   8.5943e-18   1.0415e-18
 5350.00   8.9792e-18   1.0452e-18
 5355.00   9.5456e-18   1.0487e-18
 5360.00   9.4293e-18   1.0510e-18
 5365.00   1.0009e-17   1.0494e-18
 5370.00   9.3529e-18   1.0452e-18
 5375.00   7.2788e-18   1.0497e-18
 5380.00   9.9707e-18   1.0601e-18
 5385.00   9.7545e-18   1.0708e-18
 5390.00   1.0129e-17   1.0864e-18
 5395.00   1.0283e-17   1.0864e-18
 5400.00   1.0766e-17   1.1036e-18
 5405.00   8.9562e-18   1.1045e-18
 5410.00   8.7052e-18   1.1187e-18
 5415.00   1.0049e-17   1.1495e-18
 5420.00   1.0089e-17   1.1711e-18
 5425.00   8.8509e-18   1.1893e-18
 5430.00   1.0215e-17   1.2005e-18
 5435.00   6.8194e-18   1.1965e-18
 5440.00   1.2283e-17   1.2580e-18
 5445.00   9.0600e-18   1.2474e-18
 5450.00   9.1463e-18   1.2999e-18
 5455.00   9.4008e-18   1.3350e-18
 5460.00   1.0548e-17   1.4010e-18
 5465.00   9.2541e-18   1.4311e-18
 5470.00   1.1487e-17   1.5100e-18
 5475.00   7.9034e-18   1.5258e-18
 5480.00   7.1390e-18   1.5786e-18
 5485.00   1.0662e-17   1.6297e-18
 5490.00   1.0250e-17   2.8745e-18
 5495.00   1.0282e-17   2.7205e-18
 5500.00   6.0292e-18   2.5490e-18
 5505.00   1.1663e-17   2.4906e-18
 5510.00   9.8359e-18   2.3652e-18
 5515.00   1.0300e-17   2.2588e-18
 5520.00   7.1701e-18   2.1525e-18
 5525.00   7.2344e-18   2.1016e-18
 5530.00   7.3561e-18   2.0577e-18
 5535.00   6.9085e-18   2.0274e-18
 5540.00   7.3688e-18   2.0567e-18
 5545.00   7.4745e-18   2.0468e-18
 5550.00   9.4886e-18   2.0288e-18
 5555.00   8.5425e-18   2.0066e-18
 5560.00   1.0655e-17   2.0197e-18
 5565.00   8.1596e-18   2.0060e-18
 5570.00   8.0510e-18   1.9830e-18
 5575.00   7.3725e-18   2.2669e-18
 5580.00   3.6996e-18   2.0561e-18
 5585.00   1.0871e-17   1.9163e-18
 5590.00   7.3222e-18   1.8643e-18
 5595.00   6.7039e-18   1.8152e-18
 5600.00   4.3930e-18   1.8186e-18
 5605.00   7.9945e-18   2.1590e-18
 5610.00   6.3801e-18   1.9871e-18
 5615.00   1.0202e-17   1.8726e-18
 5620.00   9.4197e-18   1.7643e-18
 5625.00   1.1531e-17   1.7023e-18
 5630.00   9.4575e-18   1.6172e-18
 5635.00   9.8271e-18   1.5583e-18
 5640.00   1.0950e-17   1.5221e-18
 5645.00   1.0951e-17   1.4884e-18
 5650.00   8.9395e-18   1.4456e-18
 5655.00   9.1351e-18   1.4222e-18
 5660.00   7.2683e-18   1.3959e-18
 5665.00   9.3201e-18   1.3809e-18
 5670.00   1.0393e-17   1.3871e-18
 5675.00   7.6789e-18   1.3919e-18
 5680.00   6.4236e-18   1.3887e-18
 5685.00   8.0993e-18   1.4059e-18
 5690.00   8.8618e-18   1.4411e-18
 5695.00   1.0136e-17   1.4818e-18
 5700.00   9.3635e-18   1.5140e-18
 5705.00   9.4128e-18   1.5675e-18
 5710.00   8.1797e-18   1.6090e-18
 5715.00   7.2428e-18   1.6642e-18
 5720.00   8.1773e-18   1.7290e-18
 5725.00   8.6709e-18   1.7894e-18
 5730.00   8.1854e-18   1.8465e-18
 5735.00   8.3753e-18   1.8902e-18
 5740.00   7.3709e-18   1.9326e-18
 5745.00   7.9465e-18   1.9755e-18
 5750.00   6.7396e-18   1.9825e-18
 5755.00   7.4943e-18   1.9907e-18
 5760.00   7.8246e-18   1.9961e-18
 5765.00   6.8808e-18   1.9591e-18
 5770.00   6.5348e-18   1.9164e-18
 5775.00   7.3569e-18   1.8816e-18
 5780.00   4.7311e-18   1.8130e-18
 5785.00   7.0795e-18   1.7050e-18
 5790.00   7.4103e-18   1.5620e-18
 5795.00   5.7518e-18   1.5591e-18
 5800.00   6.8800e-18   1.5225e-18
 5805.00   5.2462e-18   1.4750e-18
 5810.00   8.9779e-18   1.4607e-18
 5815.00   5.6163e-18   1.4114e-18
 5820.00   8.5286e-18   1.4029e-18
 5825.00   7.2567e-18   1.3625e-18
 5830.00   6.2472e-18   1.3483e-18
 5835.00   7.4531e-18   1.3427e-18
 5840.00   7.2031e-18   1.3281e-18
 5845.00   6.7902e-18   1.3250e-18
 5850.00   7.2445e-18   1.3263e-18
 5855.00   7.4787e-18   1.3366e-18
 5860.00   6.4868e-18   1.3415e-18
 5865.00   6.6168e-18   1.3879e-18
 5870.00   7.1455e-18   1.4015e-18
 5875.00   7.4897e-18   1.4097e-18
 5880.00   9.0295e-18   1.4293e-18
 5885.00   5.4807e-18   1.4256e-18
 5890.00   3.4065e-18   1.6213e-18
 5895.00   5.7754e-18   1.5941e-18
 5900.00   6.6149e-18   1.4906e-18
 5905.00   8.2016e-18   1.5234e-18
 5910.00   8.1297e-18   1.5260e-18
 5915.00   6.4089e-18   1.5579e-18
 5920.00   4.0091e-18   1.5261e-18
 5925.00   6.0030e-18   1.5416e-18
 5930.00   6.5181e-18   1.5482e-18
 5935.00   6.6920e-18   1.5776e-18
 5940.00   6.4149e-18   1.5437e-18
 5945.00   5.2993e-18   1.5457e-18
 5950.00   7.2487e-18   1.5283e-18
 5955.00   7.5550e-18   1.5543e-18
 5960.00   6.5443e-18   1.5060e-18
 5965.00   6.3550e-18   1.4886e-18
 5970.00   8.6219e-18   1.4841e-18
 5975.00   7.6827e-18   1.4718e-18
 5980.00   8.6276e-18   1.4340e-18
 5985.00   6.8881e-18   1.3938e-18
 5990.00   7.3645e-18   1.3886e-18
 5995.00   8.4822e-18   1.3688e-18
 6000.00   9.0607e-18   1.3962e-18
 6005.00   8.2430e-18   1.3776e-18
 6010.00   7.9861e-18   1.3249e-18
 6015.00   7.0814e-18   1.3117e-18
 6020.00   8.3374e-18   1.2805e-18
 6025.00   9.0722e-18   1.2661e-18
 6030.00   5.9846e-18   1.2377e-18
 6035.00   6.3346e-18   1.2320e-18
 6040.00   8.8421e-18   1.2210e-18
 6045.00   8.3796e-18   1.1989e-18
 6050.00   9.0751e-18   1.1991e-18
 6055.00   6.8136e-18   1.1697e-18
 6060.00   7.1198e-18   1.1671e-18
 6065.00   8.9793e-18   1.1655e-18
 6070.00   8.7624e-18   1.1573e-18
 6075.00   7.0366e-18   1.1449e-18
 6080.00   8.1925e-18   1.1469e-18
 6085.00   5.7068e-18   1.1286e-18
 6090.00   8.3716e-18   1.1555e-18
 6095.00   6.6363e-18   1.1461e-18
 6100.00   9.2524e-18   1.1751e-18
 6105.00   8.3105e-18   1.1805e-18
 6110.00   8.0941e-18   1.2042e-18
 6115.00   7.3519e-18   1.1932e-18
 6120.00   6.1637e-18   1.2021e-18
 6125.00   7.6556e-18   1.2262e-18
 6130.00   6.8941e-18   1.2333e-18
 6135.00   7.2297e-18   1.2600e-18
 6140.00   9.1343e-18   1.2809e-18
 6145.00   9.1902e-18   1.3010e-18
 6150.00   6.0167e-18   1.2794e-18
 6155.00   7.6119e-18   1.3117e-18
 6160.00   9.4275e-18   1.3256e-18
 6165.00   6.7796e-18   1.3015e-18
 6170.00   9.0184e-18   1.3269e-18
 6175.00   5.9884e-18   1.3102e-18
 6180.00   4.9217e-18   1.2908e-18
 6185.00   4.9598e-18   1.2842e-18
 6190.00   5.8164e-18   1.2796e-18
 6195.00   6.0131e-18   1.2703e-18
 6200.00   8.2846e-18   1.2635e-18
 6205.00   6.3883e-18   1.2481e-18
 6210.00   6.5934e-18   1.2210e-18
 6215.00   6.9726e-18   1.2056e-18
 6220.00   5.9953e-18   1.2411e-18
 6225.00   8.2445e-18   1.2027e-18
 6230.00   8.1838e-18   1.1697e-18
 6235.00   5.4526e-18   1.2431e-18
 6240.00   7.7439e-18   1.1609e-18
 6245.00   7.0128e-18   1.1113e-18
 6250.00   7.1506e-18   1.0844e-18
 6255.00   9.0400e-18   1.0857e-18
 6260.00   9.9581e-18   1.1205e-18
 6265.00   9.2536e-18   1.0730e-18
 6270.00   8.5761e-18   1.0401e-18
 6275.00   7.6316e-18   1.0292e-18
 6280.00   6.5782e-18   1.0140e-18
 6285.00   6.9124e-18   1.0347e-18
 6290.00   7.4302e-18   1.0406e-18
 6295.00   7.8710e-18   1.0200e-18
 6300.00   7.7944e-18   1.1758e-18
 6305.00   8.6805e-18   1.0851e-18
 6310.00   7.4166e-18   1.0301e-18
 6315.00   8.6337e-18   1.0477e-18
 6320.00   7.9389e-18   1.0805e-18
 6325.00   7.3280e-18   1.0666e-18
 6330.00   6.6635e-18   1.1335e-18
 6335.00   7.1953e-18   1.0959e-18
 6340.00   7.5607e-18   1.1172e-18
 6345.00   7.5468e-18   1.1331e-18
 6350.00   5.5089e-18   1.1532e-18
 6355.00   6.8647e-18   1.1941e-18
 6360.00   7.9213e-18   1.1755e-18
 6365.00   6.7790e-18   1.2928e-18
 6370.00   7.4670e-18   1.1958e-18
 6375.00   6.8759e-18   1.1970e-18
 6380.00   6.1041e-18   1.2096e-18
 6385.00   6.0061e-18   1.2342e-18
 6390.00   6.8814e-18   1.2172e-18
 6395.00   6.6306e-18   1.2115e-18
 6400.00   6.1027e-18   1.2056e-18
 6405.00   5.4703e-18   1.1968e-18
 6410.00   6.9340e-18   1.1967e-18
 6415.00   8.2354e-18   1.1906e-18
 6420.00   7.5477e-18   1.1873e-18
 6425.00   7.5225e-18   1.1688e-18
 6430.00   5.7259e-18   1.1394e-18
 6435.00   9.1896e-18   1.1413e-18
 6440.00   7.3701e-18   1.1236e-18
 6445.00   7.0034e-18   1.1094e-18
 6450.00   7.7796e-18   1.1056e-18
 6455.00   8.6895e-18   1.1048e-18
 6460.00   7.6382e-18   1.1158e-18
 6465.00   7.4348e-18   1.1418e-18
 6470.00   7.9268e-18   1.0902e-18
 6475.00   7.4467e-18   1.0260e-18
 6480.00   7.9204e-18   1.0183e-18
 6485.00   6.0712e-18   9.7284e-19
 6490.00   9.1146e-18   9.7614e-19
 6495.00   7.8658e-18   9.5727e-19
 6500.00   8.0318e-18   1.0035e-18
 6505.00   6.9139e-18   9.5062e-19
 6510.00   6.8684e-18   9.1677e-19
 6515.00   6.1709e-18   9.1367e-19
 6520.00   8.3652e-18   9.2421e-19
 6525.00   7.5190e-18   9.1557e-19
 6530.00   5.8851e-18   8.9613e-19
 6535.00   7.2855e-18   9.4411e-19
 6540.00   7.6239e-18   9.1268e-19
 6545.00   7.2656e-18   9.3351e-19
 6550.00   7.9300e-18   9.0744e-19
 6555.00   5.1558e-18   9.4805e-19
 6560.00   6.6143e-18   9.1173e-19
 6565.00   7.2045e-18   9.4141e-19
 6570.00   6.6825e-18   9.3991e-19
 6575.00   7.3853e-18   9.6411e-19
 6580.00   8.2448e-18   9.5130e-19
 6585.00   6.8108e-18   9.3876e-19
 6590.00   7.3896e-18   9.5038e-19
 6595.00   6.6649e-18   9.5758e-19
 6600.00   6.8918e-18   9.6142e-19
 6605.00   6.0046e-18   9.9220e-19
 6610.00   6.1944e-18   9.6558e-19
 6615.00   6.2978e-18   9.8001e-19
 6620.00   7.2111e-18   9.9680e-19
 6625.00   6.1765e-18   9.9718e-19
 6630.00   5.3797e-18   1.0209e-18
 6635.00   6.8113e-18   1.0319e-18
 6640.00   7.5200e-18   1.0398e-18
 6645.00   8.0058e-18   1.0440e-18
 6650.00   5.6427e-18   1.0446e-18
 6655.00   7.8289e-18   1.0614e-18
 6660.00   7.1739e-18   1.0618e-18
 6665.00   6.2527e-18   1.0615e-18
 6670.00   7.4071e-18   1.0630e-18
 6675.00   8.9230e-18   1.0623e-18
 6680.00   7.4151e-18   1.0475e-18
 6685.00   5.9879e-18   1.0417e-18
 6690.00   6.3638e-18   1.0382e-18
 6695.00   5.1134e-18   1.0195e-18
 6700.00   5.6383e-18   1.0237e-18
 6705.00   6.2031e-18   1.0108e-18
 6710.00   6.6123e-18   1.0077e-18
 6715.00   7.4229e-18   1.0730e-18
 6720.00   5.3607e-18   1.0281e-18
 6725.00   7.0772e-18   1.0169e-18
 6730.00   6.8613e-18   9.9026e-19
 6735.00   6.8840e-18   9.6798e-19
 6740.00   6.9292e-18   9.4941e-19
 6745.00   7.0093e-18   9.4039e-19
 6750.00   7.0596e-18   9.1215e-19
 6755.00   7.6256e-18   9.0786e-19
 6760.00   6.5314e-18   8.9230e-19
 6765.00   7.7022e-18   8.8853e-19
 6770.00   5.3645e-18   8.6316e-19
 6775.00   5.9756e-18   8.6033e-19
 6780.00   5.6011e-18   8.5062e-19
 6785.00   6.3263e-18   8.4757e-19
 6790.00   5.4110e-18   8.3083e-19
 6795.00   5.7363e-18   8.2580e-19
 6800.00   4.7025e-18   8.2029e-19
 6805.00   7.4726e-18   8.3467e-19
 6810.00   6.5673e-18   8.2284e-19
 6815.00   7.1537e-18   8.2545e-19
 6820.00   6.7840e-18   8.1718e-19
 6825.00   7.1606e-18   8.4416e-19
 6830.00   5.8782e-18   9.3263e-19
 6835.00   7.6496e-18   9.2726e-19
 6840.00   7.0941e-18   8.6770e-19
 6845.00   6.0209e-18   8.2786e-19
 6850.00   7.8575e-18   8.5492e-19
 6855.00   5.6005e-18   8.4591e-19
 6860.00   6.2998e-18   8.6907e-19
 6865.00   5.2239e-18   9.5383e-19
 6870.00   3.9927e-18   8.6390e-19
 6875.00   4.4999e-18   8.5633e-19
 6880.00   6.2918e-18   9.1335e-19
 6885.00   5.0390e-18   9.0103e-19
 6890.00   5.0356e-18   9.3803e-19
 6895.00   5.1544e-18   9.1287e-19
 6900.00   6.9711e-18   9.7112e-19
 6905.00   7.7018e-18   9.5087e-19
 6910.00   5.7462e-18   9.6259e-19
 6915.00   4.5543e-18   9.7425e-19
 6920.00   5.4872e-18   9.5711e-19
 6925.00   4.4401e-18   1.0214e-18
 6930.00   4.1740e-18   9.5690e-19
 6935.00   5.7792e-18   9.5693e-19
 6940.00   4.3421e-18   1.0016e-18
 6945.00   5.6393e-18   9.5528e-19
 6950.00   4.9342e-18   1.0178e-18
 6955.00   6.2711e-18   9.5015e-19
 6960.00   6.0549e-18   9.3799e-19
 6965.00   7.9869e-18   9.4328e-19
 6970.00   5.0968e-18   9.4506e-19
 6975.00   4.7281e-18   9.1248e-19
 6980.00   6.8458e-18   9.6245e-19
 6985.00   5.4973e-18   8.9685e-19
 6990.00   6.8735e-18   9.8961e-19
 6995.00   5.4679e-18   9.6375e-19
 7000.00   5.3767e-18   9.5515e-19
 7005.00   5.8296e-18   9.3456e-19
 7010.00   4.6659e-18   9.2253e-19
 7015.00   5.3949e-18   8.5861e-19
 7020.00   5.6342e-18   8.4575e-19
 7025.00   6.5918e-18   8.3506e-19
 7030.00   4.4889e-18   8.0869e-19
 7035.00   5.3897e-18   7.9940e-19
 7040.00   4.5383e-18   7.9298e-19
 7045.00   6.2123e-18   8.0478e-19
 7050.00   4.4513e-18   8.2212e-19
 7055.00   5.7043e-18   7.7397e-19
 7060.00   5.3715e-18   7.5725e-19
 7065.00   5.4000e-18   7.6463e-19
 7070.00   5.4147e-18   7.4812e-19
 7075.00   5.4351e-18   7.4478e-19
 7080.00   4.7117e-18   7.4085e-19
 7085.00   5.3062e-18   7.2472e-19
 7090.00   5.9840e-18   7.4801e-19
 7095.00   4.8556e-18   7.1113e-19
 7100.00   5.5342e-18   7.1327e-19
 7105.00   5.9193e-18   7.1182e-19
 7110.00   5.5355e-18   7.1612e-19
 7115.00   4.9241e-18   7.0663e-19
 7120.00   5.6788e-18   7.1608e-19
 7125.00   4.9433e-18   7.1661e-19
 7130.00   5.3156e-18   7.2649e-19
 7135.00   6.0184e-18   7.3142e-19
 7140.00   6.6988e-18   7.3805e-19
 7145.00   5.3351e-18   7.6721e-19
 7150.00   4.4951e-18   7.4341e-19
 7155.00   4.4290e-18   7.4164e-19
 7160.00   5.9974e-18   7.6896e-19
 7165.00   5.9724e-18   7.7094e-19
 7170.00   5.3354e-18   7.7759e-19
 7175.00   6.0817e-18   7.9267e-19
 7180.00   8.0484e-18   8.1266e-19
 7185.00   4.6160e-18   7.8385e-19
 7190.00   5.0977e-18   7.9914e-19
 7195.00   5.0701e-18   8.0413e-19
 7200.00   4.9662e-18   8.1757e-19
 7205.00   5.3629e-18   8.2028e-19
 7210.00   5.8872e-18   8.3122e-19
 7215.00   5.4420e-18   8.3767e-19
 7220.00   6.1747e-18   8.4743e-19
 7225.00   6.0914e-18   8.6089e-19
 7230.00   6.3372e-18   8.6219e-19
 7235.00   4.9706e-18   8.6676e-19
 7240.00   6.7008e-18   1.1310e-18
 7245.00   6.7433e-18   1.0262e-18
 7250.00   6.6643e-18   8.7774e-19
 7255.00   5.2137e-18   9.3671e-19
 7260.00   6.1280e-18   8.6283e-19
 7265.00   5.6932e-18   8.6711e-19
 7270.00   5.4766e-18   8.7409e-19
 7275.00   5.5623e-18   9.9047e-19
 7280.00   5.4236e-18   8.5275e-19
 7285.00   6.7873e-18   9.2128e-19
 7290.00   4.8524e-18   8.3573e-19
 7295.00   4.2808e-18   9.7277e-19
 7300.00   4.7855e-18   8.8790e-19
 7305.00   5.4832e-18   9.5958e-19
 7310.00   5.0117e-18   8.6380e-19
 7315.00   4.8864e-18   9.2700e-19
 7320.00   5.5188e-18   8.0778e-19
 7325.00   5.5306e-18   7.9854e-19
 7330.00   5.9327e-18   8.7604e-19
 7335.00   5.3748e-18   7.6981e-19
 7340.00   5.7828e-18   8.5748e-19
 7345.00   4.5948e-18   7.4716e-19
 7350.00   4.8434e-18   7.4938e-19
 7355.00   5.0322e-18   7.2864e-19
 7360.00   5.8470e-18   7.9118e-19
 7365.00   5.3450e-18   7.2136e-19
 7370.00   4.2409e-18   7.9477e-19
 7375.00   4.9222e-18   7.0522e-19
 7380.00   5.2519e-18   6.9502e-19
 7385.00   5.6043e-18   6.8560e-19
 7390.00   3.8872e-18   7.3372e-19
 7395.00   6.3160e-18   6.9357e-19
 7400.00   4.4787e-18   7.5646e-19
 7405.00   5.8550e-18   6.7904e-19
 7410.00   5.1482e-18   6.7457e-19
 7415.00   5.1292e-18   6.8849e-19
 7420.00   5.6066e-18   6.7701e-19
 7425.00   5.6451e-18   6.7436e-19
 7430.00   5.6146e-18   7.1732e-19
 7435.00   5.6320e-18   6.8330e-19
 7440.00   5.6766e-18   7.5793e-19
 7445.00   6.2346e-18   6.8166e-19
 7450.00   4.8612e-18   6.7862e-19
 7455.00   5.1155e-18   6.9060e-19
 7460.00   4.9079e-18   7.0564e-19
 7465.00   6.5955e-18   7.4400e-19
 7470.00   6.2283e-18   7.5696e-19
 7475.00   5.1843e-18   7.4857e-19
 7480.00   5.3729e-18   7.8771e-19
 7485.00   6.3046e-18   7.7563e-19
 7490.00   5.4753e-18   7.2532e-19
 7495.00   5.9945e-18   7.5006e-19
 7500.00   4.1535e-18   7.3175e-19
 7505.00   5.0372e-18   7.3714e-19
 7510.00   4.7390e-18   7.3682e-19
 7515.00   5.7111e-18   7.6357e-19
 7520.00   5.5861e-18   7.7277e-19
 7525.00   4.4870e-18   8.6886e-19
 7530.00   5.5864e-18   8.0845e-19
 7535.00   4.5274e-18   7.6862e-19
 7540.00   4.0791e-18   7.8679e-19
 7545.00   5.7400e-18   7.8152e-19
 7550.00   4.6353e-18   7.7820e-19
 7555.00   5.4380e-18   8.0603e-19
 7560.00   5.2047e-18   8.0547e-19
 7565.00   4.3839e-18   7.9396e-19
 7570.00   5.2782e-18   8.7199e-19
 7575.00   4.2031e-18   8.1622e-19
 7580.00   4.2731e-18   7.8917e-19
 7585.00   4.6761e-18   8.2747e-19
 7590.00   4.0848e-18   7.8559e-19
 7595.00   2.5558e-18   7.4765e-19
 7600.00   2.8927e-19   7.6680e-19
 7605.00   4.4026e-19   7.2159e-19
 7610.00   5.2270e-19   7.2014e-19
 7615.00   3.0142e-18   7.4154e-19
 7620.00   4.1379e-18   9.7490e-19
 7625.00   2.1588e-18   8.5570e-19
 7630.00   2.6571e-18   8.8329e-19
 7635.00   2.3662e-18   8.0372e-19
 7640.00   2.9402e-18   8.0868e-19
 7645.00   3.9566e-18   8.0056e-19
 7650.00   3.7871e-18   7.8108e-19
 7655.00   2.6439e-18   7.8166e-19
 7660.00   2.9976e-18   7.7776e-19
 7665.00   4.6655e-18   7.6240e-19
 7670.00   3.8161e-18   7.3611e-19
 7675.00   4.8504e-18   7.3157e-19
 7680.00   4.6343e-18   7.4310e-19
 7685.00   4.5159e-18   7.2859e-19
 7690.00   6.2403e-18   7.4526e-19
 7695.00   4.6078e-18   7.0643e-19
 7700.00   4.6301e-18   7.3538e-19
 7705.00   5.2193e-18   6.8358e-19
 7710.00   6.4011e-18   7.4252e-19
 7715.00   3.7013e-18   1.0072e-18
 7720.00   5.9844e-18   7.3157e-19
 7725.00   4.6911e-18   7.8487e-19
 7730.00   5.6336e-18   6.7665e-19
 7735.00   5.3931e-18   7.0489e-19
 7740.00   5.5542e-18   6.7614e-19
 7745.00   5.5059e-18   6.6944e-19
 7750.00   5.1960e-18   8.4200e-19
 7755.00   5.0611e-18   6.6949e-19
 7760.00   5.7455e-18   7.2733e-19
 7765.00   5.6471e-18   6.5652e-19
 7770.00   4.8326e-18   7.2469e-19
 7775.00   5.0960e-18   8.5223e-19
 7780.00   5.0663e-18   7.2619e-19
 7785.00   4.7006e-18   6.7543e-19
 7790.00   4.4927e-18   6.9540e-19
 7795.00   5.3586e-18   7.6191e-19
 7800.00   4.2100e-18   6.5482e-19
 7805.00   5.7742e-18   6.7248e-19
 7810.00   5.1583e-18   7.5118e-19
 7815.00   5.3775e-18   6.8716e-19
 7820.00   5.8445e-18   8.0310e-19
 7825.00   4.9847e-18   6.7435e-19
 7830.00   4.6043e-18   6.8216e-19
 7835.00   5.0986e-18   6.7968e-19
 7840.00   4.7120e-18   7.4884e-19
 7845.00   4.0986e-18   6.6872e-19
 7850.00   4.2085e-18   7.6877e-19
 7855.00   5.5330e-18   8.1101e-19
 7860.00   5.6964e-18   8.1832e-19
 7865.00   5.2493e-18   7.1011e-19
 7870.00   4.7594e-18   8.1953e-19
 7875.00   5.1508e-18   7.0397e-19
 7880.00   5.2703e-18   8.6184e-19
 7885.00   6.1983e-18   7.5786e-19
 7890.00   4.4497e-18   8.6992e-19
 7895.00   4.5314e-18   7.4633e-19
 7900.00   4.2244e-18   7.3129e-19
 7905.00   4.6437e-18   7.4889e-19
 7910.00   4.5183e-18   7.8189e-19
 7915.00   4.8201e-18   8.6456e-19
 7920.00   4.1870e-18   8.8149e-19
 7925.00   5.5288e-18   7.5407e-19
 7930.00   5.1513e-18   8.7887e-19
 7935.00   5.3081e-18   7.5143e-19
 7940.00   5.0034e-18   7.5151e-19
 7945.00   4.5973e-18   7.6393e-19
 7950.00   5.9597e-18   8.1627e-19
 7955.00   5.4678e-18   7.4290e-19
 7960.00   5.2159e-18   7.4240e-19
 7965.00   5.5097e-18   8.4786e-19
 7970.00   4.5298e-18   7.7610e-19
 7975.00   4.6956e-18   7.7860e-19
 7980.00   5.2777e-18   8.3131e-19
 7985.00   3.8159e-18   8.9884e-19
 7990.00   6.6374e-18   9.1719e-19
 7995.00   7.1138e-18   1.0374e-18
 8000.00   4.0654e-18   8.7063e-19
 8005.00   5.7437e-18   8.4551e-19
 8010.00   4.4742e-18   8.1690e-19
 8015.00   4.0120e-18   8.8181e-19
 8020.00   5.9685e-18   8.2726e-19
 8025.00   4.7814e-18   9.0141e-19
 8030.00   4.9763e-18   8.3068e-19
 8035.00   5.3965e-18   7.5375e-19
 8040.00   4.3374e-18   7.3393e-19
 8045.00   5.1242e-18   7.1847e-19
 8050.00   4.7284e-18   7.8440e-19
 8055.00   3.9566e-18   6.9288e-19
 8060.00   3.9185e-18   7.5522e-19
 8065.00   4.7361e-18   7.0953e-19
 8070.00   5.4534e-18   6.7557e-19
 8075.00   4.8680e-18   6.7833e-19
 8080.00   4.3073e-18   6.6383e-19
 8085.00   4.9387e-18   6.8635e-19
 8090.00   5.1285e-18   6.5196e-19
 8095.00   5.7074e-18   6.9547e-19
 8100.00   5.6291e-18   6.9340e-19
 8105.00   4.6556e-18   6.8268e-19
 8110.00   5.0520e-18   6.4481e-19
 8115.00   4.4899e-18   6.2855e-19
 8120.00   5.4744e-18   6.3683e-19
 8125.00   4.6381e-18   6.3700e-19
 8130.00   4.8464e-18   6.3718e-19
 8135.00   5.4278e-18   6.4215e-19
 8140.00   5.6788e-18   6.6946e-19
 8145.00   5.7013e-18   6.7854e-19
 8150.00   4.4569e-18   6.2325e-19
 8155.00   5.5833e-18   6.2577e-19
 8160.00   4.7972e-18   6.2792e-19
 8165.00   5.1279e-18   6.1970e-19
 8170.00   4.5619e-18   6.1344e-19
 8175.00   4.7209e-18   6.1673e-19
 8180.00   5.4650e-18   6.1975e-19
 8185.00   4.1942e-18   6.1352e-19
 8190.00   5.2003e-18   6.4052e-19
 8195.00   4.3698e-18   6.4083e-19
 8200.00   4.9011e-18   6.2195e-19
 8205.00   3.8918e-18   6.2443e-19
 8210.00   4.5744e-18   6.2245e-19
 8215.00   4.6134e-18   6.2449e-19
 8220.00   4.2518e-18   6.1507e-19
 8225.00   4.2420e-18   6.2607e-19
 8230.00   3.7951e-18   6.1577e-19
 8235.00   4.0452e-18   6.2006e-19
 8240.00   4.2069e-18   6.3783e-19
 8245.00   4.3251e-18   6.3608e-19
 8250.00   3.5852e-18   6.3918e-19
 8255.00   3.8435e-18   6.3901e-19
 8260.00   4.6810e-18   6.3803e-19
 8265.00   3.8265e-18   6.3509e-19
 8270.00   3.1769e-18   6.4192e-19
 8275.00   3.3304e-18   6.4867e-19
 8280.00   4.4733e-18   9.3836e-19
 8285.00   3.0318e-18   7.4659e-19
 8290.00   3.4148e-18   7.8382e-19
 8295.00   5.6776e-18   7.4014e-19
 8300.00   3.6222e-18   7.8248e-19
 8305.00   3.5318e-18   6.9217e-19
 8310.00   4.4957e-18   7.5051e-19
 8315.00   4.8912e-18   6.8955e-19
 8320.00   3.5703e-18   7.0496e-19
 8325.00   4.6369e-18   6.9224e-19
 8330.00   3.7397e-18   6.8891e-19
 8335.00   3.7668e-18   6.9366e-19
 8340.00   3.5752e-18   7.1987e-19
 8345.00   4.2990e-18   9.1144e-19
 8350.00   4.5012e-18   7.6580e-19
 8355.00   5.2889e-18   7.8778e-19
 8360.00   4.2215e-18   7.3860e-19
 8365.00   3.4460e-18   8.1178e-19
 8370.00   3.8526e-18   7.0402e-19
 8375.00   3.2073e-18   9.2872e-19
 8380.00   2.9446e-18   1.0395e-18
 8385.00   2.8876e-18   9.2397e-19
 8390.00   4.7804e-18   9.0094e-19
 8395.00   4.1125e-18   8.5042e-19
 8400.00   3.6242e-18   9.9048e-19
 8405.00   2.8566e-18   8.0670e-19
 8410.00   2.9041e-18   7.9091e-19
 8415.00   3.6587e-18   8.9635e-19
 8420.00   3.9553e-18   7.7289e-19
 8425.00   3.5939e-18   8.0700e-19
 8430.00   5.1096e-18   9.4613e-19
 8435.00   3.3241e-18   7.4977e-19
 8440.00   3.1291e-18   7.1938e-19
 8445.00   3.4265e-18   8.0714e-19
 8450.00   3.5201e-18   7.7554e-19
 8455.00   4.5572e-18   7.2993e-19
 8460.00   3.4443e-18   6.8584e-19
 8465.00   3.4376e-18   8.1298e-19
 8470.00   3.5403e-18   6.6160e-19
 8475.00   3.7382e-18   6.7988e-19
 8480.00   4.4292e-18   6.5303e-19
 8485.00   3.7777e-18   6.4762e-19
 8490.00   4.4634e-18   6.4248e-19
 8495.00   5.3384e-18   7.5016e-19
 8500.00   3.8007e-18   6.4348e-19
 8505.00   4.0037e-18   7.5374e-19
 8510.00   3.9607e-18   6.1308e-19
 8515.00   4.6159e-18   6.1648e-19
 8520.00   3.4143e-18   6.1157e-19
 8525.00   4.6568e-18   6.0108e-19
 8530.00   4.1074e-18   5.9982e-19
 8535.00   3.9803e-18   5.9188e-19
 8540.00   3.4487e-18   6.5128e-19
 8545.00   4.8163e-18   5.8963e-19
 8550.00   3.7909e-18   7.0196e-19
 8555.00   3.4170e-18   5.8183e-19
 8560.00   4.2459e-18   5.7973e-19
 8565.00   3.9941e-18   5.8149e-19
 8570.00   4.0320e-18   5.8763e-19
 8575.00   4.4284e-18   6.0749e-19
 8580.00   4.0160e-18   5.8042e-19
 8585.00   4.8357e-18   5.8500e-19
 8590.00   4.2918e-18   6.3167e-19
 8595.00   3.7637e-18   6.2424e-19
 8600.00   4.5609e-18   5.9613e-19
 8605.00   4.0234e-18   5.8904e-19
 8610.00   3.1199e-18   6.3504e-19
 8615.00   4.2108e-18   7.6028e-19
 8620.00   3.7446e-18   8.8984e-19
 8625.00   4.4239e-18   9.2092e-19
 8630.00   3.5152e-18   9.4594e-19
 8635.00   4.9228e-18   8.8867e-19
 8640.00   2.3939e-18   7.4128e-19
 8645.00   3.5245e-18   6.4808e-19
 8650.00   3.4237e-18   7.8961e-19
 8655.00   4.3830e-18   8.0538e-19
 8660.00   4.8852e-18   8.0102e-19
 8665.00   2.8455e-18   7.7951e-19
 8670.00   5.3723e-18   7.8946e-19
 8675.00   2.4323e-18   7.4604e-19
 8680.00   3.5592e-18   7.2167e-19
 8685.00   3.7223e-18   6.7207e-19
 8690.00   3.8534e-18   6.3409e-19
 8695.00   5.0013e-18   6.4777e-19
 8700.00   4.4191e-18   6.7637e-19
 8705.00   3.9502e-18   6.5422e-19
 8710.00   3.3572e-18   6.3108e-19
 8715.00   3.8510e-18   6.1887e-19
 8720.00   4.0812e-18   6.2239e-19
 8725.00   3.4120e-18   6.3548e-19
 8730.00   3.5424e-18   6.2627e-19
 8735.00   3.4306e-18   6.3496e-19
 8740.00   4.2503e-18   6.5994e-19
 8745.00   4.0500e-18   6.4997e-19
 8750.00   3.8484e-18   6.5709e-19
 8755.00   4.1600e-18   6.5712e-19
 8760.00   2.3749e-18   1.0353e-18
 8765.00   4.8574e-18   8.3684e-19
 8770.00   4.4180e-18   8.0126e-19
 8775.00   3.4502e-18   7.8176e-19
 8780.00   4.4351e-18   7.9021e-19
 8785.00   4.4022e-18   6.8252e-19
 8790.00   4.1803e-18   8.0471e-19
 8795.00   4.7364e-18   6.8721e-19
 8800.00   3.2897e-18   6.8338e-19
 8805.00   4.2775e-18   6.8244e-19
 8810.00   4.6124e-18   7.3815e-19
 8815.00   4.0353e-18   6.9215e-19
 8820.00   4.7396e-18   9.3354e-19
 8825.00   4.4079e-18   1.2826e-18
 8830.00   5.9849e-18   1.0543e-18
 8835.00   5.1989e-18   1.2845e-18
 8840.00   4.3603e-18   8.7726e-19
 8845.00   5.2007e-18   8.8569e-19
 8850.00   4.0710e-18   9.6096e-19
 8855.00   4.1933e-18   8.1785e-19
 8860.00   4.1058e-18   8.3618e-19
 8865.00   4.1847e-18   9.0411e-19
 8870.00   4.0441e-18   8.3353e-19
 8875.00   4.8775e-18   7.6010e-19
 8880.00   3.3135e-18   7.3246e-19
 8885.00   4.6937e-18   9.2180e-19
 8890.00   5.2608e-18   7.6371e-19
 8895.00   4.0562e-18   7.5459e-19
 8900.00   4.3526e-18   7.2304e-19
 8905.00   3.6677e-18   8.2580e-19
 8910.00   3.5847e-18   7.3655e-19
 8915.00   4.1620e-18   6.8824e-19
 8920.00   4.4552e-18   8.7914e-19
 8925.00   3.8930e-18   7.0339e-19
 8930.00   4.3809e-18   6.9941e-19
 8935.00   4.0362e-18   6.8822e-19
 8940.00   4.5970e-18   6.6858e-19
 8945.00   3.8258e-18   7.5347e-19
 8950.00   3.7198e-18   6.3116e-19
 8955.00   5.1710e-18   6.6966e-19
 8960.00   4.3507e-18   7.5230e-19
 8965.00   4.7550e-18   6.3250e-19
 8970.00   3.9352e-18   6.5568e-19
 8975.00   3.3300e-18   6.1593e-19
 8980.00   3.7001e-18   6.6847e-19
 8985.00   3.5297e-18   6.4915e-19
 8990.00   4.7861e-18   7.3288e-19
 8995.00   3.8382e-18   6.0755e-19
 9000.00   4.1055e-18   7.4858e-19
 9005.00   2.9157e-18   5.8325e-19
 9010.00   5.0665e-18   5.9694e-19
 9015.00   4.0606e-18   5.8181e-19
 9020.00   4.0938e-18   6.0869e-19
 9025.00   3.4614e-18   5.8820e-19
 9030.00   3.9711e-18   6.2362e-19
 9035.00   4.1058e-18   5.9571e-19
 9040.00   4.0337e-18   6.5969e-19
 9045.00   4.2574e-18   6.0429e-19
 9050.00   4.6486e-18   7.4372e-19
 9055.00   3.5903e-18   6.0245e-19
 9060.00   3.7707e-18   5.8815e-19
 9065.00   4.2785e-18   6.2627e-19
 9070.00   4.0886e-18   6.3426e-19
 9075.00   4.2181e-18   5.9079e-19
 9080.00   3.7819e-18   5.9428e-19
 9085.00   4.0329e-18   6.1201e-19
 9090.00   4.4946e-18   6.4003e-19
 9095.00   4.1280e-18   6.5853e-19
 9100.00   4.2547e-18   6.5197e-19
 9105.00   4.6688e-18   6.7311e-19
 9110.00   3.2200e-18   5.9990e-19
 9115.00   3.5491e-18   6.0689e-19
 9120.00   3.8184e-18   6.1308e-19
 9125.00   3.9706e-18   6.1862e-19
 9130.00   3.0812e-18   6.1897e-19
 9135.00   3.5913e-18   6.4893e-19
 9140.00   2.2758e-18   6.3028e-19
 9145.00   4.3895e-18   6.5805e-19
 9150.00   2.8586e-18   7.0482e-19
 9155.00   2.5154e-18   7.0690e-19
 9160.00   3.2387e-18   7.9021e-19
 9165.00   3.2421e-18   6.7230e-19
 9170.00   2.3793e-18   6.7556e-19
 9175.00   3.1188e-18   6.9298e-19
 9180.00   1.7711e-18   6.9255e-19
 9185.00   2.8027e-18   7.0920e-19
 9190.00   2.4888e-18   7.1013e-19
 9195.00   2.0769e-18   7.1801e-19
 9200.00   1.7737e-18   7.1096e-19
 9205.00   1.7595e-18   7.0159e-19
 9210.00   2.3674e-18   7.1647e-19
 9215.00   2.1227e-18   7.8559e-19
 9220.00   2.1276e-18   7.3596e-19
 9225.00   3.9784e-18   8.3660e-19
 9230.00   1.1693e-18   7.4106e-19
 9235.00   1.9765e-18   7.5291e-19
 9240.00   1.3467e-18   7.5010e-19
 9245.00   1.9272e-18   7.6681e-19
 9250.00   3.0322e-18   8.2914e-19
 9255.00   2.9520e-18   7.9756e-19
 9260.00   2.1705e-18   8.4147e-19
 9265.00   2.2987e-18   9.0430e-19
 9270.00   2.3241e-18   7.9453e-19
 9275.00   1.5849e-18   7.9779e-19
 9280.00   2.4817e-18   8.0606e-19
 9285.00   3.1985e-18   8.7058e-19
 9290.00   2.1520e-18   8.2977e-19
 9295.00   2.5131e-18   8.8825e-19
 9300.00   3.2281e-18   1.1986e-18
 9305.00   3.7767e-18   1.6006e-18
 9310.00   4.9520e-18   2.0355e-18
 9315.00   2.4067e-18   1.5702e-18
 9320.00   1.9569e-18   1.3856e-18
 9325.00   4.1411e-18   1.4527e-18
 9330.00   3.9451e-18   1.2356e-18
 9335.00   4.8984e-18   1.1882e-18
 9340.00   9.8882e-19   1.1769e-18
 9345.00   2.3604e-18   1.0465e-18
 9350.00   2.5143e-18   1.2265e-18
 9355.00   4.1410e-18   1.0402e-18
 9360.00   2.4579e-18   1.0806e-18
 9365.00   3.8718e-18   1.0346e-18
 9370.00   3.8785e-18   1.1215e-18
 9375.00   5.3768e-18   1.9989e-18
 9380.00   1.6183e-18   1.0266e-18
 9385.00   4.9168e-18   1.3772e-18
 9390.00   3.9837e-18   1.0034e-18
 9395.00   6.0669e-18   1.0272e-18
 9400.00   3.1914e-18   1.1386e-18
 9405.00   3.0193e-18   1.0044e-18
 9410.00   3.7724e-18   9.1565e-19
 9415.00   2.3163e-18   9.3191e-19
 9420.00   3.2649e-18   1.3324e-18
 9425.00   3.7636e-18   9.5091e-19
 9430.00   3.4147e-18   8.8702e-19
 9435.00   3.2134e-18   9.3873e-19
 9440.00   6.2336e-18   1.5017e-18
 9445.00   3.6527e-18   9.6165e-19
 9450.00   3.8243e-18   9.9194e-19
 9455.00   3.8132e-18   9.3370e-19
 9460.00   4.7371e-18   1.1452e-18
 9465.00   3.4759e-18   8.5165e-19
 9470.00   2.7809e-18   8.4026e-19
 9475.00   5.6561e-18   1.1944e-18
 9480.00   3.4800e-18   9.5980e-19
 9485.00   3.9961e-18   8.5709e-19
 9490.00   4.1255e-18   8.6924e-19
 9495.00   4.0939e-18   8.2054e-19
 9500.00   3.8145e-18   9.1843e-19
 9505.00   4.4390e-18   9.7025e-19
 9510.00   5.4221e-18   8.2021e-19
 9515.00   3.4093e-18   8.2705e-19
 9520.00   3.1086e-18   1.2261e-18
 9525.00   2.8623e-18   8.1244e-19
 9530.00   3.2970e-18   8.7146e-19
 9535.00   4.7454e-18   9.3418e-19
 9540.00   4.4270e-18   8.0171e-19
 9545.00   5.0601e-18   7.9253e-19
 9550.00   4.3260e-18   8.9618e-19
 9555.00   5.7040e-18   9.0715e-19
 9560.00   2.6699e-18   8.5033e-19
 9565.00   4.8048e-18   9.9191e-19
 9570.00   6.0861e-18   1.0095e-18
 9575.00   4.6542e-18   8.4252e-19
 9580.00   3.2745e-18   8.1026e-19
 9585.00   3.2888e-18   8.2250e-19
 9590.00   4.9239e-18   8.5531e-19
 9595.00   5.0556e-18   8.3878e-19
 9600.00   4.4456e-18   8.4336e-19
 9605.00   5.1629e-18   9.2796e-19
 9610.00   4.0695e-18   9.6989e-19
 9615.00   4.5993e-18   8.9584e-19
 9620.00   6.9857e-18   1.2205e-18
 9625.00   2.9112e-18   9.6983e-19
 9630.00   3.9826e-18   9.8015e-19
 9635.00   3.7148e-18   9.0920e-19
 9640.00   4.8130e-18   9.2409e-19
 9645.00   4.0140e-18   8.9805e-19
 9650.00   4.0822e-18   9.4511e-19
 9655.00   4.0706e-18   1.0139e-18
 9660.00   4.4231e-18   1.0449e-18
 9665.00   4.5383e-18   9.9107e-19
 9670.00   4.5255e-18   1.2602e-18
 9675.00   4.2117e-18   1.0597e-18
 9680.00   6.5962e-18   1.4946e-18
 9685.00   5.4686e-18   1.1156e-18
 9690.00   4.2972e-18   1.1710e-18
 9695.00   4.4564e-18   1.0985e-18
 9700.00   6.1139e-18   1.3759e-18
 9705.00   3.6571e-18   1.1051e-18
 9710.00   3.8034e-18   1.2493e-18
 9715.00   4.4257e-18   1.1541e-18
 9720.00   4.4196e-18   1.5400e-18
 9725.00   4.4370e-18   1.2521e-18
 9730.00   2.9328e-18   1.2198e-18
 9735.00   4.1897e-18   1.3850e-18
 9740.00   4.0862e-18   1.3340e-18
 9745.00   2.1402e-18   1.4093e-18
 9750.00   2.6252e-18   1.2147e-18
 9755.00   3.8589e-18   1.2749e-18
 9760.00   1.9192e-18   1.2517e-18
 9765.00   4.1763e-18   1.2770e-18
 9770.00   4.0369e-18   1.2980e-18
 9775.00   4.2242e-18   1.3153e-18
 9780.00   3.9689e-18   1.3446e-18
 9785.00   2.5297e-18   1.3716e-18
 9790.00   7.4455e-18   2.2376e-18
 9795.00   3.5661e-18   1.5579e-18
 9800.00   5.2195e-18   1.7550e-18
 9805.00   3.5223e-18   1.4958e-18
 9810.00   4.1742e-18   1.6678e-18
 9815.00   3.1944e-18   1.6147e-18
 9820.00   3.5945e-18   1.5548e-18
 9825.00   1.1519e-18   1.5435e-18
 9830.00   1.4893e-18   1.5865e-18
 9835.00   3.2230e-18   1.5494e-18
 9840.00   2.6817e-18   1.5478e-18
 9845.00   2.8144e-18   1.6052e-18
 9850.00   3.2834e-18   1.8508e-18
 9855.00   3.0766e-18   1.5919e-18
 9860.00   2.0400e-18   1.6116e-18
 9865.00   1.3459e-19   2.2022e-18
 9870.00   3.9637e-18   2.7850e-18
 9875.00   1.7651e-18   2.4142e-18
 9880.00   3.0083e-19   2.0927e-18
 9885.00   1.7004e-18   2.2948e-18
 9890.00   2.3632e-18   2.1589e-18
 9895.00   1.5036e-18   2.7364e-18
 9900.00   1.9254e-18   2.1097e-18
 9905.00   2.0718e-18   2.0708e-18
 9910.00   2.2764e-18   2.1724e-18
 9915.00   6.0106e-18   3.0575e-18
 9920.00   2.7437e-18   2.1006e-18
 9925.00  -2.5347e-19   2.0010e-18
 9930.00   3.5624e-18   2.0250e-18
 9935.00  -7.9350e-20   2.0531e-18
 9940.00   7.2139e-18   2.8075e-18
 9945.00   1.4856e-17   3.9593e-18
 9950.00   1.3303e-18   2.7055e-18
 9955.00   3.8492e-18   2.9189e-18
 9960.00   6.9523e-18   3.1759e-18
 9965.00   7.2622e-19   2.2133e-18
 9970.00   2.0105e-18   2.3467e-18
 9975.00   1.7626e-18   2.2613e-18
 9980.00   3.0560e-18   2.2613e-18
 9985.00   4.9473e-20   2.0071e-18
 9990.00   1.3466e-18   2.0017e-18
 9995.00   4.0824e-18   2.0730e-18
10000.00   4.8864e-18   2.4805e-18
10005.00  -3.5708e-19   2.1889e-18
10010.00   7.3835e-18   2.9872e-18
10015.00   6.1591e-18   3.2636e-18
10020.00   1.7769e-18   2.4933e-18
10025.00   1.1859e-18   2.9880e-18
10030.00   1.8484e-18   2.3226e-18
10035.00   2.7925e-18   2.3482e-18
10040.00   2.5114e-18   2.4264e-18
10045.00   2.2276e-19   2.7008e-18
10050.00   1.7906e-18   2.3798e-18
10055.00   1.4855e-18   2.4361e-18
10060.00  -6.0409e-19   3.3538e-18
10065.00   9.2503e-19   2.8409e-18
10070.00   6.1234e-18   3.1439e-18
10075.00   5.4031e-18   2.7187e-18
10080.00  -4.6451e-19   3.3112e-18
10085.00  -1.3690e-18   3.2012e-18
10090.00  -1.9686e-18   2.7251e-18
10095.00   1.9711e-18   2.8151e-18
10100.00   2.1921e-18   3.0158e-18
10105.00   2.5462e-18   3.5627e-18
10110.00   2.1951e-18   3.0008e-18
10115.00  -2.8985e-18   3.0542e-18
10120.00   2.0837e-18   3.5250e-18
10125.00   1.0757e-17   4.8811e-18
10130.00   3.4819e-18   3.5959e-18
10135.00   1.5317e-18   3.6441e-18
10140.00   3.1782e-18   3.6878e-18
10145.00   1.0159e-18   4.2112e-18
10150.00   9.5597e-19   4.4665e-18
10155.00   7.5617e-18   5.0535e-18
10160.00   1.5341e-18   4.8395e-18
10165.00  -4.2216e-18   4.8759e-18
10170.00   5.6843e-18   6.5515e-18
10175.00   5.7834e-18   5.5752e-18
10180.00  -2.4047e-18   5.7186e-18
10185.00  -1.9891e-19   5.6819e-18
10190.00  -1.3750e-17   6.9139e-18
10195.00  -1.6555e-18   6.1510e-18
10200.00   6.4592e-19   6.5552e-18
10205.00  -3.7023e-18   7.4930e-18
10210.00   3.9832e-18   9.8393e-18
10215.00  -1.9206e-18   7.5436e-18
10220.00  -1.2244e-17   7.8922e-18
10225.00  -5.0565e-18   9.7916e-18
10230.00   8.5694e-18   9.9419e-18
10235.00  -1.2326e-18   9.5860e-18
10240.00   1.6164e-17   1.0237e-17
10245.00   4.5141e-18   1.0828e-17
10250.00   3.0587e-18   1.1723e-17
10255.00  -1.1881e-17   1.2469e-17
10260.00   1.5885e-17   1.3636e-17
10265.00   4.6179e-18   1.4770e-17
10270.00  -2.1163e-17   1.6207e-17
10275.00   2.7623e-17   1.7486e-17
10280.00  -1.4414e-17   1.8699e-17
10285.00   3.0941e-17   2.5792e-17
10290.00  -2.3245e-17   2.3417e-17
10295.00  -1.3864e-17   2.6614e-17
10300.00  -2.1062e-17   2.7872e-17
10305.00   2.4891e-17   3.1761e-17
10310.00  -4.0068e-17   3.6192e-17
10315.00   2.5046e-17   4.1733e-17
10320.00  -3.3552e-17   4.8746e-17
10325.00  -9.1038e-18   5.6459e-17
10330.00  -6.1540e-17   7.8860e-17
10335.00  -6.7092e-17   7.0467e+04
10340.00  -6.7092e-17   7.0467e+04
10345.00  -6.7092e-17   7.0467e+04
10350.00  -6.7092e-17   7.0467e+04
10355.00  -6.7092e-17   7.0467e+04
10360.00  -6.7092e-17   7.0467e+04
10365.00  -6.7092e-17   7.0467e+04
10370.00  -6.7092e-17   7.0467e+04
10375.00  -6.7092e-17   7.0467e+04
10380.00  -6.7092e-17   7.0467e+04
10385.00  -6.7092e-17   7.0467e+04
10390.00  -6.7092e-17   7.0467e+04
10395.00  -6.7092e-17   7.0467e+04
10400.00  -6.7092e-17   9.9999e+04
