 
TRANSIENT_NAME:     DES15S2nr  
SNID:               1281880    
OBS_DATE:           2015-09-19
MJD:                57284. 
PHASE:              -29.   
MJD_MAX:            57318.9 (Angus et. al.: MNRAS, 487, 2215A, 2019)
TYPE:               41 
SPEC_EVAL:          SLSN-I
REDSHIFT:           0.2200  
REDSHIFT_ERR:       0.0005  
REDSHIFT_SOURCE:    Z_GAL
TELESCOPE:          VLT
INSTRUMENT:         X-SHOOTER
 
======================================
 
# WAVE  FLUX  FLUX_ERR
 3050.00   2.2630e-17   9.9999e+04
 3055.00   2.2630e-17   2.9814e-17
 3060.00   2.4303e-17   2.4272e-17
 3065.00   3.5469e-17   1.9842e-17
 3070.00   1.9023e-17   1.6007e-17
 3075.00   2.6269e-17   1.3369e-17
 3080.00   3.2204e-17   1.1618e-17
 3085.00   2.6510e-17   1.0183e-17
 3090.00   1.8284e-17   8.8973e-18
 3095.00   2.5651e-17   7.8266e-18
 3100.00   1.2276e-17   7.0821e-18
 3105.00   2.9141e-17   6.5539e-18
 3110.00   2.3528e-17   6.1142e-18
 3115.00   1.9074e-17   5.6497e-18
 3120.00   3.0089e-17   5.3763e-18
 3125.00   2.4168e-17   5.1137e-18
 3130.00   3.8999e-17   5.0715e-18
 3135.00   1.9386e-17   4.9555e-18
 3140.00   2.0710e-17   4.9964e-18
 3145.00   2.7976e-17   4.9219e-18
 3150.00   1.8270e-17   4.9171e-18
 3155.00   1.8488e-17   4.9723e-18
 3160.00   3.4142e-17   5.0055e-18
 3165.00   3.1429e-17   5.0049e-18
 3170.00   1.2354e-17   4.9409e-18
 3175.00   3.2016e-17   4.8756e-18
 3180.00   1.7816e-17   4.7140e-18
 3185.00   2.7100e-17   4.4645e-18
 3190.00   2.5017e-17   4.2149e-18
 3195.00   1.7138e-17   4.0387e-18
 3200.00   2.6532e-17   3.9009e-18
 3205.00   3.2914e-17   3.7015e-18
 3210.00   1.9165e-17   3.4723e-18
 3215.00   1.9777e-17   3.1797e-18
 3220.00   2.7215e-17   3.0235e-18
 3225.00   2.6690e-17   2.8229e-18
 3230.00   3.4285e-17   2.6750e-18
 3235.00   1.9765e-17   2.4854e-18
 3240.00   2.9211e-17   2.4347e-18
 3245.00   2.2534e-17   2.4025e-18
 3250.00   2.3480e-17   2.3343e-18
 3255.00   1.3682e-17   2.3101e-18
 3260.00   2.4327e-17   2.3057e-18
 3265.00   2.2817e-17   2.2859e-18
 3270.00   1.0452e-17   2.3764e-18
 3275.00   1.4890e-17   2.3416e-18
 3280.00   1.0713e-17   2.3500e-18
 3285.00   1.5626e-17   2.4628e-18
 3290.00   1.3123e-17   2.4659e-18
 3295.00   1.3452e-17   2.5757e-18
 3300.00   1.0007e-17   2.6096e-18
 3305.00   1.5450e-17   2.6533e-18
 3310.00   8.8032e-18   2.6646e-18
 3315.00   6.5097e-18   2.6758e-18
 3320.00   9.5757e-18   2.6280e-18
 3325.00   6.7598e-18   2.5479e-18
 3330.00   1.9577e-17   2.4334e-18
 3335.00   2.0316e-17   2.3014e-18
 3340.00   1.9197e-17   2.2017e-18
 3345.00   1.8823e-17   2.0331e-18
 3350.00   1.9254e-17   1.9692e-18
 3355.00   1.8793e-17   1.8704e-18
 3360.00   7.1013e-18   1.7202e-18
 3365.00   1.4562e-17   1.6915e-18
 3370.00   1.9244e-17   1.7409e-18
 3375.00   2.5686e-17   1.6789e-18
 3380.00   3.3482e-17   1.6360e-18
 3385.00   3.1584e-17   1.5694e-18
 3390.00   3.6065e-17   1.5492e-18
 3395.00   3.4725e-17   1.5338e-18
 3400.00   3.1853e-17   1.5273e-18
 3405.00   3.5556e-17   1.5149e-18
 3410.00   2.1413e-17   1.4477e-18
 3415.00   3.1508e-17   1.5547e-18
 3420.00   2.1055e-17   1.5182e-18
 3425.00   2.9255e-17   1.6748e-18
 3430.00   3.0124e-17   1.6539e-18
 3435.00   2.7417e-17   1.7237e-18
 3440.00   3.3607e-17   1.8038e-18
 3445.00   3.2987e-17   1.8016e-18
 3450.00   2.9408e-17   1.8985e-18
 3455.00   2.6310e-17   1.9285e-18
 3460.00   2.6197e-17   1.9493e-18
 3465.00   3.1693e-17   1.9506e-18
 3470.00   3.0863e-17   1.9398e-18
 3475.00   2.6499e-17   1.8709e-18
 3480.00   2.8036e-17   1.8505e-18
 3485.00   2.6439e-17   1.8014e-18
 3490.00   3.0310e-17   1.7266e-18
 3495.00   2.6357e-17   1.6195e-18
 3500.00   3.1689e-17   1.5309e-18
 3505.00   2.5221e-17   1.4660e-18
 3510.00   2.9578e-17   1.4141e-18
 3515.00   2.8582e-17   1.3276e-18
 3520.00   2.7486e-17   1.2460e-18
 3525.00   2.7716e-17   1.2042e-18
 3530.00   2.8475e-17   1.1665e-18
 3535.00   2.5945e-17   1.1096e-18
 3540.00   2.5047e-17   1.1071e-18
 3545.00   2.7332e-17   1.1197e-18
 3550.00   2.7157e-17   1.0908e-18
 3555.00   2.5898e-17   1.0639e-18
 3560.00   2.7352e-17   1.0149e-18
 3565.00   2.7885e-17   9.5193e-19
 3570.00   2.6878e-17   9.2082e-19
 3575.00   2.7709e-17   9.2095e-19
 3580.00   2.8562e-17   9.1358e-19
 3585.00   2.7534e-17   9.2928e-19
 3590.00   2.7528e-17   9.6618e-19
 3595.00   2.7984e-17   1.0391e-18
 3600.00   2.6767e-17   1.1152e-18
 3605.00   2.6514e-17   1.1478e-18
 3610.00   2.5946e-17   1.1897e-18
 3615.00   2.8092e-17   1.2532e-18
 3620.00   2.8083e-17   1.2925e-18
 3625.00   3.1427e-17   1.3290e-18
 3630.00   2.5658e-17   1.3638e-18
 3635.00   3.1336e-17   1.3883e-18
 3640.00   2.8970e-17   1.3592e-18
 3645.00   3.0067e-17   1.3402e-18
 3650.00   2.9342e-17   1.2832e-18
 3655.00   2.7822e-17   1.2360e-18
 3660.00   2.8732e-17   1.1773e-18
 3665.00   2.5096e-17   1.0960e-18
 3670.00   2.6692e-17   1.0420e-18
 3675.00   2.4131e-17   9.7760e-19
 3680.00   2.2303e-17   9.3171e-19
 3685.00   2.6975e-17   8.9902e-19
 3690.00   2.5864e-17   8.4861e-19
 3695.00   2.6557e-17   8.2192e-19
 3700.00   2.5098e-17   8.0652e-19
 3705.00   2.3926e-17   7.7542e-19
 3710.00   2.5507e-17   7.4797e-19
 3715.00   2.4710e-17   7.2764e-19
 3720.00   2.3485e-17   6.9676e-19
 3725.00   2.5505e-17   7.0976e-19
 3730.00   2.4209e-17   7.0464e-19
 3735.00   2.4446e-17   7.0706e-19
 3740.00   2.4999e-17   7.1148e-19
 3745.00   2.5073e-17   6.8292e-19
 3750.00   2.8019e-17   6.8317e-19
 3755.00   2.7840e-17   6.9194e-19
 3760.00   2.7637e-17   6.8582e-19
 3765.00   2.6970e-17   6.9883e-19
 3770.00   2.6220e-17   7.2223e-19
 3775.00   2.5320e-17   7.6030e-19
 3780.00   2.9457e-17   7.9349e-19
 3785.00   2.9281e-17   8.1252e-19
 3790.00   2.5864e-17   8.2823e-19
 3795.00   2.9311e-17   8.5179e-19
 3800.00   2.7755e-17   8.6051e-19
 3805.00   2.7896e-17   8.7428e-19
 3810.00   2.6501e-17   8.8897e-19
 3815.00   2.8057e-17   8.9245e-19
 3820.00   2.5250e-17   8.8628e-19
 3825.00   2.4294e-17   8.7223e-19
 3830.00   2.6268e-17   8.8123e-19
 3835.00   2.5244e-17   8.5110e-19
 3840.00   2.6107e-17   8.2739e-19
 3845.00   2.5473e-17   8.1518e-19
 3850.00   2.6990e-17   7.8506e-19
 3855.00   2.7656e-17   7.4750e-19
 3860.00   2.6420e-17   7.3244e-19
 3865.00   2.7658e-17   7.1526e-19
 3870.00   2.7303e-17   6.8139e-19
 3875.00   2.6968e-17   6.5926e-19
 3880.00   2.5704e-17   6.2937e-19
 3885.00   2.5482e-17   6.0777e-19
 3890.00   2.5967e-17   5.9772e-19
 3895.00   2.4887e-17   5.8642e-19
 3900.00   2.5700e-17   5.7716e-19
 3905.00   2.6415e-17   5.7650e-19
 3910.00   2.6279e-17   5.7400e-19
 3915.00   2.4280e-17   5.6119e-19
 3920.00   2.6033e-17   5.4139e-19
 3925.00   2.6132e-17   5.3845e-19
 3930.00   2.4621e-17   5.2686e-19
 3935.00   2.4788e-17   5.1886e-19
 3940.00   2.4815e-17   5.4076e-19
 3945.00   2.3810e-17   5.4811e-19
 3950.00   2.4919e-17   5.4507e-19
 3955.00   2.4885e-17   5.3817e-19
 3960.00   2.3821e-17   5.4972e-19
 3965.00   2.5698e-17   5.4039e-19
 3970.00   2.2025e-17   5.3462e-19
 3975.00   2.4084e-17   5.6184e-19
 3980.00   2.4063e-17   5.7741e-19
 3985.00   2.3689e-17   5.8238e-19
 3990.00   2.2986e-17   5.9893e-19
 3995.00   2.4145e-17   6.1226e-19
 4000.00   2.3483e-17   6.1778e-19
 4005.00   2.3436e-17   6.1951e-19
 4010.00   2.1393e-17   6.3494e-19
 4015.00   2.2893e-17   6.4135e-19
 4020.00   2.2837e-17   6.4623e-19
 4025.00   2.2625e-17   6.4502e-19
 4030.00   2.6113e-17   6.4330e-19
 4035.00   2.3795e-17   6.3353e-19
 4040.00   2.4209e-17   6.3805e-19
 4045.00   2.5486e-17   6.3226e-19
 4050.00   2.4365e-17   6.2009e-19
 4055.00   2.4731e-17   6.0399e-19
 4060.00   2.3056e-17   5.9118e-19
 4065.00   2.6449e-17   6.1551e-19
 4070.00   2.5650e-17   5.9534e-19
 4075.00   2.5314e-17   5.7206e-19
 4080.00   2.5374e-17   5.5401e-19
 4085.00   2.5590e-17   5.3794e-19
 4090.00   2.5147e-17   5.2333e-19
 4095.00   2.5023e-17   5.0970e-19
 4100.00   2.5452e-17   4.9232e-19
 4105.00   2.5448e-17   4.8186e-19
 4110.00   2.3814e-17   4.7515e-19
 4115.00   2.4402e-17   4.7220e-19
 4120.00   2.4114e-17   4.5793e-19
 4125.00   2.4435e-17   4.6125e-19
 4130.00   2.3242e-17   4.5795e-19
 4135.00   2.3538e-17   4.5428e-19
 4140.00   2.4808e-17   4.5146e-19
 4145.00   2.4850e-17   4.5124e-19
 4150.00   2.5671e-17   4.5220e-19
 4155.00   2.6522e-17   4.6298e-19
 4160.00   2.5631e-17   4.6293e-19
 4165.00   2.6083e-17   4.7233e-19
 4170.00   2.5576e-17   4.7573e-19
 4175.00   2.4023e-17   4.7017e-19
 4180.00   2.5491e-17   4.7545e-19
 4185.00   2.4510e-17   4.7640e-19
 4190.00   2.6302e-17   4.7949e-19
 4195.00   2.4076e-17   4.8206e-19
 4200.00   2.5447e-17   4.8409e-19
 4205.00   2.5028e-17   4.9379e-19
 4210.00   2.3678e-17   4.9755e-19
 4215.00   2.4556e-17   5.0470e-19
 4220.00   2.3769e-17   5.1040e-19
 4225.00   2.4057e-17   5.1467e-19
 4230.00   2.1928e-17   5.1807e-19
 4235.00   2.4189e-17   5.2177e-19
 4240.00   2.3027e-17   5.2636e-19
 4245.00   2.1485e-17   5.2944e-19
 4250.00   2.1590e-17   5.2792e-19
 4255.00   2.2654e-17   5.3287e-19
 4260.00   2.1581e-17   5.2634e-19
 4265.00   2.2217e-17   5.2832e-19
 4270.00   2.1820e-17   5.1598e-19
 4275.00   2.1972e-17   5.1487e-19
 4280.00   2.1833e-17   5.0614e-19
 4285.00   2.3246e-17   4.9466e-19
 4290.00   2.2857e-17   5.2232e-19
 4295.00   2.3044e-17   5.0718e-19
 4300.00   2.3126e-17   4.7797e-19
 4305.00   2.3780e-17   4.6519e-19
 4310.00   2.2864e-17   4.5349e-19
 4315.00   2.2607e-17   4.5539e-19
 4320.00   2.3918e-17   4.4773e-19
 4325.00   2.3666e-17   4.2171e-19
 4330.00   2.3438e-17   4.2190e-19
 4335.00   2.3560e-17   4.1058e-19
 4340.00   2.3917e-17   4.0069e-19
 4345.00   2.3134e-17   3.9488e-19
 4350.00   2.2862e-17   3.8894e-19
 4355.00   2.3706e-17   3.8892e-19
 4360.00   2.4042e-17   3.9007e-19
 4365.00   2.2887e-17   3.8239e-19
 4370.00   2.3566e-17   3.7651e-19
 4375.00   2.2706e-17   3.7318e-19
 4380.00   2.2407e-17   3.7636e-19
 4385.00   2.1141e-17   3.6170e-19
 4390.00   1.9934e-17   3.6345e-19
 4395.00   1.9548e-17   3.6590e-19
 4400.00   1.9537e-17   3.6874e-19
 4405.00   1.8632e-17   3.7060e-19
 4410.00   1.8766e-17   3.7691e-19
 4415.00   1.8436e-17   3.7553e-19
 4420.00   1.8476e-17   3.7974e-19
 4425.00   1.7254e-17   3.7789e-19
 4430.00   1.7653e-17   3.8159e-19
 4435.00   1.7592e-17   3.8286e-19
 4440.00   1.8851e-17   3.9595e-19
 4445.00   1.7886e-17   3.9799e-19
 4450.00   1.8281e-17   4.0395e-19
 4455.00   1.8970e-17   4.1826e-19
 4460.00   1.9581e-17   4.1512e-19
 4465.00   1.8965e-17   4.2339e-19
 4470.00   1.9953e-17   4.2932e-19
 4475.00   2.1163e-17   4.4134e-19
 4480.00   2.1545e-17   4.4269e-19
 4485.00   2.2438e-17   4.5312e-19
 4490.00   2.1890e-17   4.5514e-19
 4495.00   2.2008e-17   4.6021e-19
 4500.00   2.1647e-17   4.6382e-19
 4505.00   2.0441e-17   4.6442e-19
 4510.00   2.1622e-17   4.6386e-19
 4515.00   2.1411e-17   4.6350e-19
 4520.00   2.1185e-17   4.6361e-19
 4525.00   2.1956e-17   4.6497e-19
 4530.00   2.1093e-17   4.5884e-19
 4535.00   2.1034e-17   4.6815e-19
 4540.00   2.1979e-17   5.0509e-19
 4545.00   2.2326e-17   4.9217e-19
 4550.00   2.3587e-17   4.7403e-19
 4555.00   2.2390e-17   4.4913e-19
 4560.00   2.0179e-17   4.3391e-19
 4565.00   2.1020e-17   4.2530e-19
 4570.00   2.0219e-17   4.0826e-19
 4575.00   2.1226e-17   4.0004e-19
 4580.00   2.0108e-17   3.8820e-19
 4585.00   1.9891e-17   3.7826e-19
 4590.00   2.0727e-17   3.6990e-19
 4595.00   1.9994e-17   3.6875e-19
 4600.00   1.9827e-17   3.5298e-19
 4605.00   1.9697e-17   3.4933e-19
 4610.00   1.9731e-17   3.4967e-19
 4615.00   2.0141e-17   3.4569e-19
 4620.00   1.9265e-17   3.5188e-19
 4625.00   1.9447e-17   3.3991e-19
 4630.00   1.8144e-17   3.2944e-19
 4635.00   1.8942e-17   3.2315e-19
 4640.00   1.8785e-17   3.2067e-19
 4645.00   1.9696e-17   3.1982e-19
 4650.00   1.8761e-17   3.1552e-19
 4655.00   1.9104e-17   3.1783e-19
 4660.00   1.9088e-17   3.2401e-19
 4665.00   1.8474e-17   3.1894e-19
 4670.00   1.8250e-17   3.1540e-19
 4675.00   1.7059e-17   3.1979e-19
 4680.00   1.8936e-17   3.1762e-19
 4685.00   1.7240e-17   3.1777e-19
 4690.00   1.7877e-17   3.1960e-19
 4695.00   1.7235e-17   3.2657e-19
 4700.00   1.8088e-17   3.2153e-19
 4705.00   1.8033e-17   3.2443e-19
 4710.00   1.7589e-17   3.2901e-19
 4715.00   1.8646e-17   3.3547e-19
 4720.00   1.8067e-17   3.3895e-19
 4725.00   1.8981e-17   3.3999e-19
 4730.00   1.8487e-17   3.4176e-19
 4735.00   1.9687e-17   3.4880e-19
 4740.00   1.9146e-17   3.5394e-19
 4745.00   2.0056e-17   3.6306e-19
 4750.00   2.0065e-17   3.6451e-19
 4755.00   1.9689e-17   3.6547e-19
 4760.00   2.0144e-17   3.7508e-19
 4765.00   2.1089e-17   3.7283e-19
 4770.00   2.0618e-17   3.7900e-19
 4775.00   2.1197e-17   3.8302e-19
 4780.00   2.1304e-17   3.8583e-19
 4785.00   2.0466e-17   3.8857e-19
 4790.00   1.9317e-17   3.8665e-19
 4795.00   1.9723e-17   3.9103e-19
 4800.00   1.8748e-17   3.8858e-19
 4805.00   1.8500e-17   3.9235e-19
 4810.00   1.8203e-17   3.9139e-19
 4815.00   1.6936e-17   3.9295e-19
 4820.00   1.5901e-17   4.6361e-19
 4825.00   1.7415e-17   4.4425e-19
 4830.00   1.5889e-17   4.2324e-19
 4835.00   1.6100e-17   4.1172e-19
 4840.00   1.4884e-17   3.9437e-19
 4845.00   1.6544e-17   3.8538e-19
 4850.00   1.5629e-17   3.6969e-19
 4855.00   1.6703e-17   3.5773e-19
 4860.00   1.5658e-17   3.4956e-19
 4865.00   1.6193e-17   3.3764e-19
 4870.00   1.6411e-17   3.3148e-19
 4875.00   1.6585e-17   3.2607e-19
 4880.00   1.5913e-17   3.1920e-19
 4885.00   1.6209e-17   3.1545e-19
 4890.00   1.6520e-17   3.0955e-19
 4895.00   1.7292e-17   3.0549e-19
 4900.00   1.6830e-17   2.9981e-19
 4905.00   1.7492e-17   2.9997e-19
 4910.00   1.7648e-17   2.9487e-19
 4915.00   1.7962e-17   2.9435e-19
 4920.00   1.7720e-17   2.8476e-19
 4925.00   1.7529e-17   2.8557e-19
 4930.00   1.7701e-17   2.8195e-19
 4935.00   1.8305e-17   2.8247e-19
 4940.00   1.8497e-17   2.8080e-19
 4945.00   1.8158e-17   2.7818e-19
 4950.00   1.8104e-17   2.8156e-19
 4955.00   1.8796e-17   2.7767e-19
 4960.00   1.8410e-17   2.7613e-19
 4965.00   1.7843e-17   2.7942e-19
 4970.00   1.7622e-17   2.7751e-19
 4975.00   1.8186e-17   2.7836e-19
 4980.00   1.8537e-17   2.7843e-19
 4985.00   1.7545e-17   2.7615e-19
 4990.00   1.8783e-17   2.8569e-19
 4995.00   1.9088e-17   2.8415e-19
 5000.00   1.8912e-17   2.8418e-19
 5005.00   1.8696e-17   2.8646e-19
 5010.00   1.7833e-17   2.8961e-19
 5015.00   1.7884e-17   2.8856e-19
 5020.00   1.7568e-17   2.9305e-19
 5025.00   1.8073e-17   2.9756e-19
 5030.00   1.7687e-17   3.0330e-19
 5035.00   1.6974e-17   3.0380e-19
 5040.00   1.8115e-17   3.0402e-19
 5045.00   1.7210e-17   3.1277e-19
 5050.00   1.7106e-17   3.1047e-19
 5055.00   1.7252e-17   3.1836e-19
 5060.00   1.6991e-17   3.1664e-19
 5065.00   1.6773e-17   3.0697e-19
 5070.00   1.6164e-17   3.1161e-19
 5075.00   1.6000e-17   3.1124e-19
 5080.00   1.5611e-17   3.1167e-19
 5085.00   1.5635e-17   3.1438e-19
 5090.00   1.5374e-17   3.1763e-19
 5095.00   1.4210e-17   3.1594e-19
 5100.00   1.4129e-17   3.1534e-19
 5105.00   1.4105e-17   3.1826e-19
 5110.00   1.2163e-17   3.1646e-19
 5115.00   1.2842e-17   3.2227e-19
 5120.00   1.2621e-17   3.2303e-19
 5125.00   1.0219e-17   3.2192e-19
 5130.00   1.2249e-17   3.2349e-19
 5135.00   1.1659e-17   3.2381e-19
 5140.00   1.1455e-17   3.9826e-19
 5145.00   1.1486e-17   3.9601e-19
 5150.00   1.2025e-17   3.8259e-19
 5155.00   1.1928e-17   3.7209e-19
 5160.00   1.1953e-17   3.5867e-19
 5165.00   1.2574e-17   3.4549e-19
 5170.00   1.2626e-17   3.3228e-19
 5175.00   1.3148e-17   3.3018e-19
 5180.00   1.3974e-17   3.2459e-19
 5185.00   1.3630e-17   3.2110e-19
 5190.00   1.4002e-17   3.1601e-19
 5195.00   1.4590e-17   3.1212e-19
 5200.00   1.5822e-17   3.3293e-19
 5205.00   1.4444e-17   2.9759e-19
 5210.00   1.4775e-17   2.9026e-19
 5215.00   1.4824e-17   2.8658e-19
 5220.00   1.4661e-17   2.8020e-19
 5225.00   1.3777e-17   2.7476e-19
 5230.00   1.4141e-17   2.7249e-19
 5235.00   1.4478e-17   2.6733e-19
 5240.00   1.4182e-17   2.6783e-19
 5245.00   1.3958e-17   2.6171e-19
 5250.00   1.5006e-17   2.6137e-19
 5255.00   1.4785e-17   2.6219e-19
 5260.00   1.4978e-17   2.5628e-19
 5265.00   1.5417e-17   2.5315e-19
 5270.00   1.5563e-17   2.5433e-19
 5275.00   1.5281e-17   2.5581e-19
 5280.00   1.5082e-17   2.5238e-19
 5285.00   1.5794e-17   2.5380e-19
 5290.00   1.5146e-17   2.5406e-19
 5295.00   1.6300e-17   2.5670e-19
 5300.00   1.5253e-17   2.5342e-19
 5305.00   1.5734e-17   2.5609e-19
 5310.00   1.5670e-17   2.5753e-19
 5315.00   1.5673e-17   2.5595e-19
 5320.00   1.6410e-17   2.5711e-19
 5325.00   1.6145e-17   2.5846e-19
 5330.00   1.6399e-17   2.5608e-19
 5335.00   1.5508e-17   2.5667e-19
 5340.00   1.6505e-17   2.5659e-19
 5345.00   1.6148e-17   2.5853e-19
 5350.00   1.5506e-17   2.6423e-19
 5355.00   1.6477e-17   2.6236e-19
 5360.00   1.5798e-17   2.5982e-19
 5365.00   1.6693e-17   2.6279e-19
 5370.00   1.5742e-17   2.6641e-19
 5375.00   1.6316e-17   2.6709e-19
 5380.00   1.6246e-17   2.6942e-19
 5385.00   1.5236e-17   2.6818e-19
 5390.00   1.5755e-17   2.7208e-19
 5395.00   1.3370e-17   2.7234e-19
 5400.00   1.5773e-17   2.7536e-19
 5405.00   1.5062e-17   2.7640e-19
 5410.00   1.5350e-17   2.8200e-19
 5415.00   1.4692e-17   2.8735e-19
 5420.00   1.4730e-17   2.9309e-19
 5425.00   1.4370e-17   2.9733e-19
 5430.00   1.3396e-17   3.0207e-19
 5435.00   1.4578e-17   3.0921e-19
 5440.00   1.3770e-17   3.2260e-19
 5445.00   1.2604e-17   3.2009e-19
 5450.00   1.2743e-17   3.1369e-19
 5455.00   1.2279e-17   3.1699e-19
 5460.00   1.2248e-17   3.3150e-19
 5465.00   1.1364e-17   3.3344e-19
 5470.00   1.1870e-17   3.4083e-19
 5475.00   1.1141e-17   3.4377e-19
 5480.00   1.1180e-17   3.4948e-19
 5485.00   9.6342e-18   3.5464e-19
 5490.00   1.0384e-17   3.5267e-19
 5495.00   9.9226e-18   3.5292e-19
 5500.00   9.5569e-18   3.5232e-19
 5505.00   1.0738e-17   4.6571e-19
 5510.00   1.1014e-17   4.6604e-19
 5515.00   1.0080e-17   4.5242e-19
 5520.00   1.0448e-17   4.4444e-19
 5525.00   1.0781e-17   4.3319e-19
 5530.00   1.0760e-17   4.2510e-19
 5535.00   1.0750e-17   4.2093e-19
 5540.00   1.2050e-17   4.2547e-19
 5545.00   1.1981e-17   4.3045e-19
 5550.00   1.2577e-17   4.3038e-19
 5555.00   1.2867e-17   4.3662e-19
 5560.00   1.2488e-17   4.4841e-19
 5565.00   1.2831e-17   4.6909e-19
 5570.00   1.3624e-17   4.6694e-19
 5575.00   1.3178e-17   5.5146e-19
 5580.00   1.4336e-17   5.2728e-19
 5585.00   1.3419e-17   4.8586e-19
 5590.00   1.3514e-17   4.9826e-19
 5595.00   1.4492e-17   5.0570e-19
 5600.00   1.5476e-17   5.1412e-19
 5605.00   1.5299e-17   5.2570e-19
 5610.00   1.6630e-17   5.9503e-19
 5615.00   1.6264e-17   6.7182e-19
 5620.00   1.6253e-17   6.3405e-19
 5625.00   1.7270e-17   6.2166e-19
 5630.00   1.6035e-17   5.8775e-19
 5635.00   1.5929e-17   5.6871e-19
 5640.00   1.8106e-17   5.5161e-19
 5645.00   1.5265e-17   5.3747e-19
 5650.00   1.4410e-17   5.2132e-19
 5655.00   1.5542e-17   5.1180e-19
 5660.00   1.5890e-17   5.0326e-19
 5665.00   1.5580e-17   5.0369e-19
 5670.00   1.4662e-17   5.0225e-19
 5675.00   1.5354e-17   5.0214e-19
 5680.00   1.4508e-17   5.0751e-19
 5685.00   1.5739e-17   5.1331e-19
 5690.00   1.6145e-17   5.3173e-19
 5695.00   1.4405e-17   5.4478e-19
 5700.00   1.2707e-17   5.7581e-19
 5705.00   1.6116e-17   5.9531e-19
 5710.00   1.4145e-17   6.0025e-19
 5715.00   1.2789e-17   5.9112e-19
 5720.00   1.4538e-17   6.0913e-19
 5725.00   1.3232e-17   6.2733e-19
 5730.00   1.4664e-17   6.4602e-19
 5735.00   1.4068e-17   6.7674e-19
 5740.00   1.4386e-17   7.3858e-19
 5745.00   1.3540e-17   5.7833e-19
 5750.00   1.3678e-17   5.6088e-19
 5755.00   1.3374e-17   5.4389e-19
 5760.00   1.2910e-17   5.3593e-19
 5765.00   1.2176e-17   5.2091e-19
 5770.00   1.3340e-17   5.1900e-19
 5775.00   1.2898e-17   5.0514e-19
 5780.00   1.3695e-17   5.0030e-19
 5785.00   1.3301e-17   4.9582e-19
 5790.00   1.2698e-17   4.9684e-19
 5795.00   1.2898e-17   4.8836e-19
 5800.00   1.2031e-17   4.7832e-19
 5805.00   1.4343e-17   4.7834e-19
 5810.00   1.4469e-17   4.6961e-19
 5815.00   1.4120e-17   4.6419e-19
 5820.00   1.5002e-17   4.6772e-19
 5825.00   1.3696e-17   4.7225e-19
 5830.00   1.4381e-17   4.6282e-19
 5835.00   1.3288e-17   4.5348e-19
 5840.00   1.3493e-17   4.5794e-19
 5845.00   1.3110e-17   4.5130e-19
 5850.00   1.3600e-17   4.6084e-19
 5855.00   1.3716e-17   4.5909e-19
 5860.00   1.3769e-17   4.6592e-19
 5865.00   1.3181e-17   4.8966e-19
 5870.00   1.3121e-17   4.9727e-19
 5875.00   1.3418e-17   4.8324e-19
 5880.00   1.3030e-17   4.8994e-19
 5885.00   1.2523e-17   4.9710e-19
 5890.00   1.3365e-17   5.7921e-19
 5895.00   1.3841e-17   5.5859e-19
 5900.00   1.2928e-17   5.2746e-19
 5905.00   1.3492e-17   5.4718e-19
 5910.00   1.3525e-17   5.5144e-19
 5915.00   1.3798e-17   5.4780e-19
 5920.00   1.3962e-17   5.1395e-19
 5925.00   1.4982e-17   5.2116e-19
 5930.00   1.5338e-17   5.1816e-19
 5935.00   1.4167e-17   5.2233e-19
 5940.00   1.3516e-17   5.0586e-19
 5945.00   1.4387e-17   5.8275e-19
 5950.00   1.2826e-17   7.1518e-19
 5955.00   1.1123e-17   7.0227e-19
 5960.00   1.3627e-17   6.4206e-19
 5965.00   1.4441e-17   6.1071e-19
 5970.00   1.4074e-17   5.9386e-19
 5975.00   1.4173e-17   5.7825e-19
 5980.00   1.3815e-17   5.4228e-19
 5985.00   1.2928e-17   5.1998e-19
 5990.00   1.3552e-17   5.0487e-19
 5995.00   1.3612e-17   4.9618e-19
 6000.00   1.3644e-17   4.8587e-19
 6005.00   1.3326e-17   4.8862e-19
 6010.00   1.3921e-17   4.9204e-19
 6015.00   1.3899e-17   4.5280e-19
 6020.00   1.4356e-17   4.4980e-19
 6025.00   1.2328e-17   4.3418e-19
 6030.00   1.3667e-17   4.2978e-19
 6035.00   1.2888e-17   4.2053e-19
 6040.00   1.4248e-17   4.1564e-19
 6045.00   1.3030e-17   4.0523e-19
 6050.00   1.2989e-17   4.0234e-19
 6055.00   1.2925e-17   4.1077e-19
 6060.00   1.2017e-17   3.8741e-19
 6065.00   1.2273e-17   3.8856e-19
 6070.00   1.2664e-17   3.8344e-19
 6075.00   1.3669e-17   3.7930e-19
 6080.00   1.2466e-17   3.7665e-19
 6085.00   1.2385e-17   3.8125e-19
 6090.00   1.2560e-17   3.8374e-19
 6095.00   1.2941e-17   3.8808e-19
 6100.00   1.3257e-17   3.9283e-19
 6105.00   1.2313e-17   3.9712e-19
 6110.00   1.5317e-17   4.1269e-19
 6115.00   1.2234e-17   4.1224e-19
 6120.00   1.3516e-17   4.2161e-19
 6125.00   1.2585e-17   4.2900e-19
 6130.00   1.2163e-17   4.4197e-19
 6135.00   1.2163e-17   4.4813e-19
 6140.00   1.1612e-17   4.2053e-19
 6145.00   1.2153e-17   4.2837e-19
 6150.00   1.1596e-17   4.2557e-19
 6155.00   1.2555e-17   4.1999e-19
 6160.00   1.2046e-17   4.1920e-19
 6165.00   1.1659e-17   4.1988e-19
 6170.00   1.3314e-17   5.3290e-19
 6175.00   1.2422e-17   5.7473e-19
 6180.00   1.3051e-17   5.3927e-19
 6185.00   1.1924e-17   5.1387e-19
 6190.00   1.2855e-17   4.9039e-19
 6195.00   1.2525e-17   4.7447e-19
 6200.00   1.3147e-17   4.6163e-19
 6205.00   1.2373e-17   4.5081e-19
 6210.00   1.2429e-17   4.2608e-19
 6215.00   1.2819e-17   4.1398e-19
 6220.00   1.2239e-17   4.0681e-19
 6225.00   1.1964e-17   3.8728e-19
 6230.00   1.2654e-17   3.8060e-19
 6235.00   1.2785e-17   4.2052e-19
 6240.00   1.2971e-17   3.7972e-19
 6245.00   1.2203e-17   3.6519e-19
 6250.00   1.2220e-17   3.5646e-19
 6255.00   1.3223e-17   3.5320e-19
 6260.00   1.1902e-17   3.6362e-19
 6265.00   1.2584e-17   3.5172e-19
 6270.00   1.2420e-17   3.4152e-19
 6275.00   1.1742e-17   3.3963e-19
 6280.00   1.2374e-17   3.3393e-19
 6285.00   1.2108e-17   3.4304e-19
 6290.00   1.1958e-17   3.4166e-19
 6295.00   1.2350e-17   3.3527e-19
 6300.00   1.2693e-17   4.3472e-19
 6305.00   1.0794e-17   3.5507e-19
 6310.00   1.2379e-17   3.3636e-19
 6315.00   1.1977e-17   3.3668e-19
 6320.00   1.2762e-17   3.5674e-19
 6325.00   1.1814e-17   3.4612e-19
 6330.00   1.0272e-17   3.7002e-19
 6335.00   1.0580e-17   3.5112e-19
 6340.00   1.2395e-17   3.6300e-19
 6345.00   1.2034e-17   3.6986e-19
 6350.00   1.1927e-17   3.8762e-19
 6355.00   1.2275e-17   3.9965e-19
 6360.00   1.2442e-17   3.9038e-19
 6365.00   1.2311e-17   4.4129e-19
 6370.00   1.2434e-17   3.9041e-19
 6375.00   1.0647e-17   4.3608e-19
 6380.00   1.1211e-17   5.0861e-19
 6385.00   1.3004e-17   4.7353e-19
 6390.00   1.1143e-17   3.9323e-19
 6395.00   1.1926e-17   3.7407e-19
 6400.00   1.1392e-17   3.6868e-19
 6405.00   1.1104e-17   3.6761e-19
 6410.00   1.1889e-17   4.0092e-19
 6415.00   1.1186e-17   4.9225e-19
 6420.00   1.0816e-17   4.7055e-19
 6425.00   1.0576e-17   4.4642e-19
 6430.00   1.1618e-17   4.4503e-19
 6435.00   1.1359e-17   4.0875e-19
 6440.00   1.2380e-17   3.9572e-19
 6445.00   1.1380e-17   3.8099e-19
 6450.00   1.0923e-17   3.7219e-19
 6455.00   1.1360e-17   3.5920e-19
 6460.00   1.1917e-17   3.4987e-19
 6465.00   1.2015e-17   3.6674e-19
 6470.00   1.1951e-17   3.4656e-19
 6475.00   1.1091e-17   3.2149e-19
 6480.00   1.1631e-17   3.1802e-19
 6485.00   1.1691e-17   3.1237e-19
 6490.00   1.1488e-17   3.0200e-19
 6495.00   1.1703e-17   2.9842e-19
 6500.00   1.1418e-17   3.1680e-19
 6505.00   1.0755e-17   3.0314e-19
 6510.00   1.1351e-17   2.8529e-19
 6515.00   9.8657e-18   2.8349e-19
 6520.00   1.1094e-17   2.9005e-19
 6525.00   1.1004e-17   2.8600e-19
 6530.00   1.0817e-17   2.8055e-19
 6535.00   1.0673e-17   3.1183e-19
 6540.00   1.0440e-17   2.8138e-19
 6545.00   1.0596e-17   2.9084e-19
 6550.00   1.0905e-17   2.8483e-19
 6555.00   1.0930e-17   3.0143e-19
 6560.00   1.0460e-17   2.8470e-19
 6565.00   1.0243e-17   2.9690e-19
 6570.00   1.0495e-17   2.9710e-19
 6575.00   1.0321e-17   3.0195e-19
 6580.00   1.0956e-17   2.9580e-19
 6585.00   1.0716e-17   2.9371e-19
 6590.00   1.0110e-17   3.0017e-19
 6595.00   1.0459e-17   3.0989e-19
 6600.00   1.0934e-17   3.0699e-19
 6605.00   9.6990e-18   3.1964e-19
 6610.00   1.0133e-17   3.1196e-19
 6615.00   9.7751e-18   3.1647e-19
 6620.00   1.0265e-17   3.2572e-19
 6625.00   1.0596e-17   3.3612e-19
 6630.00   1.0798e-17   3.4407e-19
 6635.00   9.8233e-18   3.1964e-19
 6640.00   9.9160e-18   3.0462e-19
 6645.00   1.0792e-17   3.0878e-19
 6650.00   1.0393e-17   3.0858e-19
 6655.00   1.0351e-17   3.0950e-19
 6660.00   1.0546e-17   3.1240e-19
 6665.00   1.0091e-17   3.0984e-19
 6670.00   9.1798e-18   3.2213e-19
 6675.00   8.8976e-18   4.1504e-19
 6680.00   9.8493e-18   3.9568e-19
 6685.00   1.0148e-17   3.8199e-19
 6690.00   1.0082e-17   3.6802e-19
 6695.00   1.0223e-17   3.5505e-19
 6700.00   1.0916e-17   3.4663e-19
 6705.00   9.2787e-18   3.3628e-19
 6710.00   1.0106e-17   3.2692e-19
 6715.00   1.0612e-17   3.2211e-19
 6720.00   1.0384e-17   3.1013e-19
 6725.00   9.7254e-18   3.0046e-19
 6730.00   1.0033e-17   2.9590e-19
 6735.00   9.3413e-18   2.8776e-19
 6740.00   9.8992e-18   2.8114e-19
 6745.00   9.6306e-18   2.7953e-19
 6750.00   9.6201e-18   2.7223e-19
 6755.00   9.3467e-18   2.6983e-19
 6760.00   9.8730e-18   2.6556e-19
 6765.00   9.3055e-18   2.6084e-19
 6770.00   9.2806e-18   2.5563e-19
 6775.00   9.3495e-18   2.5476e-19
 6780.00   9.1386e-18   2.5104e-19
 6785.00   9.5126e-18   2.5004e-19
 6790.00   8.7795e-18   2.4827e-19
 6795.00   8.4754e-18   2.4854e-19
 6800.00   9.6368e-18   2.4463e-19
 6805.00   9.4059e-18   2.4620e-19
 6810.00   9.6182e-18   2.4460e-19
 6815.00   9.2342e-18   2.4294e-19
 6820.00   8.8099e-18   2.4462e-19
 6825.00   9.3966e-18   2.5129e-19
 6830.00   9.5293e-18   2.9155e-19
 6835.00   1.0604e-17   2.8324e-19
 6840.00   9.7664e-18   2.6367e-19
 6845.00   9.5272e-18   2.5116e-19
 6850.00   9.3473e-18   2.5430e-19
 6855.00   9.3775e-18   2.5866e-19
 6860.00   9.4160e-18   2.6426e-19
 6865.00   9.3283e-18   2.9719e-19
 6870.00   6.9845e-18   2.6363e-19
 6875.00   7.7258e-18   2.5911e-19
 6880.00   8.6050e-18   2.8352e-19
 6885.00   8.5731e-18   2.7648e-19
 6890.00   8.6567e-18   2.9788e-19
 6895.00   8.4533e-18   2.8771e-19
 6900.00   8.8384e-18   3.1644e-19
 6905.00   8.7352e-18   3.0018e-19
 6910.00   8.9145e-18   3.1615e-19
 6915.00   8.6514e-18   2.8048e-19
 6920.00   8.7337e-18   2.7048e-19
 6925.00   9.1591e-18   2.9450e-19
 6930.00   7.8019e-18   2.7151e-19
 6935.00   8.0551e-18   2.6951e-19
 6940.00   9.1044e-18   2.8475e-19
 6945.00   8.2105e-18   2.6590e-19
 6950.00   8.9363e-18   2.9363e-19
 6955.00   8.0708e-18   3.0458e-19
 6960.00   8.3049e-18   3.4380e-19
 6965.00   9.0257e-18   3.3317e-19
 6970.00   8.7347e-18   3.3564e-19
 6975.00   8.4479e-18   3.0703e-19
 6980.00   8.4600e-18   3.2117e-19
 6985.00   9.3324e-18   2.9111e-19
 6990.00   8.9888e-18   2.8635e-19
 6995.00   9.1002e-18   2.7477e-19
 7000.00   9.4170e-18   2.6818e-19
 7005.00   8.6301e-18   2.6881e-19
 7010.00   9.0122e-18   2.7492e-19
 7015.00   9.3808e-18   2.5008e-19
 7020.00   9.2222e-18   2.4584e-19
 7025.00   8.9553e-18   2.4016e-19
 7030.00   8.9737e-18   2.3712e-19
 7035.00   8.9716e-18   2.3275e-19
 7040.00   9.5513e-18   2.3606e-19
 7045.00   9.7169e-18   2.3424e-19
 7050.00   9.2615e-18   2.4337e-19
 7055.00   9.3972e-18   2.2653e-19
 7060.00   9.1773e-18   2.2300e-19
 7065.00   9.0665e-18   2.2359e-19
 7070.00   9.2555e-18   2.2294e-19
 7075.00   9.2713e-18   2.1729e-19
 7080.00   9.0169e-18   2.1724e-19
 7085.00   8.8153e-18   2.1424e-19
 7090.00   8.9474e-18   2.1865e-19
 7095.00   8.8178e-18   2.1337e-19
 7100.00   9.2069e-18   2.2120e-19
 7105.00   9.3148e-18   2.0915e-19
 7110.00   9.3484e-18   2.0960e-19
 7115.00   9.1553e-18   2.1116e-19
 7120.00   9.0855e-18   2.0664e-19
 7125.00   9.1939e-18   2.1016e-19
 7130.00   8.9235e-18   2.1358e-19
 7135.00   9.0516e-18   2.1470e-19
 7140.00   9.5480e-18   2.1592e-19
 7145.00   9.0126e-18   2.2601e-19
 7150.00   8.4445e-18   2.2009e-19
 7155.00   9.5183e-18   2.2062e-19
 7160.00   9.2766e-18   2.2553e-19
 7165.00   8.4833e-18   2.2722e-19
 7170.00   8.3305e-18   2.2815e-19
 7175.00   8.2935e-18   2.3347e-19
 7180.00   8.4620e-18   2.3948e-19
 7185.00   7.2457e-18   2.3125e-19
 7190.00   8.5089e-18   2.3999e-19
 7195.00   8.2474e-18   2.4525e-19
 7200.00   8.0729e-18   2.5097e-19
 7205.00   7.9602e-18   2.5524e-19
 7210.00   8.8322e-18   2.6289e-19
 7215.00   8.6376e-18   2.7037e-19
 7220.00   8.2231e-18   2.3523e-19
 7225.00   8.1752e-18   2.3613e-19
 7230.00   8.6356e-18   2.3753e-19
 7235.00   7.4203e-18   2.3569e-19
 7240.00   8.4770e-18   3.2675e-19
 7245.00   8.1421e-18   2.8666e-19
 7250.00   8.1905e-18   2.4069e-19
 7255.00   7.2514e-18   2.5785e-19
 7260.00   8.0435e-18   2.3592e-19
 7265.00   8.3918e-18   2.8988e-19
 7270.00   8.0555e-18   3.0235e-19
 7275.00   8.3621e-18   3.4841e-19
 7280.00   8.1841e-18   2.8152e-19
 7285.00   8.6572e-18   3.0239e-19
 7290.00   8.5578e-18   2.6254e-19
 7295.00   8.1173e-18   2.7033e-19
 7300.00   7.6975e-18   2.4253e-19
 7305.00   8.7069e-18   2.6434e-19
 7310.00   7.7623e-18   2.3956e-19
 7315.00   7.7717e-18   2.5851e-19
 7320.00   7.5915e-18   2.2573e-19
 7325.00   8.3321e-18   2.2233e-19
 7330.00   7.9125e-18   2.5045e-19
 7335.00   8.4556e-18   2.1634e-19
 7340.00   8.9698e-18   2.4496e-19
 7345.00   8.6560e-18   2.1415e-19
 7350.00   7.8726e-18   2.1137e-19
 7355.00   8.2555e-18   2.0616e-19
 7360.00   8.1454e-18   2.2519e-19
 7365.00   8.4084e-18   2.0455e-19
 7370.00   8.4391e-18   2.3030e-19
 7375.00   8.4848e-18   2.0168e-19
 7380.00   8.3944e-18   1.9704e-19
 7385.00   8.4190e-18   1.9490e-19
 7390.00   8.7150e-18   2.1309e-19
 7395.00   7.8721e-18   1.9604e-19
 7400.00   8.1567e-18   2.1734e-19
 7405.00   8.6373e-18   1.9421e-19
 7410.00   8.4209e-18   1.9323e-19
 7415.00   8.4784e-18   1.9468e-19
 7420.00   7.9021e-18   1.9145e-19
 7425.00   8.0805e-18   1.9322e-19
 7430.00   8.1540e-18   2.0580e-19
 7435.00   8.3751e-18   1.9219e-19
 7440.00   7.8890e-18   2.1402e-19
 7445.00   8.3507e-18   1.9674e-19
 7450.00   8.5012e-18   1.9427e-19
 7455.00   8.3433e-18   1.9452e-19
 7460.00   8.0901e-18   2.0554e-19
 7465.00   8.0545e-18   2.1816e-19
 7470.00   7.6410e-18   2.1803e-19
 7475.00   8.0100e-18   2.1811e-19
 7480.00   7.7025e-18   2.3444e-19
 7485.00   8.4168e-18   2.2686e-19
 7490.00   7.9048e-18   2.0868e-19
 7495.00   8.2099e-18   2.2046e-19
 7500.00   8.1691e-18   2.1465e-19
 7505.00   7.7422e-18   2.1621e-19
 7510.00   8.2697e-18   2.1693e-19
 7515.00   7.8888e-18   2.2595e-19
 7520.00   7.9417e-18   2.3392e-19
 7525.00   7.8407e-18   2.7979e-19
 7530.00   7.9636e-18   2.5985e-19
 7535.00   7.4373e-18   2.4002e-19
 7540.00   7.7951e-18   2.5517e-19
 7545.00   8.1674e-18   2.5093e-19
 7550.00   7.2422e-18   2.3652e-19
 7555.00   8.2434e-18   2.2231e-19
 7560.00   7.0547e-18   2.2121e-19
 7565.00   7.2602e-18   2.1640e-19
 7570.00   6.9947e-18   2.4224e-19
 7575.00   7.0344e-18   2.2238e-19
 7580.00   7.0669e-18   2.1191e-19
 7585.00   8.3266e-18   2.3004e-19
 7590.00   8.0270e-18   2.1147e-19
 7595.00   4.4090e-18   1.9565e-19
 7600.00   2.6563e-18   2.2699e-19
 7605.00   1.9730e-18   2.2684e-19
 7610.00   2.1348e-18   2.2443e-19
 7615.00   4.3071e-18   2.2771e-19
 7620.00   5.6797e-18   2.5465e-19
 7625.00   3.7716e-18   2.1586e-19
 7630.00   3.1346e-18   2.2716e-19
 7635.00   4.4859e-18   2.0311e-19
 7640.00   4.5107e-18   2.0155e-19
 7645.00   5.3571e-18   1.9980e-19
 7650.00   5.2495e-18   1.9769e-19
 7655.00   5.4915e-18   2.0513e-19
 7660.00   6.5268e-18   2.0566e-19
 7665.00   6.2365e-18   1.9756e-19
 7670.00   6.9298e-18   1.9383e-19
 7675.00   7.0730e-18   1.9329e-19
 7680.00   7.8293e-18   1.9535e-19
 7685.00   7.1268e-18   2.1101e-19
 7690.00   6.8031e-18   2.1062e-19
 7695.00   7.0714e-18   1.9796e-19
 7700.00   6.6498e-18   2.0183e-19
 7705.00   6.5007e-18   1.8317e-19
 7710.00   6.5416e-18   1.9830e-19
 7715.00   6.0227e-18   2.9286e-19
 7720.00   6.1629e-18   2.0001e-19
 7725.00   6.5960e-18   2.1873e-19
 7730.00   6.1734e-18   1.8261e-19
 7735.00   6.2704e-18   1.9190e-19
 7740.00   6.2588e-18   1.8368e-19
 7745.00   6.0619e-18   1.8101e-19
 7750.00   6.1314e-18   2.3191e-19
 7755.00   5.9439e-18   1.8779e-19
 7760.00   6.1691e-18   2.0042e-19
 7765.00   6.2708e-18   1.7645e-19
 7770.00   6.1170e-18   1.8227e-19
 7775.00   5.9626e-18   1.9779e-19
 7780.00   5.6371e-18   2.0423e-19
 7785.00   5.6655e-18   1.8442e-19
 7790.00   6.2710e-18   1.9228e-19
 7795.00   5.9045e-18   2.0864e-19
 7800.00   6.7172e-18   1.7749e-19
 7805.00   6.1464e-18   1.8113e-19
 7810.00   6.5787e-18   2.1321e-19
 7815.00   6.3267e-18   1.9089e-19
 7820.00   6.1068e-18   2.2412e-19
 7825.00   6.7066e-18   1.8782e-19
 7830.00   6.3675e-18   1.9038e-19
 7835.00   7.5119e-18   1.9256e-19
 7840.00   7.0415e-18   2.1350e-19
 7845.00   7.1808e-18   1.9178e-19
 7850.00   7.5127e-18   2.2944e-19
 7855.00   8.1019e-18   2.3697e-19
 7860.00   6.7455e-18   2.4384e-19
 7865.00   7.7657e-18   2.0719e-19
 7870.00   7.9136e-18   2.4881e-19
 7875.00   7.0600e-18   2.0940e-19
 7880.00   7.4609e-18   2.6886e-19
 7885.00   7.8582e-18   2.2682e-19
 7890.00   7.1557e-18   2.6785e-19
 7895.00   7.2865e-18   2.3251e-19
 7900.00   7.7685e-18   2.2827e-19
 7905.00   7.5908e-18   2.3647e-19
 7910.00   8.0094e-18   2.5395e-19
 7915.00   7.7649e-18   2.5034e-19
 7920.00   7.8996e-18   2.4361e-19
 7925.00   7.6554e-18   1.9939e-19
 7930.00   8.0461e-18   2.4074e-19
 7935.00   7.5097e-18   1.9911e-19
 7940.00   7.5965e-18   1.9957e-19
 7945.00   7.3186e-18   2.0424e-19
 7950.00   7.5697e-18   2.1865e-19
 7955.00   8.0189e-18   1.9633e-19
 7960.00   7.2127e-18   1.9434e-19
 7965.00   7.4724e-18   2.2646e-19
 7970.00   7.6157e-18   2.2967e-19
 7975.00   7.0219e-18   2.5904e-19
 7980.00   7.9805e-18   2.7878e-19
 7985.00   6.9196e-18   2.3529e-19
 7990.00   7.3373e-18   2.3627e-19
 7995.00   7.8246e-18   2.7305e-19
 8000.00   7.3197e-18   2.3350e-19
 8005.00   9.6294e-18   2.2635e-19
 8010.00   8.7702e-18   2.1653e-19
 8015.00   7.2611e-18   2.3808e-19
 8020.00   7.5029e-18   2.1641e-19
 8025.00   7.2645e-18   2.4115e-19
 8030.00   7.4835e-18   2.2381e-19
 8035.00   7.5138e-18   1.9673e-19
 8040.00   7.7934e-18   1.9469e-19
 8045.00   7.3966e-18   1.9088e-19
 8050.00   7.5110e-18   2.1330e-19
 8055.00   7.1608e-18   1.8785e-19
 8060.00   7.0926e-18   2.0536e-19
 8065.00   7.5041e-18   1.9031e-19
 8070.00   7.1549e-18   1.7836e-19
 8075.00   6.7772e-18   1.8131e-19
 8080.00   6.9202e-18   1.7867e-19
 8085.00   7.4010e-18   1.8151e-19
 8090.00   6.7703e-18   1.7103e-19
 8095.00   7.0628e-18   1.8655e-19
 8100.00   6.9277e-18   1.8143e-19
 8105.00   7.6519e-18   1.8216e-19
 8110.00   6.7413e-18   1.6842e-19
 8115.00   6.8489e-18   1.6872e-19
 8120.00   6.7744e-18   1.6530e-19
 8125.00   6.9243e-18   1.6480e-19
 8130.00   7.1391e-18   1.6713e-19
 8135.00   7.2172e-18   1.6389e-19
 8140.00   6.5950e-18   1.7332e-19
 8145.00   6.8445e-18   1.7345e-19
 8150.00   7.1047e-18   1.6348e-19
 8155.00   6.8607e-18   1.6131e-19
 8160.00   6.4129e-18   1.5931e-19
 8165.00   6.2866e-18   1.6038e-19
 8170.00   6.3855e-18   1.5953e-19
 8175.00   6.4939e-18   1.6058e-19
 8180.00   6.4935e-18   1.6049e-19
 8185.00   6.4897e-18   1.6337e-19
 8190.00   7.0915e-18   1.6874e-19
 8195.00   7.0216e-18   1.7456e-19
 8200.00   6.9557e-18   1.6412e-19
 8205.00   6.9498e-18   1.7118e-19
 8210.00   7.3907e-18   1.7294e-19
 8215.00   7.3900e-18   1.7352e-19
 8220.00   7.2478e-18   1.7193e-19
 8225.00   6.7824e-18   1.7371e-19
 8230.00   6.0629e-18   1.6686e-19
 8235.00   7.0053e-18   1.7661e-19
 8240.00   6.6086e-18   1.8262e-19
 8245.00   6.3907e-18   1.8280e-19
 8250.00   7.1240e-18   1.8737e-19
 8255.00   6.7915e-18   1.8667e-19
 8260.00   7.2375e-18   1.8493e-19
 8265.00   6.9576e-18   1.8660e-19
 8270.00   6.6863e-18   1.9259e-19
 8275.00   6.1439e-18   1.9456e-19
 8280.00   7.1121e-18   3.0443e-19
 8285.00   5.7421e-18   2.4568e-19
 8290.00   6.2075e-18   2.4725e-19
 8295.00   6.6236e-18   2.2971e-19
 8300.00   6.2476e-18   2.5022e-19
 8305.00   6.4654e-18   2.1880e-19
 8310.00   6.0333e-18   2.4371e-19
 8315.00   6.0952e-18   2.1542e-19
 8320.00   5.8484e-18   1.8412e-19
 8325.00   5.9523e-18   1.7943e-19
 8330.00   6.0365e-18   1.7897e-19
 8335.00   6.5686e-18   1.8207e-19
 8340.00   5.7311e-18   1.8617e-19
 8345.00   6.3674e-18   2.4796e-19
 8350.00   6.0209e-18   2.0088e-19
 8355.00   6.5233e-18   2.0256e-19
 8360.00   6.3655e-18   1.9069e-19
 8365.00   5.9585e-18   2.1588e-19
 8370.00   5.7509e-18   1.7824e-19
 8375.00   5.8112e-18   1.8064e-19
 8380.00   5.6185e-18   2.5376e-19
 8385.00   5.6693e-18   2.3748e-19
 8390.00   5.4577e-18   2.1890e-19
 8395.00   5.6524e-18   2.0933e-19
 8400.00   5.1521e-18   2.5305e-19
 8405.00   5.9710e-18   2.0140e-19
 8410.00   6.3865e-18   2.0025e-19
 8415.00   6.1080e-18   2.2788e-19
 8420.00   6.0529e-18   1.9350e-19
 8425.00   5.8239e-18   2.0088e-19
 8430.00   6.3292e-18   2.3924e-19
 8435.00   6.4645e-18   1.9242e-19
 8440.00   5.7905e-18   1.7991e-19
 8445.00   5.7012e-18   1.8149e-19
 8450.00   6.4694e-18   1.9840e-19
 8455.00   6.0216e-18   1.8327e-19
 8460.00   5.8426e-18   1.7459e-19
 8465.00   5.4202e-18   2.1014e-19
 8470.00   5.9530e-18   1.6828e-19
 8475.00   5.4959e-18   1.7733e-19
 8480.00   5.6010e-18   1.6643e-19
 8485.00   5.8320e-18   1.6854e-19
 8490.00   5.7659e-18   1.6677e-19
 8495.00   5.5824e-18   1.9532e-19
 8500.00   6.2064e-18   1.6873e-19
 8505.00   6.0030e-18   2.0239e-19
 8510.00   5.8525e-18   1.5925e-19
 8515.00   6.1553e-18   1.5863e-19
 8520.00   5.7681e-18   1.6186e-19
 8525.00   5.5813e-18   1.5877e-19
 8530.00   5.8990e-18   1.5748e-19
 8535.00   5.4499e-18   1.5515e-19
 8540.00   5.9126e-18   1.7343e-19
 8545.00   5.6396e-18   1.5238e-19
 8550.00   5.7953e-18   1.8727e-19
 8555.00   6.0791e-18   1.5362e-19
 8560.00   5.6520e-18   1.4953e-19
 8565.00   6.0997e-18   1.5395e-19
 8570.00   5.7396e-18   1.5504e-19
 8575.00   5.6868e-18   1.5752e-19
 8580.00   6.2613e-18   1.5165e-19
 8585.00   6.1984e-18   1.5306e-19
 8590.00   6.3430e-18   1.6821e-19
 8595.00   5.7325e-18   1.6589e-19
 8600.00   5.9020e-18   1.5632e-19
 8605.00   6.3694e-18   1.5544e-19
 8610.00   6.0786e-18   1.6173e-19
 8615.00   6.0575e-18   1.8447e-19
 8620.00   6.3657e-18   2.1430e-19
 8625.00   6.1202e-18   2.2532e-19
 8630.00   5.9785e-18   2.3614e-19
 8635.00   6.9365e-18   2.2388e-19
 8640.00   6.3814e-18   1.9788e-19
 8645.00   6.2937e-18   1.7174e-19
 8650.00   5.8318e-18   2.0728e-19
 8655.00   5.9212e-18   2.0863e-19
 8660.00   6.7207e-18   2.0633e-19
 8665.00   5.8961e-18   2.1045e-19
 8670.00   6.0827e-18   2.0366e-19
 8675.00   6.8971e-18   1.9982e-19
 8680.00   6.2733e-18   1.9169e-19
 8685.00   6.8277e-18   1.8118e-19
 8690.00   6.5275e-18   1.7808e-19
 8695.00   6.4761e-18   1.8480e-19
 8700.00   7.3184e-18   1.9220e-19
 8705.00   6.4576e-18   1.8819e-19
 8710.00   6.3947e-18   1.9816e-19
 8715.00   7.0615e-18   1.8050e-19
 8720.00   6.1435e-18   1.8259e-19
 8725.00   6.5843e-18   1.9069e-19
 8730.00   6.8563e-18   1.8876e-19
 8735.00   6.7014e-18   1.9229e-19
 8740.00   7.0305e-18   2.0124e-19
 8745.00   6.5903e-18   2.0272e-19
 8750.00   7.0321e-18   2.0657e-19
 8755.00   6.3759e-18   2.1005e-19
 8760.00   5.0232e-18   3.4769e-19
 8765.00   6.8878e-18   2.2029e-19
 8770.00   6.6676e-18   2.0695e-19
 8775.00   6.8666e-18   2.0567e-19
 8780.00   6.7112e-18   2.0577e-19
 8785.00   6.3615e-18   1.7353e-19
 8790.00   6.5518e-18   2.0743e-19
 8795.00   6.6817e-18   1.7459e-19
 8800.00   6.4395e-18   1.7477e-19
 8805.00   6.5316e-18   1.7119e-19
 8810.00   6.7007e-18   1.8777e-19
 8815.00   6.5735e-18   1.7302e-19
 8820.00   5.9890e-18   1.7201e-19
 8825.00   6.8171e-18   2.4326e-19
 8830.00   7.0843e-18   2.3020e-19
 8835.00   6.7759e-18   3.2488e-19
 8840.00   6.2178e-18   2.0595e-19
 8845.00   6.6103e-18   2.1340e-19
 8850.00   6.1946e-18   2.3979e-19
 8855.00   6.1788e-18   2.0154e-19
 8860.00   5.8646e-18   1.9923e-19
 8865.00   6.0575e-18   2.2073e-19
 8870.00   5.5414e-18   2.0107e-19
 8875.00   6.2797e-18   1.8004e-19
 8880.00   5.6753e-18   1.7851e-19
 8885.00   5.8425e-18   2.3300e-19
 8890.00   6.0929e-18   1.8363e-19
 8895.00   6.2525e-18   1.8194e-19
 8900.00   5.7921e-18   1.7600e-19
 8905.00   5.9181e-18   2.0401e-19
 8910.00   5.6323e-18   1.7844e-19
 8915.00   5.7070e-18   1.6461e-19
 8920.00   6.0163e-18   2.2383e-19
 8925.00   5.5493e-18   1.6721e-19
 8930.00   5.7198e-18   1.7037e-19
 8935.00   5.7631e-18   1.6298e-19
 8940.00   6.0096e-18   1.5934e-19
 8945.00   5.6143e-18   1.8632e-19
 8950.00   5.2726e-18   1.5326e-19
 8955.00   5.3844e-18   1.5974e-19
 8960.00   5.2575e-18   1.8082e-19
 8965.00   5.5947e-18   1.4859e-19
 8970.00   5.1562e-18   1.5736e-19
 8975.00   5.2147e-18   1.4584e-19
 8980.00   5.1446e-18   1.5721e-19
 8985.00   4.8843e-18   1.5277e-19
 8990.00   4.1925e-18   1.7616e-19
 8995.00   5.3849e-18   1.4949e-19
 9000.00   5.1231e-18   1.8749e-19
 9005.00   5.0773e-18   1.4227e-19
 9010.00   5.2625e-18   1.3935e-19
 9015.00   4.7525e-18   1.3666e-19
 9020.00   5.2761e-18   1.4749e-19
 9025.00   4.3781e-18   1.3859e-19
 9030.00   5.2313e-18   1.5177e-19
 9035.00   5.2584e-18   1.4651e-19
 9040.00   5.3508e-18   1.6359e-19
 9045.00   5.1310e-18   1.4914e-19
 9050.00   5.7577e-18   1.8665e-19
 9055.00   5.2612e-18   1.5499e-19
 9060.00   4.9368e-18   1.4828e-19
 9065.00   5.2628e-18   1.5529e-19
 9070.00   4.4535e-18   1.5450e-19
 9075.00   5.3222e-18   1.4930e-19
 9080.00   4.1763e-18   1.4756e-19
 9085.00   4.6454e-18   1.4960e-19
 9090.00   4.5208e-18   1.5809e-19
 9095.00   3.9308e-18   1.6293e-19
 9100.00   4.1967e-18   1.5908e-19
 9105.00   3.9024e-18   1.6647e-19
 9110.00   4.2083e-18   1.5183e-19
 9115.00   4.0593e-18   1.5276e-19
 9120.00   3.4906e-18   1.5212e-19
 9125.00   4.0673e-18   1.5462e-19
 9130.00   3.6365e-18   1.5363e-19
 9135.00   3.0347e-18   1.5920e-19
 9140.00   4.1510e-18   1.6288e-19
 9145.00   3.7576e-18   1.6453e-19
 9150.00   3.6742e-18   1.8125e-19
 9155.00   3.3429e-18   1.7765e-19
 9160.00   3.6936e-18   2.0649e-19
 9165.00   3.6756e-18   1.7012e-19
 9170.00   3.6062e-18   1.7851e-19
 9175.00   3.0814e-18   1.7496e-19
 9180.00   3.8121e-18   1.7940e-19
 9185.00   3.7523e-18   1.8067e-19
 9190.00   3.4940e-18   1.8466e-19
 9195.00   3.2677e-18   1.8548e-19
 9200.00   2.4151e-18   1.9839e-19
 9205.00   3.9318e-18   1.9628e-19
 9210.00   3.8446e-18   2.0030e-19
 9215.00   3.3075e-18   2.1956e-19
 9220.00   3.1360e-18   2.0960e-19
 9225.00   4.2157e-18   2.4148e-19
 9230.00   3.8225e-18   2.1497e-19
 9235.00   3.1529e-18   2.1709e-19
 9240.00   4.2727e-18   2.2139e-19
 9245.00   3.8108e-18   2.2710e-19
 9250.00   3.9688e-18   2.4906e-19
 9255.00   4.0415e-18   2.4172e-19
 9260.00   3.7094e-18   1.9242e-19
 9265.00   4.1161e-18   1.9444e-19
 9270.00   4.7751e-18   1.9103e-19
 9275.00   5.0211e-18   1.9133e-19
 9280.00   4.0208e-18   1.8880e-19
 9285.00   3.6845e-18   2.0460e-19
 9290.00   3.7816e-18   2.0044e-19
 9295.00   3.8531e-18   2.1342e-19
 9300.00   3.6108e-18   1.9329e-19
 9305.00   3.5899e-18   2.7570e-19
 9310.00   3.2784e-18   3.4243e-19
 9315.00   1.2951e-18   2.7235e-19
 9320.00   3.1751e-18   2.4643e-19
 9325.00   2.9855e-18   2.6789e-19
 9330.00   4.3699e-18   2.3642e-19
 9335.00   3.3855e-18   2.4483e-19
 9340.00   2.6896e-18   2.5783e-19
 9345.00   2.2339e-18   2.1440e-19
 9350.00   3.4120e-18   2.8420e-19
 9355.00   2.6659e-18   2.2410e-19
 9360.00   3.6065e-18   2.3178e-19
 9365.00   3.0992e-18   2.2027e-19
 9370.00   2.6900e-18   2.2890e-19
 9375.00   2.2091e-18   4.9591e-19
 9380.00   3.6525e-18   2.3103e-19
 9385.00   4.2734e-18   2.8429e-19
 9390.00   5.5041e-18   2.1958e-19
 9395.00   5.0024e-18   2.3378e-19
 9400.00   4.9324e-18   2.5908e-19
 9405.00   4.8458e-18   2.3270e-19
 9410.00   4.2628e-18   2.0831e-19
 9415.00   5.3897e-18   2.1920e-19
 9420.00   3.7335e-18   3.0373e-19
 9425.00   4.2939e-18   2.1674e-19
 9430.00   3.9357e-18   1.9640e-19
 9435.00   5.5528e-18   2.1981e-19
 9440.00   2.7830e-18   3.5260e-19
 9445.00   4.2409e-18   2.1134e-19
 9450.00   5.4331e-18   2.3492e-19
 9455.00   3.9808e-18   2.1164e-19
 9460.00   3.9898e-18   2.6337e-19
 9465.00   5.3350e-18   2.0053e-19
 9470.00   4.4425e-18   1.9864e-19
 9475.00   4.5761e-18   2.8255e-19
 9480.00   3.6639e-18   2.2356e-19
 9485.00   4.9112e-18   2.0852e-19
 9490.00   6.0368e-18   2.1582e-19
 9495.00   4.0155e-18   1.8928e-19
 9500.00   3.8345e-18   2.1051e-19
 9505.00   5.2294e-18   2.3955e-19
 9510.00   5.4739e-18   1.9990e-19
 9515.00   3.9373e-18   2.0113e-19
 9520.00   4.3029e-18   2.9754e-19
 9525.00   5.1152e-18   2.0029e-19
 9530.00   4.6704e-18   2.1461e-19
 9535.00   5.2411e-18   2.2579e-19
 9540.00   5.0783e-18   1.9482e-19
 9545.00   3.5556e-18   1.8586e-19
 9550.00   4.9223e-18   2.3426e-19
 9555.00   3.2725e-18   2.1038e-19
 9560.00   4.5177e-18   2.1524e-19
 9565.00   3.4561e-18   2.4092e-19
 9570.00   5.2421e-18   2.4849e-19
 9575.00   5.5089e-18   2.1380e-19
 9580.00   4.1012e-18   1.9110e-19
 9585.00   5.0865e-18   1.9811e-19
 9590.00   4.1402e-18   2.0105e-19
 9595.00   4.7455e-18   2.0022e-19
 9600.00   4.9319e-18   2.0048e-19
 9605.00   5.2260e-18   2.1971e-19
 9610.00   4.4806e-18   2.3631e-19
 9615.00   4.7155e-18   2.1616e-19
 9620.00   4.0144e-18   2.8659e-19
 9625.00   3.9167e-18   2.2755e-19
 9630.00   4.7326e-18   2.3481e-19
 9635.00   3.8701e-18   2.1334e-19
 9640.00   3.9543e-18   2.1633e-19
 9645.00   3.5285e-18   2.1342e-19
 9650.00   4.3861e-18   2.3751e-19
 9655.00   3.5926e-18   2.5053e-19
 9660.00   3.9622e-18   2.5647e-19
 9665.00   4.4718e-18   2.3921e-19
 9670.00   4.9964e-18   3.2707e-19
 9675.00   3.5685e-18   2.6704e-19
 9680.00   4.3707e-18   3.8024e-19
 9685.00   5.4670e-18   2.8505e-19
 9690.00   4.5628e-18   2.9819e-19
 9695.00   4.3720e-18   2.6898e-19
 9700.00   3.9711e-18   3.6296e-19
 9705.00   4.2543e-18   2.7281e-19
 9710.00   4.0938e-18   3.2155e-19
 9715.00   4.4976e-18   2.8238e-19
 9720.00   3.8540e-18   4.2462e-19
 9725.00   3.5325e-18   3.1033e-19
 9730.00   5.4031e-18   3.0697e-19
 9735.00   3.6472e-18   3.6639e-19
 9740.00   2.6601e-18   3.6264e-19
 9745.00   2.9168e-18   3.7797e-19
 9750.00   4.6534e-18   3.1570e-19
 9755.00   4.0326e-18   3.2378e-19
 9760.00   5.2165e-18   3.2909e-19
 9765.00   3.5967e-18   3.3481e-19
 9770.00   3.3511e-18   3.3541e-19
 9775.00   4.8448e-18   3.5571e-19
 9780.00   4.7543e-18   3.6385e-19
 9785.00   4.7471e-18   3.9262e-19
 9790.00   6.8935e-18   7.1760e-19
 9795.00   4.1101e-18   4.1588e-19
 9800.00   4.7584e-18   4.5209e-19
 9805.00   5.5099e-18   3.6582e-19
 9810.00   3.8530e-18   4.6855e-19
 9815.00   3.3468e-18   6.3636e-19
 9820.00   3.4948e-18   5.6622e-19
 9825.00   3.3376e-18   5.4905e-19
 9830.00   3.6015e-18   5.5479e-19
 9835.00   4.2244e-18   5.1247e-19
 9840.00   5.0031e-18   4.9994e-19
 9845.00   3.6303e-18   5.3955e-19
 9850.00   3.5795e-18   6.2599e-19
 9855.00   4.4818e-18   4.9397e-19
 9860.00   4.6831e-18   4.8405e-19
 9865.00   4.9172e-18   4.9899e-19
 9870.00   1.0651e-17   7.0871e-19
 9875.00   5.1741e-18   5.8051e-19
 9880.00   4.6678e-18   4.7828e-19
 9885.00   3.9060e-18   5.3727e-19
 9890.00   5.6462e-18   4.9170e-19
 9895.00   4.9405e-18   6.8835e-19
 9900.00   2.9783e-18   4.8552e-19
 9905.00   4.0878e-18   4.6777e-19
 9910.00   5.9612e-18   5.2159e-19
 9915.00   5.5123e-18   8.3613e-19
 9920.00   3.9612e-18   4.8929e-19
 9925.00   4.9895e-18   4.6039e-19
 9930.00   6.1814e-18   4.5717e-19
 9935.00   3.6769e-18   4.8257e-19
 9940.00   1.8126e-18   6.6289e-19
 9945.00   4.2177e-18   1.0673e-18
 9950.00   4.6900e-18   6.7871e-19
 9955.00   2.7587e-18   7.5584e-19
 9960.00   2.9936e-18   8.6140e-19
 9965.00   5.3630e-18   5.6218e-19
 9970.00   2.7322e-18   5.8516e-19
 9975.00   2.8027e-18   5.7765e-19
 9980.00   4.9638e-18   5.3469e-19
 9985.00   3.7760e-18   4.5861e-19
 9990.00   2.7597e-18   4.8283e-19
 9995.00   2.7597e-18   9.9999e+04
10000.00   2.7597e-18   9.9999e+04
