 
TRANSIENT_NAME:     DES15S2nr  
SNID:               1281880    
OBS_DATE:           2015-10-06
MJD:                57301. 
PHASE:              -15.   
MJD_MAX:            57318.9 (Angus et. al.: MNRAS, 487, 2215A, 2019)
TYPE:               41 
SPEC_EVAL:          SLSN-I
REDSHIFT:           0.2200  
REDSHIFT_ERR:       0.0005  
REDSHIFT_SOURCE:    Z_GAL
TELESCOPE:          VLT
INSTRUMENT:         X-SHOOTER
 
======================================
 
# WAVE  FLUX  FLUX_ERR
 3100.00  -1.0798e-16   1.1626e-16
 3105.00  -7.4677e-17   7.5454e-17
 3110.00  -7.8823e-17   6.8605e-17
 3115.00  -1.3015e-17   6.1273e-17
 3120.00   6.0936e-17   5.5046e-17
 3125.00  -4.0380e-17   4.9251e-17
 3130.00   1.2006e-16   4.7898e-17
 3135.00   6.0933e-17   4.5952e-17
 3140.00   4.2017e-17   4.4851e-17
 3145.00   8.6621e-18   4.3216e-17
 3150.00   3.7651e-17   4.1896e-17
 3155.00  -3.7428e-17   4.0776e-17
 3160.00   3.9181e-17   4.0557e-17
 3165.00  -7.6944e-18   3.8380e-17
 3170.00   2.2944e-17   3.8728e-17
 3175.00   7.8819e-17   3.7614e-17
 3180.00   6.6938e-17   3.4935e-17
 3185.00   1.5056e-17   3.1403e-17
 3190.00  -1.3695e-17   2.8427e-17
 3195.00   2.8629e-17   2.6850e-17
 3200.00   1.8265e-17   2.4758e-17
 3205.00   2.1581e-17   2.1985e-17
 3210.00   1.8597e-17   2.1424e-17
 3215.00   3.8339e-17   1.9272e-17
 3220.00   3.1688e-17   1.8069e-17
 3225.00   4.6472e-17   1.6799e-17
 3230.00   1.5151e-17   1.5282e-17
 3235.00   1.6531e-17   1.3831e-17
 3240.00  -2.5426e-18   1.3021e-17
 3245.00   2.7126e-17   1.2922e-17
 3250.00   1.7151e-17   1.2795e-17
 3255.00   3.1326e-17   1.2429e-17
 3260.00   1.9842e-17   1.2462e-17
 3265.00   4.9638e-17   1.2349e-17
 3270.00   5.0891e-17   1.2494e-17
 3275.00   3.6224e-17   1.2845e-17
 3280.00   2.3129e-17   1.2696e-17
 3285.00   2.6389e-17   1.2889e-17
 3290.00   2.0450e-17   1.3020e-17
 3295.00  -3.6743e-17   1.3581e-17
 3300.00   3.1504e-17   1.3955e-17
 3305.00   9.5675e-18   1.4276e-17
 3310.00   8.9401e-18   1.4557e-17
 3315.00  -2.1987e-17   1.4529e-17
 3320.00   3.3333e-17   1.4335e-17
 3325.00  -1.1878e-17   1.3331e-17
 3330.00   2.5376e-17   1.2757e-17
 3335.00   7.4270e-19   1.2042e-17
 3340.00   1.5054e-17   1.1294e-17
 3345.00   1.8795e-17   1.0972e-17
 3350.00   2.2239e-17   1.0044e-17
 3355.00   1.7804e-17   9.2943e-18
 3360.00   1.5020e-17   8.6415e-18
 3365.00   2.1015e-17   8.4949e-18
 3370.00   2.2346e-17   9.1678e-18
 3375.00   2.7989e-17   8.4787e-18
 3380.00   4.1332e-17   8.0530e-18
 3385.00   4.5546e-17   7.6690e-18
 3390.00   4.4818e-17   7.3997e-18
 3395.00   6.2592e-17   7.4114e-18
 3400.00   5.7739e-17   7.2073e-18
 3405.00   5.8069e-17   7.1761e-18
 3410.00   3.9690e-17   6.8538e-18
 3415.00   5.4114e-17   7.1880e-18
 3420.00   3.9825e-17   7.1040e-18
 3425.00   6.5434e-17   7.6108e-18
 3430.00   5.3049e-17   7.5928e-18
 3435.00   5.5885e-17   7.9222e-18
 3440.00   4.7593e-17   8.0769e-18
 3445.00   4.4675e-17   8.2432e-18
 3450.00   5.7369e-17   8.7679e-18
 3455.00   4.2477e-17   8.8934e-18
 3460.00   3.3255e-17   8.8641e-18
 3465.00   5.1811e-17   8.9893e-18
 3470.00   4.3136e-17   8.7683e-18
 3475.00   3.4317e-17   8.4434e-18
 3480.00   3.9040e-17   8.6740e-18
 3485.00   3.0997e-17   8.1416e-18
 3490.00   3.2030e-17   7.5583e-18
 3495.00   3.6813e-17   7.4626e-18
 3500.00   3.3606e-17   6.7862e-18
 3505.00   3.7879e-17   6.4080e-18
 3510.00   3.9773e-17   6.1680e-18
 3515.00   5.4516e-17   5.8917e-18
 3520.00   5.4395e-17   5.6191e-18
 3525.00   5.0238e-17   5.3774e-18
 3530.00   5.6566e-17   5.2091e-18
 3535.00   5.3107e-17   4.9847e-18
 3540.00   5.6884e-17   5.1277e-18
 3545.00   5.9152e-17   5.3361e-18
 3550.00   4.5695e-17   4.8713e-18
 3555.00   4.8899e-17   4.8552e-18
 3560.00   5.8261e-17   4.6531e-18
 3565.00   5.6336e-17   4.3815e-18
 3570.00   5.4643e-17   4.2379e-18
 3575.00   5.2665e-17   4.1646e-18
 3580.00   5.4056e-17   4.1609e-18
 3585.00   5.3357e-17   4.2341e-18
 3590.00   5.3149e-17   4.3648e-18
 3595.00   5.9297e-17   4.6062e-18
 3600.00   4.9163e-17   4.7777e-18
 3605.00   4.0733e-17   4.8940e-18
 3610.00   5.8559e-17   5.2828e-18
 3615.00   5.8452e-17   5.6073e-18
 3620.00   5.7992e-17   5.8218e-18
 3625.00   5.3660e-17   5.7909e-18
 3630.00   5.7014e-17   5.8828e-18
 3635.00   4.5779e-17   5.7666e-18
 3640.00   4.8565e-17   5.7141e-18
 3645.00   4.5491e-17   5.4648e-18
 3650.00   5.5220e-17   5.3402e-18
 3655.00   4.8655e-17   5.6702e-18
 3660.00   5.2472e-17   5.3337e-18
 3665.00   4.6469e-17   4.8603e-18
 3670.00   4.5227e-17   4.4396e-18
 3675.00   4.0735e-17   4.1394e-18
 3680.00   3.6684e-17   3.8306e-18
 3685.00   4.1172e-17   3.6782e-18
 3690.00   4.2970e-17   3.5552e-18
 3695.00   4.4344e-17   3.4337e-18
 3700.00   4.1477e-17   3.4890e-18
 3705.00   4.6720e-17   3.3916e-18
 3710.00   4.4805e-17   3.2403e-18
 3715.00   4.1089e-17   3.1006e-18
 3720.00   4.7785e-17   3.0255e-18
 3725.00   4.8903e-17   3.0023e-18
 3730.00   4.7213e-17   3.0168e-18
 3735.00   4.8218e-17   3.0714e-18
 3740.00   4.8498e-17   3.1319e-18
 3745.00   4.8782e-17   2.9762e-18
 3750.00   4.7216e-17   2.8700e-18
 3755.00   4.8444e-17   2.8860e-18
 3760.00   5.0922e-17   2.8905e-18
 3765.00   5.0988e-17   2.9361e-18
 3770.00   4.8748e-17   2.9660e-18
 3775.00   5.2359e-17   3.1185e-18
 3780.00   5.1452e-17   3.1911e-18
 3785.00   5.0183e-17   3.2915e-18
 3790.00   5.0419e-17   3.4193e-18
 3795.00   5.3587e-17   3.5547e-18
 3800.00   5.5939e-17   3.6102e-18
 3805.00   4.8347e-17   3.6080e-18
 3810.00   4.7871e-17   3.6445e-18
 3815.00   5.0363e-17   3.7532e-18
 3820.00   5.5522e-17   3.7256e-18
 3825.00   5.6460e-17   3.6652e-18
 3830.00   5.3557e-17   3.7796e-18
 3835.00   5.6093e-17   3.6659e-18
 3840.00   4.7134e-17   3.4805e-18
 3845.00   4.7663e-17   3.7112e-18
 3850.00   4.8598e-17   3.4180e-18
 3855.00   4.9970e-17   3.1948e-18
 3860.00   5.2579e-17   3.0242e-18
 3865.00   4.9179e-17   2.8510e-18
 3870.00   5.3994e-17   2.7407e-18
 3875.00   5.1540e-17   2.6425e-18
 3880.00   5.5850e-17   2.5587e-18
 3885.00   5.1218e-17   2.4401e-18
 3890.00   5.1193e-17   2.3905e-18
 3895.00   5.4202e-17   2.3922e-18
 3900.00   5.2549e-17   2.3608e-18
 3905.00   5.0485e-17   2.3781e-18
 3910.00   4.9287e-17   2.3800e-18
 3915.00   5.2203e-17   2.3043e-18
 3920.00   5.0804e-17   2.2127e-18
 3925.00   5.2538e-17   2.1526e-18
 3930.00   4.9775e-17   2.1072e-18
 3935.00   4.8523e-17   2.0427e-18
 3940.00   5.0717e-17   2.1457e-18
 3945.00   5.1112e-17   2.1776e-18
 3950.00   5.0052e-17   2.1643e-18
 3955.00   4.7453e-17   2.1020e-18
 3960.00   4.7266e-17   2.1050e-18
 3965.00   4.5752e-17   2.1044e-18
 3970.00   4.9489e-17   2.1396e-18
 3975.00   4.7581e-17   2.2673e-18
 3980.00   5.3290e-17   2.3676e-18
 3985.00   4.9254e-17   2.3711e-18
 3990.00   5.0404e-17   2.4331e-18
 3995.00   4.6618e-17   2.4279e-18
 4000.00   4.9830e-17   2.4955e-18
 4005.00   4.9607e-17   2.5122e-18
 4010.00   4.8335e-17   2.5912e-18
 4015.00   4.6779e-17   2.5618e-18
 4020.00   4.5455e-17   2.5574e-18
 4025.00   4.4022e-17   2.5235e-18
 4030.00   4.0830e-17   2.5035e-18
 4035.00   4.3306e-17   2.4862e-18
 4040.00   4.2919e-17   2.4979e-18
 4045.00   4.3871e-17   2.9049e-18
 4050.00   4.6881e-17   2.7709e-18
 4055.00   4.6296e-17   2.5537e-18
 4060.00   4.2597e-17   2.4375e-18
 4065.00   4.7690e-17   2.4205e-18
 4070.00   4.9809e-17   2.3367e-18
 4075.00   4.4835e-17   2.1928e-18
 4080.00   4.7073e-17   2.1401e-18
 4085.00   4.7759e-17   2.0842e-18
 4090.00   4.8923e-17   2.0180e-18
 4095.00   5.0112e-17   1.9744e-18
 4100.00   4.9397e-17   1.9152e-18
 4105.00   5.0369e-17   1.8972e-18
 4110.00   4.8489e-17   1.8711e-18
 4115.00   4.7598e-17   1.8349e-18
 4120.00   5.0851e-17   1.8465e-18
 4125.00   5.0890e-17   1.8710e-18
 4130.00   4.7983e-17   1.8058e-18
 4135.00   5.0255e-17   1.8294e-18
 4140.00   4.7214e-17   1.7608e-18
 4145.00   4.8815e-17   1.7483e-18
 4150.00   4.9522e-17   1.7288e-18
 4155.00   4.7867e-17   1.7611e-18
 4160.00   4.6139e-17   1.7605e-18
 4165.00   4.8725e-17   1.8136e-18
 4170.00   4.8353e-17   1.8376e-18
 4175.00   4.8351e-17   1.7913e-18
 4180.00   5.0769e-17   1.8265e-18
 4185.00   4.9473e-17   1.7999e-18
 4190.00   4.6985e-17   1.7957e-18
 4195.00   4.7418e-17   1.8243e-18
 4200.00   4.7886e-17   1.8252e-18
 4205.00   4.8493e-17   1.8664e-18
 4210.00   4.9496e-17   1.8997e-18
 4215.00   4.5154e-17   1.8945e-18
 4220.00   4.5453e-17   1.9012e-18
 4225.00   4.6116e-17   1.9184e-18
 4230.00   4.3528e-17   1.9419e-18
 4235.00   4.7466e-17   1.9859e-18
 4240.00   4.6079e-17   1.9923e-18
 4245.00   4.6107e-17   2.0356e-18
 4250.00   4.2977e-17   2.0234e-18
 4255.00   4.6119e-17   2.0489e-18
 4260.00   4.4352e-17   2.0111e-18
 4265.00   4.1347e-17   1.9947e-18
 4270.00   4.2664e-17   1.9782e-18
 4275.00   3.9877e-17   1.9211e-18
 4280.00   3.9612e-17   2.1456e-18
 4285.00   4.2652e-17   2.0767e-18
 4290.00   4.4400e-17   1.9925e-18
 4295.00   4.3047e-17   1.9201e-18
 4300.00   4.2106e-17   1.8149e-18
 4305.00   4.4196e-17   1.7729e-18
 4310.00   4.1647e-17   1.7302e-18
 4315.00   4.2356e-17   1.7217e-18
 4320.00   4.3170e-17   1.6696e-18
 4325.00   4.3897e-17   1.6067e-18
 4330.00   4.4012e-17   1.5919e-18
 4335.00   4.9637e-17   1.6103e-18
 4340.00   4.9370e-17   1.5606e-18
 4345.00   4.7629e-17   1.5576e-18
 4350.00   4.8556e-17   1.5428e-18
 4355.00   4.8785e-17   1.5263e-18
 4360.00   4.8735e-17   1.5332e-18
 4365.00   4.8354e-17   1.4819e-18
 4370.00   4.7556e-17   1.4860e-18
 4375.00   4.7104e-17   1.4619e-18
 4380.00   5.0859e-17   1.4713e-18
 4385.00   4.7933e-17   1.4289e-18
 4390.00   4.5915e-17   1.4036e-18
 4395.00   4.6535e-17   1.4133e-18
 4400.00   4.5263e-17   1.4151e-18
 4405.00   4.6058e-17   1.4630e-18
 4410.00   4.3065e-17   1.4604e-18
 4415.00   4.2696e-17   1.4582e-18
 4420.00   4.3509e-17   1.4683e-18
 4425.00   4.1506e-17   1.4663e-18
 4430.00   4.1576e-17   1.4687e-18
 4435.00   3.9511e-17   1.4426e-18
 4440.00   4.0274e-17   1.4960e-18
 4445.00   4.2943e-17   1.5114e-18
 4450.00   4.0661e-17   1.5099e-18
 4455.00   4.0054e-17   1.5068e-18
 4460.00   4.1966e-17   1.5353e-18
 4465.00   3.9925e-17   1.5558e-18
 4470.00   4.1221e-17   1.5724e-18
 4475.00   3.9212e-17   1.5908e-18
 4480.00   4.0893e-17   1.6087e-18
 4485.00   3.8992e-17   1.6467e-18
 4490.00   4.0260e-17   1.6570e-18
 4495.00   4.3652e-17   1.6974e-18
 4500.00   4.0756e-17   1.6901e-18
 4505.00   4.0131e-17   1.6892e-18
 4510.00   3.8905e-17   2.4667e-18
 4515.00   3.8092e-17   2.3234e-18
 4520.00   3.7913e-17   2.2129e-18
 4525.00   4.1815e-17   2.1528e-18
 4530.00   4.0445e-17   2.0630e-18
 4535.00   4.1816e-17   1.9922e-18
 4540.00   4.1162e-17   1.9015e-18
 4545.00   4.2591e-17   1.8497e-18
 4550.00   4.5116e-17   1.7798e-18
 4555.00   4.0223e-17   1.6745e-18
 4560.00   4.2767e-17   1.6404e-18
 4565.00   4.2613e-17   1.5829e-18
 4570.00   4.1668e-17   1.5250e-18
 4575.00   4.1457e-17   1.4972e-18
 4580.00   4.2359e-17   1.4796e-18
 4585.00   4.1673e-17   1.4330e-18
 4590.00   4.0327e-17   1.3864e-18
 4595.00   4.2166e-17   1.3619e-18
 4600.00   4.0110e-17   1.3220e-18
 4605.00   4.0994e-17   1.3058e-18
 4610.00   4.0758e-17   1.2924e-18
 4615.00   4.0757e-17   1.2644e-18
 4620.00   4.0548e-17   1.2480e-18
 4625.00   3.9302e-17   1.2299e-18
 4630.00   3.8415e-17   1.2083e-18
 4635.00   3.9412e-17   1.1989e-18
 4640.00   3.7264e-17   1.1750e-18
 4645.00   3.8071e-17   1.1645e-18
 4650.00   3.7433e-17   1.1584e-18
 4655.00   3.8540e-17   1.1805e-18
 4660.00   3.6834e-17   1.1902e-18
 4665.00   3.7423e-17   1.1688e-18
 4670.00   3.8495e-17   1.1826e-18
 4675.00   3.8546e-17   1.1881e-18
 4680.00   3.7529e-17   1.1751e-18
 4685.00   3.8228e-17   1.1882e-18
 4690.00   3.6677e-17   1.1734e-18
 4695.00   3.7710e-17   1.1924e-18
 4700.00   3.9324e-17   1.2000e-18
 4705.00   3.8558e-17   1.1993e-18
 4710.00   3.8297e-17   1.2164e-18
 4715.00   3.7692e-17   1.2152e-18
 4720.00   3.7684e-17   1.2256e-18
 4725.00   3.7260e-17   1.2396e-18
 4730.00   3.8355e-17   1.2527e-18
 4735.00   3.7981e-17   1.2586e-18
 4740.00   3.9290e-17   1.2828e-18
 4745.00   3.9588e-17   1.2959e-18
 4750.00   3.9434e-17   1.3092e-18
 4755.00   3.8661e-17   1.3177e-18
 4760.00   3.8799e-17   1.3330e-18
 4765.00   3.8640e-17   1.3401e-18
 4770.00   4.0367e-17   1.3655e-18
 4775.00   3.8834e-17   1.3837e-18
 4780.00   3.9849e-17   1.3899e-18
 4785.00   3.9503e-17   1.3921e-18
 4790.00   3.8778e-17   2.2186e-18
 4795.00   3.6580e-17   2.1050e-18
 4800.00   3.6783e-17   2.0047e-18
 4805.00   3.8610e-17   1.9394e-18
 4810.00   3.7389e-17   1.8525e-18
 4815.00   3.5818e-17   1.7836e-18
 4820.00   3.7031e-17   1.7625e-18
 4825.00   3.4557e-17   1.6640e-18
 4830.00   3.5079e-17   1.6184e-18
 4835.00   3.8940e-17   1.6099e-18
 4840.00   3.7219e-17   1.5460e-18
 4845.00   3.5173e-17   1.4846e-18
 4850.00   3.7387e-17   1.4399e-18
 4855.00   3.6813e-17   1.4016e-18
 4860.00   3.7112e-17   1.3562e-18
 4865.00   3.6416e-17   1.3181e-18
 4870.00   3.5257e-17   1.2915e-18
 4875.00   3.5296e-17   1.2525e-18
 4880.00   3.6889e-17   1.2615e-18
 4885.00   3.5082e-17   1.2165e-18
 4890.00   3.6437e-17   1.2027e-18
 4895.00   3.4707e-17   1.1714e-18
 4900.00   3.4037e-17   1.1348e-18
 4905.00   3.5827e-17   1.1309e-18
 4910.00   3.5780e-17   1.1061e-18
 4915.00   3.4046e-17   1.0796e-18
 4920.00   3.4605e-17   1.0564e-18
 4925.00   3.5081e-17   1.0655e-18
 4930.00   3.6659e-17   1.0644e-18
 4935.00   3.5561e-17   1.0452e-18
 4940.00   3.7150e-17   1.0487e-18
 4945.00   3.6453e-17   1.0349e-18
 4950.00   3.6309e-17   1.0318e-18
 4955.00   3.7336e-17   1.0378e-18
 4960.00   3.6658e-17   1.0213e-18
 4965.00   3.5876e-17   1.0347e-18
 4970.00   3.5780e-17   1.0476e-18
 4975.00   3.6288e-17   1.0282e-18
 4980.00   3.7896e-17   1.0356e-18
 4985.00   3.6822e-17   1.0238e-18
 4990.00   3.6679e-17   1.0388e-18
 4995.00   3.8356e-17   1.0521e-18
 5000.00   3.6038e-17   1.0393e-18
 5005.00   3.7775e-17   1.0555e-18
 5010.00   3.6889e-17   1.0557e-18
 5015.00   3.7143e-17   1.0665e-18
 5020.00   3.7714e-17   1.0862e-18
 5025.00   3.7461e-17   1.0853e-18
 5030.00   3.7914e-17   1.1026e-18
 5035.00   3.7801e-17   1.1156e-18
 5040.00   3.6030e-17   1.1068e-18
 5045.00   3.5730e-17   1.1237e-18
 5050.00   3.5210e-17   1.1181e-18
 5055.00   3.4362e-17   1.1048e-18
 5060.00   3.5144e-17   1.1192e-18
 5065.00   3.3146e-17   1.1110e-18
 5070.00   3.5136e-17   1.1338e-18
 5075.00   3.2747e-17   1.1253e-18
 5080.00   3.3248e-17   1.1356e-18
 5085.00   3.4278e-17   1.1525e-18
 5090.00   3.3327e-17   1.1522e-18
 5095.00   3.1079e-17   1.1467e-18
 5100.00   3.3093e-17   1.1626e-18
 5105.00   3.2747e-17   1.1731e-18
 5110.00   3.4323e-17   1.1962e-18
 5115.00   3.1615e-17   1.9064e-18
 5120.00   2.8746e-17   1.8152e-18
 5125.00   3.1240e-17   1.7554e-18
 5130.00   2.9135e-17   1.6904e-18
 5135.00   3.2249e-17   1.6713e-18
 5140.00   2.9590e-17   1.5958e-18
 5145.00   3.0226e-17   1.5495e-18
 5150.00   2.9379e-17   1.4856e-18
 5155.00   2.9713e-17   1.4466e-18
 5160.00   2.8039e-17   1.3960e-18
 5165.00   2.9978e-17   1.3423e-18
 5170.00   2.9137e-17   1.2949e-18
 5175.00   3.0154e-17   1.2806e-18
 5180.00   2.7106e-17   1.2234e-18
 5185.00   2.9266e-17   1.2030e-18
 5190.00   2.8846e-17   1.1940e-18
 5195.00   2.9820e-17   1.1824e-18
 5200.00   3.0014e-17   1.3116e-18
 5205.00   2.9790e-17   1.1241e-18
 5210.00   3.0798e-17   1.1073e-18
 5215.00   3.0065e-17   1.0728e-18
 5220.00   3.0907e-17   1.0755e-18
 5225.00   3.0753e-17   1.0673e-18
 5230.00   3.2377e-17   1.0504e-18
 5235.00   3.2265e-17   1.0204e-18
 5240.00   3.1627e-17   1.0386e-18
 5245.00   3.1420e-17   9.9370e-19
 5250.00   3.1486e-17   9.8815e-19
 5255.00   3.1239e-17   1.0041e-18
 5260.00   3.1841e-17   9.6890e-19
 5265.00   3.0743e-17   9.4237e-19
 5270.00   2.9898e-17   9.4101e-19
 5275.00   3.0096e-17   9.6854e-19
 5280.00   3.0896e-17   9.4308e-19
 5285.00   3.1582e-17   9.4302e-19
 5290.00   3.2795e-17   9.5846e-19
 5295.00   3.4207e-17   9.6282e-19
 5300.00   3.2843e-17   9.6589e-19
 5305.00   3.0053e-17   9.4998e-19
 5310.00   3.1568e-17   9.4803e-19
 5315.00   3.1210e-17   9.5041e-19
 5320.00   3.0672e-17   9.5098e-19
 5325.00   3.0021e-17   9.5196e-19
 5330.00   3.1736e-17   1.0067e-18
 5335.00   3.1381e-17   9.5703e-19
 5340.00   3.1908e-17   9.5219e-19
 5345.00   3.1275e-17   9.5859e-19
 5350.00   3.1951e-17   9.6463e-19
 5355.00   3.1311e-17   9.6483e-19
 5360.00   3.1793e-17   9.5924e-19
 5365.00   3.2149e-17   9.6314e-19
 5370.00   3.1163e-17   9.6916e-19
 5375.00   3.2598e-17   9.8382e-19
 5380.00   3.1989e-17   9.8808e-19
 5385.00   3.3926e-17   1.0015e-18
 5390.00   3.2788e-17   1.0022e-18
 5395.00   3.2016e-17   1.0054e-18
 5400.00   3.3440e-17   1.0305e-18
 5405.00   3.3361e-17   1.0360e-18
 5410.00   3.2614e-17   1.0462e-18
 5415.00   3.1489e-17   1.0586e-18
 5420.00   3.0598e-17   1.0771e-18
 5425.00   3.1230e-17   1.1019e-18
 5430.00   3.1996e-17   1.0951e-18
 5435.00   3.2173e-17   1.1162e-18
 5440.00   3.0748e-17   1.1182e-18
 5445.00   3.0194e-17   1.1304e-18
 5450.00   3.3465e-17   1.1890e-18
 5455.00   3.0600e-17   1.1907e-18
 5460.00   3.1327e-17   1.2609e-18
 5465.00   3.1405e-17   1.2694e-18
 5470.00   3.1453e-17   1.3045e-18
 5475.00   3.0491e-17   1.3175e-18
 5480.00   2.8849e-17   1.3350e-18
 5485.00   3.0999e-17   1.3586e-18
 5490.00   3.2119e-17   2.2214e-18
 5495.00   2.9535e-17   2.1053e-18
 5500.00   3.0626e-17   2.0373e-18
 5505.00   3.0796e-17   1.9555e-18
 5510.00   2.9567e-17   1.8839e-18
 5515.00   2.6712e-17   1.8057e-18
 5520.00   2.9317e-17   1.7888e-18
 5525.00   2.5387e-17   1.7190e-18
 5530.00   2.8799e-17   1.7226e-18
 5535.00   2.5216e-17   1.6916e-18
 5540.00   2.8895e-17   1.7401e-18
 5545.00   2.7412e-17   1.7764e-18
 5550.00   3.0194e-17   1.7276e-18
 5555.00   2.8525e-17   1.6474e-18
 5560.00   2.9941e-17   1.6473e-18
 5565.00   2.3197e-17   1.6508e-18
 5570.00   2.6649e-17   1.6245e-18
 5575.00   2.4173e-17   1.9170e-18
 5580.00   2.3492e-17   1.7360e-18
 5585.00   2.6862e-17   1.5252e-18
 5590.00   2.9032e-17   1.5189e-18
 5595.00   2.7444e-17   1.4506e-18
 5600.00   2.9620e-17   1.4759e-18
 5605.00   2.8339e-17   1.6520e-18
 5610.00   2.9348e-17   1.5241e-18
 5615.00   2.9424e-17   1.4484e-18
 5620.00   3.1019e-17   1.3773e-18
 5625.00   2.7743e-17   1.3280e-18
 5630.00   2.9975e-17   1.2739e-18
 5635.00   3.2809e-17   1.2484e-18
 5640.00   3.0291e-17   1.2093e-18
 5645.00   3.2641e-17   1.2033e-18
 5650.00   3.1780e-17   1.1681e-18
 5655.00   3.0481e-17   1.1466e-18
 5660.00   3.1201e-17   1.1312e-18
 5665.00   3.2806e-17   1.1366e-18
 5670.00   3.1811e-17   1.1402e-18
 5675.00   3.1237e-17   1.1321e-18
 5680.00   3.2263e-17   1.1668e-18
 5685.00   3.0029e-17   1.1706e-18
 5690.00   3.1288e-17   1.1983e-18
 5695.00   3.0118e-17   1.2115e-18
 5700.00   3.0660e-17   1.2518e-18
 5705.00   3.2194e-17   1.2911e-18
 5710.00   3.0890e-17   1.3215e-18
 5715.00   2.8946e-17   1.3510e-18
 5720.00   2.9910e-17   1.3960e-18
 5725.00   3.0102e-17   1.4330e-18
 5730.00   2.7454e-17   1.4571e-18
 5735.00   2.5741e-17   1.4824e-18
 5740.00   2.6515e-17   1.5041e-18
 5745.00   2.9236e-17   1.5415e-18
 5750.00   2.7820e-17   1.5444e-18
 5755.00   3.0154e-17   1.5493e-18
 5760.00   2.6586e-17   1.5220e-18
 5765.00   2.6891e-17   1.5244e-18
 5770.00   2.4508e-17   1.4929e-18
 5775.00   2.7091e-17   1.4654e-18
 5780.00   2.3955e-17   1.4164e-18
 5785.00   2.9271e-17   1.3572e-18
 5790.00   2.5052e-17   1.2371e-18
 5795.00   2.7928e-17   1.2580e-18
 5800.00   2.7345e-17   1.2219e-18
 5805.00   2.5915e-17   1.1847e-18
 5810.00   2.6052e-17   1.1635e-18
 5815.00   2.7472e-17   1.1435e-18
 5820.00   2.8335e-17   1.1304e-18
 5825.00   2.7299e-17   1.1106e-18
 5830.00   2.7956e-17   1.0993e-18
 5835.00   2.6758e-17   1.0853e-18
 5840.00   2.6933e-17   1.0789e-18
 5845.00   2.5957e-17   1.0749e-18
 5850.00   2.8012e-17   1.0784e-18
 5855.00   2.7518e-17   1.0819e-18
 5860.00   2.6246e-17   1.0878e-18
 5865.00   2.6580e-17   1.1637e-18
 5870.00   2.6553e-17   1.1617e-18
 5875.00   2.5026e-17   1.1380e-18
 5880.00   2.7726e-17   1.1509e-18
 5885.00   2.6956e-17   1.1709e-18
 5890.00   2.5424e-17   1.3578e-18
 5895.00   2.5428e-17   1.3137e-18
 5900.00   2.6327e-17   1.2001e-18
 5905.00   2.7259e-17   1.2431e-18
 5910.00   2.6358e-17   1.2097e-18
 5915.00   2.4430e-17   1.2583e-18
 5920.00   2.5917e-17   1.2210e-18
 5925.00   2.4409e-17   1.2403e-18
 5930.00   2.4459e-17   1.2185e-18
 5935.00   2.5113e-17   1.2656e-18
 5940.00   2.6580e-17   1.2105e-18
 5945.00   2.5787e-17   1.2334e-18
 5950.00   2.4444e-17   1.2033e-18
 5955.00   2.7622e-17   1.2767e-18
 5960.00   2.5756e-17   1.2024e-18
 5965.00   2.8167e-17   1.1955e-18
 5970.00   2.4989e-17   1.1881e-18
 5975.00   2.5317e-17   1.1978e-18
 5980.00   2.7288e-17   1.1672e-18
 5985.00   2.6130e-17   1.1460e-18
 5990.00   2.7755e-17   1.1427e-18
 5995.00   2.5288e-17   1.1219e-18
 6000.00   2.8238e-17   1.1738e-18
 6005.00   2.7637e-17   1.1615e-18
 6010.00   2.5652e-17   1.1035e-18
 6015.00   2.6714e-17   1.0955e-18
 6020.00   2.6763e-17   1.0748e-18
 6025.00   2.4565e-17   1.0526e-18
 6030.00   2.7961e-17   1.0564e-18
 6035.00   2.7293e-17   1.0535e-18
 6040.00   2.7528e-17   1.0247e-18
 6045.00   2.6711e-17   1.0110e-18
 6050.00   2.7033e-17   1.0003e-18
 6055.00   2.6081e-17   9.8366e-19
 6060.00   2.5837e-17   9.7898e-19
 6065.00   2.8281e-17   9.8848e-19
 6070.00   2.4754e-17   9.5763e-19
 6075.00   2.6241e-17   9.5682e-19
 6080.00   2.6338e-17   9.5144e-19
 6085.00   2.4895e-17   9.4365e-19
 6090.00   2.5532e-17   9.5191e-19
 6095.00   2.5877e-17   9.5783e-19
 6100.00   2.6634e-17   9.6281e-19
 6105.00   2.4339e-17   9.6495e-19
 6110.00   2.5522e-17   9.7368e-19
 6115.00   2.4586e-17   9.6749e-19
 6120.00   2.5101e-17   9.7656e-19
 6125.00   2.5147e-17   9.8598e-19
 6130.00   2.5903e-17   1.0041e-18
 6135.00   2.4541e-17   1.0116e-18
 6140.00   2.3983e-17   1.0234e-18
 6145.00   2.2267e-17   1.0228e-18
 6150.00   2.3104e-17   1.0042e-18
 6155.00   2.4975e-17   1.0534e-18
 6160.00   2.4448e-17   1.0453e-18
 6165.00   2.3685e-17   1.0130e-18
 6170.00   2.5299e-17   1.0498e-18
 6175.00   2.5292e-17   1.0311e-18
 6180.00   2.4827e-17   1.0183e-18
 6185.00   2.2935e-17   1.0064e-18
 6190.00   2.4158e-17   1.0092e-18
 6195.00   2.4269e-17   1.0069e-18
 6200.00   2.3961e-17   9.9338e-19
 6205.00   2.4560e-17   1.0015e-18
 6210.00   2.3133e-17   9.6942e-19
 6215.00   2.2931e-17   9.6296e-19
 6220.00   2.4414e-17   1.0356e-18
 6225.00   2.5544e-17   9.8762e-19
 6230.00   2.4476e-17   9.5734e-19
 6235.00   2.5066e-17   1.1107e-18
 6240.00   2.3909e-17   9.7681e-19
 6245.00   2.3811e-17   9.3148e-19
 6250.00   2.5413e-17   9.0517e-19
 6255.00   2.3468e-17   8.9727e-19
 6260.00   2.4695e-17   9.4957e-19
 6265.00   2.4435e-17   9.0482e-19
 6270.00   2.3633e-17   8.6953e-19
 6275.00   2.4204e-17   8.6683e-19
 6280.00   2.2273e-17   8.3731e-19
 6285.00   2.4488e-17   8.8226e-19
 6290.00   2.4397e-17   8.7501e-19
 6295.00   2.5387e-17   8.6457e-19
 6300.00   2.3819e-17   1.0341e-18
 6305.00   2.4259e-17   9.2154e-19
 6310.00   2.3847e-17   8.4972e-19
 6315.00   2.4652e-17   8.5939e-19
 6320.00   2.3674e-17   8.9657e-19
 6325.00   2.3574e-17   8.7409e-19
 6330.00   2.3634e-17   9.4038e-19
 6335.00   2.2098e-17   8.7571e-19
 6340.00   2.3995e-17   9.0093e-19
 6345.00   2.3928e-17   9.1453e-19
 6350.00   2.2703e-17   9.3863e-19
 6355.00   2.2830e-17   9.6458e-19
 6360.00   2.3240e-17   9.3569e-19
 6365.00   2.4435e-17   1.0630e-18
 6370.00   2.4366e-17   9.3160e-19
 6375.00   2.4636e-17   9.3867e-19
 6380.00   2.2292e-17   9.4865e-19
 6385.00   2.0568e-17   9.5495e-19
 6390.00   2.2329e-17   9.2786e-19
 6395.00   2.3463e-17   9.3326e-19
 6400.00   2.0606e-17   9.1243e-19
 6405.00   2.3785e-17   9.2232e-19
 6410.00   2.2986e-17   9.1451e-19
 6415.00   2.1985e-17   9.1676e-19
 6420.00   2.2867e-17   9.2395e-19
 6425.00   2.1533e-17   8.9271e-19
 6430.00   2.2827e-17   8.8825e-19
 6435.00   2.3300e-17   8.8408e-19
 6440.00   2.4931e-17   8.8192e-19
 6445.00   2.1579e-17   8.5579e-19
 6450.00   2.1823e-17   8.6545e-19
 6455.00   2.1980e-17   8.7190e-19
 6460.00   2.5142e-17   9.4075e-19
 6465.00   2.3012e-17   9.7981e-19
 6470.00   2.2141e-17   9.1388e-19
 6475.00   2.1872e-17   8.2922e-19
 6480.00   2.2610e-17   8.3266e-19
 6485.00   2.1078e-17   7.8645e-19
 6490.00   2.2874e-17   7.8495e-19
 6495.00   2.4396e-17   7.9177e-19
 6500.00   2.3867e-17   8.5054e-19
 6505.00   2.2006e-17   7.9222e-19
 6510.00   2.3777e-17   7.5314e-19
 6515.00   2.2563e-17   7.4838e-19
 6520.00   2.2065e-17   7.5117e-19
 6525.00   2.1812e-17   7.4456e-19
 6530.00   2.2509e-17   7.2798e-19
 6535.00   2.2281e-17   7.7825e-19
 6540.00   2.0868e-17   7.2704e-19
 6545.00   2.0611e-17   7.6030e-19
 6550.00   1.9867e-17   7.1449e-19
 6555.00   2.2248e-17   7.9246e-19
 6560.00   2.2884e-17   7.4015e-19
 6565.00   2.0262e-17   7.3859e-19
 6570.00   2.1772e-17   7.7879e-19
 6575.00   2.1569e-17   7.8981e-19
 6580.00   2.1538e-17   7.6594e-19
 6585.00   2.1667e-17   7.5936e-19
 6590.00   2.0363e-17   7.5670e-19
 6595.00   2.0915e-17   7.8453e-19
 6600.00   2.0450e-17   7.6197e-19
 6605.00   2.1138e-17   8.1992e-19
 6610.00   2.0572e-17   7.7541e-19
 6615.00   2.1414e-17   7.7808e-19
 6620.00   2.0079e-17   7.7724e-19
 6625.00   2.0389e-17   7.8679e-19
 6630.00   2.0627e-17   7.9926e-19
 6635.00   2.0711e-17   8.1408e-19
 6640.00   2.0437e-17   7.9740e-19
 6645.00   1.9871e-17   7.8932e-19
 6650.00   1.9098e-17   7.9529e-19
 6655.00   1.9121e-17   7.9802e-19
 6660.00   1.9983e-17   8.1158e-19
 6665.00   2.0273e-17   8.1328e-19
 6670.00   1.9576e-17   8.0910e-19
 6675.00   2.0544e-17   8.0785e-19
 6680.00   2.0729e-17   8.0902e-19
 6685.00   1.9413e-17   7.9710e-19
 6690.00   1.8612e-17   7.8927e-19
 6695.00   1.9736e-17   7.8774e-19
 6700.00   1.9376e-17   7.9559e-19
 6705.00   1.9831e-17   7.9156e-19
 6710.00   1.9514e-17   7.7771e-19
 6715.00   2.1200e-17   8.4650e-19
 6720.00   2.0466e-17   8.3634e-19
 6725.00   1.9447e-17   7.9353e-19
 6730.00   2.0071e-17   7.8633e-19
 6735.00   1.9395e-17   7.6228e-19
 6740.00   2.0076e-17   7.6117e-19
 6745.00   1.9414e-17   7.4570e-19
 6750.00   1.7852e-17   7.1850e-19
 6755.00   1.8224e-17   7.1173e-19
 6760.00   1.7880e-17   6.9592e-19
 6765.00   1.8656e-17   6.9219e-19
 6770.00   1.8871e-17   6.8614e-19
 6775.00   1.8845e-17   6.7965e-19
 6780.00   1.7794e-17   6.6634e-19
 6785.00   1.7367e-17   6.6365e-19
 6790.00   1.6949e-17   6.5385e-19
 6795.00   1.7099e-17   6.4630e-19
 6800.00   1.6764e-17   6.4208e-19
 6805.00   1.6986e-17   6.4250e-19
 6810.00   1.8474e-17   6.4519e-19
 6815.00   1.7792e-17   6.3778e-19
 6820.00   1.7948e-17   6.4375e-19
 6825.00   1.7298e-17   6.5946e-19
 6830.00   1.7426e-17   7.9070e-19
 6835.00   1.6940e-17   7.4683e-19
 6840.00   1.6581e-17   6.8653e-19
 6845.00   1.8334e-17   6.5048e-19
 6850.00   1.6911e-17   6.5897e-19
 6855.00   1.7044e-17   6.5216e-19
 6860.00   1.7198e-17   6.7401e-19
 6865.00   1.6589e-17   7.6606e-19
 6870.00   1.0377e-17   6.4331e-19
 6875.00   1.2284e-17   6.3362e-19
 6880.00   1.6195e-17   7.2120e-19
 6885.00   1.4724e-17   6.8689e-19
 6890.00   1.4505e-17   7.3620e-19
 6895.00   1.4038e-17   6.9068e-19
 6900.00   1.6505e-17   7.5404e-19
 6905.00   1.7611e-17   7.2228e-19
 6910.00   1.6414e-17   7.4195e-19
 6915.00   1.7852e-17   7.5708e-19
 6920.00   1.6595e-17   7.2339e-19
 6925.00   1.6964e-17   7.9684e-19
 6930.00   1.6096e-17   7.2032e-19
 6935.00   1.7454e-17   7.2877e-19
 6940.00   1.7829e-17   7.8744e-19
 6945.00   1.5996e-17   7.0887e-19
 6950.00   1.7332e-17   8.0149e-19
 6955.00   1.7773e-17   7.2084e-19
 6960.00   1.6897e-17   7.0935e-19
 6965.00   1.6638e-17   7.0747e-19
 6970.00   1.8041e-17   7.4241e-19
 6975.00   1.6530e-17   6.9187e-19
 6980.00   1.7815e-17   7.6383e-19
 6985.00   1.7657e-17   6.9764e-19
 6990.00   1.7313e-17   7.6555e-19
 6995.00   1.6873e-17   7.5072e-19
 7000.00   1.7453e-17   7.5893e-19
 7005.00   1.8309e-17   7.4817e-19
 7010.00   1.7483e-17   7.4757e-19
 7015.00   1.6393e-17   6.6562e-19
 7020.00   1.7880e-17   6.6638e-19
 7025.00   1.7319e-17   6.4637e-19
 7030.00   1.8004e-17   6.4948e-19
 7035.00   1.8426e-17   6.3686e-19
 7040.00   1.7919e-17   6.4352e-19
 7045.00   1.7894e-17   6.4190e-19
 7050.00   1.7708e-17   6.8708e-19
 7055.00   1.7313e-17   6.1749e-19
 7060.00   1.7485e-17   6.0340e-19
 7065.00   1.7004e-17   6.1807e-19
 7070.00   1.7878e-17   6.0254e-19
 7075.00   1.8928e-17   6.0967e-19
 7080.00   1.7903e-17   6.0535e-19
 7085.00   1.8412e-17   6.0136e-19
 7090.00   1.7769e-17   6.1159e-19
 7095.00   1.7022e-17   5.6605e-19
 7100.00   1.7526e-17   5.6675e-19
 7105.00   1.6734e-17   5.6261e-19
 7110.00   1.7578e-17   5.7084e-19
 7115.00   1.6842e-17   5.6332e-19
 7120.00   1.7307e-17   5.6117e-19
 7125.00   1.7411e-17   5.7653e-19
 7130.00   1.6893e-17   5.7693e-19
 7135.00   1.7088e-17   5.8298e-19
 7140.00   1.6175e-17   5.8091e-19
 7145.00   1.6782e-17   6.2569e-19
 7150.00   1.7272e-17   6.0523e-19
 7155.00   1.6924e-17   5.8479e-19
 7160.00   1.7524e-17   6.1767e-19
 7165.00   1.6945e-17   6.1398e-19
 7170.00   1.6240e-17   6.0752e-19
 7175.00   1.5284e-17   6.1518e-19
 7180.00   1.6699e-17   6.2543e-19
 7185.00   1.4761e-17   5.9907e-19
 7190.00   1.6256e-17   6.1195e-19
 7195.00   1.5914e-17   6.1007e-19
 7200.00   1.5540e-17   6.1756e-19
 7205.00   1.4630e-17   6.1251e-19
 7210.00   1.5577e-17   6.2547e-19
 7215.00   1.6028e-17   6.2693e-19
 7220.00   1.5295e-17   6.4163e-19
 7225.00   1.5237e-17   6.4701e-19
 7230.00   1.6664e-17   6.5210e-19
 7235.00   1.5163e-17   6.5169e-19
 7240.00   1.7002e-17   9.8027e-19
 7245.00   1.5692e-17   8.3000e-19
 7250.00   1.3081e-17   6.5030e-19
 7255.00   1.5066e-17   7.3901e-19
 7260.00   1.5141e-17   6.4586e-19
 7265.00   1.4884e-17   6.4883e-19
 7270.00   1.5609e-17   6.7365e-19
 7275.00   1.4530e-17   7.8409e-19
 7280.00   1.4947e-17   6.5110e-19
 7285.00   1.5019e-17   7.2745e-19
 7290.00   1.4606e-17   6.3542e-19
 7295.00   1.4622e-17   7.5606e-19
 7300.00   1.5586e-17   6.7490e-19
 7305.00   1.4311e-17   7.4435e-19
 7310.00   1.4178e-17   6.6915e-19
 7315.00   1.4529e-17   7.1930e-19
 7320.00   1.5145e-17   6.1640e-19
 7325.00   1.6117e-17   6.1323e-19
 7330.00   1.4466e-17   6.9117e-19
 7335.00   1.5262e-17   5.9059e-19
 7340.00   1.4979e-17   6.7356e-19
 7345.00   1.5012e-17   5.9401e-19
 7350.00   1.5291e-17   5.9966e-19
 7355.00   1.4937e-17   5.7455e-19
 7360.00   1.4626e-17   6.3093e-19
 7365.00   1.4939e-17   5.7226e-19
 7370.00   1.6073e-17   6.4130e-19
 7375.00   1.5389e-17   5.6159e-19
 7380.00   1.5377e-17   5.4655e-19
 7385.00   1.4937e-17   5.3769e-19
 7390.00   1.5576e-17   5.9810e-19
 7395.00   1.4892e-17   5.4333e-19
 7400.00   1.5870e-17   6.1359e-19
 7405.00   1.5509e-17   5.3248e-19
 7410.00   1.5996e-17   5.4072e-19
 7415.00   1.5163e-17   5.4400e-19
 7420.00   1.5887e-17   5.3435e-19
 7425.00   1.5437e-17   5.3090e-19
 7430.00   1.5321e-17   5.8004e-19
 7435.00   1.5731e-17   5.3473e-19
 7440.00   1.6611e-17   6.2474e-19
 7445.00   1.5498e-17   5.3253e-19
 7450.00   1.5040e-17   5.3490e-19
 7455.00   1.5447e-17   5.3596e-19
 7460.00   1.4896e-17   5.6906e-19
 7465.00   1.5981e-17   6.1914e-19
 7470.00   1.4705e-17   6.1548e-19
 7475.00   1.4695e-17   6.0582e-19
 7480.00   1.4309e-17   6.4353e-19
 7485.00   1.4494e-17   6.2193e-19
 7490.00   1.5071e-17   5.6738e-19
 7495.00   1.5466e-17   5.9900e-19
 7500.00   1.5106e-17   5.7347e-19
 7505.00   1.4861e-17   5.6764e-19
 7510.00   1.4251e-17   5.6927e-19
 7515.00   1.3940e-17   5.8871e-19
 7520.00   1.3539e-17   5.9606e-19
 7525.00   1.4817e-17   7.1204e-19
 7530.00   1.4502e-17   6.4948e-19
 7535.00   1.3489e-17   5.8077e-19
 7540.00   1.4763e-17   6.1965e-19
 7545.00   1.4182e-17   5.8704e-19
 7550.00   1.3777e-17   5.8345e-19
 7555.00   1.4563e-17   6.1855e-19
 7560.00   1.3807e-17   6.1136e-19
 7565.00   1.3786e-17   5.9856e-19
 7570.00   1.3975e-17   6.7879e-19
 7575.00   1.4587e-17   6.2092e-19
 7580.00   1.4725e-17   5.8434e-19
 7585.00   1.3258e-17   6.2555e-19
 7590.00   1.2577e-17   5.7497e-19
 7595.00   6.3018e-18   5.0209e-19
 7600.00   2.7294e-18   4.9859e-19
 7605.00   1.6306e-18   4.3967e-19
 7610.00   1.5256e-18   4.5020e-19
 7615.00   6.6589e-18   4.9674e-19
 7620.00   9.6213e-18   7.1031e-19
 7625.00   4.7315e-18   5.5823e-19
 7630.00   4.2433e-18   5.8733e-19
 7635.00   5.1166e-18   5.2625e-19
 7640.00   6.9708e-18   5.4509e-19
 7645.00   7.3180e-18   5.3862e-19
 7650.00   8.2706e-18   5.4000e-19
 7655.00   9.3005e-18   5.7969e-19
 7660.00   1.0883e-17   5.7992e-19
 7665.00   1.1638e-17   5.6462e-19
 7670.00   1.2172e-17   5.4427e-19
 7675.00   1.3855e-17   5.5157e-19
 7680.00   1.3459e-17   5.6836e-19
 7685.00   1.4453e-17   6.0043e-19
 7690.00   1.2582e-17   5.9526e-19
 7695.00   1.2982e-17   5.5599e-19
 7700.00   1.4469e-17   6.0498e-19
 7705.00   1.4393e-17   5.3158e-19
 7710.00   1.4679e-17   5.8164e-19
 7715.00   1.4665e-17   9.0955e-19
 7720.00   1.2715e-17   5.7750e-19
 7725.00   1.2559e-17   6.5403e-19
 7730.00   1.2805e-17   5.3022e-19
 7735.00   1.2260e-17   5.6908e-19
 7740.00   1.2074e-17   5.2745e-19
 7745.00   1.2475e-17   5.2216e-19
 7750.00   1.1770e-17   6.9828e-19
 7755.00   1.0794e-17   5.2501e-19
 7760.00   1.1521e-17   5.6596e-19
 7765.00   1.0842e-17   4.9018e-19
 7770.00   1.1501e-17   5.7132e-19
 7775.00   1.0532e-17   7.0618e-19
 7780.00   1.0848e-17   5.6897e-19
 7785.00   1.0225e-17   5.2339e-19
 7790.00   9.3872e-18   5.5499e-19
 7795.00   1.0140e-17   5.9235e-19
 7800.00   1.0425e-17   4.9949e-19
 7805.00   1.0791e-17   5.1061e-19
 7810.00   9.6273e-18   5.9185e-19
 7815.00   9.3434e-18   5.3333e-19
 7820.00   1.0386e-17   6.4358e-19
 7825.00   1.0955e-17   5.2412e-19
 7830.00   1.1507e-17   5.3198e-19
 7835.00   1.1420e-17   5.2972e-19
 7840.00   1.2105e-17   5.9982e-19
 7845.00   1.3122e-17   5.2802e-19
 7850.00   1.2926e-17   6.6082e-19
 7855.00   1.4022e-17   6.5712e-19
 7860.00   1.2348e-17   6.7458e-19
 7865.00   1.3568e-17   5.5910e-19
 7870.00   1.2357e-17   6.7052e-19
 7875.00   1.4810e-17   5.5410e-19
 7880.00   1.4715e-17   7.4406e-19
 7885.00   1.3819e-17   6.0975e-19
 7890.00   1.3899e-17   7.2845e-19
 7895.00   1.4207e-17   6.0387e-19
 7900.00   1.4276e-17   5.6890e-19
 7905.00   1.4153e-17   5.9183e-19
 7910.00   1.3649e-17   6.2534e-19
 7915.00   1.4835e-17   7.0003e-19
 7920.00   1.4584e-17   7.4311e-19
 7925.00   1.3373e-17   5.7516e-19
 7930.00   1.4118e-17   7.3453e-19
 7935.00   1.4186e-17   5.7465e-19
 7940.00   1.5042e-17   5.7679e-19
 7945.00   1.5284e-17   6.0302e-19
 7950.00   1.4137e-17   6.3367e-19
 7955.00   1.4905e-17   5.5449e-19
 7960.00   1.4476e-17   5.5357e-19
 7965.00   1.4646e-17   6.5205e-19
 7970.00   1.4167e-17   6.0225e-19
 7975.00   1.4152e-17   5.9913e-19
 7980.00   1.3689e-17   6.5537e-19
 7985.00   1.3742e-17   6.7832e-19
 7990.00   1.4960e-17   7.0466e-19
 7995.00   1.4588e-17   8.2170e-19
 8000.00   1.3407e-17   6.7972e-19
 8005.00   1.7589e-17   6.6392e-19
 8010.00   1.4537e-17   6.3558e-19
 8015.00   1.3338e-17   7.0311e-19
 8020.00   1.2354e-17   6.3668e-19
 8025.00   1.2695e-17   7.0834e-19
 8030.00   1.3221e-17   6.7884e-19
 8035.00   1.4387e-17   5.8383e-19
 8040.00   1.3948e-17   5.7214e-19
 8045.00   1.3293e-17   5.5032e-19
 8050.00   1.4184e-17   6.3662e-19
 8055.00   1.2427e-17   5.3111e-19
 8060.00   1.3557e-17   6.0173e-19
 8065.00   1.3354e-17   5.5466e-19
 8070.00   1.3774e-17   5.1934e-19
 8075.00   1.3407e-17   5.4134e-19
 8080.00   1.2653e-17   5.1575e-19
 8085.00   1.2681e-17   5.4223e-19
 8090.00   1.3193e-17   4.9858e-19
 8095.00   1.2691e-17   5.4958e-19
 8100.00   1.3276e-17   5.4834e-19
 8105.00   1.3573e-17   5.5274e-19
 8110.00   1.2335e-17   5.0412e-19
 8115.00   1.3704e-17   4.9574e-19
 8120.00   1.3121e-17   4.9253e-19
 8125.00   1.2094e-17   4.9414e-19
 8130.00   1.2500e-17   5.0260e-19
 8135.00   1.1922e-17   4.9779e-19
 8140.00   1.2641e-17   5.3933e-19
 8145.00   1.3417e-17   5.3614e-19
 8150.00   1.3064e-17   4.9485e-19
 8155.00   1.2216e-17   4.7874e-19
 8160.00   1.1530e-17   4.7628e-19
 8165.00   1.2093e-17   4.7520e-19
 8170.00   1.2640e-17   4.7641e-19
 8175.00   1.2151e-17   4.8029e-19
 8180.00   1.1403e-17   4.7527e-19
 8185.00   1.2979e-17   4.8895e-19
 8190.00   1.2353e-17   5.0816e-19
 8195.00   1.3324e-17   5.1962e-19
 8200.00   1.1429e-17   4.7904e-19
 8205.00   1.1947e-17   4.9740e-19
 8210.00   1.3164e-17   4.9684e-19
 8215.00   1.1723e-17   4.9245e-19
 8220.00   1.1541e-17   4.7957e-19
 8225.00   1.0948e-17   4.8479e-19
 8230.00   1.0926e-17   4.6552e-19
 8235.00   1.1318e-17   4.8156e-19
 8240.00   1.1651e-17   5.0340e-19
 8245.00   1.2159e-17   5.0126e-19
 8250.00   1.1772e-17   5.0595e-19
 8255.00   1.1609e-17   5.0237e-19
 8260.00   1.1731e-17   4.9471e-19
 8265.00   1.1208e-17   4.9190e-19
 8270.00   1.1615e-17   4.9553e-19
 8275.00   1.0824e-17   4.9706e-19
 8280.00   1.1212e-17   8.7140e-19
 8285.00   1.1126e-17   6.2025e-19
 8290.00   1.0303e-17   6.3025e-19
 8295.00   1.1572e-17   5.6986e-19
 8300.00   1.1418e-17   6.3018e-19
 8305.00   1.1464e-17   5.3881e-19
 8310.00   1.1259e-17   5.8260e-19
 8315.00   1.0455e-17   5.0401e-19
 8320.00   1.1711e-17   5.3581e-19
 8325.00   1.1358e-17   5.0793e-19
 8330.00   1.1308e-17   5.0650e-19
 8335.00   1.1040e-17   5.1380e-19
 8340.00   1.0399e-17   5.4231e-19
 8345.00   9.6327e-18   7.0978e-19
 8350.00   1.0683e-17   5.8469e-19
 8355.00   1.0149e-17   5.6975e-19
 8360.00   1.0766e-17   5.5875e-19
 8365.00   1.1735e-17   6.5869e-19
 8370.00   1.0434e-17   5.0557e-19
 8375.00   1.0239e-17   6.6159e-19
 8380.00   1.0796e-17   8.1138e-19
 8385.00   1.3171e-17   7.1075e-19
 8390.00   1.0896e-17   6.5524e-19
 8395.00   1.0544e-17   6.1210e-19
 8400.00   1.0006e-17   7.4564e-19
 8405.00   1.0735e-17   5.8829e-19
 8410.00   1.0291e-17   5.8073e-19
 8415.00   1.1243e-17   6.8031e-19
 8420.00   1.1261e-17   5.7500e-19
 8425.00   1.1346e-17   6.3028e-19
 8430.00   1.0125e-17   7.3734e-19
 8435.00   1.1048e-17   5.7664e-19
 8440.00   1.0025e-17   5.2658e-19
 8445.00   1.0872e-17   6.2125e-19
 8450.00   1.0941e-17   5.9593e-19
 8455.00   1.1001e-17   5.5049e-19
 8460.00   1.1193e-17   5.2844e-19
 8465.00   1.1337e-17   6.3414e-19
 8470.00   1.0518e-17   4.9588e-19
 8475.00   1.0844e-17   5.3043e-19
 8480.00   1.0424e-17   4.8534e-19
 8485.00   1.0786e-17   4.8633e-19
 8490.00   1.0880e-17   4.8291e-19
 8495.00   1.1121e-17   6.0815e-19
 8500.00   1.0031e-17   5.0106e-19
 8505.00   9.7153e-18   5.9683e-19
 8510.00   1.0611e-17   4.6387e-19
 8515.00   1.0758e-17   4.6460e-19
 8520.00   1.0566e-17   4.8060e-19
 8525.00   1.0622e-17   4.5824e-19
 8530.00   1.0623e-17   4.5381e-19
 8535.00   1.0840e-17   4.5586e-19
 8540.00   1.0496e-17   5.2590e-19
 8545.00   9.9914e-18   4.5686e-19
 8550.00   1.0295e-17   5.7221e-19
 8555.00   1.0453e-17   4.5971e-19
 8560.00   1.0152e-17   4.4158e-19
 8565.00   9.1356e-18   4.3622e-19
 8570.00   9.6075e-18   4.4834e-19
 8575.00   1.0042e-17   4.7817e-19
 8580.00   9.5600e-18   4.4606e-19
 8585.00   9.7883e-18   4.4282e-19
 8590.00   9.3464e-18   4.9706e-19
 8595.00   1.0316e-17   5.0205e-19
 8600.00   9.6495e-18   4.6339e-19
 8605.00   1.0331e-17   4.6555e-19
 8610.00   9.6074e-18   5.1815e-19
 8615.00   1.0502e-17   6.6243e-19
 8620.00   1.1453e-17   8.0375e-19
 8625.00   1.1924e-17   8.2534e-19
 8630.00   1.0190e-17   8.4790e-19
 8635.00   1.0078e-17   7.6762e-19
 8640.00   1.0655e-17   6.7748e-19
 8645.00   1.0550e-17   5.3860e-19
 8650.00   1.1271e-17   6.9139e-19
 8655.00   1.1570e-17   7.0194e-19
 8660.00   1.1433e-17   6.8697e-19
 8665.00   1.0737e-17   6.6976e-19
 8670.00   1.1205e-17   6.5888e-19
 8675.00   1.0919e-17   6.2534e-19
 8680.00   1.0645e-17   5.9599e-19
 8685.00   1.1558e-17   5.5912e-19
 8690.00   1.0902e-17   5.0670e-19
 8695.00   1.1352e-17   5.1825e-19
 8700.00   1.1258e-17   5.5757e-19
 8705.00   1.1644e-17   5.3289e-19
 8710.00   1.1924e-17   5.1175e-19
 8715.00   1.1214e-17   4.7982e-19
 8720.00   1.1959e-17   4.8294e-19
 8725.00   1.2017e-17   5.0377e-19
 8730.00   1.1421e-17   4.7967e-19
 8735.00   1.1649e-17   4.8613e-19
 8740.00   1.2100e-17   5.1441e-19
 8745.00   1.1893e-17   5.0005e-19
 8750.00   1.1624e-17   5.0393e-19
 8755.00   1.1422e-17   4.9103e-19
 8760.00   1.2735e-17   9.6093e-19
 8765.00   1.1140e-17   6.8734e-19
 8770.00   1.3131e-17   6.4785e-19
 8775.00   1.2493e-17   6.2436e-19
 8780.00   1.2368e-17   6.0783e-19
 8785.00   1.2972e-17   5.0612e-19
 8790.00   1.1799e-17   6.2102e-19
 8795.00   1.1419e-17   4.9370e-19
 8800.00   1.1717e-17   5.0162e-19
 8805.00   1.2124e-17   4.9298e-19
 8810.00   1.1737e-17   5.5832e-19
 8815.00   1.2070e-17   4.9266e-19
 8820.00   1.1140e-17   6.5352e-19
 8825.00   1.8781e-17   9.5825e-19
 8830.00   9.6368e-18   8.1135e-19
 8835.00   1.2560e-17   1.0917e-18
 8840.00   1.1990e-17   6.3084e-19
 8845.00   1.1292e-17   6.5762e-19
 8850.00   1.0972e-17   7.1848e-19
 8855.00   1.1602e-17   5.9822e-19
 8860.00   1.0721e-17   6.1944e-19
 8865.00   1.3503e-17   7.1713e-19
 8870.00   1.1333e-17   6.2037e-19
 8875.00   1.1499e-17   5.5254e-19
 8880.00   1.0196e-17   5.3283e-19
 8885.00   2.3684e-18   7.2279e-19
 8890.00   1.0291e-17   5.7236e-19
 8895.00   1.0821e-17   5.7391e-19
 8900.00   1.0681e-17   5.4381e-19
 8905.00   1.1784e-17   6.5035e-19
 8910.00   9.5295e-18   5.6524e-19
 8915.00   1.0602e-17   5.2033e-19
 8920.00   1.0867e-17   7.0989e-19
 8925.00   1.1046e-17   5.5786e-19
 8930.00   1.0122e-17   5.4896e-19
 8935.00   1.0644e-17   5.4286e-19
 8940.00   1.0707e-17   5.1578e-19
 8945.00   9.7689e-18   5.8455e-19
 8950.00   9.3980e-18   4.6926e-19
 8955.00   1.0265e-17   5.0581e-19
 8960.00   9.8050e-18   5.7781e-19
 8965.00   9.8082e-18   4.7016e-19
 8970.00   1.0060e-17   5.1928e-19
 8975.00   9.8310e-18   4.7673e-19
 8980.00   9.8036e-18   5.3754e-19
 8985.00   9.8524e-18   5.0862e-19
 8990.00   8.1294e-18   5.6210e-19
 8995.00   1.0026e-17   4.6817e-19
 9000.00   8.4010e-18   5.8794e-19
 9005.00   9.5792e-18   4.4744e-19
 9010.00   9.4410e-18   4.3925e-19
 9015.00   8.6073e-18   4.2642e-19
 9020.00   9.5933e-18   4.7223e-19
 9025.00   8.0813e-18   4.2724e-19
 9030.00   9.4879e-18   4.9588e-19
 9035.00   1.0241e-17   4.6390e-19
 9040.00   9.5542e-18   5.1542e-19
 9045.00   9.0990e-18   4.7671e-19
 9050.00   9.8286e-18   6.0252e-19
 9055.00   9.4436e-18   4.7751e-19
 9060.00   9.2400e-18   4.5211e-19
 9065.00   9.1826e-18   4.9877e-19
 9070.00   9.8260e-18   5.0873e-19
 9075.00   8.8605e-18   4.5409e-19
 9080.00   9.3575e-18   4.5261e-19
 9085.00   8.3846e-18   4.7188e-19
 9090.00   9.5327e-18   4.9665e-19
 9095.00   7.4703e-18   5.1367e-19
 9100.00   7.8279e-18   4.9341e-19
 9105.00   8.5936e-18   5.1270e-19
 9110.00   8.4165e-18   4.5884e-19
 9115.00   8.0337e-18   4.5404e-19
 9120.00   6.9355e-18   4.4202e-19
 9125.00   7.6601e-18   4.5702e-19
 9130.00   6.6766e-18   4.4674e-19
 9135.00   5.6363e-18   4.6866e-19
 9140.00   6.3244e-18   4.7525e-19
 9145.00   6.5846e-18   4.8197e-19
 9150.00   6.5474e-18   5.4428e-19
 9155.00   5.6483e-18   5.4187e-19
 9160.00   5.7047e-18   6.2998e-19
 9165.00   5.9152e-18   4.8539e-19
 9170.00   6.3625e-18   5.0302e-19
 9175.00   6.0785e-18   5.0168e-19
 9180.00   5.7443e-18   5.1432e-19
 9185.00   6.1225e-18   5.1488e-19
 9190.00   6.2100e-18   5.1325e-19
 9195.00   5.3399e-18   5.1111e-19
 9200.00   6.4479e-18   5.1621e-19
 9205.00   5.2087e-18   4.8936e-19
 9210.00   4.8330e-18   4.9867e-19
 9215.00   5.3125e-18   5.6940e-19
 9220.00   5.9469e-18   5.1737e-19
 9225.00   5.6558e-18   6.2864e-19
 9230.00   5.8863e-18   5.1792e-19
 9235.00   5.9981e-18   5.1659e-19
 9240.00   6.9996e-18   5.1784e-19
 9245.00   5.8404e-18   5.2516e-19
 9250.00   6.1536e-18   5.9597e-19
 9255.00   7.2935e-18   5.5031e-19
 9260.00   6.4011e-18   6.0303e-19
 9265.00   7.4816e-18   6.7609e-19
 9270.00   7.7387e-18   5.3377e-19
 9275.00   6.7593e-18   5.2422e-19
 9280.00   6.0742e-18   5.1769e-19
 9285.00   6.7601e-18   5.9452e-19
 9290.00   6.5698e-18   5.5506e-19
 9295.00   6.4655e-18   6.2612e-19
 9300.00   6.0973e-18   7.4943e-19
 9305.00   8.5285e-18   1.1412e-18
 9310.00   8.7455e-18   1.6988e-18
 9315.00   6.2314e-18   1.1253e-18
 9320.00   5.5761e-18   9.4717e-19
 9325.00   5.9948e-18   9.8366e-19
 9330.00   6.5446e-18   8.4361e-19
 9335.00   6.7296e-18   7.4368e-19
 9340.00   5.6549e-18   7.8144e-19
 9345.00   3.8329e-18   6.3796e-19
 9350.00   7.1182e-18   9.3870e-19
 9355.00   4.5182e-18   6.3890e-19
 9360.00   4.4729e-18   6.9251e-19
 9365.00   5.7130e-18   6.7515e-19
 9370.00   5.2009e-18   7.2570e-19
 9375.00   1.3882e-17   1.8307e-18
 9380.00   5.4612e-18   7.2412e-19
 9385.00   8.8947e-18   9.4842e-19
 9390.00   8.3218e-18   6.8544e-19
 9395.00   9.4043e-18   7.5502e-19
 9400.00   7.5178e-18   8.2955e-19
 9405.00   9.9594e-18   7.4558e-19
 9410.00   7.6213e-18   6.2879e-19
 9415.00   8.9059e-18   6.8883e-19
 9420.00   9.2337e-18   1.0608e-18
 9425.00   6.7456e-18   6.7535e-19
 9430.00   7.0606e-18   6.0158e-19
 9435.00   9.5685e-18   7.2265e-19
 9440.00   1.3134e-17   1.2787e-18
 9445.00   7.5422e-18   6.9529e-19
 9450.00   1.0743e-17   7.9202e-19
 9455.00   8.0296e-18   6.9824e-19
 9460.00   4.4987e-18   8.6640e-19
 9465.00   8.6642e-18   6.1400e-19
 9470.00   8.4270e-18   6.1864e-19
 9475.00   1.0233e-17   9.4387e-19
 9480.00   6.3767e-18   6.9652e-19
 9485.00   9.3311e-18   6.5063e-19
 9490.00   9.4748e-18   6.7912e-19
 9495.00   7.4960e-18   5.8032e-19
 9500.00   8.1809e-18   6.9696e-19
 9505.00   8.7879e-18   7.6533e-19
 9510.00   9.6772e-18   6.2412e-19
 9515.00   1.0100e-17   6.3636e-19
 9520.00   8.4150e-18   9.6690e-19
 9525.00   8.8896e-18   6.2237e-19
 9530.00   8.6959e-18   6.9334e-19
 9535.00   8.6895e-18   7.5250e-19
 9540.00   9.5449e-18   6.0115e-19
 9545.00   7.3781e-18   5.5887e-19
 9550.00   1.0701e-17   7.2247e-19
 9555.00   8.2397e-18   6.8455e-19
 9560.00   8.8634e-18   6.7853e-19
 9565.00   8.2581e-18   7.8358e-19
 9570.00   8.4942e-18   8.2099e-19
 9575.00   8.7322e-18   6.5134e-19
 9580.00   7.5018e-18   5.8440e-19
 9585.00   9.8968e-18   6.2439e-19
 9590.00   7.9462e-18   6.2906e-19
 9595.00   8.1738e-18   6.1190e-19
 9600.00   9.5612e-18   6.1978e-19
 9605.00   8.0199e-18   7.0167e-19
 9610.00   8.4678e-18   7.3862e-19
 9615.00   8.1376e-18   6.7199e-19
 9620.00   9.0035e-18   9.5281e-19
 9625.00   7.6322e-18   7.3875e-19
 9630.00   8.0089e-18   7.6384e-19
 9635.00   8.2802e-18   6.6075e-19
 9640.00   7.8837e-18   6.6174e-19
 9645.00   6.4459e-18   6.2470e-19
 9650.00   1.0975e-17   7.3637e-19
 9655.00   9.1233e-18   7.9549e-19
 9660.00   7.4500e-18   8.2725e-19
 9665.00   8.7247e-18   7.3770e-19
 9670.00   8.5664e-18   1.0538e-18
 9675.00   9.7257e-18   8.4249e-19
 9680.00   9.8701e-18   1.3041e-18
 9685.00   9.3397e-18   8.8799e-19
 9690.00   9.0262e-18   9.3251e-19
 9695.00   8.7093e-18   8.3186e-19
 9700.00   8.0917e-18   1.1370e-18
 9705.00   8.1761e-18   8.1365e-19
 9710.00   9.1357e-18   9.8000e-19
 9715.00   7.3740e-18   8.4179e-19
 9720.00   1.0160e-17   1.3561e-18
 9725.00   7.1561e-18   9.2128e-19
 9730.00   8.2453e-18   8.9897e-19
 9735.00   7.1568e-18   1.0862e-18
 9740.00   7.1441e-18   9.6724e-19
 9745.00   7.9108e-18   1.0491e-18
 9750.00   6.6995e-18   8.1917e-19
 9755.00   5.1542e-18   8.3296e-19
 9760.00   5.8743e-18   8.0256e-19
 9765.00   5.7057e-18   8.1258e-19
 9770.00   6.4473e-18   8.2861e-19
 9775.00   6.4928e-18   8.4406e-19
 9780.00   6.6015e-18   8.6332e-19
 9785.00   8.1073e-18   9.1655e-19
 9790.00   1.6647e-17   1.9971e-18
 9795.00   9.7310e-18   1.1953e-18
 9800.00   7.9602e-18   1.3219e-18
 9805.00   7.7595e-18   1.0347e-18
 9810.00   7.2162e-18   1.2695e-18
 9815.00   8.1457e-18   1.1581e-18
 9820.00   7.1119e-18   1.0491e-18
 9825.00   5.9631e-18   1.0429e-18
 9830.00   7.5452e-18   1.1061e-18
 9835.00   8.4854e-18   1.0159e-18
 9840.00   5.3853e-18   9.5757e-19
 9845.00   6.1050e-18   1.0651e-18
 9850.00   8.2843e-18   1.3492e-18
 9855.00   6.7377e-18   1.0182e-18
 9860.00   6.2181e-18   1.0129e-18
 9865.00   5.0610e-18   1.4569e-18
 9870.00   1.2346e-17   2.2761e-18
 9875.00   9.2682e-18   1.8330e-18
 9880.00   5.5858e-18   1.4224e-18
 9885.00   3.4903e-18   1.6419e-18
 9890.00   7.1847e-18   1.4814e-18
 9895.00   9.6304e-18   2.2881e-18
 9900.00   6.9052e-18   1.5153e-18
 9905.00   5.4000e-18   1.3900e-18
 9910.00   9.5626e-18   1.6527e-18
 9915.00   1.7767e-17   2.9118e-18
 9920.00   7.4752e-18   1.5031e-18
 9925.00   4.1297e-18   1.3501e-18
 9930.00   4.6334e-18   1.3583e-18
 9935.00   8.0193e-18   1.4772e-18
 9940.00   1.2737e-17   2.3391e-18
 9945.00   2.0704e-17   4.1501e-18
 9950.00   8.2958e-18   2.3764e-18
 9955.00   1.4551e-17   2.6602e-18
 9960.00   1.1266e-17   3.1505e-18
 9965.00   1.0239e-17   1.8556e-18
 9970.00   6.8789e-18   1.9097e-18
 9975.00   6.3576e-18   1.8728e-18
 9980.00   8.9512e-18   1.7930e-18
 9985.00   7.3813e-18   1.4319e-18
 9990.00   4.6007e-18   1.3874e-18
 9995.00   8.5373e-18   1.4733e-18
10000.00   8.7380e-18   2.1329e-18
10005.00   4.8557e-18   1.6857e-18
10010.00   1.7312e-17   2.7454e-18
10015.00   1.0881e-17   3.0060e-18
10020.00   9.7713e-18   2.0879e-18
10025.00   1.2215e-17   2.7487e-18
10030.00   7.5763e-18   1.7612e-18
10035.00   6.7589e-18   1.7436e-18
10040.00   6.2341e-18   1.8173e-18
10045.00   5.4198e-18   2.0959e-18
10050.00   5.1963e-18   1.6360e-18
10055.00   7.4648e-18   1.7618e-18
10060.00   1.7500e-17   3.1530e-18
10065.00   9.0339e-18   2.4000e-18
10070.00   1.0792e-17   2.8210e-18
10075.00   8.8121e-18   2.0836e-18
10080.00   1.3886e-17   2.9550e-18
10085.00   1.4883e-17   2.8619e-18
10090.00   7.2809e-18   2.1063e-18
10095.00   1.9968e-18   2.1458e-18
10100.00   5.6411e-18   2.4351e-18
10105.00   7.9627e-18   3.0568e-18
10110.00   5.3917e-18   2.1954e-18
10115.00   2.7525e-18   2.2652e-18
10120.00   1.1560e-17   2.9321e-18
10125.00   2.5323e-17   4.7977e-18
10130.00   8.7414e-18   2.9454e-18
10135.00   5.1538e-18   2.7776e-18
10140.00   1.0780e-18   2.7094e-18
10145.00   6.6688e-18   3.5892e-18
10150.00   4.6168e-18   3.9247e-18
10155.00   9.0359e-18   4.3122e-18
10160.00   3.1414e-18   4.0377e-18
10165.00   2.4921e-18   4.1787e-18
10170.00   1.8150e-17   6.1095e-18
10175.00   1.8494e-17   4.7468e-18
10180.00   9.6497e-18   4.8494e-18
10185.00   7.5947e-18   4.5037e-18
10190.00   2.1381e-17   6.4995e-18
10195.00   6.0567e-18   4.7327e-18
10200.00   3.8702e-19   4.9846e-18
10205.00   1.4151e-17   6.3476e-18
10210.00   1.5125e-17   9.8463e-18
10215.00   1.5978e-17   5.9287e-18
10220.00   3.1736e-18   5.8122e-18
10225.00   9.8935e-18   8.2019e-18
10230.00  -2.7018e-18   8.1083e-18
10235.00  -6.6876e-20   6.7564e-18
10240.00   9.4392e-18   6.8495e-18
10245.00   3.3252e-18   7.2438e-18
10250.00  -2.1828e-18   7.6163e-18
10255.00   6.5086e-18   8.3933e-18
10260.00   2.2999e-18   8.9534e-18
10265.00   6.3423e-18   9.9581e-18
10270.00   9.3159e-18   1.1894e-17
10275.00  -2.5208e-18   1.1658e-17
10280.00   1.1514e-17   1.2985e-17
10285.00   2.9925e-17   2.2231e-17
10290.00  -1.4811e-17   1.8306e-17
10295.00   3.2689e-18   2.1259e-17
10300.00  -9.2762e-18   1.8971e-17
10305.00  -2.0214e-17   2.0388e-17
10310.00   5.7494e-18   2.5229e-17
10315.00   2.1005e-17   2.6414e-17
10320.00   2.6865e-17   3.0815e-17
10325.00   9.8103e-18   3.6061e-17
10330.00   5.3474e-18   4.0539e-17
10335.00   5.9790e-18   4.1808e-17
10340.00  -3.5862e-18   7.0462e+04
10345.00  -3.5862e-18   7.0462e+04
10350.00  -3.5862e-18   7.0462e+04
10355.00  -3.5862e-18   7.0462e+04
10360.00  -3.5862e-18   7.0462e+04
10365.00  -3.5862e-18   7.0462e+04
10370.00  -3.5862e-18   7.0462e+04
10375.00  -3.5862e-18   7.0462e+04
10380.00  -3.5862e-18   7.0462e+04
10385.00  -3.5862e-18   7.0462e+04
10390.00  -3.5862e-18   7.0462e+04
10395.00  -3.5862e-18   7.0462e+04
10400.00  -3.5862e-18   9.9999e+04
