 
TRANSIENT_NAME:     DES14S2qri 
SNID:               1316787    
OBS_DATE:           2015-01-21
MJD:                57043. 
PHASE:              -3.    
MJD_MAX:            57050.4 (Angus et. al.: MNRAS, 487, 2215A, 2019)
TYPE:               41 
SPEC_EVAL:          SLSN-I
REDSHIFT:           1.5000  
REDSHIFT_ERR:       0.0050  
REDSHIFT_SOURCE:    Z_SN
TELESCOPE:          GTC
INSTRUMENT:         OSIRIS
 
======================================
 
# WAVE  FLUX  FLUX_ERR
 4804.48   1.3181e-18   1.1351e-18
 4809.09   9.1971e-19   1.0167e-18
 4813.71   1.2404e-18   9.4317e-19
 4818.32   6.0249e-19   8.8019e-19
 4822.93   1.6185e-18   8.1862e-19
 4827.55   4.3229e-19   7.4647e-19
 4832.16   2.1570e-18   7.1195e-19
 4836.77   1.1825e-18   6.4941e-19
 4841.39   2.7778e-19   6.0727e-19
 4846.00   1.1807e-18   5.6167e-19
 4850.62   6.7179e-19   5.3440e-19
 4855.23   3.3788e-20   4.9542e-19
 4859.84   1.2986e-18   4.7412e-19
 4864.46   5.0129e-19   4.5384e-19
 4869.07   9.1304e-19   4.2155e-19
 4873.68   1.7285e-18   4.2227e-19
 4878.30   1.4729e-18   3.9904e-19
 4882.91   7.6752e-19   3.8333e-19
 4887.52   6.1407e-19   3.6243e-19
 4892.14   1.0864e-18   2.9082e-19
 4896.75   1.1552e-18   3.4399e-19
 4901.36   8.8683e-19   3.3309e-19
 4905.98   7.2390e-19   3.1383e-19
 4910.59   3.5293e-19   2.9959e-19
 4915.21   5.8614e-19   2.8537e-19
 4919.82   4.2812e-19   2.7639e-19
 4924.43   4.3420e-19   2.7284e-19
 4929.05   4.6560e-19   2.6674e-19
 4933.66   4.8771e-19   2.5990e-19
 4938.27   5.5136e-19   2.5284e-19
 4942.89   3.8503e-19   2.4905e-19
 4947.50   7.8529e-19   2.4804e-19
 4952.11   5.8692e-19   2.4045e-19
 4956.73   7.9144e-19   2.3313e-19
 4961.34   9.2918e-19   2.3138e-19
 4965.95   4.3628e-19   2.3040e-19
 4970.57   2.3787e-19   2.2582e-19
 4975.18   5.3095e-19   2.2320e-19
 4979.79   8.1672e-19   2.2132e-19
 4984.41   3.7826e-19   2.1735e-19
 4989.02   1.4518e-19   2.1448e-19
 4993.64   6.5503e-19   2.1069e-19
 4998.25   5.4177e-19   2.0700e-19
 5002.86   5.8388e-19   2.0140e-19
 5007.48   5.0317e-19   1.9882e-19
 5012.09   3.3197e-19   1.9649e-19
 5016.70   6.5330e-19   1.9617e-19
 5021.32   1.0875e-18   1.9918e-19
 5025.93   9.2216e-19   1.9710e-19
 5030.54   1.1036e-18   1.9708e-19
 5035.16   5.8925e-19   1.9112e-19
 5039.77   6.4147e-19   1.9051e-19
 5044.38   4.6209e-19   1.8733e-19
 5049.00   5.5272e-19   1.8676e-19
 5053.61   1.0282e-18   1.9011e-19
 5058.22   8.8003e-19   1.8902e-19
 5062.84   9.1549e-19   1.8745e-19
 5067.45   9.6208e-19   1.8773e-19
 5072.07   6.1377e-19   1.8322e-19
 5076.68   9.5834e-19   1.8456e-19
 5081.29   7.4036e-19   1.8177e-19
 5085.91   8.4982e-19   1.8303e-19
 5090.52   9.5236e-19   1.8147e-19
 5095.13   7.5621e-19   1.7947e-19
 5099.75   7.3180e-19   1.7898e-19
 5104.36   1.0731e-18   1.8213e-19
 5108.97   8.7401e-19   1.8114e-19
 5113.59   9.0480e-19   1.7981e-19
 5118.20   8.2723e-19   1.7838e-19
 5122.81   1.0501e-18   1.7876e-19
 5127.43   7.3964e-19   1.7481e-19
 5132.04   9.3330e-19   1.7705e-19
 5136.65   1.1922e-18   1.7761e-19
 5141.27   9.6225e-19   1.7576e-19
 5145.88   5.0578e-19   1.7329e-19
 5150.50   1.2279e-18   1.7676e-19
 5155.11   8.4796e-19   1.7464e-19
 5159.72   9.3933e-19   1.7166e-19
 5164.34   8.4687e-19   1.6597e-19
 5168.95   1.1066e-18   1.6522e-19
 5173.56   1.1027e-18   1.6641e-19
 5178.18   9.8651e-19   1.6731e-19
 5182.79   1.1077e-18   1.6886e-19
 5187.40   1.3629e-18   1.8265e-19
 5192.02   1.0576e-18   2.0886e-19
 5196.63   1.3063e-18   2.2044e-19
 5201.24   1.1656e-18   2.1322e-19
 5205.86   1.2723e-18   1.8519e-19
 5210.47   1.0368e-18   1.6846e-19
 5215.08   1.2197e-18   1.6986e-19
 5219.70   1.0574e-18   1.6709e-19
 5224.31   1.2203e-18   1.6742e-19
 5228.93   1.1335e-18   1.6586e-19
 5233.54   9.0506e-19   1.6540e-19
 5238.15   9.2360e-19   1.6528e-19
 5242.77   1.1116e-18   1.6386e-19
 5247.38   1.2824e-18   1.6535e-19
 5251.99   1.1519e-18   1.6432e-19
 5256.61   1.2181e-18   1.6186e-19
 5261.22   1.0915e-18   1.5479e-19
 5265.83   9.6792e-19   1.5269e-19
 5270.45   1.4341e-18   1.5697e-19
 5275.06   1.2919e-18   1.5751e-19
 5279.67   1.2726e-18   1.5748e-19
 5284.29   1.4294e-18   1.5730e-19
 5288.90   1.1770e-18   1.5618e-19
 5293.52   1.0163e-18   1.5591e-19
 5298.13   1.2481e-18   1.5659e-19
 5302.74   1.2533e-18   1.5548e-19
 5307.36   1.2283e-18   1.5486e-19
 5311.97   1.3278e-18   1.5479e-19
 5316.58   1.3576e-18   1.5344e-19
 5321.20   1.2895e-18   1.5249e-19
 5325.81   9.6750e-19   1.5071e-19
 5330.42   9.8653e-19   1.5076e-19
 5335.04   1.3018e-18   1.5238e-19
 5339.65   9.5941e-19   1.5010e-19
 5344.26   1.1298e-18   1.5630e-19
 5348.88   9.6803e-19   1.5999e-19
 5353.49   1.1622e-18   1.6164e-19
 5358.10   9.7237e-19   1.5673e-19
 5362.72   9.6504e-19   1.5080e-19
 5367.33   1.0999e-18   1.4802e-19
 5371.95   9.0455e-19   1.4520e-19
 5376.56   1.1455e-18   1.4640e-19
 5381.17   9.1837e-19   1.4436e-19
 5385.79   9.8502e-19   1.4216e-19
 5390.40   9.6517e-19   1.4003e-19
 5395.01   1.1409e-18   1.3932e-19
 5399.63   9.2393e-19   1.3631e-19
 5404.24   7.8803e-19   1.3585e-19
 5408.85   7.6752e-19   1.3629e-19
 5413.47   9.6041e-19   1.3846e-19
 5418.08   9.5624e-19   1.3972e-19
 5422.69   9.0159e-19   1.3689e-19
 5427.31   9.7431e-19   1.3632e-19
 5431.92   8.7214e-19   1.3699e-19
 5436.53   6.8831e-19   1.3544e-19
 5441.15   9.1894e-19   1.3531e-19
 5445.76   7.2378e-19   1.3307e-19
 5450.38   9.6445e-19   1.3658e-19
 5454.99   7.4291e-19   1.4178e-19
 5459.60   7.7902e-19   1.4333e-19
 5464.22   8.8736e-19   1.3975e-19
 5468.83   8.9684e-19   1.3198e-19
 5473.44   7.7841e-19   1.2753e-19
 5478.06   5.4049e-19   1.2473e-19
 5482.67   7.4378e-19   1.2511e-19
 5487.28   9.6520e-19   1.2637e-19
 5491.90   8.7210e-19   1.2501e-19
 5496.51   9.9817e-19   1.2493e-19
 5501.12   9.7733e-19   1.2402e-19
 5505.74   8.2386e-19   1.2286e-19
 5510.35   8.9784e-19   1.2264e-19
 5514.96   1.1192e-18   1.2329e-19
 5519.58   1.0726e-18   1.2221e-19
 5524.19   1.1020e-18   1.2170e-19
 5528.81   7.2099e-19   1.2012e-19
 5533.42   1.1298e-18   1.2127e-19
 5538.03   1.0467e-18   1.2277e-19
 5542.65   8.0218e-19   1.2188e-19
 5547.26   8.6067e-19   1.2169e-19
 5551.87   8.8908e-19   1.2141e-19
 5556.49   4.8339e-19   1.1905e-19
 5561.10   8.9043e-19   1.2168e-19
 5565.71   2.4206e-19   1.8706e-19
 5570.33   1.8932e-18   3.2658e-19
 5574.94   9.1877e-19   3.7720e-19
 5579.55   3.5060e-19   3.5159e-19
 5584.17   8.6131e-19   2.4297e-19
 5588.78   8.3755e-19   1.2082e-19
 5593.40   7.3759e-19   1.1905e-19
 5598.01   8.5035e-19   1.1637e-19
 5602.62   8.2088e-19   1.1706e-19
 5607.24   6.1872e-19   1.1542e-19
 5611.85   8.3010e-19   1.1515e-19
 5616.46   5.3975e-19   1.1315e-19
 5621.08   4.8244e-19   1.1325e-19
 5625.69   5.5038e-19   1.1241e-19
 5630.30   6.3860e-19   1.1145e-19
 5634.92   6.0334e-19   1.1109e-19
 5639.53   7.0247e-19   1.1175e-19
 5644.14   7.4365e-19   1.1197e-19
 5648.76   7.3783e-19   1.1134e-19
 5653.37   6.1209e-19   1.0936e-19
 5657.98   9.1585e-19   1.1055e-19
 5662.60   9.5125e-19   1.1129e-19
 5667.21   7.0988e-19   1.1104e-19
 5671.83   5.2519e-19   1.1161e-19
 5676.44   4.5539e-19   1.1297e-19
 5681.05   5.7741e-19   1.1652e-19
 5685.67   8.3928e-19   1.1861e-19
 5690.28   7.1797e-19   1.1705e-19
 5694.89   5.9946e-19   1.1418e-19
 5699.51   7.6861e-19   1.1138e-19
 5704.12   6.9358e-19   1.0939e-19
 5708.73   8.5849e-19   1.0935e-19
 5713.35   1.0076e-18   1.1046e-19
 5717.96   1.0997e-18   1.1189e-19
 5722.57   9.8696e-19   1.1112e-19
 5727.19   8.5246e-19   1.0982e-19
 5731.80   9.5554e-19   1.0977e-19
 5736.42   1.0205e-18   1.0994e-19
 5741.03   1.1622e-18   1.0756e-19
 5745.64   1.0360e-18   1.0921e-19
 5750.26   1.1660e-18   1.0941e-19
 5754.87   1.0153e-18   1.0893e-19
 5759.48   9.1054e-19   1.0921e-19
 5764.10   1.0511e-18   1.1097e-19
 5768.71   9.5771e-19   1.1080e-19
 5773.32   1.2343e-18   1.1082e-19
 5777.94   1.2416e-18   1.0942e-19
 5782.55   1.2000e-18   1.0995e-19
 5787.16   1.2480e-18   1.1079e-19
 5791.78   1.0854e-18   1.1065e-19
 5796.39   1.1903e-18   1.1024e-19
 5801.00   1.2698e-18   1.1035e-19
 5805.62   1.2460e-18   1.1067e-19
 5810.23   1.1464e-18   1.0955e-19
 5814.84   1.1781e-18   1.1014e-19
 5819.46   1.1388e-18   1.1054e-19
 5824.07   1.3574e-18   1.1129e-19
 5828.69   1.0929e-18   1.1085e-19
 5833.30   1.1228e-18   1.1120e-19
 5837.91   1.3647e-18   1.1197e-19
 5842.53   1.3177e-18   1.1173e-19
 5847.14   1.2561e-18   1.1222e-19
 5851.75   1.3820e-18   1.1216e-19
 5856.37   1.3707e-18   1.1479e-19
 5860.98   1.2503e-18   1.2093e-19
 5865.59   1.2373e-18   1.2445e-19
 5870.21   1.1258e-18   1.2477e-19
 5874.82   9.1856e-19   1.2020e-19
 5879.43   1.3097e-18   1.6205e-19
 5884.05   1.1680e-18   2.2649e-19
 5888.66   1.0028e-18   2.7307e-19
 5893.27   6.8368e-19   2.7220e-19
 5897.89   1.3641e-18   2.2628e-19
 5902.50   1.3947e-18   1.6388e-19
 5907.12   1.0271e-18   1.2870e-19
 5911.73   1.2609e-18   1.2723e-19
 5916.34   1.1869e-18   1.2589e-19
 5920.96   1.1934e-18   1.2342e-19
 5925.57   1.3546e-18   1.2495e-19
 5930.18   1.0840e-18   1.2449e-19
 5934.80   1.0512e-18   1.2215e-19
 5939.41   1.0939e-18   1.1846e-19
 5944.02   1.3219e-18   1.1849e-19
 5948.64   1.4091e-18   1.2131e-19
 5953.25   1.0845e-18   1.1951e-19
 5957.86   7.8785e-19   1.1540e-19
 5962.48   1.0145e-18   1.1270e-19
 5967.09   1.0037e-18   1.1408e-19
 5971.71   1.0458e-18   1.1573e-19
 5976.32   1.0828e-18   1.1519e-19
 5980.93   8.8345e-19   1.1220e-19
 5985.55   9.6179e-19   1.0965e-19
 5990.16   8.2043e-19   1.0838e-19
 5994.77   8.7680e-19   1.0980e-19
 5999.39   7.1803e-19   1.0965e-19
 6004.00   8.5261e-19   1.0898e-19
 6008.61   7.4243e-19   1.0669e-19
 6013.23   9.2578e-19   1.0533e-19
 6017.84   9.5056e-19   1.0492e-19
 6022.45   8.2168e-19   1.0473e-19
 6027.07   8.0992e-19   1.0541e-19
 6031.68   1.0062e-18   1.0519e-19
 6036.29   1.0006e-18   1.0524e-19
 6040.91   8.2690e-19   1.0328e-19
 6045.52   8.2943e-19   1.0311e-19
 6050.14   6.4532e-19   1.0212e-19
 6054.75   6.4186e-19   1.0161e-19
 6059.36   6.2929e-19   1.0180e-19
 6063.98   6.6204e-19   1.0166e-19
 6068.59   5.3408e-19   1.0091e-19
 6073.20   5.9764e-19   1.0085e-19
 6077.82   7.7399e-19   9.9791e-20
 6082.43   8.1208e-19   1.0063e-19
 6087.04   7.0254e-19   9.9595e-20
 6091.66   6.0871e-19   1.0084e-19
 6096.27   5.4084e-19   1.0112e-19
 6100.88   4.3590e-19   1.0303e-19
 6105.50   5.3028e-19   1.0572e-19
 6110.11   5.0347e-19   1.0746e-19
 6114.73   6.6074e-19   1.0700e-19
 6119.34   6.7371e-19   1.0431e-19
 6123.95   5.8868e-19   1.0082e-19
 6128.57   6.3970e-19   1.0085e-19
 6133.18   5.4726e-19   1.0250e-19
 6137.79   6.2478e-19   1.0384e-19
 6142.41   5.6537e-19   1.0407e-19
 6147.02   7.2477e-19   1.0433e-19
 6151.63   3.4723e-19   1.0169e-19
 6156.25   6.5062e-19   1.0164e-19
 6160.86   7.5953e-19   1.0118e-19
 6165.47   6.6147e-19   1.0207e-19
 6170.09   8.2699e-19   1.0293e-19
 6174.70   5.4635e-19   1.0065e-19
 6179.31   7.4967e-19   9.8158e-20
 6183.93   6.8636e-19   9.6482e-20
 6188.54   5.5690e-19   9.6532e-20
 6193.16   7.8425e-19   9.8204e-20
 6197.77   7.5697e-19   9.9798e-20
 6202.38   7.3280e-19   9.9720e-20
 6207.00   7.7247e-19   9.9472e-20
 6211.61   6.6578e-19   9.8574e-20
 6216.22   6.5904e-19   9.9743e-20
 6220.84   9.5777e-19   1.0028e-19
 6225.45   8.1030e-19   1.0455e-19
 6230.06   7.9833e-19   1.1196e-19
 6234.68   8.4286e-19   1.1693e-19
 6239.29   8.3685e-19   1.1540e-19
 6243.90   1.0058e-18   1.0671e-19
 6248.52   7.9176e-19   1.0459e-19
 6253.13   1.1335e-18   1.1082e-19
 6257.74   1.2445e-18   1.1496e-19
 6262.36   1.1127e-18   1.1303e-19
 6266.97   1.0675e-18   1.0626e-19
 6271.58   9.2480e-19   1.0147e-19
 6276.20   1.0159e-18   1.0125e-19
 6280.81   9.9216e-19   1.0873e-19
 6285.43   9.5315e-19   1.2051e-19
 6290.04   9.9724e-19   2.6330e-19
 6294.65   1.2837e-18   4.1074e-19
 6299.27   2.4245e-19   4.3698e-19
 6303.88   1.5476e-18   3.9431e-19
 6308.49   7.4968e-19   2.2732e-19
 6313.11   1.2014e-18   1.0548e-19
 6317.72   8.8978e-19   1.0158e-19
 6322.33   1.3058e-18   1.0553e-19
 6326.95   1.3093e-18   1.0746e-19
 6331.56   1.4238e-18   1.0522e-19
 6336.17   1.1315e-18   9.8040e-20
 6340.79   1.3462e-18   9.5051e-20
 6345.40   1.3536e-18   9.8003e-20
 6350.02   9.8992e-19   1.1151e-19
 6354.63   1.7208e-18   1.9255e-19
 6359.24   5.8571e-19   2.4851e-19
 6363.86   2.4531e-18   2.5533e-19
 6368.47   9.2349e-19   2.1263e-19
 6373.08   1.6189e-18   1.2935e-19
 6377.70   1.4539e-18   9.3010e-20
 6382.31   1.5832e-18   9.7263e-20
 6386.92   1.4124e-18   9.3598e-20
 6391.54   1.3495e-18   9.1066e-20
 6396.15   1.5246e-18   8.9144e-20
 6400.76   1.6151e-18   8.8287e-20
 6405.38   1.6670e-18   8.8428e-20
 6409.99   1.5907e-18   8.8938e-20
 6414.60   1.4396e-18   8.8635e-20
 6419.22   1.2031e-18   8.7320e-20
 6423.83   1.5420e-18   8.7816e-20
 6428.45   1.4496e-18   8.6266e-20
 6433.06   1.3464e-18   8.4990e-20
 6437.67   1.4941e-18   8.5197e-20
 6442.29   1.3772e-18   8.5014e-20
 6446.90   1.4253e-18   8.5921e-20
 6451.51   1.5411e-18   8.8489e-20
 6456.13   1.3787e-18   9.2344e-20
 6460.74   1.3592e-18   9.7947e-20
 6465.35   1.4019e-18   1.0176e-19
 6469.97   1.6364e-18   1.0035e-19
 6474.58   1.4035e-18   9.3631e-20
 6479.19   1.4083e-18   8.7066e-20
 6483.81   1.4680e-18   8.4519e-20
 6488.42   1.5277e-18   8.8960e-20
 6493.04   1.3004e-18   9.7751e-20
 6497.65   1.0656e-18   1.0154e-19
 6502.26   1.3273e-18   1.0069e-19
 6506.88   1.2957e-18   9.1307e-20
 6511.49   1.2813e-18   8.5582e-20
 6516.10   1.2572e-18   8.5580e-20
 6520.72   1.2184e-18   8.6129e-20
 6525.33   1.1800e-18   9.2156e-20
 6529.94   1.1106e-18   9.3961e-20
 6534.56   1.1877e-18   9.4661e-20
 6539.17   1.0889e-18   9.1161e-20
 6543.78   1.0627e-18   9.1738e-20
 6548.40   1.1355e-18   9.6064e-20
 6553.01   1.0787e-18   9.9384e-20
 6557.62   1.1698e-18   1.0136e-19
 6562.24   1.0863e-18   9.7277e-20
 6566.85   9.4984e-19   9.4518e-20
 6571.47   8.8189e-19   9.2681e-20
 6576.08   1.0472e-18   9.1083e-20
 6580.69   8.9494e-19   8.7157e-20
 6585.31   7.3125e-19   8.0089e-20
 6589.92   8.2942e-19   7.8705e-20
 6594.53   6.9592e-19   8.0627e-20
 6599.15   1.0138e-18   8.4027e-20
 6603.76   5.5155e-19   8.1449e-20
 6608.37   7.6298e-19   7.9672e-20
 6612.99   8.7151e-19   7.6102e-20
 6617.60   6.3087e-19   7.4650e-20
 6622.21   6.5620e-19   7.5896e-20
 6626.83   7.8463e-19   7.7598e-20
 6631.44   5.8934e-19   7.7179e-20
 6636.05   5.8422e-19   7.6169e-20
 6640.67   7.5563e-19   7.5016e-20
 6645.28   7.1297e-19   7.3877e-20
 6649.90   6.2676e-19   7.3463e-20
 6654.51   6.3311e-19   7.3664e-20
 6659.12   5.9778e-19   7.4231e-20
 6663.74   6.6874e-19   7.4497e-20
 6668.35   6.7293e-19   7.4218e-20
 6672.96   6.7546e-19   7.3408e-20
 6677.58   5.6631e-19   7.2430e-20
 6682.19   4.9933e-19   7.2097e-20
 6686.80   5.9558e-19   7.2411e-20
 6691.42   6.9272e-19   7.3190e-20
 6696.03   5.6885e-19   7.2847e-20
 6700.64   4.7712e-19   7.3205e-20
 6705.26   5.9114e-19   7.3580e-20
 6709.87   6.2398e-19   7.3344e-20
 6714.48   5.3850e-19   7.2583e-20
 6719.10   4.5156e-19   7.1383e-20
 6723.71   6.8593e-19   7.2096e-20
 6728.33   7.0747e-19   7.2101e-20
 6732.94   6.5603e-19   7.1014e-20
 6737.55   5.3102e-19   7.1390e-20
 6742.17   5.7694e-19   7.1313e-20
 6746.78   7.8894e-19   7.1633e-20
 6751.39   7.1473e-19   7.0831e-20
 6756.01   5.8588e-19   7.0061e-20
 6760.62   6.9576e-19   7.0202e-20
 6765.23   7.4227e-19   7.0148e-20
 6769.85   6.3154e-19   6.9795e-20
 6774.46   6.7560e-19   6.9724e-20
 6779.07   6.4719e-19   6.9920e-20
 6783.69   7.3221e-19   7.0157e-20
 6788.30   7.6429e-19   7.0238e-20
 6792.92   7.6123e-19   6.9829e-20
 6797.53   6.6913e-19   6.9144e-20
 6802.14   6.7030e-19   6.9192e-20
 6806.76   8.2738e-19   6.9439e-20
 6811.37   7.9925e-19   6.9391e-20
 6815.98   8.4577e-19   7.1975e-20
 6820.60   9.3586e-19   8.5019e-20
 6825.21   7.8938e-19   1.0038e-19
 6829.82   7.7967e-19   1.0779e-19
 6834.44   9.1594e-19   1.0415e-19
 6839.05   8.8865e-19   9.0422e-20
 6843.66   7.9868e-19   7.7893e-20
 6848.28   8.0239e-19   7.1995e-20
 6852.89   1.0718e-18   8.0586e-20
 6857.50   8.6803e-19   9.6875e-20
 6862.12   9.3746e-19   1.0444e-19
 6866.73   7.3645e-19   9.8914e-20
 6871.35   8.4986e-19   8.3899e-20
 6875.96   8.6934e-19   7.2637e-20
 6880.57   8.6289e-19   7.5513e-20
 6885.19   1.0006e-18   7.8000e-20
 6889.80   8.7022e-19   7.7331e-20
 6894.41   8.8905e-19   7.7652e-20
 6899.03   8.3933e-19   7.5683e-20
 6903.64   9.7703e-19   7.8997e-20
 6908.25   9.8232e-19   8.0880e-20
 6912.87   9.3869e-19   8.4243e-20
 6917.48   1.0471e-18   9.2343e-20
 6922.09   1.0447e-18   8.9903e-20
 6926.71   9.2664e-19   8.5949e-20
 6931.32   1.0616e-18   8.0409e-20
 6935.93   9.9411e-19   7.9774e-20
 6940.55   9.1806e-19   9.0387e-20
 6945.16   9.2053e-19   9.4787e-20
 6949.78   1.2076e-18   9.3432e-20
 6954.39   1.1518e-18   8.5037e-20
 6959.00   1.1992e-18   7.6748e-20
 6963.62   1.3608e-18   7.7491e-20
 6968.23   1.2968e-18   8.2362e-20
 6972.84   1.1190e-18   8.6016e-20
 6977.46   1.2207e-18   8.5037e-20
 6982.07   1.4402e-18   8.1787e-20
 6986.68   1.3684e-18   7.4143e-20
 6991.30   1.5120e-18   7.1640e-20
 6995.91   1.4022e-18   7.3182e-20
 7000.52   1.4150e-18   7.5459e-20
 7005.14   1.2510e-18   7.7855e-20
 7009.75   1.3031e-18   7.7057e-20
 7014.36   1.4437e-18   7.4866e-20
 7018.98   1.1469e-18   6.9469e-20
 7023.59   1.2064e-18   6.7818e-20
 7028.21   1.1747e-18   6.7856e-20
 7032.82   1.2527e-18   6.8942e-20
 7037.43   1.3116e-18   7.1466e-20
 7042.05   1.1638e-18   7.4034e-20
 7046.66   1.1952e-18   7.5590e-20
 7051.27   1.3180e-18   7.4863e-20
 7055.89   1.2579e-18   7.2882e-20
 7060.50   1.2686e-18   7.2087e-20
 7065.11   1.2558e-18   7.2323e-20
 7069.73   1.2761e-18   7.2384e-20
 7074.34   1.3689e-18   7.2272e-20
 7078.95   1.2486e-18   7.2053e-20
 7083.57   1.2826e-18   7.2564e-20
 7088.18   1.2549e-18   7.1527e-20
 7092.79   1.2064e-18   7.0514e-20
 7097.41   1.1538e-18   6.8079e-20
 7102.02   1.2955e-18   6.8423e-20
 7106.64   1.2359e-18   6.8201e-20
 7111.25   1.3549e-18   6.8580e-20
 7115.86   1.2873e-18   6.8320e-20
 7120.48   1.1667e-18   6.8442e-20
 7125.09   1.1056e-18   6.9173e-20
 7129.70   1.2066e-18   6.9711e-20
 7134.32   1.1848e-18   7.0059e-20
 7138.93   1.1637e-18   7.0498e-20
 7143.54   1.1380e-18   7.0755e-20
 7148.16   1.1427e-18   7.0640e-20
 7152.77   1.0952e-18   6.9764e-20
 7157.38   1.1230e-18   6.9332e-20
 7162.00   1.2347e-18   6.9691e-20
 7166.61   1.0848e-18   6.9302e-20
 7171.23   1.0953e-18   6.9629e-20
 7175.84   9.6890e-19   6.9338e-20
 7180.45   1.1156e-18   6.8810e-20
 7185.07   9.7165e-19   6.6995e-20
 7189.68   1.1285e-18   6.6521e-20
 7194.29   1.2778e-18   6.6725e-20
 7198.91   1.1496e-18   6.6747e-20
 7203.52   1.1574e-18   6.6714e-20
 7208.13   1.1083e-18   6.6830e-20
 7212.75   1.0169e-18   6.6724e-20
 7217.36   1.0754e-18   6.7461e-20
 7221.97   1.1810e-18   6.8603e-20
 7226.59   1.2619e-18   7.3504e-20
 7231.20   1.1143e-18   9.5791e-20
 7235.81   1.1325e-18   1.2567e-19
 7240.43   1.3992e-18   1.4081e-19
 7245.04   1.4730e-18   1.3629e-19
 7249.66   1.4786e-18   1.1408e-19
 7254.27   1.4138e-18   8.9645e-20
 7258.88   1.3013e-18   7.9203e-20
 7263.50   1.2008e-18   7.9457e-20
 7268.11   1.1399e-18   1.1024e-19
 7272.72   1.1736e-18   1.3090e-19
 7277.34   1.2671e-18   1.3916e-19
 7281.95   1.5354e-18   1.2702e-19
 7286.56   1.3081e-18   1.0257e-19
 7291.18   1.3769e-18   9.1519e-20
 7295.79   1.0694e-18   8.7461e-20
 7300.40   1.2862e-18   9.1151e-20
 7305.02   1.2763e-18   9.6833e-20
 7309.63   1.4580e-18   1.1540e-19
 7314.25   1.5663e-18   1.1814e-19
 7318.86   1.3906e-18   1.1770e-19
 7323.47   1.4145e-18   1.0569e-19
 7328.09   1.1022e-18   9.6400e-20
 7332.70   1.3129e-18   1.1825e-19
 7337.31   1.3993e-18   1.2548e-19
 7341.93   1.3887e-18   1.2354e-19
 7346.54   1.3918e-18   1.0701e-19
 7351.15   1.2728e-18   9.0843e-20
 7355.77   1.3991e-18   9.2472e-20
 7360.38   1.2458e-18   1.0765e-19
 7364.99   1.3506e-18   1.1826e-19
 7369.61   1.2672e-18   1.1332e-19
 7374.22   1.3177e-18   1.0273e-19
 7378.83   1.2071e-18   7.9297e-20
 7383.45   1.3336e-18   7.9040e-20
 7388.06   1.2584e-18   8.5342e-20
 7392.67   1.4410e-18   9.5884e-20
 7397.29   1.2645e-18   1.0221e-19
 7401.90   1.2315e-18   9.8147e-20
 7406.52   1.1977e-18   8.9400e-20
 7411.13   1.3267e-18   7.5441e-20
 7415.74   1.1862e-18   6.8807e-20
 7420.36   1.1928e-18   7.2592e-20
 7424.97   1.3250e-18   7.6984e-20
 7429.58   1.2753e-18   8.3865e-20
 7434.20   1.2425e-18   8.8007e-20
 7438.81   1.3074e-18   8.4807e-20
 7443.42   1.3124e-18   7.9263e-20
 7448.04   1.3689e-18   7.0897e-20
 7452.65   1.2645e-18   7.0699e-20
 7457.26   1.4449e-18   7.6785e-20
 7461.88   1.3847e-18   8.4728e-20
 7466.49   1.1858e-18   9.3947e-20
 7471.10   1.2505e-18   9.9935e-20
 7475.72   1.5269e-18   1.0610e-19
 7480.33   1.5224e-18   1.0230e-19
 7484.95   1.1975e-18   9.5216e-20
 7489.56   1.3221e-18   8.5293e-20
 7494.17   1.3696e-18   7.7627e-20
 7498.79   1.3219e-18   7.5257e-20
 7503.40   1.2557e-18   7.3154e-20
 7508.01   1.1673e-18   7.2788e-20
 7512.63   1.0441e-18   8.3993e-20
 7517.24   1.2080e-18   1.0887e-19
 7521.85   1.1597e-18   1.2025e-19
 7526.47   1.2870e-18   1.2027e-19
 7531.08   1.0186e-18   1.0134e-19
 7535.69   1.2652e-18   8.4582e-20
 7540.31   1.1787e-18   7.5352e-20
 7544.92   1.1930e-18   7.3313e-20
 7549.54   1.2472e-18   7.7359e-20
 7554.15   1.2039e-18   8.0070e-20
 7558.76   1.3196e-18   8.3376e-20
 7563.38   1.2261e-18   9.5263e-20
 7567.99   1.1915e-18   1.0400e-19
 7572.60   1.0197e-18   1.0320e-19
 7577.22   1.0633e-18   9.6936e-20
 7581.83   1.1685e-18   8.4112e-20
 7586.44   1.0387e-18   8.1572e-20
 7591.06   9.9668e-19   8.2435e-20
 7595.67   7.9663e-19   7.3171e-20
 7600.28   7.7763e-19   6.6221e-20
 7604.90   9.5027e-19   5.5013e-20
 7609.51   9.4004e-19   5.7587e-20
 7614.12   7.2225e-19   6.6937e-20
 7618.74   6.6901e-19   7.5956e-20
 7623.35   5.6052e-19   8.0022e-20
 7627.97   7.3605e-19   7.9970e-20
 7632.58   8.1345e-19   7.6902e-20
 7637.19   7.1035e-19   6.9446e-20
 7641.81   7.8535e-19   6.4057e-20
 7646.42   7.7691e-19   6.5425e-20
 7651.03   7.9131e-19   6.9575e-20
 7655.65   7.1784e-19   7.7003e-20
 7660.26   8.8225e-19   7.8473e-20
 7664.87   8.6217e-19   7.6845e-20
 7669.49   8.9226e-19   7.0702e-20
 7674.10   1.0637e-18   6.9514e-20
 7678.71   1.0324e-18   7.6393e-20
 7683.33   9.8535e-19   8.3405e-20
 7687.94   8.8687e-19   8.7298e-20
 7692.56   8.7358e-19   8.8024e-20
 7697.17   9.6700e-19   8.3843e-20
 7701.78   9.2208e-19   9.3352e-20
 7706.40   7.3630e-19   1.2659e-19
 7711.01   8.7947e-19   1.5405e-19
 7715.62   1.0931e-18   1.6054e-19
 7720.24   1.0961e-18   1.4597e-19
 7724.85   8.6587e-19   1.1198e-19
 7729.46   1.1040e-18   9.6080e-20
 7734.08   1.0086e-18   8.5197e-20
 7738.69   9.0054e-19   9.2830e-20
 7743.30   7.7612e-19   1.2854e-19
 7747.92   1.0809e-18   1.4743e-19
 7752.53   1.0584e-18   1.5253e-19
 7757.14   9.2839e-19   1.3436e-19
 7761.76   8.2429e-19   1.0810e-19
 7766.37   8.4473e-19   1.1043e-19
 7770.99   1.0412e-18   1.1151e-19
 7775.60   1.1213e-18   1.1674e-19
 7780.21   9.8492e-19   1.0861e-19
 7784.83   8.0991e-19   1.1573e-19
 7789.44   1.1971e-18   1.2969e-19
 7794.05   1.1093e-18   1.2949e-19
 7798.67   9.6229e-19   1.2203e-19
 7803.28   1.0819e-18   1.0573e-19
 7807.89   1.0578e-18   1.0094e-19
 7812.51   8.4004e-19   1.2425e-19
 7817.12   8.0243e-19   1.3781e-19
 7821.73   1.0206e-18   1.3695e-19
 7826.35   1.0810e-18   1.2172e-19
 7830.96   1.0658e-18   9.1865e-20
 7835.57   1.2994e-18   9.4725e-20
 7840.19   9.5485e-19   1.0300e-19
 7844.80   1.0484e-18   1.3449e-19
 7849.42   5.8070e-19   1.5256e-19
 7854.03   1.1045e-18   1.6478e-19
 7858.64   9.9833e-19   1.5498e-19
 7863.26   1.0009e-18   1.4401e-19
 7867.87   1.0632e-18   1.3468e-19
 7872.48   9.4594e-19   1.3277e-19
 7877.10   1.0043e-18   1.2585e-19
 7881.71   1.0056e-18   1.2258e-19
 7886.32   1.2497e-18   1.2547e-19
 7890.94   7.8281e-19   1.1244e-19
 7895.55   8.6040e-19   9.8455e-20
 7900.16   8.5635e-19   8.5249e-20
 7904.78   1.0617e-18   1.2910e-19
 7909.39   7.4048e-19   1.6554e-19
 7914.00   1.0982e-18   1.8449e-19
 7918.62   9.3877e-19   1.6962e-19
 7923.23   1.1734e-18   1.4232e-19
 7927.85   1.0056e-18   1.1807e-19
 7932.46   9.5330e-19   1.0517e-19
 7937.07   9.4913e-19   9.8635e-20
 7941.69   1.0450e-18   9.9894e-20
 7946.30   1.0530e-18   1.0593e-19
 7950.91   9.6543e-19   1.0618e-19
 7955.53   7.5253e-19   1.2153e-19
 7960.14   8.3304e-19   1.4362e-19
 7964.75   9.7132e-19   1.4630e-19
 7969.37   9.8589e-19   1.4119e-19
 7973.98   1.2120e-18   1.2041e-19
 7978.59   9.8994e-19   1.1127e-19
 7983.21   1.0827e-18   1.3208e-19
 7987.82   1.0598e-18   1.4897e-19
 7992.44   1.0727e-18   1.5456e-19
 7997.05   1.0489e-18   1.4120e-19
 8001.66   9.7852e-19   1.0857e-19
 8006.28   8.9804e-19   9.6524e-20
 8010.89   8.0956e-19   1.0926e-19
 8015.50   7.9640e-19   1.2100e-19
 8020.12   1.0595e-18   1.4156e-19
 8024.73   1.1688e-18   1.3725e-19
 8029.34   9.9247e-19   1.2888e-19
 8033.96   1.0438e-18   9.5292e-20
 8038.57   9.4531e-19   7.4069e-20
 8043.18   9.5460e-19   8.2580e-20
 8047.80   8.0715e-19   8.8256e-20
 8052.41   7.6404e-19   1.0212e-19
 8057.02   9.7422e-19   1.1170e-19
 8061.64   9.8049e-19   1.0723e-19
 8066.25   8.7947e-19   9.9723e-20
 8070.87   9.2277e-19   8.1055e-20
 8075.48   9.2692e-19   7.4188e-20
 8080.09   9.0732e-19   7.5376e-20
 8084.71   9.0510e-19   7.8279e-20
 8089.32   1.0007e-18   8.3094e-20
 8093.93   8.0000e-19   9.4583e-20
 8098.55   8.1701e-19   1.0281e-19
 8103.16   9.1141e-19   1.0855e-19
 8107.77   8.1652e-19   1.1177e-19
 8112.39   8.7689e-19   1.0900e-19
 8117.00   9.8392e-19   1.0184e-19
 8121.61   8.5696e-19   9.0411e-20
 8126.23   8.7666e-19   7.6759e-20
 8130.84   1.1006e-18   7.6324e-20
 8135.45   8.1866e-19   7.7534e-20
 8140.07   8.5866e-19   8.1253e-20
 8144.68   8.1486e-19   8.0116e-20
 8149.30   8.9680e-19   7.7400e-20
 8153.91   9.0755e-19   7.2544e-20
 8158.52   1.0281e-18   6.9870e-20
 8163.14   9.9341e-19   6.9675e-20
 8167.75   1.0159e-18   6.9831e-20
 8172.36   8.9974e-19   7.0799e-20
 8176.98   7.7146e-19   7.3358e-20
 8181.59   9.5453e-19   7.7332e-20
 8186.20   1.0135e-18   8.1004e-20
 8190.82   9.2767e-19   8.2489e-20
 8195.43   9.2488e-19   8.0491e-20
 8200.04   8.0345e-19   7.7231e-20
 8204.66   9.3384e-19   7.2953e-20
 8209.27   8.8223e-19   7.1718e-20
 8213.88   9.0760e-19   7.1458e-20
 8218.50   9.4088e-19   7.0987e-20
 8223.11   9.6735e-19   7.0532e-20
 8227.73   8.6257e-19   6.9821e-20
 8232.34   8.0226e-19   6.9797e-20
 8236.95   8.1625e-19   7.1146e-20
 8241.57   8.1876e-19   7.3204e-20
 8246.18   7.3434e-19   7.3708e-20
 8250.79   8.9361e-19   7.5184e-20
 8255.41   9.7099e-19   7.8904e-20
 8260.02   8.7451e-19   8.1462e-20
 8264.63   9.1748e-19   8.1139e-20
 8269.25   8.0467e-19   9.4634e-20
 8273.86   4.3305e-19   1.1839e-19
 8278.47   8.7127e-19   1.5054e-19
 8283.09   8.8847e-19   1.6886e-19
 8287.70   5.1034e-19   1.7218e-19
 8292.32   1.1444e-18   1.7982e-19
 8296.93   1.2747e-18   1.6387e-19
 8301.54   9.3096e-19   1.5398e-19
 8306.16   7.3510e-19   1.2307e-19
 8310.77   7.5282e-19   1.0317e-19
 8315.38   8.3895e-19   9.3277e-20
 8320.00   7.6926e-19   7.7709e-20
 8324.61   8.4985e-19   7.2994e-20
 8329.22   8.6240e-19   6.6305e-20
 8333.84   8.9449e-19   1.2859e-19
 8338.45   1.0788e-18   1.9467e-19
 8343.06   7.6979e-19   2.2067e-19
 8347.68   1.2947e-18   2.2568e-19
 8352.29   1.3958e-18   1.7262e-19
 8356.90   6.7766e-19   1.3947e-19
 8361.52   7.9764e-19   1.1026e-19
 8366.13   9.0994e-19   9.8817e-20
 8370.75   7.4354e-19   9.5981e-20
 8375.36   8.7236e-19   1.0926e-19
 8379.97   9.2494e-19   1.2031e-19
 8384.59   7.6449e-19   1.1503e-19
 8389.20   9.0782e-19   1.3864e-19
 8393.81   1.0985e-18   1.7681e-19
 8398.43   8.9465e-19   1.8528e-19
 8403.04   1.2063e-18   1.7933e-19
 8407.65   8.8836e-19   1.4460e-19
 8412.27   1.1036e-18   1.3813e-19
 8416.88   8.5787e-19   1.4208e-19
 8421.49   1.1616e-18   1.7991e-19
 8426.11   1.3550e-18   1.9988e-19
 8430.72   1.3473e-18   2.0043e-19
 8435.33   1.0220e-18   1.6378e-19
 8439.95   7.5933e-19   1.0725e-19
 8444.56   5.1616e-19   1.1115e-19
 8449.18   9.4169e-19   1.2513e-19
 8453.79   1.1438e-18   1.3404e-19
 8458.40   1.2689e-18   1.6648e-19
 8463.02   9.9108e-19   1.6676e-19
 8467.63   1.2101e-18   1.6510e-19
 8472.24   8.8559e-19   1.2055e-19
 8476.86   9.2610e-19   7.9384e-20
 8481.47   8.6789e-19   7.7579e-20
 8486.08   9.3036e-19   9.4977e-20
 8490.70   9.2973e-19   1.0744e-19
 8495.31   6.8037e-19   1.2473e-19
 8499.92   9.1778e-19   1.4212e-19
 8504.54   8.3763e-19   1.3302e-19
 8509.15   8.9947e-19   1.2494e-19
 8513.76   8.5316e-19   9.2879e-20
 8518.38   7.1760e-19   8.3872e-20
 8522.99   7.5744e-19   8.2405e-20
 8527.61   9.9900e-19   8.2510e-20
 8532.22   1.0006e-18   8.6003e-20
 8536.83   7.7178e-19   9.3298e-20
 8541.45   7.6033e-19   1.0483e-19
 8546.06   9.4646e-19   1.0855e-19
 8550.67   7.8529e-19   1.0070e-19
 8555.29   1.0311e-18   9.0024e-20
 8559.90   1.0259e-18   7.3850e-20
 8564.51   6.4811e-19   7.1724e-20
 8569.13   7.4821e-19   7.3991e-20
 8573.74   8.0483e-19   7.4501e-20
 8578.35   9.0929e-19   7.8792e-20
 8582.97   9.0169e-19   8.2062e-20
 8587.58   8.5473e-19   8.8897e-20
 8592.20   9.5416e-19   9.3158e-20
 8596.81   9.6417e-19   9.0370e-20
 8601.42   7.7810e-19   8.5405e-20
 8606.04   7.9009e-19   8.1793e-20
 8610.65   9.2815e-19   8.9763e-20
 8615.26   7.0278e-19   1.0282e-19
 8619.88   7.2680e-19   1.1793e-19
 8624.49   8.4230e-19   1.3004e-19
 8629.10   7.6435e-19   1.3381e-19
 8633.72   9.6340e-19   1.2830e-19
 8638.33   8.1386e-19   1.1891e-19
 8642.94   7.2212e-19   1.1704e-19
 8647.56   1.0246e-18   1.2540e-19
 8652.17   1.0519e-18   1.3503e-19
 8656.78   9.0470e-19   1.3944e-19
 8661.40   7.3027e-19   1.3602e-19
 8666.01   9.4930e-19   1.3002e-19
 8670.62   9.2276e-19   1.2254e-19
 8675.24   9.9497e-19   1.1253e-19
 8679.85   7.6191e-19   1.0319e-19
 8684.47   7.0104e-19   9.5757e-20
 8689.08   8.2329e-19   9.2274e-20
 8693.69   8.6425e-19   9.1806e-20
 8698.31   8.0363e-19   9.3104e-20
 8702.92   7.5915e-19   9.4364e-20
 8707.53   7.7179e-19   9.2265e-20
 8712.15   8.1020e-19   8.8927e-20
 8716.76   7.2140e-19   8.5525e-20
 8721.37   8.7262e-19   8.6113e-20
 8725.99   8.7235e-19   8.5855e-20
 8730.60   8.7547e-19   8.6918e-20
 8735.21   8.3397e-19   8.7273e-20
 8739.83   9.3176e-19   8.9877e-20
 8744.44   1.0158e-18   8.9244e-20
 8749.06   7.6038e-19   1.1396e-19
 8753.67   4.1422e-19   1.6959e-19
 8758.28   2.1858e-19   2.2094e-19
 8762.90   5.6126e-19   2.5637e-19
 8767.51   5.8015e-19   2.5684e-19
 8772.12   4.3747e-19   2.6090e-19
 8776.74   1.1199e-18   2.3327e-19
 8781.35   1.4324e-18   2.1262e-19
 8785.96   9.4512e-19   1.7283e-19
 8790.58   8.5142e-19   1.3708e-19
 8795.19   1.0511e-18   1.3022e-19
 8799.80   8.6606e-19   1.0212e-19
 8804.42   7.3376e-19   9.4281e-20
 8809.03   8.3390e-19   9.2277e-20
 8813.64   5.5870e-19   1.1123e-19
 8818.26  -2.0282e-19   2.2853e-19
 8822.87   1.8297e-19   2.9106e-19
 8827.49   1.3140e-19   3.2959e-19
 8832.10   5.2967e-19   2.9852e-19
 8836.71   1.2535e-18   2.2993e-19
 8841.33   1.2067e-18   1.8184e-19
 8845.94   8.7700e-19   1.4959e-19
 8850.55   4.0467e-19   1.3119e-19
 8855.17   5.8536e-19   1.3188e-19
 8859.78   6.1444e-19   1.5173e-19
 8864.39   6.6864e-19   1.6824e-19
 8869.01   9.3885e-19   1.7002e-19
 8873.62   6.9401e-19   1.5755e-19
 8878.23   7.2276e-19   2.2491e-19
 8882.85   7.0077e-19   2.6357e-19
 8887.46   1.2765e-18   2.6120e-19
 8892.08   8.6984e-19   2.2304e-19
 8896.69   5.5791e-19   1.7521e-19
 8901.30   1.0226e-18   1.8588e-19
 8905.92   3.2816e-19   1.8748e-19
 8910.53   1.3807e-19   2.2548e-19
 8915.14   1.7683e-19   2.7331e-19
 8919.76   2.0241e-19   2.8391e-19
 8924.37  -5.5576e-20   2.4274e-19
 8928.98   5.3989e-19   1.5470e-19
 8933.60   7.5193e-19   1.3283e-19
 8938.21   2.5708e-19   1.6929e-19
 8942.82   4.5365e-19   1.7223e-19
 8947.44   7.9782e-19   1.9863e-19
 8952.05   1.2494e-18   2.4315e-19
 8956.66   1.0174e-18   2.4810e-19
 8961.28   1.5363e-18   2.4119e-19
 8965.89   6.8857e-19   1.5907e-19
 8970.50   8.6162e-19   1.0810e-19
 8975.12   7.2963e-19   1.0609e-19
 8979.73   5.0245e-19   1.3340e-19
 8984.35   4.1881e-19   1.5149e-19
 8988.96   4.4897e-19   1.6752e-19
 8993.57   3.0448e-19   1.9374e-19
 8998.19   6.4815e-19   2.0077e-19
 9002.80   1.0221e-18   1.9433e-19
 9007.41   9.9808e-19   1.5712e-19
 9012.03   1.1194e-18   1.1835e-19
 9016.64   8.4482e-19   1.0449e-19
 9021.25   7.6434e-19   9.9177e-20
 9025.87   8.3872e-19   1.0123e-19
 9030.48   7.4679e-19   1.1765e-19
 9035.09   9.5681e-19   1.3005e-19
 9039.71   7.0014e-19   1.4537e-19
 9044.32   4.9904e-19   1.6208e-19
 9048.94   4.9754e-19   1.5371e-19
 9053.55   6.3707e-19   1.4533e-19
 9058.16   4.2510e-19   1.1063e-19
 9062.78   7.0028e-19   1.0027e-19
 9067.39   7.0383e-19   9.9163e-20
 9072.00   7.5711e-19   9.7235e-20
 9076.62   6.3636e-19   9.3323e-20
 9081.23   4.8285e-19   9.6698e-20
 9085.84   5.1325e-19   1.0744e-19
 9090.46   5.0082e-19   1.1716e-19
 9095.07   7.7397e-19   1.3038e-19
 9099.68   9.6913e-19   1.3097e-19
 9104.30   5.3889e-19   1.2562e-19
 9108.91   8.8911e-19   1.1675e-19
 9113.52   8.7321e-19   1.1285e-19
 9118.14   5.3937e-19   1.1429e-19
 9122.75   6.1966e-19   1.1595e-19
 9127.37   7.5033e-19   1.1166e-19
 9131.98   5.9606e-19   1.0255e-19
 9136.59   4.7880e-19   9.6523e-20
 9141.21   5.0644e-19   9.7159e-20
 9145.82   4.9822e-19   1.0543e-19
 9150.43   5.4269e-19   1.1311e-19
 9155.05   4.0582e-19   1.2073e-19
 9159.66   6.3792e-19   1.1680e-19
 9164.27   5.1100e-19   1.0734e-19
 9168.89   6.2644e-19   9.8052e-20
 9173.50   8.1244e-19   1.0952e-19
 9178.11   7.8096e-19   1.0925e-19
 9182.73   6.9728e-19   9.1520e-20
 9187.34   6.7946e-19   9.1828e-20
 9191.96   3.8602e-19   8.9517e-20
 9196.57   4.2633e-19   9.0399e-20
