 
TRANSIENT_NAME:     DES15S1nog 
SNID:               1340054    
OBS_DATE:           2016-02-11
MJD:                57429. 
PHASE:              +41.   
MJD_MAX:            57365.2 (Angus et. al.: MNRAS, 487, 2215A, 2019)
TYPE:               141
SPEC_EVAL:          SLSN-I?
REDSHIFT:           0.5650  
REDSHIFT_ERR:       0.0005  
REDSHIFT_SOURCE:    Z_GAL
TELESCOPE:          GTC
INSTRUMENT:         OSIRIS
 
======================================
 
# WAVE  FLUX  FLUX_ERR
 4802.57   7.7216e-18   4.2842e-18
 4807.18   1.6154e-17   3.9881e-18
 4811.79   1.6883e-17   3.6173e-18
 4816.41   3.2794e-18   3.2886e-18
 4821.02   4.7477e-18   3.1181e-18
 4825.63   1.2289e-17   2.8763e-18
 4830.24   5.0465e-18   2.6710e-18
 4834.85   1.2002e-18   2.4521e-18
 4839.46  -4.6570e-19   2.2887e-18
 4844.07   5.8648e-18   2.1360e-18
 4848.68  -4.1971e-18   1.9348e-18
 4853.29   3.0341e-18   1.8325e-18
 4857.91   9.4001e-19   1.6776e-18
 4862.52   3.7719e-18   1.5780e-18
 4867.13   7.0054e-18   1.5009e-18
 4871.74   6.5646e-18   1.3913e-18
 4876.35   2.0263e-18   1.3366e-18
 4880.96   2.4753e-18   1.2570e-18
 4885.57   2.8084e-18   1.2055e-18
 4890.18   2.6229e-18   1.1365e-18
 4894.79  -9.0883e-19   1.0828e-18
 4899.41   2.3389e-18   1.0238e-18
 4904.02  -1.6944e-18   9.6215e-19
 4908.63   2.9770e-18   9.0832e-19
 4913.24   2.4959e-18   8.5797e-19
 4917.85   6.4138e-19   8.1381e-19
 4922.46   1.9131e-18   7.7819e-19
 4927.07   1.8092e-18   7.5274e-19
 4931.68   7.0947e-19   7.1225e-19
 4936.30  -1.4314e-19   6.8785e-19
 4940.91   1.7415e-18   6.6767e-19
 4945.52  -1.0180e-19   6.3062e-19
 4950.13   3.1263e-18   6.2309e-19
 4954.74   7.3887e-19   5.8904e-19
 4959.35   6.3858e-19   5.7137e-19
 4963.96   1.8596e-18   5.6096e-19
 4968.57  -3.3453e-19   5.4124e-19
 4973.19   1.5915e-18   5.2455e-19
 4977.80   2.4150e-18   5.1240e-19
 4982.41   6.5542e-19   4.9070e-19
 4987.02   1.7146e-18   4.7735e-19
 4991.63   8.3897e-19   4.6209e-19
 4996.24   1.3242e-18   4.4445e-19
 5000.85   1.0042e-18   4.3287e-19
 5005.46  -4.6499e-19   4.1832e-19
 5010.07   1.0916e-18   4.0465e-19
 5014.69  -8.0971e-19   4.7505e-19
 5019.30  -1.4443e-19   3.8847e-19
 5023.91   2.7425e-19   3.7626e-19
 5028.52   1.2550e-18   3.7242e-19
 5033.13   6.7608e-19   3.6204e-19
 5037.74   1.9051e-18   3.5573e-19
 5042.35   7.1868e-19   3.4494e-19
 5046.96   1.2270e-18   3.4591e-19
 5051.57   8.8672e-19   3.4119e-19
 5056.19   9.0653e-19   3.3579e-19
 5060.80   8.8248e-19   3.2652e-19
 5065.41   8.8465e-19   3.2121e-19
 5070.02   7.5494e-19   3.1766e-19
 5074.63   6.1623e-19   3.1221e-19
 5079.24   8.7975e-19   3.0659e-19
 5083.85   4.2860e-19   3.0438e-19
 5088.46   7.1047e-19   3.0159e-19
 5093.08   1.5903e-18   3.0083e-19
 5097.69   4.0237e-19   2.9287e-19
 5102.30   6.3827e-19   2.9026e-19
 5106.91   4.6647e-19   2.8779e-19
 5111.52  -1.4114e-19   2.8561e-19
 5116.13   9.6318e-19   2.8466e-19
 5120.74   1.2759e-18   2.8312e-19
 5125.35   9.6366e-19   2.7988e-19
 5129.96   8.4010e-19   2.7941e-19
 5134.58   6.1176e-19   2.8128e-19
 5139.19   1.5047e-18   2.8247e-19
 5143.80   8.2275e-19   2.8035e-19
 5148.41   9.8017e-19   2.7806e-19
 5153.02   1.1909e-18   2.7853e-19
 5157.63   1.0888e-18   2.7288e-19
 5162.24   1.7135e-18   3.6252e-19
 5166.85   5.4192e-19   3.6612e-19
 5171.47   1.3255e-18   3.7900e-19
 5176.08   7.3629e-19   3.2677e-19
 5180.69   1.0251e-18   2.6231e-19
 5185.30   4.9563e-19   2.6268e-19
 5189.91   1.2722e-18   2.9493e-19
 5194.52   6.9243e-19   3.1536e-19
 5199.13   2.6935e-19   3.1341e-19
 5203.74   1.3622e-18   2.9430e-19
 5208.35   7.3848e-19   2.6511e-19
 5212.97   1.1162e-18   2.6622e-19
 5217.58   9.4542e-19   2.6632e-19
 5222.19   2.4464e-19   2.6389e-19
 5226.80   1.3827e-18   2.6607e-19
 5231.41   9.3051e-19   2.6625e-19
 5236.02   8.9370e-19   2.6636e-19
 5240.63   1.0703e-18   2.6559e-19
 5245.24   1.2356e-18   2.6603e-19
 5249.86   1.0619e-18   2.6627e-19
 5254.47   1.4008e-18   2.6620e-19
 5259.08   1.0416e-18   2.5968e-19
 5263.69   1.1561e-18   2.5346e-19
 5268.30   6.4590e-19   2.5329e-19
 5272.91   8.2757e-19   2.5907e-19
 5277.52   1.4260e-18   2.6264e-19
 5282.13   8.1964e-19   2.6063e-19
 5286.74   6.1546e-19   2.6126e-19
 5291.36   1.2119e-18   2.6476e-19
 5295.97   1.6942e-18   2.6870e-19
 5300.58   6.8872e-19   2.6662e-19
 5305.19   1.0416e-18   2.6937e-19
 5309.80   1.4864e-18   2.7161e-19
 5314.41   3.5891e-19   2.6806e-19
 5319.02   1.3594e-18   2.6991e-19
 5323.63   1.7748e-18   2.7198e-19
 5328.25   3.8079e-19   2.6876e-19
 5332.86   4.1258e-19   2.6850e-19
 5337.47   9.1751e-19   2.7342e-19
 5342.08   9.6043e-19   2.7989e-19
 5346.69   1.1475e-18   2.8802e-19
 5351.30   5.6446e-19   2.9254e-19
 5355.91   7.6500e-19   2.9204e-19
 5360.52   8.8462e-19   2.8578e-19
 5365.13   1.7187e-18   2.8273e-19
 5369.75   1.5047e-18   2.8051e-19
 5374.36   1.1649e-18   2.7792e-19
 5378.97   1.1976e-18   2.8030e-19
 5383.58   1.0728e-18   2.7762e-19
 5388.19   1.0466e-18   2.7578e-19
 5392.80   3.8379e-19   2.7195e-19
 5397.41   1.1085e-18   2.7272e-19
 5402.02   1.5270e-18   2.7528e-19
 5406.64   1.1728e-18   2.7779e-19
 5411.25   1.7521e-18   2.8641e-19
 5415.86   1.2048e-18   2.9079e-19
 5420.47   1.1573e-18   2.9360e-19
 5425.08   1.5883e-18   2.9481e-19
 5429.69   1.2207e-18   2.9398e-19
 5434.30   1.7290e-18   2.9658e-19
 5438.91   1.3558e-18   2.9571e-19
 5443.52   1.6006e-18   2.9486e-19
 5448.14   1.2997e-18   2.9490e-19
 5452.75   1.0660e-18   3.1184e-19
 5457.36   1.5480e-18   3.2113e-19
 5461.97   1.5545e-18   3.1570e-19
 5466.58   2.0186e-18   2.9810e-19
 5471.19   1.4471e-18   2.8004e-19
 5475.80   1.3654e-18   2.7523e-19
 5480.41   7.5208e-19   2.7358e-19
 5485.02   5.7382e-19   2.7340e-19
 5489.64   8.1661e-19   2.7497e-19
 5494.25   1.0508e-18   2.7648e-19
 5498.86   8.1687e-19   2.7605e-19
 5503.47   1.3399e-18   2.7608e-19
 5508.08   1.6239e-18   2.7546e-19
 5512.69   1.2730e-18   2.7299e-19
 5517.30   6.3221e-19   2.7094e-19
 5521.91   8.3763e-19   2.7157e-19
 5526.53   1.5864e-18   2.7191e-19
 5531.14   1.2246e-18   2.6937e-19
 5535.75   1.4919e-18   2.7464e-19
 5540.36   1.3175e-18   2.7994e-19
 5544.97   6.9028e-19   2.7762e-19
 5549.58   1.2880e-18   2.7583e-19
 5554.19   9.6142e-19   2.7274e-19
 5558.80   1.7480e-18   2.8643e-19
 5563.42   1.1226e-18   3.3492e-19
 5568.03   1.1190e-18   7.1697e-19
 5572.64   1.1125e-18   9.7671e-19
 5577.25   3.3477e-18   1.0021e-18
 5581.86  -1.2515e-18   8.1046e-19
 5586.47   1.4240e-18   4.1255e-19
 5591.08   1.9400e-19   2.6172e-19
 5595.69   1.1470e-18   2.7067e-19
 5600.30   1.1687e-18   2.7012e-19
 5604.92   1.1383e-18   2.7007e-19
 5609.53   9.3262e-19   2.6470e-19
 5614.14   4.9924e-19   2.6060e-19
 5618.75   9.9150e-19   2.6402e-19
 5623.36   1.5175e-18   2.6326e-19
 5627.97   1.1092e-18   2.5783e-19
 5632.58   1.1865e-18   2.5440e-19
 5637.19   9.3714e-19   2.5470e-19
 5641.80   1.0898e-18   2.5570e-19
 5646.42   1.1360e-18   2.5410e-19
 5651.03   1.1691e-18   2.5066e-19
 5655.64   1.0844e-18   2.4796e-19
 5660.25   5.8966e-19   2.4753e-19
 5664.86   8.9607e-19   2.5003e-19
 5669.47   1.0758e-18   2.5197e-19
 5674.08   6.2810e-19   2.5336e-19
 5678.69   7.4960e-19   2.5905e-19
 5683.31   3.6923e-19   2.6370e-19
 5687.92   1.2984e-18   2.6504e-19
 5692.53   7.8441e-19   2.5724e-19
 5697.14   9.2934e-19   2.5222e-19
 5701.75   1.0884e-18   2.4775e-19
 5706.36   1.2627e-18   2.4350e-19
 5710.97   1.5623e-18   2.4510e-19
 5715.58   5.4131e-19   2.4165e-19
 5720.19   1.3767e-18   2.4316e-19
 5724.81   1.2918e-18   2.4245e-19
 5729.42   1.5807e-18   2.4107e-19
 5734.03   1.0796e-18   2.3705e-19
 5738.64   1.0146e-18   2.3519e-19
 5743.25   1.8049e-18   2.3535e-19
 5747.86   1.5592e-18   2.3415e-19
 5752.47   4.8620e-19   2.2972e-19
 5757.08   9.3625e-19   2.3151e-19
 5761.70   1.3421e-18   2.3521e-19
 5766.31   1.4987e-18   2.3790e-19
 5770.92   7.7778e-19   2.3392e-19
 5775.53   8.7820e-19   2.2871e-19
 5780.14   8.1423e-19   2.2670e-19
 5784.75   1.1214e-18   2.2894e-19
 5789.36   1.0458e-18   2.2994e-19
 5793.97   1.1372e-18   2.2990e-19
 5798.58   1.0932e-18   2.2739e-19
 5803.20   1.0162e-18   2.2466e-19
 5807.81   1.3581e-18   2.2437e-19
 5812.42   8.8272e-19   2.2285e-19
 5817.03   1.5284e-18   2.2511e-19
 5821.64   1.2923e-18   2.2627e-19
 5826.25   1.4854e-18   2.2731e-19
 5830.86   2.1259e-18   2.3183e-19
 5835.47   1.2763e-18   2.3307e-19
 5840.08   1.2787e-18   2.3256e-19
 5844.70   2.1183e-18   2.2439e-19
 5849.31   1.5809e-18   2.2097e-19
 5853.92   1.4986e-18   2.2231e-19
 5858.53   1.3066e-18   2.3557e-19
 5863.14   1.4496e-18   2.4925e-19
 5867.75   1.1744e-18   2.5349e-19
 5872.36   6.8516e-19   2.4342e-19
 5876.97   1.7654e-18   2.6261e-19
 5881.59   1.7223e-18   3.8606e-19
 5886.20  -5.9724e-19   4.9780e-19
 5890.81   1.2952e-18   5.5002e-19
 5895.42   2.7121e-19   4.9575e-19
 5900.03   1.2107e-18   3.7972e-19
 5904.64   1.0599e-18   2.6881e-19
 5909.25   1.9582e-18   2.4298e-19
 5913.86   1.8867e-18   2.3969e-19
 5918.48   1.4233e-18   2.3789e-19
 5923.09   1.0901e-18   2.3449e-19
 5927.70   1.9652e-18   2.3978e-19
 5932.31   1.7315e-18   2.3484e-19
 5936.92   8.5192e-19   2.2588e-19
 5941.53   1.3836e-18   2.1947e-19
 5946.14   9.8541e-19   2.2351e-19
 5950.75   8.8879e-19   2.2530e-19
 5955.36   1.2094e-18   2.2124e-19
 5959.98   1.2633e-18   2.1179e-19
 5964.59   1.0187e-18   2.0807e-19
 5969.20   2.0431e-18   2.1564e-19
 5973.81   1.1676e-18   2.1516e-19
 5978.42   1.0835e-18   2.0999e-19
 5983.03   1.5523e-18   2.0348e-19
 5987.64   1.5014e-18   1.9852e-19
 5992.25   1.5745e-18   1.9969e-19
 5996.86   1.4140e-18   2.0160e-19
 6001.48   5.9443e-19   1.9802e-19
 6006.09   1.2003e-18   1.9537e-19
 6010.70   1.1930e-18   1.9142e-19
 6015.31   1.2520e-18   1.8684e-19
 6019.92   1.5750e-18   1.8852e-19
 6024.53   1.3827e-18   1.8932e-19
 6029.14   1.0626e-18   1.8889e-19
 6033.75   1.4663e-18   1.8964e-19
 6038.37   1.7051e-18   1.8698e-19
 6042.98   1.8217e-18   1.8443e-19
 6047.59   1.1475e-18   1.8133e-19
 6052.20   1.5879e-18   1.8197e-19
 6056.81   1.5090e-18   1.8141e-19
 6061.42   1.1206e-18   1.8109e-19
 6066.03   1.9958e-18   1.7992e-19
 6070.64   1.3982e-18   1.7997e-19
 6075.25   2.0419e-18   1.7688e-19
 6079.87   1.7365e-18   1.7631e-19
 6084.48   2.1286e-18   1.7625e-19
 6089.09   7.7129e-19   1.7509e-19
 6093.70   1.0793e-18   1.7850e-19
 6098.31   1.5461e-18   1.8298e-19
 6102.92   1.2127e-18   1.8850e-19
 6107.53   1.4412e-18   1.9558e-19
 6112.14   1.3400e-18   1.9576e-19
 6116.76   1.7220e-18   1.9087e-19
 6121.37   1.7783e-18   1.8438e-19
 6125.98   1.1645e-18   1.7933e-19
 6130.59   1.5273e-18   1.8131e-19
 6135.20   1.3338e-18   1.8499e-19
 6139.81   1.2205e-18   1.8601e-19
 6144.42   1.4758e-18   1.8404e-19
 6149.03   1.7118e-18   1.7999e-19
 6153.65   1.3725e-18   1.7473e-19
 6158.26   7.8882e-19   1.7221e-19
 6162.87   8.4405e-19   1.7491e-19
 6167.48   9.4629e-19   1.7698e-19
 6172.09   8.8012e-19   1.7731e-19
 6176.70   1.4337e-18   1.7389e-19
 6181.31   1.4192e-18   1.6887e-19
 6185.92   1.2553e-18   1.6769e-19
 6190.53   9.8324e-19   1.6750e-19
 6195.15   1.3641e-18   1.7190e-19
 6199.76   1.7392e-18   1.7396e-19
 6204.37   1.2464e-18   1.7269e-19
 6208.98   1.1449e-18   1.7026e-19
 6213.59   1.2545e-18   1.7170e-19
 6218.20   1.2541e-18   1.7191e-19
 6222.81   9.7749e-19   1.7422e-19
 6227.42   9.9748e-19   1.9056e-19
 6232.03   1.6510e-18   2.0649e-19
 6236.65   1.3128e-18   2.1194e-19
 6241.26   1.4381e-18   1.9903e-19
 6245.87   1.1189e-18   1.8199e-19
 6250.48   1.3560e-18   1.8817e-19
 6255.09   1.0541e-18   1.9668e-19
 6259.70   1.3922e-18   2.0085e-19
 6264.31   1.6584e-18   1.9016e-19
 6268.92   1.4097e-18   1.7792e-19
 6273.54   1.1268e-18   1.7008e-19
 6278.15   1.3165e-18   1.7718e-19
 6282.76   2.1476e-18   1.8713e-19
 6287.37   9.9291e-19   2.5318e-19
 6291.98   1.5711e-18   4.5416e-19
 6296.59  -6.5563e-19   5.5811e-19
 6301.20   2.5366e-18   5.5925e-19
 6305.81   1.4702e-19   4.3761e-19
 6310.42   1.2438e-18   2.4505e-19
 6315.04   7.0092e-19   1.7097e-19
 6319.65   1.8269e-18   1.7788e-19
 6324.26   8.1334e-19   1.8526e-19
 6328.87   1.5185e-18   1.8507e-19
 6333.48   1.0442e-18   1.7482e-19
 6338.09   1.2136e-18   1.6300e-19
 6342.70   1.3691e-18   1.6301e-19
 6347.31   7.4857e-19   1.6956e-19
 6351.93   1.6774e-18   2.2076e-19
 6356.54   4.9653e-21   3.0792e-19
 6361.15   2.6019e-18   3.4750e-19
 6365.76   5.7965e-19   3.2643e-19
 6370.37   1.0077e-18   2.4939e-19
 6374.98   6.7977e-19   1.6639e-19
 6379.59   1.2676e-18   1.6363e-19
 6384.20   1.1632e-18   1.6273e-19
 6388.81   1.2112e-18   1.5906e-19
 6393.43   1.2785e-18   1.5205e-19
 6398.04   1.4772e-18   1.4803e-19
 6402.65   1.4673e-18   1.4730e-19
 6407.26   1.3463e-18   1.4859e-19
 6411.87   1.1002e-18   1.5082e-19
 6416.48   1.4971e-18   1.5270e-19
 6421.09   1.2920e-18   1.5075e-19
 6425.70   1.3333e-18   1.4730e-19
 6430.31   1.1551e-18   1.4403e-19
 6434.93   9.7562e-19   1.4307e-19
 6439.54   1.1433e-18   1.4369e-19
 6444.15   1.3744e-18   1.4582e-19
 6448.76   9.2152e-19   1.4781e-19
 6453.37   1.6424e-18   1.5518e-19
 6457.98   1.3235e-18   1.6778e-19
 6462.59   1.3249e-18   1.8080e-19
 6467.20   1.4584e-18   1.8405e-19
 6471.82   1.1905e-18   1.7456e-19
 6476.43   9.4701e-19   1.5819e-19
 6481.04   1.1646e-18   1.4702e-19
 6485.65   1.4160e-18   1.4720e-19
 6490.26   1.0096e-18   1.6306e-19
 6494.87   1.4000e-18   1.8245e-19
 6499.48   1.4678e-18   1.8782e-19
 6504.09   1.4582e-18   1.7761e-19
 6508.71   9.4619e-19   1.5758e-19
 6513.32   1.2720e-18   1.5195e-19
 6517.93   1.6031e-18   1.5348e-19
 6522.54   1.5704e-18   1.6074e-19
 6527.15   1.2498e-18   1.7227e-19
 6531.76   1.0818e-18   1.7349e-19
 6536.37   1.5122e-18   1.7429e-19
 6540.98   6.5145e-19   1.6538e-19
 6545.59   1.6148e-18   1.7608e-19
 6550.21   1.2261e-18   1.8098e-19
 6554.82   1.6848e-18   1.8575e-19
 6559.43   1.3002e-18   1.8042e-19
 6564.04   1.1384e-18   1.7262e-19
 6568.65   1.4354e-18   1.7477e-19
 6573.26   1.1444e-18   1.7415e-19
 6577.87   1.2865e-18   1.6923e-19
 6582.48   1.4404e-18   1.5816e-19
 6587.09   1.5552e-18   1.4782e-19
 6591.71   1.0886e-18   1.4864e-19
 6596.32   1.1671e-18   1.5645e-19
 6600.93   1.0599e-18   1.5916e-19
 6605.54   9.5802e-19   1.5472e-19
 6610.15   1.4356e-18   1.4816e-19
 6614.76   1.5765e-18   1.4185e-19
 6619.37   1.6010e-18   1.4279e-19
 6623.98   1.1411e-18   1.4566e-19
 6628.60   8.6947e-19   1.4862e-19
 6633.21   1.1228e-18   1.4882e-19
 6637.82   1.2992e-18   1.4529e-19
 6642.43   1.6129e-18   1.4255e-19
 6647.04   1.1561e-18   1.3986e-19
 6651.65   1.2590e-18   1.4121e-19
 6656.26   1.3064e-18   1.4250e-19
 6660.87   1.2632e-18   1.4401e-19
 6665.48   1.2909e-18   1.4483e-19
 6670.10   1.3515e-18   1.4287e-19
 6674.71   1.3702e-18   1.4063e-19
 6679.32   1.1731e-18   1.3961e-19
 6683.93   1.6751e-18   1.4078e-19
 6688.54   1.4690e-18   1.4081e-19
 6693.15   1.4041e-18   1.4162e-19
 6697.76   1.4984e-18   1.4369e-19
 6702.37   1.3892e-18   1.4450e-19
 6706.99   1.3215e-18   1.4380e-19
 6711.60   1.4148e-18   1.4184e-19
 6716.21   1.2872e-18   1.3973e-19
 6720.82   1.4090e-18   1.3906e-19
 6725.43   1.2506e-18   1.3856e-19
 6730.04   1.1740e-18   1.3823e-19
 6734.65   1.2269e-18   1.3936e-19
 6739.26   1.4127e-18   1.4014e-19
 6743.87   1.0661e-18   1.3948e-19
 6748.49   1.3080e-18   1.3841e-19
 6753.10   1.1641e-18   1.3620e-19
 6757.71   1.4512e-18   1.3692e-19
 6762.32   1.4011e-18   1.3620e-19
 6766.93   1.0356e-18   1.3489e-19
 6771.54   1.1216e-18   1.3500e-19
 6776.15   1.0351e-18   1.3521e-19
 6780.76   1.0729e-18   1.3508e-19
 6785.38   1.4058e-18   1.3606e-19
 6789.99   1.3448e-18   1.3543e-19
 6794.60   1.1526e-18   1.3453e-19
 6799.21   1.0366e-18   1.3387e-19
 6803.82   1.5853e-18   1.3493e-19
 6808.43   1.4910e-18   1.3479e-19
 6813.04   1.2835e-18   1.3433e-19
 6817.65   1.3634e-18   1.5175e-19
 6822.26   1.1988e-18   1.9035e-19
 6826.88   1.4621e-18   2.2268e-19
 6831.49   1.0177e-18   2.2995e-19
 6836.10   1.7381e-18   2.1074e-19
 6840.71   1.4353e-18   1.7455e-19
 6845.32   1.0201e-18   1.4907e-19
 6849.93   1.4604e-18   1.4425e-19
 6854.54   9.5878e-19   1.7561e-19
 6859.15   1.1895e-18   2.0922e-19
 6863.77   8.9693e-19   2.1401e-19
 6868.38   8.0900e-19   1.9327e-19
 6872.99   9.1123e-19   1.5661e-19
 6877.60   1.3886e-18   1.4565e-19
 6882.21   1.0651e-18   1.5325e-19
 6886.82   8.5681e-19   1.5441e-19
 6891.43   1.0297e-18   1.5497e-19
 6896.04   9.8348e-19   1.5200e-19
 6900.65   1.0970e-18   1.5185e-19
 6905.27   1.3819e-18   1.5915e-19
 6909.88   1.3859e-18   1.6440e-19
 6914.49   9.9152e-19   1.7688e-19
 6919.10   1.3881e-18   1.8647e-19
 6923.71   8.2667e-19   1.7553e-19
 6928.32   9.6163e-19   1.6610e-19
 6932.93   1.4472e-18   1.5632e-19
 6937.54   1.2549e-18   1.6414e-19
 6942.15   9.2288e-19   1.8715e-19
 6946.77   1.4525e-18   1.8956e-19
 6951.38   1.5881e-18   1.8147e-19
 6955.99   1.1170e-18   1.5640e-19
 6960.60   1.4702e-18   1.4537e-19
 6965.21   9.1356e-19   1.5139e-19
 6969.82   1.1120e-18   1.6878e-19
 6974.43   1.0295e-18   1.7541e-19
 6979.04   1.4998e-18   1.7005e-19
 6983.66   8.7761e-19   1.5353e-19
 6988.27   1.2633e-18   1.3609e-19
 6992.88   1.2735e-18   1.3331e-19
 6997.49   1.2640e-18   1.3914e-19
 7002.10   1.3478e-18   1.4657e-19
 7006.71   1.2055e-18   1.5155e-19
 7011.32   1.3830e-18   1.4704e-19
 7015.93   1.2951e-18   1.3800e-19
 7020.54   1.1113e-18   1.2788e-19
 7025.16   1.3569e-18   1.2539e-19
 7029.77   1.2246e-18   1.2651e-19
 7034.38   1.0383e-18   1.3044e-19
 7038.99   1.3910e-18   1.4028e-19
 7043.60   1.4500e-18   1.4844e-19
 7048.21   1.4622e-18   1.4913e-19
 7052.82   1.1692e-18   1.4355e-19
 7057.43   1.2530e-18   1.3780e-19
 7062.05   1.2158e-18   1.3652e-19
 7066.66   1.2771e-18   1.3786e-19
 7071.27   1.6438e-18   1.3870e-19
 7075.88   1.6380e-18   1.3848e-19
 7080.49   1.3569e-18   1.3992e-19
 7085.10   1.4510e-18   1.4101e-19
 7089.71   1.4031e-18   1.3739e-19
 7094.32   1.3019e-18   1.3253e-19
 7098.93   1.5256e-18   1.2859e-19
 7103.55   1.5103e-18   1.2660e-19
 7108.16   1.3936e-18   1.2649e-19
 7112.77   1.2894e-18   1.2603e-19
 7117.38   1.2697e-18   1.2705e-19
 7121.99   1.3623e-18   1.2921e-19
 7126.60   1.5123e-18   1.3126e-19
 7131.21   8.7389e-19   1.3078e-19
 7135.82   1.2581e-18   1.3385e-19
 7140.44   1.2366e-18   1.3536e-19
 7145.05   1.1683e-18   1.3574e-19
 7149.66   1.3158e-18   1.3344e-19
 7154.27   1.2441e-18   1.2978e-19
 7158.88   1.3298e-18   1.2915e-19
 7163.49   1.4148e-18   1.2844e-19
 7168.10   1.1900e-18   1.2688e-19
 7172.71   1.1967e-18   1.2555e-19
 7177.32   9.1643e-19   1.2236e-19
 7181.94   1.0754e-18   1.1962e-19
 7186.55   8.7179e-19   1.1539e-19
 7191.16   9.2669e-19   1.1320e-19
 7195.77   9.9391e-19   1.1268e-19
 7200.38   1.3022e-18   1.1423e-19
 7204.99   1.2929e-18   1.1582e-19
 7209.60   1.3530e-18   1.1690e-19
 7214.21   1.1935e-18   1.1999e-19
 7218.83   1.1429e-18   1.2363e-19
 7223.44   1.2591e-18   1.2511e-19
 7228.05   1.0495e-18   1.4864e-19
 7232.66   1.0484e-18   2.0996e-19
 7237.27   8.5387e-19   2.6606e-19
 7241.88   5.4865e-19   2.8425e-19
 7246.49   1.7049e-18   2.6105e-19
 7251.10   1.5970e-18   2.0623e-19
 7255.71   1.0639e-18   1.5673e-19
 7260.33   1.8052e-18   1.4319e-19
 7264.94   6.3059e-19   1.6264e-19
 7269.55   1.3173e-18   2.2832e-19
 7274.16   1.1428e-18   2.5986e-19
 7278.77   1.4785e-18   2.6979e-19
 7283.38   6.4259e-19   2.3046e-19
 7287.99   1.4243e-18   1.9117e-19
 7292.60   1.5867e-18   1.7041e-19
 7297.22   1.7654e-18   1.6978e-19
 7301.83   6.2684e-19   1.7270e-19
 7306.44   1.2522e-18   1.9969e-19
 7311.05   9.9009e-19   2.2842e-19
 7315.66   1.1668e-18   2.3146e-19
 7320.27   1.0189e-18   2.2570e-19
 7324.88   1.6201e-18   1.9790e-19
 7329.49   1.2896e-18   2.0034e-19
 7334.10   1.1886e-18   2.4582e-19
 7338.72   1.6369e-18   2.4885e-19
 7343.33   1.2556e-18   2.3898e-19
 7347.94   5.7053e-19   1.9518e-19
 7352.55   1.3908e-18   1.7547e-19
 7357.16   1.2797e-18   1.8800e-19
 7361.77   7.9913e-19   2.2013e-19
 7366.38   7.4118e-19   2.2557e-19
 7370.99   1.2141e-18   2.1263e-19
 7375.60   1.0737e-18   1.7696e-19
 7380.22   1.5005e-18   1.4011e-19
 7384.83   1.2097e-18   1.4807e-19
 7389.44   1.5480e-18   1.6930e-19
 7394.05   1.3092e-18   1.9464e-19
 7398.66   1.4696e-18   2.0277e-19
 7403.27   8.0040e-19   1.8785e-19
 7407.88   1.6059e-18   1.6358e-19
 7412.49   1.0278e-18   1.2886e-19
 7417.11   1.3079e-18   1.2410e-19
 7421.72   1.0809e-18   1.3390e-19
 7426.33   1.2463e-18   1.4563e-19
 7430.94   1.3595e-18   1.6518e-19
 7435.55   1.1731e-18   1.6820e-19
 7440.16   1.4074e-18   1.5859e-19
 7444.77   9.3736e-19   1.3879e-19
 7449.38   1.0679e-18   1.2086e-19
 7454.00   1.2444e-18   1.2593e-19
 7458.61   1.1535e-18   1.4143e-19
 7463.22   8.1021e-19   1.6093e-19
 7467.83   9.6571e-19   1.8026e-19
 7472.44   1.0117e-18   1.9319e-19
 7477.05   1.0523e-18   1.9884e-19
 7481.66   1.0830e-18   1.8666e-19
 7486.27   1.3850e-18   1.7086e-19
 7490.88   1.2747e-18   1.4601e-19
 7495.50   1.1393e-18   1.3163e-19
 7500.11   1.1029e-18   1.2374e-19
 7504.72   1.1890e-18   1.1913e-19
 7509.33   1.0751e-18   1.2274e-19
 7513.94   1.2899e-18   1.6323e-19
 7518.55   1.2134e-18   2.0714e-19
 7523.16   1.4935e-18   2.2541e-19
 7527.77   1.3076e-18   2.1527e-19
 7532.38   9.8156e-19   1.7467e-19
 7537.00   1.1781e-18   1.4358e-19
 7541.61   9.9822e-19   1.2878e-19
 7546.22   1.3904e-18   1.2915e-19
 7550.83   1.4099e-18   1.3786e-19
 7555.44   1.4971e-18   1.4248e-19
 7560.05   1.2416e-18   1.5397e-19
 7564.66   8.9855e-19   1.7858e-19
 7569.27   1.1286e-18   1.8980e-19
 7573.89   1.3896e-18   1.8656e-19
 7578.50   9.5899e-19   1.6768e-19
 7583.11   1.0217e-18   1.4663e-19
 7587.72   9.8882e-19   1.4479e-19
 7592.33   7.4625e-19   1.4034e-19
 7596.94   5.0519e-19   1.2339e-19
 7601.55   7.3060e-19   1.1159e-19
 7606.16   6.0187e-19   9.9181e-20
 7610.77   9.4185e-19   1.1306e-19
 7615.39   1.0159e-18   1.2825e-19
 7620.00   6.5913e-19   1.4188e-19
 7624.61   5.2788e-19   1.3929e-19
 7629.22   7.2907e-19   1.3047e-19
 7633.83   6.3485e-19   1.1803e-19
 7638.44   1.0081e-18   1.0549e-19
 7643.05   7.5521e-19   1.0689e-19
 7647.66   7.0882e-19   1.1592e-19
 7652.28   8.8300e-19   1.2918e-19
 7656.89   8.8616e-19   1.4148e-19
 7661.50   7.6356e-19   1.3997e-19
 7666.11   8.7916e-19   1.3319e-19
 7670.72   1.1110e-18   1.1949e-19
 7675.33   9.2505e-19   1.2002e-19
 7679.94   9.8566e-19   1.3337e-19
 7684.55   1.1680e-18   1.4521e-19
 7689.16   1.1011e-18   1.5172e-19
 7693.78   1.0522e-18   1.5234e-19
 7698.39   1.2477e-18   1.4750e-19
 7703.00   8.6085e-19   1.9117e-19
 7707.61   1.1097e-18   2.6716e-19
 7712.22   1.4471e-18   3.1350e-19
 7716.83   8.1591e-19   3.1293e-19
 7721.44   1.4171e-18   2.6856e-19
 7726.05   1.1755e-18   1.9959e-19
 7730.67   8.8643e-19   1.6977e-19
 7735.28   1.3398e-18   1.5182e-19
 7739.89   6.8509e-19   1.8935e-19
 7744.50   1.7574e-18   2.6126e-19
 7749.11   1.4097e-18   2.8849e-19
 7753.72   1.0427e-18   2.9238e-19
 7758.33   1.0178e-18   2.3979e-19
 7762.94   1.7880e-18   1.9742e-19
 7767.55   1.5239e-18   1.8636e-19
 7772.17   1.7379e-18   1.8925e-19
 7776.78   1.1311e-18   1.9647e-19
 7781.39   9.4927e-19   1.9795e-19
 7786.00   9.5273e-19   2.3023e-19
 7790.61   2.1480e-18   2.5248e-19
 7795.22   1.2295e-18   2.4689e-19
 7799.83   9.6432e-19   2.2820e-19
 7804.44   7.4952e-19   1.9603e-19
 7809.06   5.7893e-19   2.0344e-19
 7813.67   6.3903e-19   2.5547e-19
 7818.28   8.3555e-19   2.7111e-19
 7822.89   1.5356e-18   2.6626e-19
 7827.50   8.9357e-19   2.1828e-19
 7832.11   1.4674e-18   1.7324e-19
 7836.72   2.0532e-18   1.8319e-19
 7841.33   1.2252e-18   2.2016e-19
 7845.94   1.9035e-18   2.8090e-19
 7850.56   1.4775e-18   3.1454e-19
 7855.17   1.2531e-18   3.2654e-19
 7859.78   9.8809e-19   2.9801e-19
 7864.39   1.0068e-18   2.7283e-19
 7869.00   5.7093e-19   2.5544e-19
 7873.61   7.1595e-19   2.5735e-19
 7878.22   6.6343e-19   2.4359e-19
 7882.83   1.5910e-18   2.5231e-19
 7887.44   1.1170e-18   2.4808e-19
 7892.06   1.1049e-18   2.2245e-19
 7896.67   1.0310e-18   1.8118e-19
 7901.28   1.2339e-18   1.7684e-19
 7905.89   3.2769e-19   2.6714e-19
 7910.50   1.4019e-18   3.3388e-19
 7915.11   1.0932e-18   3.5864e-19
 7919.72   1.2523e-18   3.2105e-19
 7924.33   9.3043e-19   2.7186e-19
 7928.95   1.0125e-18   2.2823e-19
 7933.56   1.1627e-18   2.0455e-19
 7938.17   1.2464e-18   1.8411e-19
 7942.78   1.3129e-18   1.8649e-19
 7947.39   1.1179e-18   1.9191e-19
 7952.00   9.0284e-19   1.9985e-19
 7956.61   1.1277e-18   2.4329e-19
 7961.22   1.2926e-18   2.8172e-19
 7965.83   1.1744e-18   2.8449e-19
 7970.45   1.1770e-18   2.7076e-19
 7975.06   8.6505e-19   2.3037e-19
 7979.67   1.2998e-18   2.2600e-19
 7984.28   1.3933e-18   2.7189e-19
 7988.89   1.3082e-18   2.9759e-19
 7993.50   9.4868e-19   3.0244e-19
 7998.11   1.2280e-18   2.6058e-19
 8002.72   1.0342e-18   1.9046e-19
 8007.34   1.4696e-18   1.7739e-19
 8011.95   1.3770e-18   2.0476e-19
 8016.56   1.1199e-18   2.4533e-19
 8021.17   1.0915e-18   2.8297e-19
 8025.78   8.3987e-19   2.7364e-19
 8030.39   1.2323e-18   2.4813e-19
 8035.00   8.5799e-19   1.7011e-19
 8039.61   7.5118e-19   1.3958e-19
 8044.22   1.6572e-18   1.6442e-19
 8048.84   1.0933e-18   1.7740e-19
 8053.45   1.2179e-18   2.1272e-19
 8058.06   1.1052e-18   2.2439e-19
 8062.67   1.3153e-18   2.1557e-19
 8067.28   1.3666e-18   1.9015e-19
 8071.89   1.5230e-18   1.5041e-19
 8076.50   1.3645e-18   1.3916e-19
 8081.11   1.1443e-18   1.4386e-19
 8085.73   7.8223e-19   1.5007e-19
 8090.34   1.0945e-18   1.6036e-19
 8094.95   9.7369e-19   1.8004e-19
 8099.56   7.2077e-19   1.8426e-19
 8104.17   4.3632e-19   1.7826e-19
 8108.78   8.9932e-19   1.6115e-19
 8113.39   1.2132e-18   1.4288e-19
 8118.00   8.8996e-19   1.3621e-19
 8122.61   9.6528e-19   1.3425e-19
 8127.23   9.8124e-19   1.3545e-19
 8131.84   9.5050e-19   1.4248e-19
 8136.45   1.0975e-18   1.4921e-19
 8141.06   9.9967e-19   1.5489e-19
 8145.67   8.5202e-19   1.4884e-19
 8150.28   1.1171e-18   1.4016e-19
 8154.89   8.4332e-19   1.2728e-19
 8159.50   9.1101e-19   1.2205e-19
 8164.12   1.2127e-18   1.2347e-19
 8168.73   1.2514e-18   1.2385e-19
 8173.34   1.1275e-18   1.2791e-19
 8177.95   1.1578e-18   1.3511e-19
 8182.56   1.3706e-18   1.4420e-19
 8187.17   1.3220e-18   1.5424e-19
 8191.78   1.2901e-18   1.5715e-19
 8196.39   9.5560e-19   1.5241e-19
 8201.00   1.0558e-18   1.4651e-19
 8205.62   1.1646e-18   1.3808e-19
 8210.23   1.3985e-18   1.3763e-19
 8214.84   1.0676e-18   1.3495e-19
 8219.45   8.6136e-19   1.3007e-19
 8224.06   1.0673e-18   1.2643e-19
 8228.67   1.2756e-18   1.2504e-19
 8233.28   1.4079e-18   1.2823e-19
 8237.89   1.1027e-18   1.3604e-19
 8242.50   1.3432e-18   1.4316e-19
 8247.12   9.8701e-19   1.4410e-19
 8251.73   8.1977e-19   1.4124e-19
 8256.34   1.2416e-18   1.3873e-19
 8260.95   6.3766e-19   1.3703e-19
 8265.56   1.1994e-18   1.4042e-19
 8270.17   1.2529e-18   1.9857e-19
 8274.78   1.2353e-18   2.7188e-19
 8279.39   1.8593e-18   3.5260e-19
 8284.01   1.2641e-18   3.8175e-19
 8288.62   7.4523e-19   3.9577e-19
 8293.23   6.4436e-19   3.9971e-19
 8297.84   1.3668e-18   3.6353e-19
 8302.45   9.2876e-19   3.3585e-19
 8307.06   1.4630e-18   2.6289e-19
 8311.67   1.5793e-18   2.2021e-19
 8316.28   1.7592e-18   1.9457e-19
 8320.89   1.0982e-18   1.5323e-19
 8325.51   9.3014e-19   1.4442e-19
 8330.12   9.1918e-19   1.4114e-19
 8334.73   1.9757e-18   3.1834e-19
 8339.34   2.7698e-18   4.5194e-19
 8343.95   2.6546e-18   5.1164e-19
 8348.56   8.3467e-19   4.9373e-19
 8353.17   2.9423e-18   3.7395e-19
 8357.78   1.5741e-18   3.0364e-19
 8362.40   9.3747e-19   2.4071e-19
 8367.01   9.1773e-19   2.1938e-19
 8371.62   1.9349e-18   2.1577e-19
 8376.23   1.2700e-18   2.5194e-19
 8380.84   1.3634e-18   2.7167e-19
 8385.45   9.1548e-19   2.5978e-19
 8390.06   1.3283e-18   3.3070e-19
 8394.67   1.5051e-18   4.0272e-19
 8399.29   1.9362e-18   4.1407e-19
 8403.90   1.1597e-18   3.7887e-19
 8408.51   1.8578e-18   2.9775e-19
 8413.12   1.0926e-18   2.8483e-19
 8417.73   1.3858e-18   3.0662e-19
 8422.34   1.7490e-18   4.0505e-19
 8426.95   1.6972e-18   4.4431e-19
 8431.56   3.2718e-19   4.4647e-19
 8436.17   6.9204e-19   3.4267e-19
 8440.79   7.6847e-19   2.2163e-19
 8445.40   8.5743e-19   2.4708e-19
 8450.01   1.0698e-18   2.7795e-19
 8454.62   1.3892e-18   3.2072e-19
 8459.23   1.7792e-18   3.9172e-19
 8463.84   5.0517e-19   3.8790e-19
 8468.45   8.6506e-19   3.7454e-19
 8473.06   1.1925e-18   2.5279e-19
 8477.67   1.7328e-18   1.6243e-19
 8482.29   1.1800e-18   1.6842e-19
 8486.90   1.4308e-18   2.1945e-19
 8491.51   1.2471e-18   2.4900e-19
 8496.12   1.1684e-18   3.0355e-19
 8500.73   1.0563e-18   3.3052e-19
 8505.34   1.5556e-18   3.0662e-19
 8509.95   1.5835e-18   2.7110e-19
 8514.56   1.2313e-18   1.7393e-19
 8519.18   1.2758e-18   1.5249e-19
 8523.79   1.1709e-18   1.5087e-19
 8528.40   1.2898e-18   1.6308e-19
 8533.01   1.1389e-18   1.8704e-19
 8537.62   2.1352e-18   2.1578e-19
 8542.23   1.3843e-18   3.2714e-19
 8546.84   8.8370e-19   3.2628e-19
 8551.45   1.2582e-18   2.2839e-19
 8556.06   9.5740e-19   1.8981e-19
 8560.68   1.0276e-18   1.4496e-19
 8565.29   1.2781e-18   1.4991e-19
 8569.90   1.2310e-18   1.5417e-19
 8574.51   1.2183e-18   1.5565e-19
 8579.12   9.2509e-19   1.6712e-19
 8583.73   1.2662e-18   1.7651e-19
 8588.34   1.1992e-18   1.9758e-19
 8592.95   1.2736e-18   2.0494e-19
 8597.57   9.6319e-19   1.9704e-19
 8602.18   7.3369e-19   1.8864e-19
 8606.79   1.0328e-18   1.9911e-19
 8611.40   7.0792e-19   2.4657e-19
 8616.01   1.4192e-18   3.1191e-19
 8620.62   1.8581e-18   3.7194e-19
 8625.23   1.9539e-18   4.0848e-19
 8629.84   1.1864e-18   4.1055e-19
 8634.46   3.7868e-19   3.7569e-19
 8639.07   3.9857e-19   3.2971e-19
 8643.68   2.1716e-18   3.2174e-19
 8648.29   1.4372e-18   3.5536e-19
 8652.90   1.7749e-19   3.9620e-19
 8657.51   1.1398e-18   4.1487e-19
 8662.12   1.9613e-18   4.0601e-19
 8666.73   2.2584e-18   3.8259e-19
 8671.34   2.3491e-18   3.4879e-19
 8675.96   1.2778e-18   3.0933e-19
 8680.57   1.5212e-18   2.7290e-19
 8685.18   1.5217e-18   2.3953e-19
 8689.79   1.0461e-18   2.1518e-19
 8694.40   9.7741e-19   2.0187e-19
 8699.01   1.3251e-18   1.9812e-19
 8703.62   1.4350e-18   1.9372e-19
 8708.23   1.2312e-18   1.8208e-19
 8712.84   1.3971e-18   1.7038e-19
 8717.46   1.4709e-18   1.6038e-19
 8722.07   7.7505e-19   1.5858e-19
 8726.68   1.0436e-18   1.5934e-19
 8731.29   1.1672e-18   1.6214e-19
 8735.90   1.2225e-18   1.6260e-19
 8740.51   8.0611e-19   1.6787e-19
 8745.12   7.7421e-19   1.6201e-19
 8749.73   4.9799e-19   2.4606e-19
 8754.34  -2.3777e-19   3.8004e-19
 8758.96  -2.0915e-19   4.9423e-19
 8763.57  -6.9790e-19   5.5912e-19
 8768.18   1.0493e-18   5.5238e-19
 8772.79   5.4090e-19   5.5177e-19
 8777.40   2.5191e-18   4.7588e-19
 8782.01   3.0364e-18   4.3537e-19
 8786.62   1.4199e-18   3.3802e-19
 8791.23   1.4867e-18   2.7500e-19
 8795.85   1.1451e-18   2.4975e-19
 8800.46   7.8290e-19   1.8581e-19
 8805.07   1.0059e-18   1.7381e-19
 8809.68   1.4508e-18   1.6104e-19
 8814.29   2.6303e-19   2.3477e-19
 8818.90  -2.3800e-19   4.7206e-19
 8823.51  -1.7612e-18   5.9131e-19
 8828.12  -1.5332e-18   6.5960e-19
 8832.74   8.4817e-20   5.8060e-19
 8837.35   7.2713e-20   4.4192e-19
 8841.96   7.3411e-19   3.4235e-19
 8846.57   9.7167e-19   2.8172e-19
 8851.18   1.0218e-18   2.4494e-19
 8855.79   1.0219e-18   2.5223e-19
 8860.40   5.8665e-19   2.9344e-19
 8865.01   1.5447e-18   3.2759e-19
 8869.62   1.1998e-18   3.2035e-19
 8874.24   8.6659e-19   2.9683e-19
 8878.85   2.2832e-18   4.3863e-19
 8883.46   3.2114e-18   4.9642e-19
 8888.07   3.0256e-18   4.8758e-19
 8892.68   1.0644e-18   4.0444e-19
 8897.29   1.2959e-18   3.3300e-19
 8901.90   1.3990e-18   3.5184e-19
 8906.51  -7.5234e-19   3.5526e-19
 8911.12   7.0378e-19   4.2495e-19
 8915.74  -9.6811e-19   5.1371e-19
 8920.35  -7.9178e-19   5.1882e-19
 8924.96  -1.3664e-18   4.3520e-19
 8929.57   1.7188e-19   2.5539e-19
 8934.18   3.1089e-19   2.4320e-19
 8938.79  -5.4350e-19   3.1341e-19
 8943.40  -2.4417e-19   3.1576e-19
 8948.01   1.4738e-18   3.6561e-19
 8952.62   2.3724e-18   4.3287e-19
 8957.24   2.4885e-18   4.4022e-19
 8961.85   8.3294e-19   4.1522e-19
 8966.46   1.5730e-18   2.5237e-19
 8971.07   1.1805e-18   1.6141e-19
 8975.68   6.9761e-19   1.6454e-19
 8980.29  -3.6182e-20   2.2420e-19
 8984.90  -1.8400e-19   2.5008e-19
 8989.51   1.1558e-19   2.8112e-19
 8994.13   3.5265e-19   3.2761e-19
 8998.74   8.7704e-19   3.4197e-19
 9003.35   1.6304e-18   3.2260e-19
 9007.96   1.5966e-18   2.5405e-19
 9012.57   7.0494e-19   1.4340e-19
 9017.18   3.7458e-19   1.2927e-19
 9021.79   5.7757e-19   1.3898e-19
 9026.40   9.1961e-19   1.5192e-19
 9031.02   1.0071e-18   1.9201e-19
 9035.63   1.2749e-18   2.1262e-19
 9040.24   5.8745e-19   2.4681e-19
 9044.85  -9.7105e-20   2.7460e-19
 9049.46   1.9325e-19   2.5570e-19
 9054.07  -5.8938e-19   2.3689e-19
 9058.68   1.4635e-20   1.6526e-19
 9063.29   5.9808e-19   1.4465e-19
 9067.90   8.4610e-19   1.4116e-19
 9072.52   7.1981e-19   1.3332e-19
 9077.13   7.0700e-19   1.2508e-19
 9081.74   5.5853e-19   1.3257e-19
 9086.35   3.3813e-19   1.4664e-19
 9090.96   8.5846e-19   1.6694e-19
 9095.57   1.1748e-18   1.9059e-19
 9100.18   5.7642e-19   1.9276e-19
 9104.79   1.1633e-18   1.8152e-19
 9109.41   1.0024e-18   1.5193e-19
 9114.02   8.3591e-19   1.2405e-19
 9118.63   6.8388e-19   1.1790e-19
 9123.24   7.3761e-19   1.1766e-19
 9127.85   6.0903e-19   1.1435e-19
 9132.46   5.3287e-19   1.1307e-19
 9137.07   8.4844e-19   1.1447e-19
 9141.68   7.0381e-19   1.2177e-19
 9146.29   3.4538e-19   1.3562e-19
 9150.91   4.2788e-19   1.4788e-19
 9155.52   2.3597e-19   1.6196e-19
 9160.13   6.2743e-19   1.5500e-19
 9164.74   4.1428e-19   1.4174e-19
 9169.35   2.0453e-19   1.1947e-19
 9173.96   6.6914e-19   1.0759e-19
 9178.57   3.9744e-19   1.0723e-19
 9183.18   4.8495e-19   1.0666e-19
 9187.79   6.9096e-19   1.0695e-19
 9192.41   2.6645e-19   1.0481e-19
 9197.02   6.2704e-19   1.0646e-19
