 
TRANSIENT_NAME:     DES15X1noe 
SNID:               1339987    
OBS_DATE:           2016-01-28
MJD:                57415. 
PHASE:              -4.    
MJD_MAX:            57423.7 (Angus et. al.: MNRAS, 487, 2215A, 2019)
TYPE:               41 
SPEC_EVAL:          SLSN-I
REDSHIFT:           1.1880  
REDSHIFT_ERR:       0.0005  
REDSHIFT_SOURCE:    Z_GAL
TELESCOPE:          GTC
INSTRUMENT:         OSIRIS
 
======================================
 
# WAVE  FLUX  FLUX_ERR
 4800.15  -4.2008e-18   3.2659e-18
 4804.76  -2.9808e-18   2.8843e-18
 4809.37   2.6174e-18   2.6680e-18
 4813.99   6.3280e-18   2.4338e-18
 4818.60   5.7255e-18   2.2448e-18
 4823.21   5.4317e-18   2.0207e-18
 4827.83   6.0169e-18   1.8750e-18
 4832.44   8.8152e-18   1.7581e-18
 4837.05   5.2026e-18   1.5743e-18
 4841.66   6.8827e-18   1.4852e-18
 4846.28   8.3699e-18   1.3841e-18
 4850.89   1.1519e-18   1.1983e-18
 4855.50   3.4746e-18   1.1327e-18
 4860.12   3.0620e-18   1.0328e-18
 4864.73   4.5586e-18   9.9217e-19
 4869.34   2.4651e-18   9.1747e-19
 4873.96   5.7372e-18   8.9826e-19
 4878.57   6.1416e-18   8.4595e-19
 4883.18   2.5849e-18   7.7895e-19
 4887.79   4.7285e-18   7.4035e-19
 4892.41   4.5785e-18   7.0451e-19
 4897.02   4.1213e-18   6.6897e-19
 4901.63   4.9846e-18   6.3864e-19
 4906.25   3.5499e-18   5.9731e-19
 4910.86   2.9600e-18   5.5227e-19
 4915.47   2.8647e-18   5.2074e-19
 4920.08   3.3706e-18   5.0193e-19
 4924.70   2.5798e-18   4.7777e-19
 4929.31   3.5206e-18   4.6834e-19
 4933.92   2.5716e-18   4.4182e-19
 4938.54   2.9683e-18   4.2674e-19
 4943.15   2.0027e-18   4.0713e-19
 4947.76   3.3598e-18   3.9997e-19
 4952.38   3.8930e-18   3.9636e-19
 4956.99   3.0943e-18   3.7443e-19
 4961.60   3.1033e-18   3.5823e-19
 4966.21   3.0344e-18   3.4907e-19
 4970.83   2.6566e-18   3.4088e-19
 4975.44   2.7798e-18   3.3467e-19
 4980.05   2.3827e-18   3.1850e-19
 4984.67   2.2847e-18   3.1187e-19
 4989.28   3.0291e-18   3.0615e-19
 4993.89   3.3335e-18   3.0015e-19
 4998.51   2.0489e-18   2.8054e-19
 5003.12   2.4477e-18   2.7789e-19
 5007.73   2.3360e-18   2.6625e-19
 5012.34   2.0888e-18   2.6038e-19
 5016.96   2.2047e-18   2.5525e-19
 5021.57   2.4345e-18   2.4988e-19
 5026.18   2.2086e-18   2.4825e-19
 5030.80   1.8319e-18   2.3963e-19
 5035.41   1.7494e-18   2.3699e-19
 5040.02   1.8657e-18   2.3284e-19
 5044.64   1.4327e-18   2.2762e-19
 5049.25   2.1409e-18   2.2958e-19
 5053.86   2.2912e-18   2.2895e-19
 5058.47   2.5233e-18   2.2771e-19
 5063.09   2.4276e-18   2.2467e-19
 5067.70   2.0779e-18   2.1991e-19
 5072.31   1.7687e-18   2.1352e-19
 5076.93   2.1004e-18   2.0908e-19
 5081.54  -3.2887e-18   2.4585e-19
 5086.15  -4.9580e-18   2.6238e-19
 5090.77   2.1614e-18   2.0769e-19
 5095.38   2.0019e-18   2.0556e-19
 5099.99   1.7062e-18   2.0115e-19
 5104.60   1.9790e-18   2.0080e-19
 5109.22   2.3866e-18   2.0426e-19
 5113.83   2.0994e-18   2.0073e-19
 5118.44   2.0638e-18   2.0032e-19
 5123.06   1.8606e-18   1.9651e-19
 5127.67   1.6130e-18   1.9388e-19
 5132.28   2.2435e-18   1.9731e-19
 5136.89   1.6504e-18   1.9366e-19
 5141.51   1.7005e-18   1.9413e-19
 5146.12   1.9257e-18   1.9432e-19
 5150.73   1.7752e-18   1.9472e-19
 5155.35   2.1065e-18   1.9589e-19
 5159.96   2.0934e-18   1.9284e-19
 5164.57   1.8794e-18   1.8770e-19
 5169.19   2.1306e-18   1.8741e-19
 5173.80   1.7599e-18   1.8454e-19
 5178.41   1.7310e-18   1.8564e-19
 5183.02   1.9602e-18   1.9162e-19
 5187.64   1.7394e-18   1.9367e-19
 5192.25   1.6160e-18   2.1110e-19
 5196.86   2.3070e-18   2.2691e-19
 5201.48   2.1724e-18   2.2607e-19
 5206.09   1.8622e-18   2.1004e-19
 5210.70   2.2789e-18   1.9792e-19
 5215.32   2.0548e-18   1.9498e-19
 5219.93   2.3168e-18   1.9831e-19
 5224.54   2.3931e-18   1.9863e-19
 5229.15   2.5429e-18   2.0013e-19
 5233.77   2.4923e-18   2.0200e-19
 5238.38   2.3920e-18   1.9949e-19
 5242.99   2.4536e-18   2.0111e-19
 5247.61   2.2170e-18   2.0015e-19
 5252.22   2.5095e-18   2.0338e-19
 5256.83   2.1226e-18   1.9958e-19
 5261.44   2.1721e-18   1.9621e-19
 5266.06   2.1271e-18   1.9265e-19
 5270.67   1.8708e-18   1.9429e-19
 5275.28   2.4537e-18   2.0058e-19
 5279.90   2.0239e-18   1.9909e-19
 5284.51   2.0986e-18   1.9910e-19
 5289.12   2.5791e-18   2.0172e-19
 5293.74   2.6420e-18   2.0587e-19
 5298.35   3.1183e-18   2.0915e-19
 5302.96   2.9419e-18   2.1032e-19
 5307.57   2.1008e-18   2.0553e-19
 5312.19   2.6587e-18   2.0883e-19
 5316.80   2.8944e-18   2.1008e-19
 5321.41   2.2013e-18   2.0398e-19
 5326.03   2.6636e-18   2.0759e-19
 5330.64   3.0695e-18   2.1218e-19
 5335.25   2.6779e-18   2.0931e-19
 5339.87   2.9179e-18   2.1744e-19
 5344.48   2.5711e-18   2.2958e-19
 5349.09   2.3853e-18   2.4567e-19
 5353.70   1.9491e-18   2.5180e-19
 5358.32   3.2474e-18   2.5369e-19
 5362.93   2.8766e-18   2.3913e-19
 5367.54   2.4514e-18   2.2661e-19
 5372.16   2.5781e-18   2.2337e-19
 5376.77   2.5846e-18   2.2380e-19
 5381.38   2.8493e-18   2.2501e-19
 5386.00   3.1483e-18   2.2489e-19
 5390.61   2.8062e-18   2.1917e-19
 5395.22   2.8872e-18   2.1749e-19
 5399.83   2.6521e-18   2.1501e-19
 5404.45   2.5988e-18   2.1461e-19
 5409.06   2.7074e-18   2.1456e-19
 5413.67   2.8839e-18   2.1673e-19
 5418.29   3.0912e-18   2.1909e-19
 5422.90   2.4352e-18   2.1496e-19
 5427.51   2.9596e-18   2.1730e-19
 5432.12   3.3147e-18   2.2006e-19
 5436.74   2.6715e-18   2.1793e-19
 5441.35   2.9781e-18   2.1784e-19
 5445.96   3.1187e-18   2.1830e-19
 5450.58   2.5954e-18   2.1970e-19
 5455.19   2.7642e-18   2.3432e-19
 5459.80   2.4215e-18   2.3982e-19
 5464.42   3.2720e-18   2.4125e-19
 5469.03   2.2975e-18   2.2484e-19
 5473.64   2.6420e-18   2.1559e-19
 5478.25   2.7545e-18   2.1549e-19
 5482.87   2.1997e-18   2.1281e-19
 5487.48   2.3162e-18   2.1220e-19
 5492.09   2.1013e-18   2.1110e-19
 5496.71   3.1475e-18   2.1595e-19
 5501.32   1.8832e-18   2.0679e-19
 5505.93   2.3366e-18   2.0981e-19
 5510.55   2.3843e-18   2.0935e-19
 5515.16   2.3544e-18   2.0912e-19
 5519.77   2.5220e-18   2.1103e-19
 5524.38   2.3034e-18   2.0865e-19
 5529.00   2.2177e-18   2.0757e-19
 5533.61   2.4225e-18   2.1095e-19
 5538.22   2.8856e-18   2.1761e-19
 5542.84   2.7750e-18   2.1779e-19
 5547.45   2.7198e-18   2.1856e-19
 5552.06   1.9919e-18   2.1100e-19
 5556.68   2.2339e-18   2.1154e-19
 5561.29   2.0500e-18   2.1398e-19
 5565.90   2.5898e-18   2.4262e-19
 5570.51   1.9658e-18   3.7246e-19
 5575.13   3.6374e-18   4.7752e-19
 5579.74   1.5128e-18   4.7109e-19
 5584.35   1.3933e-18   3.9042e-19
 5588.97   1.8072e-18   2.3858e-19
 5593.58   2.5085e-18   2.1163e-19
 5598.19   2.2870e-18   2.0964e-19
 5602.80   1.9256e-18   2.0932e-19
 5607.42   1.8480e-18   2.0694e-19
 5612.03   1.9359e-18   2.0431e-19
 5616.64   2.0493e-18   2.0427e-19
 5621.26   1.8037e-18   2.0347e-19
 5625.87   2.2296e-18   2.0596e-19
 5630.48   2.2190e-18   2.0239e-19
 5635.10   2.1382e-18   2.0014e-19
 5639.71   1.6788e-18   2.0019e-19
 5644.32   1.7275e-18   2.0023e-19
 5648.93   2.0716e-18   1.9918e-19
 5653.55   1.7469e-18   1.9561e-19
 5658.16   1.9691e-18   1.9596e-19
 5662.77   1.8463e-18   1.9554e-19
 5667.39   1.8153e-18   1.9835e-19
 5672.00   1.7668e-18   1.9958e-19
 5676.61   2.2275e-18   2.0323e-19
 5681.23   2.4271e-18   2.0988e-19
 5685.84   2.3281e-18   2.1330e-19
 5690.45   1.4257e-18   2.0528e-19
 5695.06   2.2862e-18   2.0652e-19
 5699.68   1.7405e-18   1.9669e-19
 5704.29   1.5696e-18   1.9227e-19
 5708.90   2.2149e-18   1.9200e-19
 5713.52   1.7851e-18   1.9093e-19
 5718.13   1.5268e-18   1.9066e-19
 5722.74   2.3954e-18   1.9222e-19
 5727.35   2.1038e-18   1.9005e-19
 5731.97   1.8029e-18   1.8848e-19
 5736.58   1.9873e-18   1.8736e-19
 5741.19   2.2247e-18   1.8646e-19
 5745.81   2.4915e-18   1.8709e-19
 5750.42   2.0915e-18   1.8449e-19
 5755.03   2.1487e-18   1.8601e-19
 5759.65   2.5004e-18   1.8765e-19
 5764.26   2.5950e-18   1.9007e-19
 5768.87   2.7086e-18   1.9027e-19
 5773.48   2.5908e-18   1.8762e-19
 5778.10   2.7167e-18   1.8473e-19
 5782.71   2.7204e-18   1.8441e-19
 5787.32   2.7660e-18   1.8649e-19
 5791.94   2.8396e-18   1.8689e-19
 5796.55   2.3892e-18   1.8382e-19
 5801.16   2.5906e-18   1.8260e-19
 5805.78   2.8160e-18   1.8357e-19
 5810.39   3.1295e-18   1.8353e-19
 5815.00   2.8714e-18   1.8186e-19
 5819.61   3.0065e-18   1.8259e-19
 5824.23   2.9265e-18   1.8256e-19
 5828.84   2.9265e-18   1.8288e-19
 5833.45   2.5791e-18   1.8078e-19
 5838.07   2.8112e-18   1.8091e-19
 5842.68   3.2624e-18   1.8165e-19
 5847.29   3.5346e-18   1.8226e-19
 5851.91   3.1202e-18   1.8106e-19
 5856.52   2.9414e-18   1.8349e-19
 5861.13   3.4358e-18   1.9590e-19
 5865.74   3.1266e-18   2.0430e-19
 5870.36   3.2995e-18   2.0775e-19
 5874.97   3.2689e-18   2.0009e-19
 5879.58   2.8307e-18   2.2653e-19
 5884.20   2.2355e-18   3.3180e-19
 5888.81   2.5660e-18   4.2628e-19
 5893.42   3.6938e-18   4.6077e-19
 5898.04   3.7596e-18   4.0715e-19
 5902.65   2.8189e-18   3.0579e-19
 5907.26   3.2663e-18   2.2702e-19
 5911.87   3.0138e-18   2.0346e-19
 5916.49   2.7659e-18   2.0236e-19
 5921.10   3.4867e-18   2.0036e-19
 5925.71   3.5824e-18   2.0004e-19
 5930.33   2.7511e-18   1.9845e-19
 5934.94   2.9041e-18   1.9609e-19
 5939.55   3.1533e-18   1.9026e-19
 5944.17   3.0417e-18   1.8553e-19
 5948.78   2.8961e-18   1.8812e-19
 5953.39   3.0791e-18   1.8944e-19
 5958.00   2.9956e-18   1.8474e-19
 5962.62   3.1618e-18   1.7920e-19
 5967.23   2.9196e-18   1.7607e-19
 5971.84   2.8913e-18   1.7880e-19
 5976.46   2.9452e-18   1.8029e-19
 5981.07   2.8517e-18   1.7673e-19
 5985.68   2.7471e-18   1.6934e-19
 5990.29   2.3296e-18   1.6432e-19
 5994.91   2.4818e-18   1.6573e-19
 5999.52   2.6190e-18   1.6723e-19
 6004.13   2.7761e-18   1.6703e-19
 6008.75   2.6678e-18   1.6313e-19
 6013.36   2.6063e-18   1.5877e-19
 6017.97   2.8342e-18   1.5715e-19
 6022.59   2.8146e-18   1.5685e-19
 6027.20   2.7614e-18   1.5655e-19
 6031.81   2.6546e-18   1.5659e-19
 6036.42   2.6458e-18   1.5533e-19
 6041.04   2.3593e-18   1.5145e-19
 6045.65   2.6144e-18   1.5042e-19
 6050.26   2.7130e-18   1.4949e-19
 6054.88   2.5348e-18   1.4808e-19
 6059.49   2.6592e-18   1.4860e-19
 6064.10   2.6901e-18   1.4831e-19
 6068.72   4.1904e-18   1.4875e-19
 6073.33   3.2112e-18   1.4629e-19
 6077.94   2.4233e-18   1.4364e-19
 6082.55   3.2115e-18   1.4545e-19
 6087.17   2.7176e-18   1.4418e-19
 6091.78   2.1987e-18   1.4271e-19
 6096.39   2.1780e-18   1.4356e-19
 6101.01   2.5537e-18   1.4665e-19
 6105.62   2.6986e-18   1.4936e-19
 6110.23   2.4144e-18   1.4996e-19
 6114.84   2.2816e-18   1.4881e-19
 6119.46   2.6875e-18   1.4749e-19
 6124.07   2.2509e-18   1.4221e-19
 6128.68   2.3991e-18   1.4210e-19
 6133.30   2.4992e-18   1.4427e-19
 6137.91   2.2362e-18   1.4718e-19
 6142.52   2.4198e-18   1.4856e-19
 6147.14   2.4272e-18   1.4679e-19
 6151.75   2.4582e-18   1.4392e-19
 6156.36   2.1800e-18   1.4069e-19
 6160.97   2.7811e-18   1.4309e-19
 6165.59   2.6927e-18   1.4519e-19
 6170.20   2.8514e-18   1.4725e-19
 6174.81   2.7748e-18   1.4644e-19
 6179.43   2.9079e-18   1.4310e-19
 6184.04   2.5395e-18   1.3786e-19
 6188.65   2.3708e-18   1.3645e-19
 6193.27   2.7878e-18   1.3904e-19
 6197.88   2.5846e-18   1.4134e-19
 6202.49   2.6157e-18   1.4207e-19
 6207.10   2.5618e-18   1.4190e-19
 6211.72   2.7617e-18   1.4053e-19
 6216.33   2.7569e-18   1.4252e-19
 6220.94   2.7323e-18   1.4338e-19
 6225.56   2.4716e-18   1.4531e-19
 6230.17   2.5444e-18   1.5850e-19
 6234.78   2.5689e-18   1.7067e-19
 6239.40   2.3564e-18   1.7289e-19
 6244.01   2.8700e-18   1.6341e-19
 6248.62   3.1672e-18   1.5450e-19
 6253.23   2.9309e-18   1.5755e-19
 6257.85   2.9811e-18   1.6574e-19
 6262.46   3.0850e-18   1.6716e-19
 6267.07   2.3008e-18   1.5642e-19
 6271.69   2.3989e-18   1.4674e-19
 6276.30   2.5655e-18   1.4318e-19
 6280.91   2.2135e-18   1.4855e-19
 6285.52   2.3407e-18   1.5261e-19
 6290.14   3.1565e-18   2.1529e-19
 6294.75   1.6269e-18   3.4274e-19
 6299.36   3.2435e-18   4.1346e-19
 6303.98   2.3611e-18   4.0304e-19
 6308.59   3.1342e-18   3.1516e-19
 6313.20   2.3589e-18   1.7612e-19
 6317.82   2.5372e-18   1.4622e-19
 6322.43   2.5155e-18   1.4818e-19
 6327.04   2.4073e-18   1.5572e-19
 6331.65   2.3179e-18   1.5266e-19
 6336.27   2.3759e-18   1.4531e-19
 6340.88   2.1323e-18   1.3412e-19
 6345.49   2.3360e-18   1.3638e-19
 6350.11   2.3333e-18   1.4476e-19
 6354.72   2.6035e-18   1.8035e-19
 6359.33   2.9812e-18   2.4251e-19
 6363.95   2.5946e-18   2.5859e-19
 6368.56   2.1744e-18   2.4260e-19
 6373.17   1.9964e-18   1.8267e-19
 6377.78   2.5516e-18   1.3906e-19
 6382.40   2.6540e-18   1.3757e-19
 6387.01   2.5351e-18   1.3720e-19
 6391.62   2.6163e-18   1.3359e-19
 6396.24   2.7146e-18   1.2897e-19
 6400.85   2.6689e-18   1.2572e-19
 6405.46   2.7402e-18   1.2571e-19
 6410.08   2.8400e-18   1.2698e-19
 6414.69   2.6368e-18   1.2782e-19
 6419.30   2.4841e-18   1.2853e-19
 6423.91   2.6243e-18   1.2765e-19
 6428.53   2.3618e-18   1.2388e-19
 6433.14   2.2959e-18   1.2175e-19
 6437.75   2.6324e-18   1.2289e-19
 6442.37   2.8137e-18   1.2399e-19
 6446.98   2.8319e-18   1.2482e-19
 6451.59   2.7088e-18   1.2705e-19
 6456.21   2.6452e-18   1.3234e-19
 6460.82   2.4912e-18   1.4400e-19
 6465.43   2.4189e-18   1.5462e-19
 6470.04   2.5464e-18   1.5654e-19
 6474.66   2.4238e-18   1.4762e-19
 6479.27   2.5101e-18   1.3407e-19
 6483.88   2.4756e-18   1.2498e-19
 6488.50   2.5738e-18   1.2564e-19
 6493.11   2.6410e-18   1.4289e-19
 6497.72   2.6627e-18   1.5702e-19
 6502.33   2.5179e-18   1.5999e-19
 6506.95   2.6196e-18   1.4902e-19
 6511.56   2.7950e-18   1.3487e-19
 6516.17   2.6070e-18   1.2981e-19
 6520.79   2.7447e-18   1.3233e-19
 6525.40   2.5641e-18   1.3947e-19
 6530.01   2.5087e-18   1.4760e-19
 6534.63   2.5802e-18   1.4988e-19
 6539.24   2.4824e-18   1.4708e-19
 6543.85   2.9145e-18   1.4518e-19
 6548.46   2.7996e-18   1.5197e-19
 6553.08   2.7619e-18   1.5838e-19
 6557.69   2.7324e-18   1.6012e-19
 6562.30   2.7274e-18   1.5707e-19
 6566.92   2.8378e-18   1.5010e-19
 6571.53   2.6525e-18   1.5155e-19
 6576.14   2.7634e-18   1.5058e-19
 6580.75   2.6782e-18   1.4471e-19
 6585.37   2.7727e-18   1.3595e-19
 6589.98   2.2628e-18   1.2485e-19
 6594.59   2.8367e-18   1.3085e-19
 6599.21   2.9051e-18   1.3728e-19
 6603.82   2.9743e-18   1.3975e-19
 6608.43   2.7842e-18   1.3503e-19
 6613.05   2.5197e-18   1.2642e-19
 6617.66   2.5529e-18   1.2150e-19
 6622.27   2.9135e-18   1.2464e-19
 6626.88   2.6719e-18   1.2693e-19
 6631.50   2.6151e-18   1.2980e-19
 6636.11   2.8608e-18   1.3008e-19
 6640.72   2.8086e-18   1.2600e-19
 6645.34   2.8265e-18   1.2279e-19
 6649.95   2.6676e-18   1.2129e-19
 6654.56   2.6334e-18   1.2166e-19
 6659.18   2.9071e-18   1.2409e-19
 6663.79   2.5573e-18   1.2409e-19
 6668.40   2.2466e-18   1.2261e-19
 6673.01   2.5209e-18   1.2283e-19
 6677.63   2.7238e-18   1.2184e-19
 6682.24   2.6566e-18   1.2056e-19
 6686.85   2.8332e-18   1.2162e-19
 6691.47   2.7664e-18   1.2170e-19
 6696.08   2.3477e-18   1.2109e-19
 6700.69   2.5567e-18   1.2377e-19
 6705.31   3.0085e-18   1.2695e-19
 6709.92   2.9193e-18   1.2555e-19
 6714.53   2.7916e-18   1.2420e-19
 6719.14   2.7887e-18   1.2230e-19
 6723.76   2.7240e-18   1.2100e-19
 6728.37   2.7346e-18   1.2040e-19
 6732.98   2.5408e-18   1.2021e-19
 6737.60   2.3608e-18   1.1977e-19
 6742.21   2.7852e-18   1.2142e-19
 6746.82   2.7812e-18   1.2110e-19
 6751.44   2.6456e-18   1.1955e-19
 6756.05   2.7245e-18   1.1904e-19
 6760.66   2.7046e-18   1.1868e-19
 6765.27   2.7373e-18   1.1842e-19
 6769.89   2.6462e-18   1.1805e-19
 6774.50   2.6297e-18   1.1812e-19
 6779.11   2.5861e-18   1.1751e-19
 6783.73   2.3334e-18   1.1758e-19
 6788.34   2.8359e-18   1.1924e-19
 6792.95   2.7560e-18   1.1783e-19
 6797.56   2.6173e-18   1.1693e-19
 6802.18   2.5730e-18   1.1644e-19
 6806.79   2.7545e-18   1.1684e-19
 6811.40   2.6258e-18   1.1628e-19
 6816.02   2.5270e-18   1.1742e-19
 6820.63   2.5032e-18   1.3380e-19
 6825.24   2.8624e-18   1.6959e-19
 6829.86   2.4894e-18   1.9373e-19
 6834.47   2.0682e-18   1.9603e-19
 6839.08   2.3351e-18   1.7624e-19
 6843.69   2.6050e-18   1.4765e-19
 6848.31   2.6456e-18   1.2901e-19
 6852.92   2.3087e-18   1.2546e-19
 6857.53   2.4982e-18   1.5669e-19
 6862.15   2.1358e-18   1.8056e-19
 6866.76   2.2393e-18   1.8351e-19
 6871.37   2.2764e-18   1.6366e-19
 6875.99   1.9388e-18   1.3170e-19
 6880.60   1.9255e-18   1.2500e-19
 6885.21   2.1482e-18   1.3178e-19
 6889.82   2.1680e-18   1.3410e-19
 6894.44   2.1720e-18   1.3370e-19
 6899.05   2.0253e-18   1.3167e-19
 6903.66   2.2129e-18   1.3112e-19
 6908.28   2.0563e-18   1.3824e-19
 6912.89   2.3439e-18   1.4135e-19
 6917.50   2.2188e-18   1.5635e-19
 6922.12   2.2449e-18   1.5890e-19
 6926.73   2.3821e-18   1.5316e-19
 6931.34   2.2332e-18   1.4175e-19
 6935.95   2.3372e-18   1.3405e-19
 6940.57   2.5815e-18   1.4622e-19
 6945.18   2.2274e-18   1.6303e-19
 6949.79   2.1323e-18   1.6411e-19
 6954.41   2.4836e-18   1.5361e-19
 6959.02   2.4270e-18   1.3333e-19
 6963.63   2.3609e-18   1.2196e-19
 6968.24   2.4926e-18   1.3237e-19
 6972.86   2.3779e-18   1.4454e-19
 6977.47   2.4620e-18   1.5034e-19
 6982.08   2.5949e-18   1.4323e-19
 6986.70   2.3580e-18   1.2967e-19
 6991.31   2.3906e-18   1.1515e-19
 6995.92   2.8064e-18   1.1596e-19
 7000.54   2.6593e-18   1.2052e-19
 7005.15   2.4492e-18   1.2694e-19
 7009.76   2.5037e-18   1.3018e-19
 7014.37   2.4353e-18   1.2566e-19
 7018.99   2.5307e-18   1.1833e-19
 7023.60   2.4922e-18   1.1109e-19
 7028.21   2.3442e-18   1.0784e-19
 7032.83   2.4401e-18   1.1005e-19
 7037.44   2.7806e-18   1.1457e-19
 7042.05   2.7539e-18   1.2028e-19
 7046.67   2.5378e-18   1.2394e-19
 7051.28   2.4864e-18   1.2343e-19
 7055.89   2.7261e-18   1.1982e-19
 7060.50   2.5153e-18   1.1485e-19
 7065.12   2.3444e-18   1.1332e-19
 7069.73   2.5387e-18   1.1478e-19
 7074.34   2.5553e-18   1.1509e-19
 7078.96   2.6435e-18   1.1628e-19
 7083.57   2.5676e-18   1.1685e-19
 7088.18   2.4531e-18   1.1588e-19
 7092.79   2.5332e-18   1.1400e-19
 7097.41   2.4192e-18   1.0990e-19
 7102.02   2.5827e-18   1.0852e-19
 7106.63   2.6028e-18   1.0844e-19
 7111.25   2.4866e-18   1.0751e-19
 7115.86   2.4307e-18   1.0678e-19
 7120.47   2.3458e-18   1.0720e-19
 7125.09   2.1898e-18   1.0830e-19
 7129.70   2.3203e-18   1.0995e-19
 7134.31   2.2625e-18   1.1028e-19
 7138.92   2.2470e-18   1.1075e-19
 7143.54   2.5408e-18   1.1227e-19
 7148.15   2.2770e-18   1.1128e-19
 7152.76   2.3646e-18   1.1077e-19
 7157.38   2.3148e-18   1.0913e-19
 7161.99   2.3612e-18   1.0846e-19
 7166.60   2.2597e-18   1.0792e-19
 7171.22   2.1560e-18   1.0666e-19
 7175.83   2.0148e-18   1.0552e-19
 7180.44   2.1744e-18   1.0501e-19
 7185.05   1.8644e-18   1.0127e-19
 7189.67   1.9356e-18   9.9079e-20
 7194.28   1.8904e-18   9.7515e-20
 7198.89   2.1942e-18   9.8973e-20
 7203.51   2.2777e-18   9.9844e-20
 7208.12   2.0648e-18   9.9813e-20
 7212.73   2.0982e-18   1.0115e-19
 7217.35   2.1628e-18   1.0223e-19
 7221.96   2.3245e-18   1.0429e-19
 7226.57   2.2055e-18   1.0640e-19
 7231.18   2.2256e-18   1.2921e-19
 7235.80   2.1977e-18   1.8261e-19
 7240.41   1.9113e-18   2.2431e-19
 7245.02   2.7233e-18   2.3600e-19
 7249.64   1.9568e-18   2.1072e-19
 7254.25   2.3157e-18   1.6427e-19
 7258.86   2.4774e-18   1.3161e-19
 7263.48   2.0845e-18   1.1576e-19
 7268.09   2.0561e-18   1.4642e-19
 7272.70   2.1595e-18   1.9280e-19
 7277.31   2.4826e-18   2.2154e-19
 7281.93   1.9399e-18   2.1947e-19
 7286.54   1.9861e-18   1.8795e-19
 7291.15   2.2964e-18   1.5275e-19
 7295.77   2.1709e-18   1.4078e-19
 7300.38   1.9991e-18   1.4104e-19
 7304.99   2.2464e-18   1.4670e-19
 7309.60   2.1082e-18   1.6912e-19
 7314.22   2.1305e-18   1.9042e-19
 7318.83   1.8576e-18   1.8975e-19
 7323.44   1.8952e-18   1.8459e-19
 7328.06   1.7842e-18   1.5820e-19
 7332.67   1.8839e-18   1.7184e-19
 7337.28   1.9216e-18   2.0042e-19
 7341.90   2.4906e-18   2.0539e-19
 7346.51   2.2256e-18   1.8935e-19
 7351.12   2.0239e-18   1.5852e-19
 7355.73   2.1469e-18   1.3965e-19
 7360.35   1.9668e-18   1.5853e-19
 7364.96   1.9919e-18   1.8253e-19
 7369.57   2.2442e-18   1.8680e-19
 7374.19   1.8726e-18   1.7259e-19
 7378.80   2.0600e-18   1.4175e-19
 7383.41   1.8719e-18   1.1220e-19
 7388.03   2.0720e-18   1.2575e-19
 7392.64   2.4634e-18   1.4034e-19
 7397.25   2.0810e-18   1.6308e-19
 7401.86   2.4253e-18   1.6389e-19
 7406.48   2.4268e-18   1.5463e-19
 7411.09   1.9101e-18   1.2833e-19
 7415.70   2.1644e-18   1.0640e-19
 7420.32   2.0684e-18   1.0454e-19
 7424.93   1.9133e-18   1.1131e-19
 7429.54   2.0079e-18   1.2367e-19
 7434.16   2.0467e-18   1.3659e-19
 7438.77   2.1868e-18   1.3912e-19
 7443.38   2.1092e-18   1.2874e-19
 7447.99   2.1110e-18   1.1423e-19
 7452.61   2.0652e-18   1.0196e-19
 7457.22   2.2285e-18   1.0881e-19
 7461.83   2.1889e-18   1.2170e-19
 7466.45   2.2004e-18   1.3918e-19
 7471.06   2.3516e-18   1.5280e-19
 7475.67   2.2837e-18   1.6331e-19
 7480.28   2.4722e-18   1.6483e-19
 7484.90   2.1853e-18   1.5493e-19
 7489.51   2.2417e-18   1.3947e-19
 7494.12   2.2777e-18   1.2197e-19
 7498.74   2.1107e-18   1.0964e-19
 7503.35   1.8999e-18   1.0360e-19
 7507.96   1.8580e-18   9.8076e-20
 7512.58   2.2829e-18   1.0770e-19
 7517.19   1.9210e-18   1.3998e-19
 7521.80   2.1110e-18   1.7602e-19
 7526.41   1.9501e-18   1.8622e-19
 7531.03   2.2904e-18   1.7590e-19
 7535.64   2.2236e-18   1.4287e-19
 7540.25   2.3287e-18   1.1943e-19
 7544.87   2.0666e-18   1.0910e-19
 7549.48   2.0056e-18   1.1029e-19
 7554.09   2.1805e-18   1.1816e-19
 7558.71   2.2221e-18   1.2087e-19
 7563.32   2.3299e-18   1.3351e-19
 7567.93   2.2408e-18   1.5230e-19
 7572.54   2.1676e-18   1.5872e-19
 7577.16   2.1908e-18   1.5447e-19
 7581.77   2.2502e-18   1.3942e-19
 7586.38   1.8834e-18   1.2321e-19
 7591.00   1.4669e-18   1.2267e-19
 7595.61   1.2422e-18   1.1670e-19
 7600.22   7.0133e-19   1.0210e-19
 7604.83   6.4974e-19   9.0802e-20
 7609.45   7.2742e-19   8.1771e-20
 7614.06   7.9059e-19   9.2674e-20
 7618.67   1.3283e-18   1.0768e-19
 7623.29   1.3142e-18   1.1796e-19
 7627.90   8.6736e-19   1.1513e-19
 7632.51   8.2682e-19   1.0510e-19
 7637.13   1.0837e-18   9.6082e-20
 7641.74   1.1889e-18   8.4296e-20
 7646.35   1.3528e-18   8.9142e-20
 7650.96   1.2988e-18   9.8460e-20
 7655.58   1.4215e-18   1.1079e-19
 7660.19   1.5865e-18   1.2148e-19
 7664.80   1.4899e-18   1.1871e-19
 7669.42   1.7572e-18   1.1283e-19
 7674.03   1.7851e-18   1.0165e-19
 7678.64   1.8582e-18   1.0030e-19
 7683.26   1.8571e-18   1.0700e-19
 7687.87   1.8554e-18   1.1371e-19
 7692.48   1.7244e-18   1.1969e-19
 7697.09   1.6248e-18   1.2083e-19
 7701.71   1.8647e-18   1.2493e-19
 7706.32   1.9419e-18   1.6583e-19
 7710.93   1.9511e-18   2.2629e-19
 7715.55   1.9153e-18   2.5628e-19
 7720.16   2.0998e-18   2.5315e-19
 7724.77   1.5933e-18   2.0720e-19
 7729.39   2.0448e-18   1.5799e-19
 7734.00   2.4130e-18   1.3648e-19
 7738.61   1.9632e-18   1.2225e-19
 7743.22   1.7116e-18   1.6860e-19
 7747.84   1.8672e-18   2.1586e-19
 7752.45   1.9403e-18   2.4111e-19
 7757.06   2.0201e-18   2.3445e-19
 7761.68   2.2611e-18   1.9324e-19
 7766.29   2.2580e-18   1.6143e-19
 7770.90   2.2894e-18   1.5650e-19
 7775.52   1.9116e-18   1.6052e-19
 7780.13   2.2955e-18   1.6572e-19
 7784.74   2.3011e-18   1.6418e-19
 7789.35   2.3068e-18   1.9686e-19
 7793.97   1.6195e-18   2.0500e-19
 7798.58   2.1914e-18   2.0468e-19
 7803.19   2.2314e-18   1.8508e-19
 7807.81   2.2790e-18   1.6141e-19
 7812.42   1.8920e-18   1.7801e-19
 7817.03   1.7387e-18   2.1241e-19
 7821.65   2.4276e-18   2.2725e-19
 7826.26   2.5655e-18   2.1563e-19
 7830.87   2.0687e-18   1.7738e-19
 7835.48   1.7227e-18   1.4050e-19
 7840.10   1.8269e-18   1.5716e-19
 7844.71   1.9214e-18   1.8869e-19
 7849.32   2.8641e-18   2.4546e-19
 7853.94   3.2687e-18   2.7301e-19
 7858.55   4.4039e-18   2.8068e-19
 7863.16   3.9680e-18   2.5892e-19
 7867.77   2.6926e-18   2.3306e-19
 7872.39   1.9190e-18   2.2551e-19
 7877.00   1.8523e-18   2.1614e-19
 7881.61   2.0043e-18   2.0700e-19
 7886.23   1.5986e-18   2.0939e-19
 7890.84   2.3038e-18   2.0282e-19
 7895.45   1.8454e-18   1.8015e-19
 7900.07   2.2480e-18   1.4827e-19
 7904.68   2.1531e-18   1.5643e-19
 7909.29   2.3535e-18   2.4672e-19
 7913.90   2.5355e-18   2.9354e-19
 7918.52   2.4260e-18   3.0974e-19
 7923.13   1.4806e-18   2.6896e-19
 7927.74   2.2145e-18   2.2427e-19
 7932.36   2.2321e-18   1.9505e-19
 7936.97   2.0091e-18   1.6872e-19
 7941.58   2.2339e-18   1.6091e-19
 7946.20   2.1871e-18   1.6370e-19
 7950.81   2.2663e-18   1.6829e-19
 7955.42   1.8114e-18   1.7746e-19
 7960.03   1.7465e-18   2.2284e-19
 7964.65   2.8645e-18   2.4839e-19
 7969.26   2.3136e-18   2.5113e-19
 7973.87   1.7276e-18   2.2825e-19
 7978.49   2.0095e-18   2.0114e-19
 7983.10   2.1115e-18   2.0260e-19
 7987.71   2.0974e-18   2.4321e-19
 7992.32   2.4110e-18   2.6595e-19
 7996.94   2.4431e-18   2.6271e-19
 8001.55   1.9402e-18   2.2193e-19
 8006.16   1.7536e-18   1.5329e-19
 8010.78   1.6699e-18   1.6391e-19
 8015.39   1.7946e-18   1.8207e-19
 8020.00   1.6302e-18   2.2699e-19
 8024.62   2.4969e-18   2.4817e-19
 8029.23   1.9061e-18   2.4250e-19
 8033.84   1.8954e-18   2.0641e-19
 8038.45   1.7642e-18   1.4354e-19
 8043.07   1.8553e-18   1.2440e-19
 8047.68   1.9329e-18   1.4603e-19
 8052.29   1.8036e-18   1.6493e-19
 8056.91   2.1823e-18   1.9190e-19
 8061.52   2.2436e-18   2.0368e-19
 8066.13   1.6883e-18   1.8707e-19
 8070.75   1.3973e-18   1.6502e-19
 8075.36   1.5561e-18   1.2607e-19
 8079.97   1.8840e-18   1.2419e-19
 8084.58   2.2256e-18   1.2852e-19
 8089.20   1.9272e-18   1.3615e-19
 8093.81   2.0204e-18   1.4712e-19
 8098.42   2.0343e-18   1.6354e-19
 8103.04   1.8280e-18   1.6453e-19
 8107.65   1.5827e-18   1.5415e-19
 8112.26   1.6181e-18   1.3729e-19
 8116.88   1.7438e-18   1.1854e-19
 8121.49   1.8618e-18   1.1796e-19
 8126.10   1.9348e-18   1.1878e-19
 8130.71   1.8203e-18   1.2081e-19
 8135.33   1.6579e-18   1.2828e-19
 8139.94   1.8220e-18   1.3569e-19
 8144.55   1.8858e-18   1.4114e-19
 8149.17   2.6297e-18   1.3893e-19
 8153.78   3.4476e-18   1.3457e-19
 8158.39   3.6873e-18   1.2692e-19
 8163.00   2.8443e-18   1.1817e-19
 8167.62   1.8550e-18   1.1408e-19
 8172.23   1.7020e-18   1.1465e-19
 8176.84   1.7772e-18   1.2139e-19
 8181.46   1.7171e-18   1.3099e-19
 8186.07   1.6156e-18   1.3913e-19
 8190.68   2.0540e-18   1.5364e-19
 8195.30   2.4970e-18   1.5356e-19
 8199.91   2.6043e-18   1.5086e-19
 8204.52   2.5251e-18   1.3883e-19
 8209.13   2.1216e-18   1.2829e-19
 8213.75   1.9582e-18   1.2468e-19
 8218.36   1.9693e-18   1.2303e-19
 8222.97   1.8714e-18   1.1990e-19
 8227.59   1.8147e-18   1.1683e-19
 8232.20   1.8792e-18   1.1674e-19
 8236.81   1.7908e-18   1.1949e-19
 8241.43   2.1959e-18   1.2691e-19
 8246.04   2.3746e-18   1.3148e-19
 8250.65   2.1698e-18   1.3157e-19
 8255.26   2.0300e-18   1.2875e-19
 8259.88   2.2651e-18   1.2725e-19
 8264.49   2.3143e-18   1.2693e-19
 8269.10   1.9603e-18   1.3423e-19
 8273.72   2.2879e-18   1.9489e-19
 8278.33   2.0496e-18   2.6997e-19
 8282.94   1.8120e-18   3.2856e-19
 8287.55   2.2581e-18   3.5992e-19
 8292.17   1.9584e-18   3.6136e-19
 8296.78   2.2804e-18   3.6630e-19
 8301.39   2.4641e-18   3.2658e-19
 8306.01   2.3131e-18   2.9994e-19
 8310.62   2.0054e-18   2.3046e-19
 8315.23   2.0019e-18   1.9771e-19
 8319.85   1.9582e-18   1.7127e-19
 8324.46   2.1706e-18   1.3853e-19
 8329.07   2.2466e-18   1.2606e-19
 8333.68   2.0671e-18   1.6609e-19
 8338.30   2.4382e-18   3.0812e-19
 8342.91   2.4087e-18   4.3362e-19
 8347.52   1.1891e-18   4.6692e-19
 8352.14   2.1725e-18   4.4529e-19
 8356.75   2.2133e-18   3.2440e-19
 8361.36   3.2696e-18   2.6639e-19
 8365.98   3.3857e-18   2.2314e-19
 8370.59   3.3224e-18   1.9448e-19
 8375.20   2.7248e-18   2.0935e-19
 8379.81   1.9319e-18   2.3612e-19
 8384.43   1.5764e-18   2.4473e-19
 8389.04   1.9860e-18   2.5223e-19
 8393.65   2.2418e-18   3.1128e-19
 8398.27   1.7570e-18   3.7819e-19
 8402.88   2.6952e-18   3.7669e-19
 8407.49   2.4509e-18   3.3555e-19
 8412.11   2.3857e-18   2.7227e-19
 8416.72   2.0115e-18   2.6024e-19
 8421.33   2.0830e-18   2.9896e-19
 8425.94   2.1423e-18   3.7633e-19
 8430.56   1.9186e-18   4.1328e-19
 8435.17   2.5923e-18   3.9709e-19
 8439.78   2.5069e-18   3.0512e-19
 8444.40   1.9150e-18   1.8777e-19
 8449.01   1.8699e-18   2.4566e-19
 8453.62   1.9799e-18   2.6202e-19
 8458.24   1.6425e-18   3.1029e-19
 8462.85   2.4901e-18   3.6155e-19
 8467.46   2.3197e-18   3.6172e-19
 8472.07   2.4741e-18   3.3033e-19
 8476.69   2.1237e-18   2.2246e-19
 8481.30   2.1616e-18   1.3022e-19
 8485.91   1.9123e-18   1.7184e-19
 8490.53   2.3104e-18   2.0693e-19
 8495.14   2.4412e-18   2.4093e-19
 8499.75   1.4633e-18   2.8679e-19
 8504.37   2.4239e-18   3.0066e-19
 8508.98   2.4421e-18   2.8280e-19
 8513.59   2.5109e-18   2.3303e-19
 8518.20   2.3780e-18   1.5586e-19
 8522.82   1.9574e-18   1.3372e-19
 8527.43   2.1416e-18   1.3658e-19
 8532.04   2.0546e-18   1.5478e-19
 8536.66   2.2744e-18   1.7425e-19
 8541.27   2.3867e-18   2.0450e-19
 8545.88   2.0988e-18   2.3091e-19
 8550.49   2.3380e-18   2.2377e-19
 8555.11   2.0165e-18   2.0608e-19
 8559.72   2.1381e-18   1.5891e-19
 8564.33   2.1095e-18   1.3355e-19
 8568.95   2.0633e-18   1.3431e-19
 8573.56   1.9371e-18   1.3689e-19
 8578.17   1.8894e-18   1.3865e-19
 8582.79   1.8546e-18   1.4956e-19
 8587.40   1.9665e-18   1.6258e-19
 8592.01   2.2175e-18   1.7876e-19
 8596.62   1.9080e-18   1.8434e-19
 8601.24   1.6589e-18   1.7006e-19
 8605.85   1.8746e-18   1.6003e-19
 8610.46   2.3754e-18   1.5209e-19
 8615.08   2.0180e-18   1.7025e-19
 8619.69   1.8406e-18   1.9964e-19
 8624.30   1.6747e-18   2.2732e-19
 8628.92   2.4175e-18   2.4696e-19
 8633.53   2.0800e-18   2.4708e-19
 8638.14   2.3375e-18   2.3246e-19
 8642.75   3.4637e-18   2.2199e-19
 8647.37   3.5077e-18   2.2548e-19
 8651.98   2.7822e-18   2.3927e-19
 8656.59   2.2253e-18   2.5241e-19
 8661.21   1.4457e-18   2.4997e-19
 8665.82   1.7793e-18   2.4191e-19
 8670.43   2.1507e-18   2.2684e-19
 8675.04   2.1848e-18   2.0925e-19
 8679.66   2.0690e-18   1.9043e-19
 8684.27   1.9744e-18   1.7378e-19
 8688.88   1.8703e-18   1.6069e-19
 8693.50   1.7489e-18   1.5334e-19
 8698.11   1.7629e-18   1.5365e-19
 8702.72   1.8502e-18   1.5677e-19
 8707.34   2.1647e-18   1.5681e-19
 8711.95   1.9409e-18   1.4819e-19
 8716.56   1.8489e-18   1.4079e-19
 8721.17   2.0920e-18   1.3776e-19
 8725.79   1.6976e-18   1.3586e-19
 8730.40   1.6762e-18   1.3660e-19
 8735.01   1.7452e-18   1.3715e-19
 8739.63   1.7713e-18   1.3927e-19
 8744.24   1.8566e-18   1.3903e-19
 8748.85   1.7478e-18   1.5111e-19
 8753.46   1.4012e-18   2.2544e-19
 8758.08   1.2445e-18   3.4989e-19
 8762.69   9.0760e-19   4.4495e-19
 8767.30   8.1362e-19   4.7293e-19
 8771.92   1.5726e-18   4.8473e-19
 8776.53   1.5510e-18   4.5123e-19
 8781.14   1.9169e-18   4.0833e-19
 8785.76   2.0260e-18   3.5287e-19
 8790.37   1.3995e-18   2.7359e-19
 8794.98   1.6919e-18   2.2832e-19
 8799.59   1.8390e-18   2.0612e-19
 8804.21   1.7850e-18   1.4515e-19
 8808.82   1.7371e-18   1.4181e-19
 8813.43   1.7069e-18   1.4512e-19
 8818.05   1.3492e-18   2.1899e-19
 8822.66   1.1847e-18   4.3173e-19
 8827.27   1.8496e-18   5.1423e-19
 8831.89   1.9020e-18   5.4984e-19
 8836.50   1.0746e-18   4.7031e-19
 8841.11   1.4847e-18   3.3126e-19
 8845.72   1.7993e-18   2.9014e-19
 8850.34   9.8508e-19   2.1507e-19
 8854.95   1.8916e-18   2.0977e-19
 8859.56   1.4558e-18   2.0343e-19
 8864.18   1.4337e-18   2.5533e-19
 8868.79   1.2069e-18   2.7083e-19
 8873.40   1.1819e-18   2.5211e-19
 8878.02   1.2526e-18   2.7985e-19
 8882.63   1.8985e-18   3.6843e-19
 8887.24   8.3436e-19   4.1693e-19
 8891.85   2.5944e-18   3.8705e-19
 8896.47   1.8649e-18   3.1171e-19
 8901.08   1.6206e-19   2.7718e-19
 8905.69   9.7540e-19   2.8260e-19
 8910.31   6.2128e-19   2.8456e-19
 8914.92  -3.9950e-19   3.7588e-19
 8919.53  -1.8347e-19   4.1671e-19
 8924.15  -3.3837e-20   4.2430e-19
 8928.76   1.2328e-19   3.2051e-19
 8933.37   7.8612e-19   1.7869e-19
 8937.98   7.3033e-19   2.1023e-19
 8942.60   6.3960e-19   2.5306e-19
 8947.21   8.1082e-19   2.6076e-19
 8951.82   7.3585e-19   3.1014e-19
 8956.44   2.0286e-18   3.5679e-19
 8961.05   2.5894e-18   3.5840e-19
 8965.66   2.6862e-18   3.1543e-19
 8970.28   1.6811e-18   1.9137e-19
 8974.89   9.7913e-19   1.0980e-19
 8979.50   1.0930e-18   1.4452e-19
 8984.11   7.2923e-19   1.8382e-19
 8988.73   6.7541e-19   2.0690e-19
 8993.34   5.6915e-19   2.3044e-19
 8997.95   4.3434e-19   2.7769e-19
 9002.57   1.7632e-18   2.7075e-19
 9007.18   2.4839e-18   2.6195e-19
 9011.79   1.5045e-18   1.7657e-19
 9016.40   8.5407e-19   1.0954e-19
 9021.02   1.0249e-18   1.0619e-19
 9025.63   1.1002e-18   1.0600e-19
 9030.24   1.1927e-18   1.2666e-19
 9034.86   1.1215e-18   1.5178e-19
 9039.47   5.1097e-19   1.6968e-19
 9044.08   5.7325e-19   1.9886e-19
 9048.70   1.4312e-18   2.1197e-19
 9053.31   1.2994e-18   1.9999e-19
 9057.92   9.4178e-19   1.7118e-19
 9062.53   9.9444e-19   1.2357e-19
 9067.15   1.0084e-18   1.0501e-19
 9071.76   1.1246e-18   1.0657e-19
 9076.37   9.2894e-19   1.0072e-19
 9080.99   7.2465e-19   9.5286e-20
 9085.60   8.5112e-19   1.0430e-19
 9090.21   9.4934e-19   1.2129e-19
 9094.83   9.7711e-19   1.3220e-19
 9099.44   9.5651e-19   1.5380e-19
 9104.05   8.2335e-19   1.4527e-19
 9108.66   8.5832e-19   1.3756e-19
 9113.28   8.0808e-19   1.1004e-19
 9117.89   1.0063e-18   9.0818e-20
 9122.50   1.1029e-18   9.0513e-20
 9127.12   8.3559e-19   8.7086e-20
 9131.73   6.9901e-19   8.6118e-20
 9136.34   9.1952e-19   8.7064e-20
 9140.96   8.3913e-19   8.8130e-20
 9145.57   1.4490e-18   1.0023e-19
 9150.18   1.6711e-18   1.0981e-19
 9154.79   1.6220e-18   1.2127e-19
 9159.41   8.6038e-19   1.2249e-19
 9164.02   5.7447e-19   1.1594e-19
 9168.63   6.0727e-19   1.0303e-19
 9173.25   8.8318e-19   9.0189e-20
 9177.86   8.9452e-19   8.3766e-20
 9182.47   7.9897e-19   8.2713e-20
 9187.08   9.4089e-19   8.3602e-20
 9191.70   9.7488e-19   8.2406e-20
 9196.31   9.9543e-19   8.3162e-20
