 
TRANSIENT_NAME:     DES14C1fi  
SNID:               1290780    
OBS_DATE:           2014-11-30
MJD:                56991. 
PHASE:              +31.   
MJD_MAX:            56920.8 (Angus et. al.: MNRAS, 487, 2215A, 2019)
TYPE:               41 
SPEC_EVAL:          SLSN-I
REDSHIFT:           1.3000  
REDSHIFT_ERR:       0.0005  
REDSHIFT_SOURCE:    Z_GAL
TELESCOPE:          VLT
INSTRUMENT:         X-SHOOTER
 
======================================
 
# WAVE  FLUX  FLUX_ERR
 4005.00   7.7353e-06   1.3379e-05
 4010.00   8.7001e-05   1.4820e-05
 4015.00   2.6592e-05   1.4260e-05
 4020.00   8.2207e-06   1.4221e-05
 4025.00   2.7524e-05   1.3938e-05
 4030.00   1.2523e-05   1.3863e-05
 4035.00   5.6802e-05   1.3688e-05
 4040.00   8.4763e-05   1.4433e-05
 4045.00  -4.9280e-05   1.4241e-05
 4050.00   3.6271e-05   1.3849e-05
 4055.00   5.3672e-05   1.2982e-05
 4060.00   4.5029e-05   1.3283e-05
 4065.00   9.6824e-05   1.3908e-05
 4070.00   3.8336e-05   1.3681e-05
 4075.00  -7.3822e-05   1.2782e-05
 4080.00   3.9091e-05   1.2497e-05
 4085.00   1.6008e-04   1.2130e-05
 4090.00   1.2470e-04   1.1467e-05
 4095.00   7.8160e-05   1.1147e-05
 4100.00   4.9964e-05   1.0642e-05
 4105.00   4.9964e-05   1.0681e-05
 4110.00   4.9988e-05   1.0496e-05
 4115.00   4.9988e-05   1.0353e-05
 4120.00   5.0501e-05   1.0421e-05
 4125.00   6.5393e-05   1.0397e-05
 4130.00   5.0501e-05   1.0286e-05
 4135.00   4.6312e-05   1.0345e-05
 4140.00   5.2835e-05   1.0142e-05
 4145.00   4.9964e-05   9.6566e-06
 4150.00   4.9988e-05   9.7825e-06
 4155.00   4.9431e-05   1.0235e-05
 4160.00   3.1526e-05   1.0387e-05
 4165.00   2.3807e-05   1.0913e-05
 4170.00   8.2769e-05   1.1199e-05
 4175.00   7.2291e-05   1.0618e-05
 4180.00   5.0501e-05   1.0703e-05
 4185.00   4.9988e-05   1.0294e-05
 4190.00   5.5742e-05   1.0440e-05
 4195.00   3.2647e-05   1.0515e-05
 4200.00   4.0042e-05   1.0224e-05
 4205.00   4.9988e-05   1.0572e-05
 4210.00   5.0457e-05   1.0880e-05
 4215.00   6.0612e-05   1.0863e-05
 4220.00   3.8450e-05   1.0966e-05
 4225.00   2.8563e-05   1.0694e-05
 4230.00   2.0527e-05   1.1018e-05
 4235.00   4.6312e-05   1.1138e-05
 4240.00   4.6232e-05   1.1103e-05
 4245.00   5.6798e-05   1.1435e-05
 4250.00   4.4875e-05   1.1572e-05
 4255.00   4.4875e-05   1.1533e-05
 4260.00   2.5699e-05   1.1247e-05
 4265.00   5.1749e-05   1.1505e-05
 4270.00   1.2795e-05   1.1161e-05
 4275.00   7.2635e-05   1.1220e-05
 4280.00   4.3112e-05   1.1222e-05
 4285.00   3.9853e-05   1.0857e-05
 4290.00   1.3135e-05   1.1693e-05
 4295.00   5.0457e-05   1.1184e-05
 4300.00   6.8550e-05   1.0263e-05
 4305.00   6.5974e-05   9.9012e-06
 4310.00   1.5871e-05   9.9467e-06
 4315.00   3.9612e-05   1.0239e-05
 4320.00   3.9612e-05   1.0081e-05
 4325.00   4.0675e-05   9.1556e-06
 4330.00   5.8800e-05   9.2239e-06
 4335.00   4.4875e-05   9.1538e-06
 4340.00   4.1222e-05   8.6273e-06
 4345.00   3.7882e-05   8.7471e-06
 4350.00   5.5133e-05   8.6820e-06
 4355.00   4.2601e-05   8.6135e-06
 4360.00   4.2601e-05   8.9676e-06
 4365.00   2.9538e-05   8.5211e-06
 4370.00   2.3632e-05   8.5105e-06
 4375.00   4.1222e-05   8.4643e-06
 4380.00   2.8536e-05   8.5098e-06
 4385.00   4.0675e-05   7.9842e-06
 4390.00   4.1222e-05   8.2223e-06
 4395.00   4.2601e-05   8.7512e-06
 4400.00   4.9124e-05   8.6456e-06
 4405.00   2.7932e-05   9.0360e-06
 4410.00   4.1222e-05   9.2815e-06
 4415.00   4.5072e-05   9.2437e-06
 4420.00   2.5186e-05   9.3098e-06
 4425.00   5.0922e-05   9.2078e-06
 4430.00   4.1222e-05   9.1287e-06
 4435.00   4.7636e-05   8.9345e-06
 4440.00   6.4996e-05   9.3474e-06
 4445.00   4.3535e-05   9.3456e-06
 4450.00   6.2188e-05   9.7292e-06
 4455.00   4.8949e-05   9.5412e-06
 4460.00   4.5072e-05   9.2880e-06
 4465.00   4.5072e-05   1.0378e-05
 4470.00   4.5072e-05   9.4774e-06
 4475.00   4.3535e-05   9.8415e-06
 4480.00   4.3628e-05   9.5778e-06
 4485.00   4.3628e-05   1.0030e-05
 4490.00   5.7784e-05   9.8504e-06
 4495.00   5.3221e-05   1.0051e-05
 4500.00   4.8905e-05   9.9785e-06
 4505.00   1.4842e-05   1.0114e-05
 4510.00   5.4314e-05   1.0255e-05
 4515.00   4.3535e-05   1.0202e-05
 4520.00   4.3535e-05   1.0184e-05
 4525.00   4.3535e-05   1.0233e-05
 4530.00   4.1222e-05   1.0312e-05
 4535.00   6.5455e-05   1.0654e-05
 4540.00   4.0470e-05   1.1772e-05
 4545.00   5.1363e-05   1.1242e-05
 4550.00   4.6101e-05   1.0607e-05
 4555.00   2.5356e-05   1.0086e-05
 4560.00   3.1516e-05   9.9271e-06
 4565.00   2.4194e-05   9.4885e-06
 4570.00   3.9154e-05   9.3067e-06
 4575.00   4.3628e-05   9.2250e-06
 4580.00   1.7909e-05   8.9499e-06
 4585.00   3.9154e-05   8.8150e-06
 4590.00   3.3347e-05   8.5893e-06
 4595.00   6.0284e-05   8.5260e-06
 4600.00   3.3347e-05   8.1722e-06
 4605.00   3.1516e-05   8.0769e-06
 4610.00   2.1623e-05   8.0836e-06
 4615.00   5.2479e-05   7.8966e-06
 4620.00   3.5916e-05   7.8862e-06
 4625.00   4.0470e-05   7.8810e-06
 4630.00   3.5916e-05   7.7019e-06
 4635.00   2.2379e-05   7.5655e-06
 4640.00   2.8996e-05   7.5431e-06
 4645.00   3.5916e-05   7.3420e-06
 4650.00   1.5913e-05   7.3215e-06
 4655.00   3.1516e-05   7.5319e-06
 4660.00   3.1516e-05   7.8442e-06
 4665.00   5.0339e-05   7.5072e-06
 4670.00   1.9962e-05   7.5606e-06
 4675.00   3.3347e-05   7.6081e-06
 4680.00   4.0387e-05   7.5979e-06
 4685.00   3.9154e-05   7.7186e-06
 4690.00   3.3347e-05   7.5906e-06
 4695.00   4.0470e-05   7.6169e-06
 4700.00   2.5257e-05   7.7431e-06
 4705.00   3.5916e-05   7.8004e-06
 4710.00   5.0521e-05   7.8462e-06
 4715.00   4.0470e-05   7.8783e-06
 4720.00   4.0470e-05   7.9983e-06
 4725.00   4.6625e-05   7.9343e-06
 4730.00   4.9006e-05   7.7571e-06
 4735.00   4.9006e-05   7.9042e-06
 4740.00   4.9006e-05   8.0678e-06
 4745.00   4.6625e-05   8.0850e-06
 4750.00   4.9006e-05   8.0736e-06
 4755.00   4.9006e-05   8.1062e-06
 4760.00   5.0288e-05   8.1785e-06
 4765.00   3.5546e-05   8.2514e-06
 4770.00   4.6625e-05   8.3519e-06
 4775.00   4.6625e-05   8.8432e-06
 4780.00   4.9006e-05   8.4325e-06
 4785.00   5.0288e-05   8.5458e-06
 4790.00   5.0409e-05   8.6381e-06
 4795.00   6.5586e-05   8.7108e-06
 4800.00   4.9006e-05   8.6525e-06
 4805.00   5.0288e-05   8.7647e-06
 4810.00   5.3831e-05   8.7691e-06
 4815.00   4.9006e-05   9.1218e-06
 4820.00   4.9006e-05   1.1110e-05
 4825.00   5.6787e-05   1.0515e-05
 4830.00   6.2422e-05   1.0190e-05
 4835.00   4.6529e-05   1.0099e-05
 4840.00   5.0288e-05   9.5386e-06
 4845.00   3.9135e-05   9.2542e-06
 4850.00   4.6719e-05   8.8301e-06
 4855.00   5.1394e-05   8.5310e-06
 4860.00   5.0288e-05   8.6169e-06
 4865.00   5.0409e-05   8.0581e-06
 4870.00   5.1394e-05   7.8262e-06
 4875.00   6.9730e-05   7.7947e-06
 4880.00   5.4491e-05   7.8661e-06
 4885.00   5.1394e-05   7.7262e-06
 4890.00   5.3831e-05   7.5958e-06
 4895.00   5.4191e-05   7.4064e-06
 4900.00   3.5702e-05   7.2506e-06
 4905.00   5.3831e-05   7.2587e-06
 4910.00   5.4191e-05   7.0768e-06
 4915.00   6.2272e-05   6.9471e-06
 4920.00   6.0180e-05   6.7411e-06
 4925.00   4.6719e-05   6.9434e-06
 4930.00   4.6529e-05   7.1237e-06
 4935.00   4.6529e-05   6.7068e-06
 4940.00   3.9135e-05   6.6926e-06
 4945.00   4.4675e-05   7.1197e-06
 4950.00   4.4675e-05   6.7387e-06
 4955.00   4.4675e-05   6.7465e-06
 4960.00   5.4300e-05   6.5460e-06
 4965.00   4.4675e-05   6.8656e-06
 4970.00   4.4675e-05   7.1047e-06
 4975.00   4.4675e-05   6.7515e-06
 4980.00   3.7561e-05   6.6289e-06
 4985.00   3.7561e-05   6.4341e-06
 4990.00   3.6174e-05   6.9799e-06
 4995.00   3.6174e-05   6.8302e-06
 5000.00   3.6174e-05   6.9695e-06
 5005.00   3.7561e-05   7.0985e-06
 5010.00   4.8506e-05   6.8952e-06
 5015.00   4.5811e-05   6.8410e-06
 5020.00   4.9569e-05   6.9090e-06
 5025.00   3.7561e-05   6.9648e-06
 5030.00   3.8950e-05   7.0864e-06
 5035.00   2.8897e-05   7.1078e-06
 5040.00   4.4675e-05   7.0840e-06
 5045.00   2.1849e-05   7.2727e-06
 5050.00   2.6332e-05   7.3152e-06
 5055.00   3.2911e-05   7.4763e-06
 5060.00   3.7561e-05   7.3123e-06
 5065.00   3.7561e-05   7.1809e-06
 5070.00   3.7207e-05   7.2026e-06
 5075.00   3.6174e-05   7.2337e-06
 5080.00   3.7207e-05   7.6388e-06
 5085.00   1.8837e-05   7.3986e-06
 5090.00   2.8846e-05   7.3990e-06
 5095.00   3.6174e-05   7.4420e-06
 5100.00   2.7179e-05   7.4460e-06
 5105.00   5.0519e-05   7.5124e-06
 5110.00   5.0450e-05   7.4645e-06
 5115.00   3.4968e-05   7.6172e-06
 5120.00   3.3205e-05   7.6419e-06
 5125.00   3.0746e-05   7.6018e-06
 5130.00   3.4968e-05   7.7633e-06
 5135.00   3.7207e-05   7.8604e-06
 5140.00   5.0623e-05   9.8443e-06
 5145.00   3.4968e-05   9.9855e-06
 5150.00   3.4968e-05   9.5489e-06
 5155.00   5.0728e-05   9.2468e-06
 5160.00   4.9345e-05   8.9971e-06
 5165.00   2.7321e-05   8.4519e-06
 5170.00   2.2478e-05   8.1372e-06
 5175.00   4.2241e-05   8.0589e-06
 5180.00   4.2241e-05   8.3233e-06
 5185.00   4.4557e-05   7.5548e-06
 5190.00   4.4557e-05   7.9473e-06
 5195.00   3.1541e-05   7.6312e-06
 5200.00   4.7733e-05   8.9427e-06
 5205.00   5.4946e-05   7.5267e-06
 5210.00   5.1348e-05   7.2066e-06
 5215.00   5.2267e-05   7.0543e-06
 5220.00   6.2295e-05   7.0154e-06
 5225.00   4.8288e-05   7.1008e-06
 5230.00   3.0112e-05   6.7646e-06
 5235.00   4.7733e-05   6.7587e-06
 5240.00   5.4777e-05   6.9948e-06
 5245.00   4.8288e-05   6.6881e-06
 5250.00   4.8288e-05   6.5585e-06
 5255.00   4.7733e-05   6.9409e-06
 5260.00   4.2241e-05   6.3780e-06
 5265.00   4.4557e-05   6.0229e-06
 5270.00   4.7733e-05   6.0753e-06
 5275.00   4.7733e-05   6.5325e-06
 5280.00   4.7733e-05   6.2723e-06
 5285.00   4.8288e-05   6.1331e-06
 5290.00   5.0364e-05   6.2177e-06
 5295.00   4.9579e-05   6.2274e-06
 5300.00   4.8288e-05   6.4266e-06
 5305.00   4.4240e-05   6.3447e-06
 5310.00   4.9579e-05   6.3443e-06
 5315.00   6.0342e-05   6.4177e-06
 5320.00   3.3524e-05   6.3428e-06
 5325.00   4.7733e-05   6.4143e-06
 5330.00   4.6263e-05   6.9219e-06
 5335.00   4.7733e-05   6.3273e-06
 5340.00   4.8288e-05   6.2701e-06
 5345.00   4.7248e-05   6.7811e-06
 5350.00   4.0074e-05   6.5764e-06
 5355.00   4.7248e-05   6.5029e-06
 5360.00   6.0428e-05   6.4184e-06
 5365.00   4.7248e-05   6.3545e-06
 5370.00   4.7248e-05   6.3771e-06
 5375.00   5.1570e-05   6.5852e-06
 5380.00   6.4695e-05   6.5298e-06
 5385.00   4.9579e-05   6.5825e-06
 5390.00   4.8288e-05   6.5343e-06
 5395.00   4.6974e-05   6.4819e-06
 5400.00   4.7248e-05   6.9452e-06
 5405.00   4.7248e-05   6.6700e-06
 5410.00   3.4747e-05   6.8201e-06
 5415.00   4.0544e-05   6.9858e-06
 5420.00   5.6178e-05   7.0947e-06
 5425.00   4.8682e-05   7.2310e-06
 5430.00   4.8682e-05   7.3585e-06
 5435.00   6.7741e-05   7.6472e-06
 5440.00   4.6774e-05   7.9082e-06
 5445.00   2.5624e-05   7.7482e-06
 5450.00   4.7248e-05   7.5343e-06
 5455.00   4.8682e-05   7.6096e-06
 5460.00   3.0051e-05   8.4737e-06
 5465.00   4.7248e-05   7.8691e-06
 5470.00   4.8682e-05   8.2126e-06
 5475.00   4.8682e-05   8.2857e-06
 5480.00   4.7048e-05   8.2745e-06
 5485.00   4.6974e-05   8.4016e-06
 5490.00   4.6974e-05   8.6277e-06
 5495.00   2.5545e-05   8.5108e-06
 5500.00   4.6774e-05   8.6269e-06
 5505.00   5.0955e-05   1.1313e-05
 5510.00   4.7048e-05   1.1615e-05
 5515.00   5.6322e-05   1.1252e-05
 5520.00   6.6901e-05   1.0903e-05
 5525.00   5.0955e-05   1.0569e-05
 5530.00   4.7048e-05   1.0365e-05
 5535.00   5.6322e-05   1.0380e-05
 5540.00   3.7440e-05   1.0700e-05
 5545.00   5.6322e-05   1.1029e-05
 5550.00   7.2475e-05   1.0614e-05
 5555.00   6.5922e-05   1.1183e-05
 5560.00   6.5922e-05   1.0581e-05
 5565.00   6.5922e-05   1.1683e-05
 5570.00   6.6901e-05   1.2450e-05
 5575.00   6.6901e-05   1.4522e-05
 5580.00   6.6901e-05   1.4093e-05
 5585.00   6.7019e-05   1.2365e-05
 5590.00   6.7019e-05   1.3592e-05
 5595.00   6.7019e-05   1.3470e-05
 5600.00   7.2475e-05   1.4618e-05
 5605.00   7.2475e-05   1.6767e-05
 5610.00   7.5011e-05   2.3226e-05
 5740.00   1.0907e-04   2.6785e-05
 5745.00   1.0907e-04   1.8061e-05
 5750.00   9.9077e-05   1.7126e-05
 5755.00   8.6946e-05   1.7151e-05
 5760.00   7.4369e-05   1.7024e-05
 5765.00   8.6946e-05   1.6802e-05
 5770.00   8.1120e-05   1.7392e-05
 5775.00   8.1120e-05   1.7396e-05
 5780.00   7.5981e-05   1.7876e-05
 5785.00   2.7593e-05   1.8063e-05
 5790.00   8.6946e-05   1.9202e-05
 5795.00   5.6411e-05   1.9686e-05
 5800.00   8.1120e-05   2.0574e-05
 5805.00   7.4369e-05   2.1997e-05
 5810.00   5.6411e-05   2.3264e-05
 5815.00   5.6411e-05   2.4424e-05
 5820.00   2.5042e-05   2.6680e-05
 5825.00   9.9077e-05   2.8665e-05
 5830.00   7.5981e-05   3.2396e-05
 5835.00   5.3110e-06   3.6265e-05
 5840.00   6.1449e-06   3.5576e-05
 5845.00   8.1120e-05   3.9379e-05
 5850.00   8.1120e-05   4.2591e-05
 5855.00   4.4956e-07   4.1608e-05
 5860.00   7.5981e-05   5.3851e-05
 5865.00   8.1120e-05   5.2289e-05
 5870.00   1.7860e-04   5.0968e-05
 5875.00   8.6946e-05   4.9974e-05
 5880.00   1.9877e-04   5.1553e-05
 5885.00   1.2710e-04   5.3348e-05
 5890.00  -1.8318e-05   7.1838e-05
 5895.00   1.6297e-06   6.6607e-05
 5900.00   1.9877e-04   4.4403e+09
 5910.00   6.0621e-04   4.5857e+09
 5920.00   6.0621e-04   4.1920e+09
 5925.00   1.4797e-04   4.4108e-05
 5930.00   1.3256e-04   4.1969e-05
 5935.00   6.2385e-05   4.5697e-05
 5940.00   8.3384e-05   4.0933e-05
 5945.00   1.0751e-04   4.8483e-05
 5950.00  -4.8949e-05   5.7841e-05
 5955.00   1.2767e-04   6.0242e-05
 5960.00   1.0751e-04   5.3606e-05
 5965.00   1.2767e-04   5.1430e-05
 5970.00   9.2464e-05   5.1315e-05
 5975.00   1.3256e-04   5.0485e-05
 5980.00   1.3256e-04   4.5514e-05
 5985.00   1.4363e-04   4.3690e-05
 5990.00   2.0958e-04   4.3178e-05
 5995.00   2.2570e-04   4.1788e-05
 6000.00   1.4363e-04   4.1534e-05
 6005.00   1.8902e-04   4.2480e-05
 6010.00   1.8431e-04   4.0691e-05
 6015.00   1.8431e-04   3.9582e-05
 6020.00   1.8431e-04   3.7269e-05
 6025.00   1.8431e-04   3.8434e-05
 6030.00   1.8796e-04   3.6584e-05
 6035.00   1.9828e-04   3.6680e-05
 6040.00   2.4765e-04   3.4736e-05
 6045.00   1.9916e-04   3.4021e-05
 6050.00   2.1745e-04   3.3564e-05
 6055.00   1.8796e-04   3.4434e-05
 6060.00   1.8796e-04   3.2875e-05
 6065.00   2.3682e-04   3.2818e-05
 6070.00   1.0321e-04   3.2517e-05
 6075.00   9.6872e-05   3.1827e-05
 6080.00   2.0818e-04   3.1915e-05
 6085.00   1.9587e-04   3.1692e-05
 6090.00   9.8579e-05   3.2019e-05
 6095.00   1.5328e-04   3.2582e-05
 6100.00   2.1460e-04   3.3065e-05
 6105.00   1.5485e-04   3.3970e-05
 6110.00   2.3293e-04   3.3742e-05
 6115.00   1.0393e-04   3.6200e-05
 6120.00   6.7352e-05   3.4593e-05
 6125.00   1.5485e-04   3.5470e-05
 6130.00   1.4906e-04   3.6452e-05
 6135.00   9.1537e-05   3.7535e-05
 6140.00   1.4929e-04   3.5261e-05
 6145.00   1.6933e-04   3.6931e-05
 6150.00   8.1132e-05   3.4611e-05
 6155.00   1.5485e-04   3.4552e-05
 6160.00   1.8138e-04   3.4539e-05
 6165.00   2.1189e-04   3.3381e-05
 6170.00   1.0329e-04   4.3559e-05
 6175.00   8.4169e-05   4.7688e-05
 6180.00   1.5990e-04   4.3917e-05
 6185.00   1.5485e-04   4.2437e-05
 6190.00   1.4053e-04   4.0009e-05
 6195.00   8.4920e-05   3.9494e-05
 6200.00   1.5990e-04   3.7597e-05
 6205.00   1.9442e-04   3.7665e-05
 6210.00   1.3808e-04   3.6428e-05
 6215.00   1.5990e-04   3.4939e-05
 6220.00   1.6933e-04   3.5401e-05
 6225.00   2.1966e-04   3.2058e-05
 6230.00   1.0208e-04   3.1487e-05
 6235.00   1.7233e-04   4.2858e-05
 6240.00   1.8988e-04   3.5377e-05
 6245.00   1.7233e-04   3.2132e-05
 6250.00   1.5990e-04   3.0466e-05
 6255.00   1.3937e-04   3.0657e-05
 6260.00   1.0755e-04   3.3836e-05
 6265.00   1.7233e-04   3.1523e-05
 6270.00   1.9251e-04   3.0187e-05
 6275.00   2.1787e-04   3.0262e-05
 6280.00   1.1478e-04   2.9082e-05
 6285.00   1.8204e-04   3.0211e-05
 6290.00   2.2495e-04   3.0924e-05
 6295.00   1.8204e-04   2.9165e-05
 6300.00   1.8204e-04   4.1250e-05
 6305.00   2.2405e-04   3.2048e-05
 6310.00   1.7233e-04   2.9064e-05
 6315.00   1.8204e-04   2.8507e-05
 6320.00   1.8895e-04   3.1333e-05
 6325.00   1.8391e-04   2.9597e-05
 6330.00   1.7233e-04   3.3406e-05
 6335.00   1.7233e-04   2.9808e-05
 6340.00   1.4643e-04   3.0526e-05
 6345.00   1.5990e-04   3.1524e-05
 6350.00   7.8275e-05   3.3649e-05
 6355.00   1.6843e-04   3.4914e-05
 6360.00   2.4641e-04   3.2851e-05
 6365.00   2.1798e-04   3.8254e-05
 6370.00   1.6843e-04   3.4071e-05
 6375.00   1.6843e-04   3.5484e-05
 6380.00   1.5592e-04   4.1159e-05
 6385.00   1.4719e-04   4.1199e-05
 6390.00   2.0738e-04   3.4077e-05
 6395.00   1.1999e-04   3.0158e-05
 6400.00   1.6843e-04   2.9675e-05
 6405.00   1.3352e-04   2.9588e-05
 6410.00   1.5592e-04   3.3451e-05
 6415.00   1.2089e-04   4.1014e-05
 6420.00   1.2217e-04   4.0385e-05
 6425.00   1.0322e-04   3.6952e-05
 6430.00   1.6190e-04   3.4422e-05
 6435.00   1.1719e-04   3.3762e-05
 6440.00   1.5592e-04   3.2467e-05
 6445.00   1.6190e-04   3.1155e-05
 6450.00   1.6843e-04   3.1161e-05
 6455.00   1.5592e-04   3.0723e-05
 6460.00   1.5592e-04   2.9778e-05
 6465.00   1.5276e-04   3.6834e-05
 6470.00   1.5276e-04   3.2105e-05
 6475.00   1.5592e-04   2.7217e-05
 6480.00   2.3046e-04   2.7772e-05
 6485.00   1.5276e-04   2.5302e-05
 6490.00   2.2380e-04   2.4995e-05
 6495.00   1.5592e-04   2.5569e-05
 6500.00   1.9636e-04   2.9581e-05
 6505.00   9.3152e-05   2.6966e-05
 6510.00   2.0088e-04   2.3903e-05
 6515.00   2.0637e-04   2.4845e-05
 6520.00   1.6190e-04   2.4523e-05
 6525.00   1.7225e-04   2.5210e-05
 6530.00   1.6658e-04   2.4484e-05
 6535.00   1.5079e-04   2.6610e-05
 6540.00   1.8189e-04   2.4360e-05
 6545.00   1.5276e-04   2.6525e-05
 6550.00   9.3131e-05   2.6676e-05
 6555.00   1.0982e-04   2.7316e-05
 6560.00   1.7762e-04   2.7240e-05
 6565.00   1.6182e-04   2.6402e-05
 6570.00   1.8277e-04   2.6637e-05
 6575.00   1.6594e-04   2.6445e-05
 6580.00   1.8189e-04   2.5374e-05
 6585.00   1.7762e-04   2.5198e-05
 6590.00   2.3423e-04   2.5242e-05
 6595.00   1.7762e-04   2.6851e-05
 6600.00   1.7225e-04   2.5434e-05
 6605.00   1.6658e-04   2.8553e-05
 6610.00   1.6658e-04   2.6107e-05
 6615.00   1.7762e-04   2.6515e-05
 6620.00   1.1106e-04   2.6881e-05
 6625.00   9.3411e-05   2.8424e-05
 6630.00   1.3158e-04   2.9433e-05
 6635.00   2.1044e-04   2.6958e-05
 6640.00   1.2290e-04   2.4785e-05
 6645.00   2.3147e-04   2.4792e-05
 6650.00   1.8979e-04   2.5228e-05
 6655.00   2.1971e-04   2.5125e-05
 6660.00   1.6170e-04   2.5617e-05
 6665.00   2.5056e-04   2.5435e-05
 6670.00   2.3570e-04   2.6473e-05
 6675.00   2.6749e-04   3.3714e-05
 6680.00   2.0481e-04   3.2435e-05
 6685.00   1.9644e-04   3.1486e-05
 6690.00   2.0481e-04   3.1487e-05
 6695.00   1.9644e-04   3.0900e-05
 6700.00   1.9600e-04   3.1984e-05
 6705.00   1.4892e-04   2.8593e-05
 6710.00   1.8979e-04   2.8880e-05
 6715.00   1.8930e-04   2.7144e-05
 6720.00   1.8979e-04   2.5881e-05
 6725.00   1.3499e-04   2.5055e-05
 6730.00   2.1561e-04   2.5205e-05
 6735.00   2.1568e-04   2.3959e-05
 6740.00   1.9600e-04   2.4403e-05
 6745.00   1.6949e-04   2.4220e-05
 6750.00   2.1187e-04   2.3554e-05
 6755.00   1.9644e-04   2.2816e-05
 6760.00   1.7803e-04   2.2432e-05
 6765.00   1.5278e-04   2.2083e-05
 6770.00   2.0481e-04   2.1890e-05
 6775.00   2.3725e-04   2.1690e-05
 6780.00   1.8569e-04   2.1389e-05
 6785.00   2.2429e-04   2.1578e-05
 6790.00   1.4344e-04   2.1394e-05
 6795.00   1.8930e-04   2.0780e-05
 6800.00   1.5310e-04   2.2368e-05
 6805.00   1.9220e-04   2.1003e-05
 6810.00   1.9220e-04   2.0823e-05
 6815.00   2.0645e-04   2.0709e-05
 6820.00   1.5354e-04   2.0751e-05
 6825.00   2.0039e-04   2.1776e-05
 6830.00   1.8930e-04   3.0964e-05
 6835.00   1.9854e-04   2.7718e-05
 6840.00   2.4719e-04   2.4623e-05
 6845.00   1.8528e-04   2.1154e-05
 6850.00   1.6670e-04   2.3388e-05
 6855.00   2.1440e-04   2.2017e-05
 6860.00   1.8528e-04   2.2643e-05
 6865.00   1.9978e-04   2.8006e-05
 6870.00   1.4337e-04   2.2931e-05
 6875.00   1.8573e-04   2.1235e-05
 6880.00   1.5234e-04   2.5896e-05
 6885.00   1.9220e-04   2.3663e-05
 6890.00   1.1466e-04   2.6229e-05
 6895.00   1.7911e-04   2.4043e-05
 6900.00   1.7422e-04   2.7573e-05
 6905.00   1.7911e-04   2.5059e-05
 6910.00   1.8528e-04   2.6662e-05
 6915.00   1.8573e-04   2.3565e-05
 6920.00   1.8528e-04   2.2324e-05
 6925.00   1.1906e-04   2.6025e-05
 6930.00   1.8528e-04   2.2115e-05
 6935.00   1.6580e-04   2.1745e-05
 6940.00   1.8528e-04   2.5246e-05
 6945.00   2.3827e-04   2.1637e-05
 6950.00   1.4039e-04   2.6557e-05
 6955.00   1.3790e-04   2.5471e-05
 6960.00   2.3453e-04   2.9146e-05
 6965.00   1.0489e-04   2.8447e-05
 6970.00   2.0124e-04   2.9538e-05
 6975.00   1.4822e-04   2.6234e-05
 6980.00   2.2711e-04   2.9383e-05
 6985.00   1.7911e-04   2.5477e-05
 6990.00   1.7422e-04   2.4515e-05
 6995.00   1.1712e-04   2.3854e-05
 7000.00   2.2947e-04   2.3866e-05
 7005.00   2.1870e-04   2.4058e-05
 7010.00   2.1154e-04   2.4841e-05
 7015.00   1.3501e-04   2.0802e-05
 7020.00   2.0638e-04   2.0903e-05
 7025.00   1.5471e-04   2.0374e-05
 7030.00   1.7877e-04   2.0789e-05
 7035.00   2.1806e-04   1.9892e-05
 7040.00   1.7533e-04   2.1051e-05
 7045.00   2.0701e-04   2.0905e-05
 7050.00   1.6521e-04   2.4825e-05
 7055.00   1.9507e-04   2.0560e-05
 7060.00   2.2220e-04   1.9759e-05
 7065.00   1.7533e-04   2.1206e-05
 7070.00   1.1640e-04   2.0613e-05
 7075.00   1.5516e-04   2.0026e-05
 7080.00   1.7877e-04   2.0127e-05
 7085.00   1.7116e-04   1.9381e-05
 7090.00   1.8671e-04   2.0735e-05
 7095.00   1.8732e-04   1.8416e-05
 7100.00   1.6961e-04   1.8360e-05
 7105.00   1.6522e-04   1.8349e-05
 7110.00   1.7533e-04   1.9614e-05
 7115.00   1.2487e-04   1.8221e-05
 7120.00   1.7877e-04   1.7942e-05
 7125.00   2.1403e-04   1.8922e-05
 7130.00   1.7533e-04   2.0002e-05
 7135.00   1.3336e-04   1.9650e-05
 7140.00   1.3588e-04   1.9173e-05
 7145.00   1.7877e-04   2.2319e-05
 7150.00   2.1427e-04   2.0591e-05
 7155.00   1.6481e-04   1.9159e-05
 7160.00   1.5630e-04   2.0992e-05
 7165.00   1.1801e-04   2.0747e-05
 7170.00   2.3499e-04   2.0262e-05
 7175.00   1.8934e-04   2.1098e-05
 7180.00   1.9941e-04   2.1568e-05
 7185.00   1.9336e-04   2.0008e-05
 7190.00   1.8052e-04   2.1669e-05
 7195.00   1.8052e-04   2.0461e-05
 7200.00   1.8052e-04   2.1477e-05
 7205.00   1.8608e-04   2.1420e-05
 7210.00   2.2563e-04   2.2557e-05
 7215.00   2.3310e-04   2.2845e-05
 7220.00   1.8052e-04   2.0096e-05
 7225.00   1.5411e-04   2.0486e-05
 7230.00   2.0215e-04   2.1046e-05
 7235.00   1.6863e-04   2.0724e-05
 7240.00   1.9336e-04   3.9778e-05
 7245.00   1.9336e-04   3.0003e-05
 7250.00   1.7319e-04   2.1583e-05
 7255.00   1.2370e-04   2.5818e-05
 7260.00   1.9046e-04   2.0307e-05
 7265.00   2.6077e-04   2.5875e-05
 7270.00   1.3352e-04   2.8891e-05
 7275.00   1.9336e-04   3.5075e-05
 7280.00   1.9941e-04   2.6047e-05
 7285.00   2.0863e-04   2.9843e-05
 7290.00   1.8608e-04   2.4405e-05
 7295.00   2.0863e-04   2.5335e-05
 7300.00   2.1671e-04   2.1187e-05
 7305.00   2.0215e-04   2.6055e-05
 7310.00   2.0215e-04   2.2222e-05
 7315.00   2.0215e-04   2.4491e-05
 7320.00   2.0215e-04   1.9955e-05
 7325.00   2.3580e-04   1.9353e-05
 7330.00   1.9046e-04   2.4822e-05
 7335.00   1.4884e-04   1.9217e-05
 7340.00   1.6077e-04   2.3579e-05
 7345.00   2.1218e-04   2.0197e-05
 7350.00   1.5095e-04   2.0424e-05
 7355.00   2.1123e-04   2.0187e-05
 7360.00   2.1123e-04   2.4169e-05
 7365.00   2.1754e-04   1.9371e-05
 7370.00   2.1123e-04   2.2318e-05
 7375.00   2.1123e-04   1.9036e-05
 7380.00   2.2879e-04   1.8089e-05
 7385.00   1.8412e-04   1.7750e-05
 7390.00   2.1830e-04   2.0688e-05
 7395.00   1.6129e-04   1.8310e-05
 7400.00   1.4134e-04   2.0513e-05
 7405.00   2.0232e-04   1.7520e-05
 7410.00   2.3686e-04   1.7549e-05
 7415.00   2.0648e-04   1.8211e-05
 7420.00   1.9794e-04   1.7237e-05
 7425.00   1.9794e-04   1.7293e-05
 7430.00   1.9794e-04   1.9471e-05
 7435.00   2.5123e-04   1.8374e-05
 7440.00   2.4715e-04   2.1228e-05
 7445.00   2.1123e-04   1.7122e-05
 7450.00   2.2730e-04   1.7568e-05
 7455.00   1.6084e-04   1.7232e-05
 7460.00   1.9794e-04   1.9776e-05
 7465.00   2.2983e-04   2.3397e-05
 7470.00   1.7557e-04   2.2231e-05
 7475.00   1.3589e-04   2.1052e-05
 7480.00   2.0232e-04   2.3329e-05
 7485.00   1.7557e-04   2.2280e-05
 7490.00   1.6880e-04   1.8896e-05
 7495.00   1.4689e-04   2.0603e-05
 7500.00   2.1818e-04   1.9445e-05
 7505.00   1.7557e-04   1.9092e-05
 7510.00   1.5299e-04   1.9191e-05
 7515.00   1.9794e-04   2.0562e-05
 7520.00   1.6999e-04   2.2928e-05
 7525.00   1.7557e-04   2.8288e-05
 7530.00   1.0188e-04   2.5412e-05
 7535.00   1.6999e-04   2.1277e-05
 7540.00   1.6880e-04   2.4222e-05
 7545.00   1.0343e-04   2.3022e-05
 7550.00   1.7557e-04   2.0431e-05
 7555.00   1.5632e-04   2.0515e-05
 7560.00   1.0452e-04   2.0161e-05
 7565.00   1.5299e-04   1.9206e-05
 7570.00   1.6999e-04   2.3843e-05
 7575.00   1.4689e-04   2.0654e-05
 7580.00   1.5632e-04   1.8199e-05
 7585.00   1.4591e-04   2.1024e-05
 7590.00   1.4689e-04   1.8395e-05
 7595.00   1.4591e-04   1.5646e-05
 7600.00   1.4591e-04   1.8932e-05
 7605.00   1.4591e-04   1.7762e-05
 7610.00   1.4591e-04   1.7934e-05
 7615.00   1.3864e-04   1.8898e-05
 7620.00   2.0582e-04   2.4629e-05
 7625.00   1.2598e-04   1.8394e-05
 7630.00   1.2598e-04   2.0654e-05
 7635.00   1.3744e-04   1.6895e-05
 7640.00   1.1415e-04   1.7522e-05
 7645.00   1.2529e-04   1.7029e-05
 7650.00   1.6093e-04   1.7373e-05
 7655.00   1.3864e-04   1.9133e-05
 7660.00   1.2598e-04   1.8187e-05
 7665.00   1.5232e-04   1.8165e-05
 7670.00   1.0509e-04   1.7174e-05
 7675.00   1.4591e-04   1.7453e-05
 7680.00   1.3744e-04   1.8336e-05
 7685.00   1.3864e-04   1.8775e-05
 7690.00   1.0108e-04   1.9998e-05
 7695.00   1.6146e-04   1.7948e-05
 7700.00   1.4591e-04   2.1070e-05
 7705.00   1.6001e-04   1.6917e-05
 7710.00   1.1972e-04   1.8752e-05
 7715.00   6.8926e-05   3.7869e-05
 7720.00   1.5770e-04   1.9913e-05
 7725.00   1.9557e-04   2.4818e-05
 7730.00   1.5848e-04   1.7999e-05
 7735.00   2.1931e-04   2.0478e-05
 7740.00   1.6001e-04   1.8455e-05
 7745.00   1.5848e-04   1.7649e-05
 7750.00   1.6093e-04   2.6644e-05
 7755.00   1.8854e-04   1.8667e-05
 7760.00   1.6001e-04   1.9776e-05
 7765.00   1.9593e-04   1.6753e-05
 7770.00   1.7361e-04   1.9654e-05
 7775.00   1.0070e-04   2.3787e-05
 7780.00   2.1089e-04   2.0550e-05
 7785.00   1.7188e-04   1.9038e-05
 7790.00   2.0060e-04   2.1037e-05
 7795.00   1.6146e-04   2.2644e-05
 7800.00   2.0961e-04   1.7322e-05
 7805.00   1.7188e-04   1.8856e-05
 7810.00   1.5848e-04   2.4049e-05
 7815.00   1.5770e-04   2.0183e-05
 7820.00   1.7188e-04   2.5016e-05
 7825.00   2.0036e-04   1.8717e-05
 7830.00   1.8706e-04   1.8894e-05
 7835.00   1.7188e-04   1.8810e-05
 7840.00   1.7188e-04   2.1725e-05
 7845.00   1.7361e-04   1.7646e-05
 7850.00   1.4282e-04   2.5999e-05
 7855.00   1.7991e-04   2.3422e-05
 7860.00   1.7361e-04   2.6520e-05
 7865.00   1.2755e-04   1.9506e-05
 7870.00   1.7188e-04   2.6376e-05
 7875.00   1.4418e-04   1.9178e-05
 7880.00   1.0810e-04   3.0690e-05
 7885.00   1.7991e-04   2.3341e-05
 7890.00   1.4305e-04   3.0575e-05
 7895.00   1.7991e-04   2.3715e-05
 7900.00   1.1417e-04   2.1633e-05
 7905.00   1.6231e-04   2.3565e-05
 7910.00   2.1859e-04   2.5379e-05
 7915.00   1.6900e-04   2.5102e-05
 7920.00   1.3455e-04   2.8556e-05
 7925.00   1.9756e-04   1.8611e-05
 7930.00   1.6900e-04   2.7337e-05
 7935.00   2.0949e-04   1.8803e-05
 7940.00   1.6900e-04   1.8488e-05
 7945.00   1.6900e-04   2.0709e-05
 7950.00   1.9531e-04   2.1871e-05
 7955.00   1.4039e-04   1.7277e-05
 7960.00   1.6231e-04   1.7264e-05
 7965.00   1.6416e-04   2.2370e-05
 7970.00   1.9789e-04   2.2988e-05
 7975.00   1.6900e-04   2.5301e-05
 7980.00   2.1425e-04   2.9179e-05
 7985.00   1.3975e-04   2.2190e-05
 7990.00   1.3572e-04   2.3901e-05
 7995.00   2.1964e-04   2.9277e-05
 8000.00   1.7375e-04   2.3822e-05
 8005.00   1.6900e-04   2.0842e-05
 8010.00   2.2428e-04   2.0679e-05
 8015.00   1.7375e-04   2.5437e-05
 8020.00   1.6724e-04   2.1985e-05
 8025.00   1.9789e-04   2.5911e-05
 8030.00   1.8089e-04   2.5768e-05
 8035.00   1.4133e-04   1.9280e-05
 8040.00   1.7375e-04   1.8673e-05
 8045.00   1.8089e-04   1.7962e-05
 8050.00   1.6599e-04   2.2538e-05
 8055.00   1.6120e-04   1.7771e-05
 8060.00   1.7642e-04   2.0279e-05
 8065.00   2.1551e-04   1.8997e-05
 8070.00   1.8089e-04   1.8535e-05
 8075.00   1.5555e-04   1.8381e-05
 8080.00   1.7642e-04   1.7194e-05
 8085.00   1.2648e-04   1.8834e-05
 8090.00   1.4535e-04   1.6000e-05
 8095.00   2.1036e-04   1.9461e-05
 8100.00   1.4831e-04   1.8223e-05
 8105.00   1.3097e-04   1.9042e-05
 8110.00   2.2999e-04   1.6766e-05
 8115.00   1.7642e-04   1.5821e-05
 8120.00   1.7375e-04   1.5778e-05
 8125.00   2.2166e-04   1.6223e-05
 8130.00   1.7375e-04   1.6694e-05
 8135.00   1.7375e-04   1.6396e-05
 8140.00   2.2881e-04   1.8230e-05
 8145.00   2.0609e-04   1.7256e-05
 8150.00   1.7642e-04   1.5576e-05
 8155.00   1.8811e-04   1.6227e-05
 8160.00   2.2872e-04   1.5070e-05
 8165.00   2.0609e-04   1.4965e-05
 8170.00   2.1047e-04   1.4886e-05
 8175.00   1.9697e-04   1.5035e-05
 8180.00   1.8272e-04   1.4894e-05
 8185.00   1.8811e-04   1.5316e-05
 8190.00   2.2712e-04   1.6838e-05
 8195.00   2.0609e-04   1.7092e-05
 8200.00   1.9697e-04   1.5066e-05
 8205.00   2.0609e-04   1.6619e-05
 8210.00   2.0769e-04   1.7169e-05
 8215.00   1.7061e-04   1.6715e-05
 8220.00   2.0769e-04   1.6098e-05
 8225.00   1.7226e-04   1.6541e-05
 8230.00   2.3194e-04   1.5194e-05
 8235.00   2.0609e-04   1.7392e-05
 8240.00   2.4393e-04   1.7963e-05
 8245.00   1.8811e-04   1.7734e-05
 8250.00   1.8272e-04   1.8578e-05
 8255.00   2.3427e-04   1.7883e-05
 8260.00   1.8811e-04   1.7211e-05
 8265.00   1.9697e-04   1.8960e-05
 8270.00   1.9697e-04   1.8392e-05
 8275.00   1.8811e-04   1.8629e-05
 8280.00   1.5194e-04   4.5616e-05
 8285.00   1.1716e-04   2.6797e-05
 8290.00   1.8981e-04   2.7392e-05
 8295.00   1.8084e-04   2.2443e-05
 8300.00   1.9697e-04   2.6833e-05
 8305.00   2.1134e-04   2.2372e-05
 8310.00   1.9697e-04   2.5181e-05
 8315.00   1.9697e-04   2.0186e-05
 8320.00   2.0635e-04   1.8056e-05
 8325.00   1.9697e-04   1.6568e-05
 8330.00   2.0635e-04   1.6206e-05
 8335.00   1.7051e-04   1.6725e-05
 8340.00   1.7208e-04   1.8598e-05
 8345.00   1.9697e-04   2.6843e-05
 8350.00   2.3370e-04   2.1075e-05
 8355.00   1.7500e-04   1.9801e-05
 8360.00   2.0951e-04   1.9205e-05
 8365.00   1.6609e-04   2.5605e-05
 8370.00   1.8150e-04   1.6571e-05
 8375.00   1.8981e-04   1.7209e-05
 8380.00   1.6628e-04   2.6944e-05
 8385.00   1.8150e-04   2.2314e-05
 8390.00   1.8150e-04   2.2317e-05
 8395.00   1.8150e-04   1.9707e-05
 8400.00   1.0217e-04   2.6686e-05
 8405.00   1.7670e-04   1.8817e-05
 8410.00   1.2973e-04   1.8751e-05
 8415.00   1.7500e-04   2.2954e-05
 8420.00   1.4429e-04   1.8683e-05
 8425.00   1.7500e-04   2.3560e-05
 8430.00   1.7500e-04   2.7866e-05
 8435.00   1.2778e-04   1.9640e-05
 8440.00   1.8003e-04   1.7163e-05
 8445.00   1.3098e-04   1.9513e-05
 8450.00   1.8150e-04   1.9921e-05
 8455.00   2.2234e-04   1.8634e-05
 8460.00   1.8150e-04   1.7530e-05
 8465.00   1.6502e-04   2.2539e-05
 8470.00   1.8150e-04   1.6211e-05
 8475.00   2.1382e-04   1.8399e-05
 8480.00   1.5890e-04   1.5971e-05
 8485.00   1.7670e-04   1.5924e-05
 8490.00   1.8368e-04   1.5690e-05
 8495.00   1.8368e-04   2.6224e-05
 8500.00   1.8150e-04   1.7603e-05
 8505.00   1.1987e-04   2.2614e-05
 8510.00   1.8368e-04   1.5398e-05
 8515.00   2.1001e-04   1.5264e-05
 8520.00   1.3881e-04   1.6389e-05
 8525.00   1.8003e-04   1.5241e-05
 8530.00   1.8003e-04   1.5010e-05
 8535.00   1.8684e-04   1.4799e-05
 8540.00   1.9868e-04   1.8955e-05
 8545.00   1.9246e-04   1.5297e-05
 8550.00   1.8368e-04   2.1292e-05
 8555.00   1.9743e-04   1.5365e-05
 8560.00   2.0833e-04   1.4345e-05
 8565.00   1.4429e-04   1.4905e-05
 8570.00   2.3101e-04   1.5312e-05
 8575.00   1.8684e-04   1.7541e-05
 8580.00   1.8684e-04   1.5811e-05
 8585.00   2.1280e-04   1.5205e-05
 8590.00   1.8684e-04   1.7580e-05
 8595.00   1.8684e-04   1.7027e-05
 8600.00   1.8755e-04   1.5571e-05
 8605.00   2.0090e-04   1.5208e-05
 8610.00   2.3442e-04   1.6534e-05
 8615.00   2.0010e-04   2.1630e-05
 8620.00   1.8684e-04   2.8187e-05
 8625.00   1.7141e-04   3.0795e-05
 8630.00   9.5666e-05   3.2608e-05
 8635.00   1.8755e-04   2.8657e-05
 8640.00   1.5366e-04   2.4078e-05
 8645.00   1.7141e-04   1.8192e-05
 8650.00   1.2287e-04   2.4458e-05
 8655.00   1.8755e-04   2.4528e-05
 8660.00   1.6715e-04   2.4004e-05
 8665.00   1.5852e-04   2.3031e-05
 8670.00   1.6715e-04   2.2088e-05
 8675.00   1.8876e-04   2.1315e-05
 8680.00   1.0982e-04   2.0622e-05
 8685.00   1.2410e-04   1.8803e-05
 8690.00   1.2667e-04   1.7708e-05
 8695.00   1.9688e-04   1.8380e-05
 8700.00   1.5852e-04   2.1300e-05
 8705.00   1.4829e-04   1.9390e-05
 8710.00   1.5888e-04   1.8973e-05
 8715.00   1.1655e-04   1.7350e-05
 8720.00   1.5577e-04   1.7460e-05
 8725.00   1.6715e-04   1.9385e-05
 8730.00   1.5888e-04   1.8017e-05
 8735.00   1.5528e-04   1.8554e-05
 8740.00   1.5841e-04   2.0749e-05
 8745.00   1.5888e-04   2.0317e-05
 8750.00   1.1274e-04   2.0420e-05
 8755.00   1.3651e-04   1.9979e-05
 8760.00   1.2301e-04   4.9869e-05
 8765.00   1.6872e-04   2.5717e-05
 8770.00   1.8440e-04   2.3388e-05
 8775.00   2.0546e-04   2.2548e-05
 8780.00   1.5888e-04   2.1312e-05
 8785.00   1.5888e-04   1.6813e-05
 8790.00   1.5888e-04   2.3549e-05
 8795.00   2.0558e-04   1.6422e-05
 8800.00   1.9931e-04   1.6822e-05
 8805.00   1.6690e-04   1.5997e-05
 8810.00   1.5475e-04   1.9848e-05
 8815.00   1.7755e-04   1.6124e-05
 8820.00   1.6690e-04   1.6351e-05
 8825.00   1.0406e-04   2.5737e-05
 8830.00   1.6593e-04   2.8250e-05
 8835.00   1.5836e-04   4.7865e-05
 8840.00   1.8868e-04   2.0796e-05
 8845.00   1.6872e-04   2.3039e-05
 8850.00   2.4339e-04   2.5825e-05
 8855.00   1.6593e-04   2.0071e-05
 8860.00   1.4720e-04   2.1161e-05
 8865.00   1.7755e-04   2.4907e-05
 8870.00   1.8440e-04   2.0969e-05
 8875.00   1.6690e-04   1.7624e-05
 8880.00   1.7474e-04   1.7288e-05
 8885.00   1.7474e-04   2.6498e-05
 8890.00   1.6690e-04   2.0299e-05
 8895.00   1.6690e-04   1.9651e-05
 8900.00   1.6593e-04   1.8582e-05
 8905.00   1.6593e-04   2.3277e-05
 8910.00   1.3303e-04   2.0016e-05
 8915.00   1.6086e-04   1.7234e-05
 8920.00   1.5892e-04   2.7357e-05
 8925.00   1.2883e-04   1.8843e-05
 8930.00   1.6086e-04   1.9233e-05
 8935.00   2.1021e-04   1.8682e-05
 8940.00   1.6593e-04   1.7450e-05
 8945.00   1.6593e-04   2.0485e-05
 8950.00   1.5892e-04   1.5388e-05
 8955.00   1.7474e-04   1.6560e-05
 8960.00   1.6086e-04   1.9609e-05
 8965.00   1.6690e-04   1.5164e-05
 8970.00   1.3705e-04   1.8619e-05
 8975.00   1.6690e-04   1.5307e-05
 8980.00   1.4770e-04   1.8646e-05
 8985.00   1.6086e-04   1.6765e-05
 8990.00   1.6086e-04   1.9639e-05
 8995.00   1.5076e-04   1.6213e-05
 9000.00   1.5892e-04   1.9914e-05
 9005.00   1.3567e-04   1.4200e-05
 9010.00   1.2975e-04   1.3462e-05
 9015.00   1.3374e-04   1.3047e-05
 9020.00   1.5617e-04   1.5457e-05
 9025.00   1.5617e-04   1.3496e-05
 9030.00   1.8774e-04   1.6696e-05
 9035.00   1.4995e-04   1.4928e-05
 9040.00   2.0694e-04   1.7283e-05
 9045.00   1.4885e-04   1.6002e-05
 9050.00   1.9778e-04   2.1394e-05
 9055.00   1.8988e-04   1.6210e-05
 9060.00   1.9674e-04   1.4846e-05
 9065.00   1.5341e-04   1.6904e-05
 9070.00   1.3143e-04   1.7153e-05
 9075.00   1.2918e-04   1.6067e-05
 9080.00   1.5617e-04   1.4406e-05
 9085.00   1.7371e-04   1.5804e-05
 9090.00   1.6736e-04   1.6360e-05
 9095.00   1.3813e-04   1.8267e-05
 9100.00   1.9067e-04   1.6788e-05
 9105.00   1.7371e-04   1.7265e-05
 9110.00   1.7687e-04   1.5068e-05
 9115.00   1.4297e-04   1.5194e-05
 9120.00   1.5234e-04   1.4684e-05
 9125.00   1.7687e-04   1.5349e-05
 9130.00   1.7687e-04   1.4834e-05
 9135.00   1.7494e-04   1.6457e-05
 9140.00   1.2743e-04   1.6809e-05
 9145.00   1.5341e-04   1.6812e-05
 9150.00   1.9764e-04   1.9533e-05
 9155.00   1.8330e-04   2.0110e-05
 9160.00   2.0602e-04   2.4932e-05
 9165.00   1.3704e-04   1.7091e-05
 9170.00   1.7687e-04   1.7381e-05
 9175.00   2.1143e-04   1.7049e-05
 9180.00   1.8973e-04   1.8332e-05
 9185.00   1.9657e-04   1.7868e-05
 9190.00   1.8640e-04   1.7831e-05
 9195.00   1.7687e-04   1.7529e-05
 9200.00   1.2452e-04   1.8826e-05
 9205.00   2.1408e-04   1.9150e-05
 9210.00   1.8823e-04   1.9598e-05
 9215.00   1.7687e-04   2.2981e-05
 9220.00   1.6547e-04   2.0709e-05
 9225.00   1.7687e-04   2.8185e-05
 9230.00   1.7494e-04   2.0853e-05
 9235.00   1.9967e-04   2.0726e-05
 9240.00   1.7494e-04   2.0391e-05
 9245.00   1.1595e-04   2.1251e-05
 9250.00   2.2945e-04   2.7168e-05
 9255.00   1.7494e-04   2.3690e-05
 9260.00   1.7272e-04   1.9102e-05
 9265.00   1.4359e-04   2.0711e-05
 9270.00   1.4960e-04   1.7103e-05
 9275.00   1.6547e-04   1.6968e-05
 9280.00   1.6547e-04   1.7049e-05
 9285.00   1.1392e-04   2.0101e-05
 9290.00   2.0139e-04   1.9193e-05
 9295.00   1.1830e-04   2.1750e-05
 9300.00   1.1810e-04   1.7023e-05
 9305.00   1.4960e-04   2.8326e-05
 9310.00   1.7272e-04   5.4195e-05
 9315.00   5.9219e-05   3.1954e-05
 9320.00   1.5245e-04   2.5492e-05
 9325.00   1.4359e-04   2.9278e-05
 9330.00   1.0210e-04   2.4044e-05
 9335.00   1.1830e-04   2.3048e-05
 9340.00   1.1830e-04   2.9014e-05
 9345.00   1.1810e-04   2.3936e-05
 9350.00   1.1810e-04   3.5566e-05
 9355.00   1.1509e-04   2.0351e-05
 9360.00   7.8635e-05   2.2512e-05
 9365.00   1.4863e-04   2.1354e-05
 9370.00   1.6715e-04   2.4121e-05
 9375.00   1.1509e-04   7.9465e-05
 9380.00   7.2485e-05   2.5285e-05
 9385.00   1.1392e-04   3.0560e-05
 9390.00   1.0468e-04   2.1677e-05
 9395.00   1.1509e-04   3.2431e-05
 9400.00   6.2032e-05   2.7902e-05
 9405.00   1.1509e-04   2.8232e-05
 9410.00   6.7127e-05   1.9760e-05
 9415.00   8.6045e-05   2.3005e-05
 9420.00   8.8262e-05   4.2601e-05
 9425.00   3.9995e-05   2.2304e-05
 9430.00   8.8262e-05   1.8408e-05
 9435.00   8.8262e-05   2.4695e-05
 9440.00   8.6045e-05   5.3341e-05
 9445.00   4.8163e-05   2.4038e-05
 9450.00   4.9998e-05   2.7972e-05
 9455.00   9.3127e-05   2.3555e-05
 9460.00   8.8262e-05   3.3076e-05
 9465.00   9.3127e-05   2.0122e-05
 9470.00   1.3477e-04   2.0333e-05
 9475.00   9.3127e-05   3.4074e-05
 9480.00   9.3127e-05   2.4372e-05
 9485.00   1.2714e-04   2.2749e-05
 9490.00   9.3127e-05   2.4617e-05
 9495.00   1.3272e-04   1.9042e-05
 9500.00   9.3127e-05   2.3204e-05
 9505.00   9.3127e-05   2.8407e-05
 9510.00   8.6045e-05   2.1419e-05
 9515.00   8.8262e-05   2.1468e-05
 9520.00   9.3127e-05   3.4031e-05
 9525.00   1.2032e-04   2.1112e-05
 9530.00   1.0347e-04   2.4775e-05
 9535.00   6.5593e-05   2.7311e-05
 9540.00   1.1235e-04   2.0202e-05
 9545.00   8.1444e-05   1.8345e-05
 9550.00   1.2640e-04   2.5022e-05
 9555.00   6.9944e-05   2.3360e-05
 9560.00   1.2714e-04   2.3994e-05
 9565.00   1.2714e-04   2.7424e-05
 9570.00   2.0509e-04   3.1675e-05
 9575.00   1.2640e-04   2.3155e-05
 9580.00   1.1235e-04   1.8647e-05
 9585.00   8.0619e-05   2.0238e-05
 9590.00   1.2640e-04   2.2419e-05
 9595.00   1.0347e-04   2.0521e-05
 9600.00   1.1235e-04   2.0188e-05
 9605.00   7.1169e-05   2.4170e-05
 9610.00   1.2882e-04   2.6695e-05
 9615.00   1.4364e-04   2.3372e-05
 9620.00   1.3460e-04   3.4701e-05
 9625.00   6.8394e-05   2.5628e-05
 9630.00   1.5192e-04   2.8124e-05
 9635.00   1.2640e-04   2.1857e-05
 9640.00   1.3471e-04   2.2231e-05
 9645.00   1.5806e-04   1.9979e-05
 9650.00   1.6687e-04   2.4215e-05
 9655.00   8.7184e-05   2.9142e-05
 9660.00   1.2640e-04   3.0870e-05
 9665.00   1.2640e-04   2.5557e-05
 9670.00   1.9429e-04   4.1954e-05
 9675.00   1.0956e-04   3.1439e-05
 9680.00   4.8248e-05   5.1589e-05
 9685.00   1.0956e-04   3.4405e-05
 9690.00   5.2145e-06   3.5692e-05
 9695.00   5.6331e-05   2.9902e-05
 9700.00   1.0998e-04   4.7735e-05
 9705.00   1.2640e-04   2.8963e-05
 9710.00   1.7904e-04   3.5510e-05
 9715.00   1.4485e-04   3.1273e-05
 9720.00   2.6567e-05   5.9767e-05
 9725.00   1.0998e-04   3.4676e-05
 9730.00   1.0998e-04   3.4086e-05
 9735.00   9.2859e-05   4.6765e-05
 9740.00   1.0956e-04   3.8435e-05
 9745.00   9.2859e-05   4.0535e-05
 9750.00   1.3963e-04   2.9264e-05
 9755.00   8.8278e-05   3.0819e-05
 9760.00   9.2859e-05   2.8449e-05
 9765.00   1.5877e-04   2.9677e-05
 9770.00   8.8278e-05   2.9322e-05
 9775.00   5.7033e-05   3.0786e-05
 9780.00   2.0901e-05   3.2200e-05
 9785.00   1.2012e-05   3.5560e-05
 9790.00   9.2859e-05   1.0306e-04
 9795.00   1.3589e-04   4.8771e-05
 9800.00   2.6589e-04   5.3313e-05
 9805.00   1.8354e-04   3.6284e-05
 9810.00   1.5511e-04   5.4261e-05
 9815.00   1.3165e-04   6.7273e-05
 9820.00   1.3165e-04   5.5752e-05
 9825.00  -2.6340e-05   5.3484e-05
 9830.00   5.1380e-05   5.7590e-05
 9835.00   1.3165e-04   4.6994e-05
 9840.00   2.1398e-05   4.3160e-05
 9845.00   1.4666e-04   5.4946e-05
 9850.00  -1.3516e-05   6.9973e-05
 9855.00   1.9061e-04   4.4008e-05
 9860.00   1.3165e-04   4.2590e-05
 9865.00   8.8278e-05   4.8310e-05
 9870.00   1.4847e-04   9.3014e-05
 9875.00  -7.2924e-05   6.9100e-05
 9880.00   9.1007e-05   4.5576e-05
 9885.00   9.7963e-05   5.8947e-05
 9890.00   2.3296e-04   7.6246e-05
 9895.00   1.3165e-04   9.5038e-05
 9900.00  -1.6944e-05   5.1606e-05
 9905.00   9.7963e-05   4.4843e-05
 9910.00   9.1007e-05   5.9262e-05
 9915.00   3.3516e-04   1.3043e-04
 9920.00   1.1009e-04   5.2406e-05
 9925.00   8.7405e-05   4.2603e-05
 9930.00   1.3165e-04   4.2510e-05
 9935.00   5.4095e-05   4.8559e-05
 9940.00   5.9180e-05   8.6652e-05
 9945.00   1.5990e-04   1.8253e-04
 9950.00   1.3665e-04   9.5778e-05
 9955.00   9.1004e-05   1.0694e-04
 9960.00   1.3315e-04   1.3890e-04
 9965.00   1.3789e-04   7.0621e-05
 9970.00  -1.1302e-05   6.8327e-05
 9975.00   2.1195e-04   7.1249e-05
 9980.00   9.7868e-05   6.0819e-05
 9985.00   2.0963e-04   4.2757e-05
 9990.00   1.3963e-04   4.6938e-05
 9995.00   9.1561e-05   5.1842e-05
10000.00   9.1008e-05   7.9945e-05
10005.00   8.5888e-05   6.0046e-05
10010.00   2.5746e-04   1.0592e-04
10015.00   1.9268e-04   1.2939e-04
10020.00   2.1960e-04   7.9478e-05
10025.00   2.3737e-04   1.1414e-04
10030.00   8.1561e-05   6.0708e-05
10035.00   7.8533e-05   6.0134e-05
10040.00   8.6133e-05   6.3253e-05
10045.00   8.5728e-05   7.3376e-05
10050.00   8.5740e-05   4.9327e-05
10055.00   9.3231e-05   5.5321e-05
10060.00   3.7940e-04   1.2526e-04
10065.00  -5.1271e-05   8.5774e-05
10070.00   7.9164e-05   1.1149e-04
10075.00   1.0902e-04   7.7045e-05
10080.00   1.1683e-04   1.0992e-04
10085.00  -5.4637e-05   1.0543e-04
10090.00   8.9751e-05   6.8722e-05
10095.00   8.9565e-05   7.2437e-05
10100.00   6.2883e-05   8.8498e-05
10105.00  -1.3648e-04   1.0948e-04
10110.00   5.5780e-05   7.1431e-05
10115.00  -1.4948e-04   7.2019e-05
10120.00  -3.6372e-04   1.0540e-04
10125.00   7.9223e-05   1.7954e-04
10130.00   2.2831e-05   1.0264e-04
10135.00  -4.5232e-05   9.0612e-05
10140.00  -1.4166e-04   8.5443e-05
10145.00  -2.4507e-04   1.2487e-04
10150.00  -1.0696e-04   1.3886e-04
10155.00  -7.5560e-05   1.5852e-04
10160.00  -6.6857e-05   1.3509e-04
10165.00  -1.9819e-04   1.4029e-04
10170.00  -6.2179e-04   2.0443e-04
10175.00  -4.2276e-04   1.5313e-04
10180.00  -2.2533e-04   1.5203e-04
10185.00   2.5368e-04   1.3830e-04
10190.00  -8.3322e-05   2.0238e-04
10195.00  -1.6533e-04   2.2780e-04
10200.00   1.7139e-04   2.3964e-04
10205.00  -1.4304e-04   2.4981e-04
10210.00  -9.0255e-05   3.8053e-04
10215.00   1.1604e-04   2.1611e-04
10220.00   5.6734e-05   2.1454e-04
10225.00   1.8263e-04   2.6951e-04
10230.00   4.7315e-04   2.4910e-04
10235.00   1.9039e-04   2.0335e-04
10240.00  -6.3633e-05   2.2448e-04
10245.00  -8.7637e-05   1.7590e-04
10250.00  -2.0052e-04   1.7284e-04
10255.00   6.2027e-05   1.7200e-04
10260.00  -3.0982e-04   1.6930e-04
10265.00  -4.4377e-05   1.8274e-04
10270.00   1.2487e-04   1.8346e-04
10275.00   2.4679e-05   1.6308e-04
10280.00   1.4854e-04   1.5757e-04
10285.00  -1.9726e-04   2.9926e-04
10290.00   1.0619e-04   1.7049e-04
10295.00   1.1327e-04   2.2691e-04
10300.00  -3.8251e-05   1.5242e-04
10305.00  -1.1386e-04   2.4987e-04
10310.00   8.1577e-05   2.5362e-04
10315.00  -5.9680e-05   1.9368e-04
10320.00   2.1160e-04   1.7513e-04
10325.00   2.8154e-04   1.7768e-04
10330.00   3.5130e-04   1.8601e-04
10335.00   4.7032e-04   1.4820e-04
10340.00   1.1115e-04   1.5822e-04
10345.00  -2.1550e-04   1.7579e-04
10350.00  -1.2503e-04   1.4971e-04
10355.00   7.5891e-05   1.4645e-04
10360.00   1.2405e-04   1.2285e-04
10365.00   1.2822e-04   1.2085e-04
10370.00   3.9769e-05   1.4594e-04
10375.00  -1.0716e-04   1.3897e-04
10380.00  -4.8941e-05   1.2906e-04
10385.00  -1.6889e-05   1.0851e-04
10390.00   6.6317e-05   1.1152e-04
10395.00   6.8284e-05   1.7127e-04
10400.00   1.0239e-04   1.0196e-04
10405.00   2.4628e-04   9.9606e-05
10410.00   1.2415e-04   1.0023e-04
10415.00   1.0573e-04   1.1803e-04
10420.00  -1.7491e-04   1.4885e-04
10425.00  -5.5019e-06   1.0173e-04
10430.00   3.9015e-05   9.6716e-05
10435.00  -3.2565e-05   8.5031e-05
10440.00   5.3109e-05   8.4163e-05
10445.00   2.3088e-05   1.0384e-04
10450.00   1.9469e-04   1.4642e-04
10455.00   1.2008e-04   8.5623e-05
10460.00   1.0650e-04   8.2985e-05
10465.00   1.6030e-04   8.9420e-05
10470.00   7.4605e-05   1.2111e-04
10475.00   1.4281e-04   8.0322e-05
10480.00   1.2222e-04   7.9347e-05
10485.00  -1.0609e-05   8.4869e-05
10490.00  -5.4197e-05   7.8903e-05
10495.00   2.5507e-05   8.0323e-05
10500.00   1.9531e-04   8.7609e-05
10505.00   1.1599e-05   8.0143e-05
10510.00   1.4690e-04   1.1273e-04
10515.00   3.0241e-05   9.8895e-05
10520.00   7.7799e-05   7.8835e-05
10525.00   2.6919e-04   1.5495e-04
10530.00   1.8151e-04   8.6199e-05
10535.00   3.9579e-05   7.7366e-05
10540.00   1.6824e-04   7.6907e-05
10545.00   7.2764e-05   7.7671e-05
10550.00  -3.0684e-05   8.1154e-05
10555.00   5.5853e-05   7.9037e-05
10560.00   1.1985e-04   7.8244e-05
10565.00   1.1943e-04   7.8705e-05
10570.00   1.6439e-04   9.0324e-05
10575.00   1.6628e-04   8.7582e-05
10580.00   2.9960e-05   8.1108e-05
10585.00   3.1067e-04   1.1654e-04
10590.00  -1.5442e-04   8.4806e-05
10595.00   1.2125e-04   1.0746e-04
10600.00   1.3305e-04   8.7906e-05
10605.00   7.5778e-05   1.0346e-04
10610.00  -1.1250e-05   8.7248e-05
10615.00  -5.0781e-06   8.7832e-05
10620.00   3.5618e-05   8.8644e-05
10625.00   4.7401e-05   9.0443e-05
10630.00   8.3074e-05   9.8543e-05
10635.00   6.6761e-05   9.2164e-05
10640.00   2.0189e-04   1.0712e-04
10645.00   1.1383e-04   9.5710e-05
10650.00   7.5244e-05   1.0810e-04
10655.00   5.4584e-05   9.4899e-05
10660.00   1.3213e-04   9.1643e-05
10665.00   1.3462e-04   9.5340e-05
10670.00   1.1841e-04   9.3191e-05
10675.00  -8.9328e-05   9.6038e-05
10680.00  -1.1602e-05   9.8911e-05
10685.00   2.6146e-05   1.2078e-04
10690.00  -9.8139e-06   1.1920e-04
10695.00   1.7319e-04   1.2012e-04
10700.00   1.3752e-04   1.1586e-04
10705.00   5.6778e-06   1.1235e-04
10710.00   2.1847e-04   1.5094e-04
10715.00   3.5525e-05   1.1165e-04
10720.00   1.2262e-05   1.3542e-04
10725.00   3.5938e-05   1.6459e-04
10730.00   3.2500e-04   1.7843e-04
10735.00  -4.3510e-05   1.5412e-04
10740.00  -4.3243e-05   1.4292e-04
10745.00   8.7525e-05   1.5174e-04
10750.00  -6.0047e-06   1.9421e-04
10755.00   7.7738e-05   1.1941e-04
10760.00   9.5011e-05   1.2294e-04
10765.00   1.4267e-04   1.1722e-04
10770.00   5.1674e-05   1.4448e-04
10775.00   2.6417e-05   1.1865e-04
10780.00   1.9146e-04   1.1071e-04
10785.00  -1.5644e-05   1.0633e-04
10790.00   1.5269e-04   1.1399e-04
10795.00   1.8840e-04   1.0874e-04
10800.00  -5.1177e-05   1.0988e-04
10805.00   1.8232e-04   1.0162e-04
10810.00   2.0137e-04   1.1956e-04
10815.00   1.2563e-04   9.8874e-05
10820.00   1.8522e-05   9.9754e-05
10825.00   1.3453e-04   1.0044e-04
10830.00   3.0227e-04   3.0226e-04
10835.00  -2.5230e-05   1.1096e-04
10840.00   2.4401e-05   1.6606e-04
10845.00  -3.5243e-05   9.7733e-05
10850.00   3.6595e-05   9.7381e-05
10855.00   1.0868e-04   1.2003e-04
10860.00  -9.0772e-05   1.0895e-04
10865.00   9.8507e-05   9.1523e-05
10870.00   1.9705e-04   1.0459e-04
10875.00   1.4132e-04   1.2489e-04
10880.00   1.4840e-05   8.6420e-05
10885.00   1.1664e-04   9.1995e-05
10890.00   1.0606e-04   8.7354e-05
10895.00  -2.4013e-06   1.3429e-04
10900.00   1.8737e-05   9.0436e-05
10905.00  -6.4360e-05   8.2748e-05
10910.00   1.1362e-04   8.4202e-05
10915.00   5.2231e-05   8.8266e-05
10920.00  -2.4279e-05   1.0674e-04
10925.00   3.4946e-05   1.1861e-04
10930.00   7.1440e-05   8.3278e-05
10935.00   4.0471e-05   8.5529e-05
10940.00   1.1393e-04   8.5379e-05
10945.00   8.2369e-05   9.6939e-05
10950.00   1.8258e-04   1.1841e-04
10955.00   2.8750e-05   8.7444e-05
10960.00  -6.9389e-06   8.7022e-05
10965.00   1.4434e-04   1.0056e-04
10970.00   1.4308e-04   1.3653e-04
10975.00  -6.2319e-06   1.1125e-04
10980.00  -7.6136e-05   9.2577e-05
10985.00   1.6540e-04   9.6037e-05
10990.00   1.5024e-05   9.0626e-05
10995.00   1.5067e-05   7.5881e-05
11000.00  -9.1184e-05   7.8138e-05
11005.00  -3.8922e-06   1.2775e-04
11010.00   3.6003e-05   7.6039e-05
11015.00   8.8355e-05   7.4757e-05
11020.00   4.5835e-05   7.4807e-05
11025.00   1.9228e-04   1.1494e-04
11030.00   1.1984e-04   9.4322e-05
11035.00   1.3098e-04   7.7625e-05
11040.00   1.0567e-04   7.8460e-05
11045.00   1.2419e-04   7.8336e-05
11050.00   5.7880e-05   9.8205e-05
11055.00   1.3009e-04   8.1581e-05
11060.00  -5.6367e-05   8.7430e-05
11065.00  -1.1117e-05   8.7631e-05
11070.00   1.9729e-04   1.1970e-04
11075.00   1.3621e-04   8.4917e-05
11080.00  -4.2571e-06   9.6766e-05
11085.00   3.3181e-05   1.2527e-04
11090.00   3.0851e-05   9.8343e-05
11095.00   1.6166e-04   1.0924e-04
11100.00  -1.4314e-07   1.0066e-04
11105.00   6.7248e-05   9.6061e-05
11110.00  -4.7247e-05   8.4877e-05
11115.00   1.0931e-04   8.3039e-05
11120.00   8.8993e-05   8.7123e-05
11125.00   6.7933e-05   8.1791e-05
11130.00   1.6526e-05   8.1505e-05
11135.00  -4.2145e-06   9.2303e-05
11140.00   2.0160e-04   9.5244e-05
11145.00   1.4789e-04   8.5337e-05
11150.00   9.5329e-05   9.5282e-05
11155.00   1.6231e-04   1.0825e-04
11160.00   3.5407e-05   8.6283e-05
11165.00   4.4031e-05   8.9821e-05
11170.00   5.4957e-05   8.3762e-05
11175.00  -4.5508e-05   8.2983e-05
11180.00  -1.9530e-05   1.1258e-04
11185.00   1.9950e-04   1.1109e-04
11190.00   2.2104e-04   1.0771e-04
11195.00   2.0579e-05   1.0616e-04
11200.00   1.2686e-04   1.0520e-04
11205.00  -5.8955e-06   1.0275e-04
11210.00   7.9001e-05   1.1779e-04
11215.00   1.4585e-04   9.8078e-05
11220.00   3.7809e-05   1.2247e-04
11225.00   1.7276e-05   9.5763e-05
11230.00  -4.1403e-05   9.1922e-05
11235.00   6.3996e-05   8.6769e-05
11240.00   4.2839e-06   8.7419e-05
11245.00   4.8186e-05   8.4911e-05
11250.00   3.3061e-05   8.2333e-05
11255.00   7.0514e-05   8.0874e-05
11260.00   1.9682e-05   8.1282e-05
11265.00  -4.2605e-05   8.0780e-05
11270.00   2.0147e-04   8.3843e-05
11275.00   9.3982e-05   7.8581e-05
11280.00  -5.6746e-05   7.8602e-05
11285.00   2.1715e-04   9.7908e-05
11290.00   1.4411e-04   1.2561e-04
11295.00  -6.2260e-05   1.2991e-04
11300.00   8.3166e-05   8.4768e-05
11305.00   8.8949e-05   8.9988e-05
11310.00   8.4296e-05   1.1342e-04
11315.00   7.1158e-05   7.1840e-05
11320.00   7.0576e-05   9.9532e-05
11325.00  -2.3277e-05   8.4562e-05
11330.00   2.3498e-04   8.6787e-05
11335.00   4.5761e-05   6.7667e-05
11340.00  -8.9846e-06   6.5907e-05
11345.00  -1.7084e-05   7.3616e-05
11350.00   9.2258e-05   1.0504e-04
11355.00  -1.0723e-05   7.9719e-05
11360.00  -1.0359e-05   7.3926e-05
11365.00   4.4358e-05   6.7191e-05
11370.00   2.8376e-05   6.6726e-05
11375.00   7.0791e-05   8.2776e-05
11380.00   6.5483e-06   6.6997e-05
11385.00   3.4866e-05   8.3574e-05
11390.00   5.2605e-05   7.7169e-05
11395.00   3.8211e-05   6.7634e-05
11400.00   1.1203e-05   6.5157e-05
11405.00   4.9122e-05   6.2929e-05
11410.00  -1.9680e-05   8.2685e-05
11415.00   5.7291e-05   6.4820e-05
11420.00   3.3368e-05   6.9687e-05
11425.00   6.1003e-05   7.8227e-05
11430.00   3.6626e-05   8.9654e-05
11435.00   6.9662e-05   1.1134e-04
11440.00  -6.4849e-05   7.6576e-05
11445.00   9.2432e-05   9.9589e-05
11450.00   2.9123e-05   8.9932e-05
11455.00   1.3343e-04   6.4914e-05
11460.00   1.2421e-04   6.9902e-05
11465.00  -6.8160e-05   1.0344e-04
11470.00   1.6462e-04   6.5553e-05
11475.00   6.3912e-05   7.2501e-05
11480.00   1.1412e-05   7.2288e-05
11485.00   2.8024e-05   7.8467e-05
11490.00   8.5047e-05   7.2564e-05
11495.00   2.4463e-04   6.5008e-05
11500.00   2.3916e-05   6.7718e-05
11505.00   1.6145e-04   7.3570e-05
11510.00   1.5742e-04   7.3026e-05
11515.00   8.5946e-05   8.5077e-05
11520.00   3.2182e-05   7.3667e-05
11525.00  -5.3639e-05   7.0554e-05
11530.00   1.8237e-05   7.5883e-05
11535.00   5.7335e-05   1.4563e-04
11540.00  -2.0712e-05   7.4909e-05
11545.00   1.9025e-04   8.2866e-05
11550.00   3.3035e-04   7.6598e-05
11555.00   6.8918e-05   7.7993e-05
11560.00  -2.0552e-05   1.0286e-04
11565.00   5.0934e-05   1.0068e-04
11570.00  -1.6974e-05   8.3239e-05
11575.00   5.9141e-05   8.6518e-05
11580.00  -2.5664e-08   8.0600e-05
11585.00  -7.0303e-05   9.9241e-05
11590.00  -1.4920e-04   1.2572e-04
11595.00   5.6210e-05   7.8052e-05
11600.00   1.5664e-04   7.5894e-05
11605.00   1.7174e-04   8.3486e-05
11610.00   6.2119e-05   7.5393e-05
11615.00   2.7802e-05   7.7138e-05
11620.00   9.0994e-05   7.9085e-05
11625.00   1.0053e-04   1.3022e-04
11630.00   7.0377e-05   7.9106e-05
11635.00   6.5990e-05   8.4738e-05
11640.00   1.6461e-04   8.0041e-05
11645.00   7.2059e-05   1.1273e-04
11650.00   1.6264e-04   1.0707e-04
11655.00   3.7330e-06   7.7083e-05
11660.00   5.9971e-05   7.5988e-05
11665.00   1.1634e-05   7.5511e-05
11670.00   3.1859e-05   8.6927e-05
11675.00  -1.7013e-05   9.9653e-05
11680.00   6.0299e-05   1.1504e-04
11685.00   3.8908e-05   1.0030e-04
11690.00  -1.5064e-04   1.1753e-04
11695.00   8.6915e-05   1.1329e-04
11700.00  -7.3826e-06   9.1852e-05
11705.00   1.1048e-04   9.0718e-05
11710.00  -6.5097e-05   1.2208e-04
11715.00  -1.1250e-06   1.1021e-04
11720.00   4.1041e-05   8.5996e-05
11725.00   5.2941e-05   8.9015e-05
11730.00   5.0357e-05   8.5243e-05
11735.00   1.3599e-04   7.9549e-05
11740.00   6.2926e-05   7.9350e-05
11745.00  -1.2527e-05   9.0639e-05
11750.00   2.7171e-05   7.5794e-05
11755.00   3.1407e-05   8.0456e-05
11760.00   3.5627e-05   9.0021e-05
11765.00   1.2928e-05   9.0068e-05
11770.00   7.7397e-05   8.6374e-05
11775.00   1.3135e-04   7.1742e-05
11780.00   1.0353e-04   8.0681e-05
11785.00  -6.5753e-05   1.2962e-04
11790.00   8.2773e-06   7.2719e-05
11795.00   1.0494e-04   6.8633e-05
11800.00   3.8333e-05   7.0350e-05
11805.00   3.6972e-06   7.3089e-05
11810.00   8.6127e-05   6.7075e-05
11815.00   1.1464e-04   6.4767e-05
11820.00   1.1679e-05   6.5834e-05
11825.00  -5.8549e-05   7.4715e-05
11830.00   6.7762e-05   6.5819e-05
11835.00  -1.1768e-05   7.6673e-05
11840.00   5.4040e-05   7.3437e-05
11845.00  -1.6987e-05   6.8298e-05
11850.00   1.8614e-06   7.1451e-05
11855.00   6.3288e-05   6.2052e-05
11860.00  -1.3628e-04   9.3482e-05
11865.00   8.8201e-05   1.1187e-04
11870.00  -1.5296e-04   8.4102e-05
11875.00   1.0262e-04   8.4463e-05
11880.00  -7.2023e-05   7.3036e-05
11885.00   1.7617e-04   7.1338e-05
11890.00   1.0197e-04   6.3678e-05
11895.00   6.1135e-05   8.4696e-05
11900.00   9.4194e-05   6.6281e-05
11905.00   2.2682e-04   8.3518e-05
11910.00   1.3480e-04   6.5089e-05
11915.00   5.5058e-05   6.6757e-05
11920.00   1.2256e-04   6.6935e-05
11925.00   9.8767e-05   6.1511e-05
11930.00   5.2781e-05   6.3609e-05
11935.00   1.1219e-05   7.2483e-05
11940.00   2.1086e-04   6.6330e-05
11945.00   1.9757e-04   8.1922e-05
11950.00   1.5137e-04   6.8796e-05
11955.00   4.4422e-05   6.5352e-05
11960.00   6.5092e-05   5.8738e-05
11965.00   1.3200e-04   1.0298e-04
11970.00   5.3654e-05   1.1687e-04
11975.00   2.7582e-04   7.5928e-05
11980.00   1.0627e-04   1.2810e-04
11985.00   1.2446e-04   1.0598e-04
11990.00  -1.6332e-06   6.0605e-05
11995.00   1.3988e-04   8.3309e-05
12000.00   2.5758e-04   1.0099e-04
12005.00   5.0853e-05   9.4365e-05
12010.00  -4.4128e-05   6.6541e-05
12015.00   6.3071e-05   6.2629e-05
12020.00  -1.7506e-05   1.0385e-04
12025.00   3.5252e-05   1.4601e-04
12030.00  -1.1019e-04   1.0642e-04
12035.00   1.9645e-05   6.3404e-05
12040.00   1.6125e-04   7.6707e-05
12045.00   1.3977e-05   6.1281e-05
12050.00   1.2258e-04   7.8109e-05
12055.00   1.5260e-04   9.0387e-05
12060.00   7.4431e-05   6.6566e-05
12065.00  -4.5228e-06   6.5756e-05
12070.00  -4.7724e-05   6.4094e-05
12075.00   3.7791e-05   6.5631e-05
12080.00   1.2965e-04   6.5574e-05
12085.00   1.1415e-04   6.5246e-05
12090.00   6.1705e-05   6.8168e-05
12095.00   1.1996e-04   7.3867e-05
12100.00   2.3440e-05   8.5895e-05
12105.00   4.0468e-05   6.8210e-05
12110.00  -4.1053e-05   9.4670e-05
12115.00   1.3894e-04   1.0014e-04
12120.00  -8.9837e-05   1.4009e-04
12125.00  -2.5084e-05   8.5006e-05
12130.00  -6.1092e-06   1.2570e-04
12135.00   8.0727e-05   8.3749e-05
12140.00   2.3945e-05   7.9201e-05
12145.00   1.4484e-04   7.6004e-05
12150.00   1.8117e-04   9.7014e-05
12155.00  -4.6864e-05   7.4717e-05
12160.00   4.5474e-05   7.0506e-05
12165.00   7.7349e-05   6.7575e-05
12170.00  -1.4690e-05   6.9537e-05
12175.00  -7.9195e-05   8.4902e-05
12180.00   1.0220e-04   6.8991e-05
12185.00   1.1741e-04   7.1109e-05
12190.00   1.9097e-05   8.3925e-05
12195.00  -4.3013e-05   8.4912e-05
12200.00   9.6137e-05   6.7929e-05
12205.00   9.1777e-05   7.1837e-05
12210.00   3.7050e-05   7.2027e-05
12215.00   1.2125e-04   6.9307e-05
12220.00   1.3143e-04   9.3703e-05
12225.00  -1.0347e-05   1.9930e-04
12230.00  -4.2406e-06   8.9438e-05
12235.00   1.8373e-04   9.6205e-05
12240.00  -4.3488e-05   8.3759e-05
12245.00   4.3776e-05   9.6967e-05
12250.00   3.7141e-05   8.8128e-05
12255.00   6.2689e-05   1.2303e-04
12260.00   2.4378e-05   7.4859e-05
12265.00   9.7896e-05   7.3810e-05
12270.00  -1.7002e-05   7.2688e-05
12275.00   7.0223e-05   7.2716e-05
12280.00   1.4076e-05   9.0642e-05
12285.00   8.6466e-05   1.1289e-04
12290.00   6.8186e-05   7.2744e-05
12295.00   5.5722e-05   7.7585e-05
12300.00  -3.0261e-06   7.2292e-05
12305.00  -2.5507e-05   6.7483e-05
12310.00  -5.0999e-05   7.5995e-05
12315.00   4.5529e-05   6.3384e-05
12320.00   5.7412e-05   8.5208e-05
12325.00   1.2738e-04   7.3093e-05
12330.00   7.4679e-05   6.1034e-05
12335.00   6.7683e-05   6.0496e-05
12340.00   1.2559e-04   5.9598e-05
12345.00  -1.6286e-06   7.8615e-05
12350.00  -1.0401e-04   1.7633e-04
12355.00   1.4386e-05   6.0837e-05
12360.00   1.4522e-04   7.1894e-05
12365.00   2.7583e-05   5.6218e-05
12370.00   9.9658e-05   5.5802e-05
12375.00   2.7983e-05   5.6144e-05
12380.00   5.0974e-05   5.4548e-05
12385.00   6.3195e-05   5.5352e-05
12390.00  -3.0119e-06   8.2411e-05
12395.00   1.7931e-04   7.4435e-05
12400.00   9.7444e-05   6.4449e-05
12405.00   8.8946e-05   5.3192e-05
12410.00   2.3249e-05   6.0417e-05
12415.00   6.8899e-05   5.8440e-05
12420.00   1.5703e-04   1.2525e-04
12425.00   1.8580e-05   6.1624e-05
12430.00   6.8357e-05   5.2945e-05
12435.00  -3.6970e-05   5.4047e-05
12440.00   7.6326e-05   5.1826e-05
12445.00  -4.0037e-05   5.7269e-05
12450.00  -3.1991e-05   7.3001e-05
12455.00   8.2509e-05   5.4967e-05
12460.00   9.5325e-05   5.1254e-05
12465.00   8.0131e-05   5.0949e-05
12470.00   4.6879e-05   6.0855e-05
12475.00   1.8758e-04   6.2744e-05
12480.00   1.1845e-04   8.7169e-05
12485.00   3.0303e-05   5.4790e-05
12490.00   7.1893e-05   5.2665e-05
12495.00   1.2798e-04   5.8927e-05
12500.00   1.5749e-04   8.0620e-05
12505.00   5.3280e-05   5.4797e-05
12510.00  -4.3992e-05   5.4621e-05
12515.00   2.7438e-05   5.1780e-05
12520.00   5.5743e-05   5.6436e-05
12525.00   9.7675e-05   5.7693e-05
12530.00   5.3414e-05   5.1936e-05
12535.00   5.7299e-05   5.4369e-05
12540.00   1.5779e-04   5.8717e-05
12545.00   1.9149e-05   5.3539e-05
12550.00   1.0018e-04   5.6781e-05
12555.00  -8.8795e-05   6.5778e-05
12560.00   3.1261e-05   5.2075e-05
12565.00  -3.2619e-05   6.1164e-05
12570.00  -5.3228e-05   7.4980e-05
12575.00  -4.8545e-05   5.6013e-05
12580.00   4.2070e-05   6.1139e-05
12585.00   2.0323e-04   9.8695e-05
12590.00  -1.6965e-05   6.9458e-05
12595.00   8.2328e-05   7.7877e-05
12600.00   1.3138e-04   7.8350e-05
12605.00   7.9456e-06   8.7689e-05
12610.00   1.3264e-04   8.6255e-05
12615.00   6.9333e-05   7.2687e-05
12620.00   1.1523e-04   7.0662e-05
12625.00   2.3567e-05   6.2529e-05
12630.00   7.7453e-05   6.2787e-05
12635.00   1.7497e-04   6.1818e-05
12640.00   4.5564e-05   6.6647e-05
12645.00   7.8155e-05   7.8291e-05
12650.00   4.0486e-05   6.6753e-05
12655.00   7.2105e-05   7.1069e-05
12660.00   9.5621e-05   8.6420e-05
12665.00   5.7273e-05   8.0699e-05
12670.00   7.8755e-05   8.8830e-05
12675.00   6.1408e-05   6.8408e-05
12680.00  -1.4088e-04   1.6730e-04
12685.00  -2.4593e-04   1.3308e-04
12690.00   1.7784e-04   1.4130e-04
12695.00   2.4776e-04   1.5666e-04
12700.00   1.5389e-05   9.5995e-05
12705.00   2.1351e-05   1.3543e-04
12710.00  -2.8815e-05   7.5593e-05
12715.00   1.6391e-04   7.9419e-05
12720.00   2.9102e-04   9.0560e-05
12725.00   7.2109e-05   7.8964e-05
12730.00  -3.5074e-05   6.3478e-05
12735.00  -1.6299e-04   8.2827e-05
12740.00   3.3046e-05   1.0778e-04
12745.00   9.5605e-05   1.3799e-04
12750.00   9.1810e-05   1.1270e-04
12755.00   5.8936e-05   9.4907e-05
12760.00  -1.2039e-04   1.8258e-04
12765.00   2.8739e-05   7.3082e-05
12770.00   5.9948e-05   1.2473e-04
12775.00   2.7825e-04   1.0394e-04
12780.00   4.0319e-06   2.0592e-04
12785.00  -2.8980e-05   7.1473e-05
12790.00   2.8851e-05   7.3951e-05
12795.00   2.2418e-04   1.0438e-04
12800.00   2.3662e-04   1.7062e-04
12805.00   6.8167e-06   1.0458e-04
12810.00   7.2747e-05   6.0319e-05
12815.00  -4.7342e-05   8.6136e-05
12820.00  -7.7383e-05   1.1587e-04
12825.00  -9.9912e-05   7.9197e-05
12830.00   1.2551e-04   1.5151e-04
12835.00  -8.7884e-05   6.9976e-05
12840.00   1.0851e-04   8.7531e-05
12845.00   3.0196e-05   7.2731e-05
12850.00   1.9340e-05   6.8096e-05
12855.00   4.9356e-05   8.6083e-05
12860.00   2.1250e-04   7.2598e-05
12865.00   1.1002e-04   7.6627e-05
12870.00   8.7041e-05   9.8030e-05
12875.00   1.0112e-04   6.3925e-05
12880.00   7.2781e-05   7.7230e-05
12885.00   1.0159e-04   7.5885e-05
12890.00   6.4795e-06   8.0882e-05
12895.00   6.3422e-05   7.7505e-05
12900.00   1.1966e-04   2.0319e-04
12905.00   1.2327e-04   9.2145e-05
12910.00   1.6241e-04   7.3936e-05
12915.00   3.5167e-05   9.9500e-05
12920.00   1.0405e-04   7.3637e-05
12925.00   1.2466e-05   5.9786e-05
12930.00   9.9702e-05   6.5786e-05
12935.00  -1.1703e-05   6.9230e-05
12940.00  -1.2051e-05   9.7866e-05
12945.00   4.5881e-05   5.4731e-05
12950.00  -1.3302e-05   5.9284e-05
12955.00   1.0822e-04   5.3950e-05
12960.00   1.5210e-05   5.7730e-05
12965.00   1.4616e-04   5.8901e-05
12970.00  -4.7047e-05   6.8984e-05
12975.00   7.0910e-05   5.7144e-05
12980.00   6.4088e-05   7.5470e-05
12985.00   4.8638e-05   6.0152e-05
12990.00   7.9272e-06   4.8961e-05
12995.00   9.1240e-05   5.2570e-05
13000.00   3.6117e-05   6.2310e-05
13005.00   7.8586e-05   5.9411e-05
13010.00   1.1279e-04   6.6778e-05
13015.00   1.7353e-05   1.2826e-04
13020.00   9.8044e-05   6.9126e-05
13025.00   8.1797e-05   4.7135e-05
13030.00  -9.5999e-06   4.6520e-05
13035.00   7.9593e-05   4.5926e-05
13040.00   5.4331e-05   4.8587e-05
13045.00   9.3395e-05   5.7172e-05
13050.00   1.2507e-04   9.3396e-05
13055.00   1.1670e-05   5.1067e-05
13060.00   9.0255e-05   4.6297e-05
13065.00   6.3094e-05   4.5181e-05
13070.00   2.8648e-05   4.5580e-05
13075.00   4.7202e-05   4.6269e-05
13080.00  -1.5612e-04   9.1903e-05
13085.00   5.6615e-05   5.3420e-05
13090.00   1.1063e-04   4.4973e-05
13095.00   4.7732e-05   4.5989e-05
13100.00   5.2873e-05   4.8467e-05
13105.00   8.9861e-05   4.8351e-05
13110.00   3.1377e-05   4.7959e-05
13115.00   2.1315e-07   4.4419e-05
13120.00   9.5657e-05   5.8388e-05
13125.00  -1.9734e-04   9.9979e-05
13130.00   9.1579e-05   4.9712e-05
13135.00   3.2939e-05   5.3983e-05
13140.00  -3.1643e-05   5.2553e-05
13145.00  -3.6807e-05   4.5504e-05
13150.00   1.2166e-04   5.6861e-05
13155.00   4.5158e-05   6.4429e-05
13160.00   6.9299e-05   4.6444e-05
13165.00   4.1310e-05   4.4776e-05
13170.00   1.5934e-05   5.1831e-05
13175.00   8.7462e-05   4.5431e-05
13180.00   7.3622e-05   4.3154e-05
13185.00   6.3516e-05   4.3162e-05
13190.00   6.9538e-05   4.3417e-05
13195.00   8.0349e-05   4.4041e-05
13200.00   6.2920e-05   4.4699e-05
13205.00  -2.1823e-05   7.1513e-05
13210.00  -1.1837e-05   5.3649e-05
13215.00  -5.6835e-06   5.1833e-05
13220.00   9.1832e-05   5.5646e-05
13225.00   6.0285e-05   4.8490e-05
13230.00   5.3428e-06   6.5416e-05
13235.00  -4.2323e-05   6.1882e-05
13240.00   5.9335e-05   4.9636e-05
13245.00   8.9375e-05   5.3098e-05
13250.00   4.3001e-05   4.9535e-05
13255.00  -4.6403e-05   4.7541e-05
13260.00   4.8642e-05   4.6994e-05
13265.00   6.0231e-06   5.3639e-05
13270.00   4.9060e-05   4.9492e-05
13275.00  -7.6301e-05   6.0418e-05
13280.00   2.8375e-08   4.6472e-05
13285.00  -3.5362e-06   4.6043e-05
13290.00   2.8836e-05   4.6811e-05
13295.00   7.8457e-05   6.3043e-05
13300.00   8.3550e-05   5.7914e-05
13305.00   2.3273e-05   4.7185e-05
13310.00   2.9085e-05   4.8041e-05
13315.00   6.2928e-05   4.8792e-05
13320.00   7.3256e-05   9.2719e-05
13325.00   6.5553e-05   7.0428e-05
13330.00   3.8457e-05   5.7211e-05
13335.00   1.1140e-04   5.8565e-05
13340.00  -9.5280e-05   5.2776e-05
13345.00   5.7009e-05   5.4381e-05
13350.00   3.5507e-05   5.7358e-05
13355.00   1.1790e-05   5.4275e-05
13360.00   4.6358e-05   5.1571e-05
13365.00   1.8876e-04   5.3942e-05
13370.00   1.3967e-04   5.3275e-05
13375.00  -3.0977e-05   4.6609e-05
13380.00   8.0872e-05   5.0173e-05
13385.00  -1.6937e-05   4.8115e-05
13390.00   6.6639e-05   4.9713e-05
13395.00   2.8916e-05   6.1830e-05
13400.00  -7.4977e-06   5.2347e-05
13405.00  -9.6832e-06   5.1604e-05
13410.00   6.2362e-05   5.2842e-05
13415.00  -1.1226e-04   6.6605e-05
13420.00   2.0065e-04   6.6427e-05
13425.00   1.7590e-05   5.0695e-05
13430.00  -2.1768e-05   4.8253e-05
13435.00   3.8685e-05   4.6917e-05
13440.00   6.6276e-05   4.6223e-05
13445.00  -2.2225e-05   4.8580e-05
13450.00   7.8732e-05   4.6263e-05
13455.00   6.1753e-05   4.6637e-05
13460.00   3.3879e-05   4.6520e-05
13465.00   6.5825e-05   4.7467e-05
13470.00   3.9565e-05   5.3590e-05
13475.00  -5.7765e-05   5.8572e-05
13480.00  -2.0639e-05   5.7102e-05
13485.00  -5.4413e-05   5.6636e-05
13490.00   1.7680e-05   5.7274e-05
13495.00  -6.9799e-06   5.5284e-05
13500.00  -6.4275e-05   5.3864e-05
13505.00  -8.9905e-06   6.8026e-05
13510.00   4.8586e-05   5.2077e-05
13515.00  -4.6245e-05   5.0918e-05
13520.00  -1.8914e-05   5.5927e-05
13525.00  -2.7410e-05   6.2039e-05
13530.00  -4.5729e-05   4.8691e-05
13535.00  -3.2874e-05   4.8495e-05
13540.00   3.2245e-05   4.9661e-05
13545.00   1.0051e-04   4.8132e-05
13550.00   6.6963e-05   4.7079e-05
13555.00   8.0173e-05   4.7891e-05
13560.00  -2.5389e-05   4.5805e-05
13565.00  -2.1181e-05   4.6416e-05
13570.00  -5.6117e-05   4.6652e-05
13575.00  -5.0239e-05   4.4985e-05
13580.00   2.9596e-05   4.4288e-05
13585.00  -5.7372e-05   4.3563e-05
13590.00  -2.5698e-05   4.9134e-05
13595.00   3.4227e-05   4.2630e-05
13600.00  -2.8882e-05   4.2239e-05
13605.00   1.5973e-05   4.2640e-05
13610.00  -3.9029e-05   4.1785e-05
13615.00   4.8532e-05   4.1723e-05
13620.00   3.1583e-06   4.3017e-05
13625.00  -4.1610e-06   3.9643e-05
13630.00  -8.7802e-06   3.9262e-05
13635.00   4.5157e-05   3.9142e-05
13640.00   7.4375e-05   3.9811e-05
13645.00   2.4303e-05   3.9868e-05
13650.00   7.9984e-05   3.9261e-05
13655.00   5.2603e-05   3.8595e-05
13660.00  -1.7201e-05   5.1794e-05
13665.00  -2.8181e-06   4.0829e-05
13670.00  -5.2080e-05   4.7840e-05
13675.00   6.2751e-06   4.1047e-05
13680.00   1.2074e-05   4.0700e-05
13685.00  -9.9670e-06   3.7105e-05
13690.00  -7.0999e-05   3.6692e-05
13695.00  -2.6699e-05   3.9761e-05
13700.00   6.2739e-06   3.7953e-05
13705.00  -8.3380e-05   3.7062e-05
13710.00   2.3997e-05   3.5458e-05
13715.00  -2.0483e-05   3.5647e-05
13720.00  -1.9249e-05   4.7638e-05
13725.00  -4.4272e-05   3.4907e-05
13730.00   7.4573e-06   3.7400e-05
13735.00  -1.3384e-04   6.1382e-05
13740.00  -6.9072e-05   3.6734e-05
13745.00  -5.4079e-06   4.0388e-05
13750.00  -1.3820e-05   3.6058e-05
13755.00  -5.3423e-05   3.4918e-05
13760.00  -8.0291e-05   3.4716e-05
13765.00  -5.0229e-05   3.5121e-05
13770.00   2.7799e-06   3.7211e-05
13775.00  -2.2785e-05   3.5115e-05
13780.00  -3.4661e-05   3.4254e-05
13785.00  -2.2555e-05   3.4856e-05
13790.00  -3.5355e-05   3.4665e-05
13795.00  -5.0560e-05   3.4030e-05
13800.00  -2.7130e-06   3.5581e-05
13805.00  -2.9821e-05   3.8049e-05
13810.00   1.3895e-05   3.4825e-05
13815.00  -6.2797e-05   3.5312e-05
13820.00  -2.3660e-05   3.7276e-05
13825.00  -5.5892e-05   3.6179e-05
13830.00  -5.1776e-05   3.4247e-05
13835.00   5.2654e-05   4.0006e-05
13840.00   1.8538e-05   4.2054e-05
13845.00   1.0038e-05   3.4778e-05
13850.00  -8.5446e-05   3.7902e-05
13855.00   6.9098e-07   3.4793e-05
13860.00   2.0327e-05   3.5150e-05
13865.00   1.6758e-05   4.6474e-05
13870.00   6.7320e-06   3.4021e-05
13875.00  -2.8152e-05   3.8850e-05
13880.00   4.0161e-06   3.5769e-05
13885.00   3.5432e-05   3.7736e-05
13890.00   1.0436e-06   4.1660e-05
13895.00   3.1924e-05   4.6234e-05
13900.00   5.1642e-05   4.1847e-05
13905.00  -1.4528e-05   4.2194e-05
13910.00  -3.4399e-05   4.7643e-05
13915.00   3.2968e-05   3.6044e-05
13920.00  -5.3635e-05   3.6816e-05
13925.00  -3.0372e-05   3.5721e-05
13930.00   2.0782e-05   3.7432e-05
13935.00   3.0678e-05   3.5295e-05
13940.00   6.7911e-05   3.7345e-05
13945.00  -3.5553e-05   3.6775e-05
13950.00   5.2796e-06   3.5947e-05
13955.00  -1.9902e-05   3.5346e-05
13960.00   3.6107e-05   3.7369e-05
13965.00   4.6057e-05   3.7870e-05
13970.00  -3.1893e-05   4.1649e-05
13975.00   1.5475e-05   4.5852e-05
13980.00  -4.0668e-05   5.4704e-05
13985.00  -2.4468e-05   4.1392e-05
13990.00  -2.0942e-05   3.7518e-05
13995.00  -1.1611e-04   3.7402e-05
14000.00  -1.8637e-05   3.8049e-05
14005.00  -2.5801e-05   4.2237e-05
14010.00  -4.3850e-05   3.9028e-05
14015.00   9.3655e-05   5.1181e-05
14020.00   1.1441e-04   5.9676e-05
14025.00  -9.1711e-07   4.1032e-05
14030.00   2.3149e-05   4.5181e-05
14035.00  -3.4805e-05   4.1126e-05
14040.00   2.7018e-05   4.1285e-05
14045.00  -4.1043e-05   4.3812e-05
14050.00   1.1210e-04   4.7633e-05
14055.00   1.8170e-06   6.1728e-05
14060.00   8.0589e-05   4.4878e-05
14065.00  -3.3968e-05   4.3351e-05
14070.00  -6.6369e-06   4.4034e-05
14075.00   4.5848e-07   4.5912e-05
14080.00   4.4261e-05   6.4573e-05
14085.00  -4.4476e-05   5.2718e-05
14090.00  -5.2499e-05   3.9051e-05
14095.00  -6.0284e-05   4.4753e-05
14100.00   3.3709e-05   7.4184e-05
14105.00  -4.6910e-05   4.2627e-05
14110.00   8.4681e-06   3.8467e-05
14115.00   3.8534e-05   4.1224e-05
14120.00   2.2356e-05   3.9831e-05
14125.00  -3.4681e-05   4.6983e-05
14130.00  -8.5661e-06   9.9934e-05
14135.00  -4.4461e-05   4.2450e-05
14140.00  -3.8032e-05   3.8925e-05
14145.00   2.6137e-05   3.8410e-05
14150.00  -1.3426e-05   4.0484e-05
14155.00   1.1201e-05   5.2583e-05
14160.00   5.4296e-05   7.4568e-05
14165.00   4.9156e-05   4.1472e-05
14170.00   3.9261e-05   3.9081e-05
14175.00   1.2936e-05   3.9454e-05
14180.00   6.4980e-05   6.4416e-05
14185.00  -2.7944e-05   4.9010e-05
14190.00  -2.5118e-05   4.1211e-05
14195.00   1.8069e-06   4.0207e-05
14200.00   4.2892e-05   5.6548e-05
14205.00   1.3757e-04   5.1227e-05
14210.00  -4.1135e-05   4.8832e-05
14215.00  -1.7508e-05   4.8269e-05
14220.00  -1.0390e-04   6.2661e-05
14225.00  -2.0877e-04   5.7598e-05
14230.00   1.2431e-05   5.6473e-05
14235.00  -2.7319e-05   4.5176e-05
14240.00   1.7303e-05   5.0397e-05
14245.00   8.1954e-05   4.5459e-05
14250.00   1.1608e-05   4.3792e-05
14255.00   1.0552e-04   4.2536e-05
14260.00   2.0810e-05   5.9134e-05
14265.00  -1.8902e-05   5.3701e-05
14270.00  -4.2723e-05   4.2036e-05
14275.00   8.5760e-06   4.0955e-05
14280.00  -1.1494e-05   4.9623e-05
14285.00  -8.7730e-05   4.7571e-05
14290.00   5.3969e-05   7.0464e-05
14295.00   3.4659e-05   4.0164e-05
14300.00   1.3129e-05   4.1079e-05
14305.00   5.9268e-05   3.8724e-05
14310.00  -8.0274e-05   3.8880e-05
14315.00   1.8903e-06   3.7699e-05
14320.00   1.3477e-05   3.7303e-05
14325.00   3.2708e-05   3.7478e-05
14330.00   6.8185e-05   3.7020e-05
14335.00   7.6178e-05   4.7298e-05
14340.00   3.7721e-05   4.8106e-05
14345.00   9.2813e-05   4.4463e-05
14350.00   1.3128e-04   7.1407e-05
14355.00   1.2222e-04   5.3445e-05
14360.00   4.0836e-05   3.6352e-05
14365.00   9.4613e-05   5.3661e-05
14370.00  -5.0590e-05   4.7166e-05
14375.00  -1.8791e-06   3.3793e-05
14380.00  -3.0260e-05   3.4632e-05
14385.00  -4.9246e-05   4.0182e-05
14390.00   1.0009e-05   4.0497e-05
14395.00   7.5801e-05   5.8048e-05
14400.00  -4.7675e-05   4.4492e-05
14405.00  -3.7498e-05   3.3630e-05
14410.00  -7.4393e-05   4.5939e-05
14415.00  -5.9202e-05   3.5508e-05
14420.00  -1.0182e-05   3.4436e-05
14425.00  -1.9694e-05   3.3049e-05
14430.00   7.0338e-05   3.4532e-05
14435.00   5.0861e-05   3.2483e-05
14440.00   2.5066e-05   3.2358e-05
14445.00   2.6175e-05   3.2364e-05
14450.00  -1.3046e-05   3.0435e-05
14455.00  -3.0897e-05   3.0413e-05
14460.00   1.2420e-05   3.4113e-05
14465.00  -1.3699e-05   4.5087e-05
14470.00   4.6164e-05   3.2169e-05
14475.00   4.6921e-05   3.2559e-05
14480.00   3.1346e-05   3.1623e-05
14485.00   2.4421e-05   3.1968e-05
14490.00   1.1294e-05   3.3022e-05
14495.00   2.6983e-05   3.2371e-05
14500.00  -1.4268e-05   3.1898e-05
14505.00   1.8015e-06   3.1077e-05
14510.00   2.4050e-05   3.8301e-05
14515.00  -2.8122e-05   1.3137e-04
14520.00  -2.5678e-05   5.5650e-05
14525.00   2.4870e-05   3.4012e-05
14530.00   4.2539e-05   3.3283e-05
14535.00   6.9842e-06   3.6161e-05
14540.00   4.2601e-05   3.3051e-05
14545.00   1.0058e-04   3.4953e-05
14550.00   8.2888e-05   3.4977e-05
14555.00   5.0440e-05   3.7072e-05
14560.00   5.5899e-05   9.2939e-05
14565.00   2.4558e-05   3.2899e-05
14570.00   1.3781e-05   4.3455e-05
14575.00   6.1798e-05   3.2766e-05
14580.00   2.2333e-05   3.2299e-05
14585.00   4.1046e-06   3.2242e-05
14590.00   2.4282e-05   3.3427e-05
14595.00   2.7002e-05   3.3970e-05
14600.00  -3.0782e-06   1.3495e-04
14605.00  -2.8882e-06   7.3600e-05
14610.00   1.0551e-05   4.6633e-05
14615.00  -1.7902e-05   3.9710e-05
14620.00   6.0409e-05   3.8121e-05
14625.00  -6.6304e-05   3.8814e-05
14630.00  -2.6609e-05   3.7580e-05
14635.00  -1.4642e-05   3.6012e-05
14640.00  -1.1705e-05   4.0680e-05
14645.00  -4.9795e-06   3.7160e-05
14650.00  -1.3056e-05   4.1794e-05
14655.00   1.7702e-05   3.8400e-05
14660.00   4.7786e-05   7.4293e-05
14665.00  -7.3016e-05   3.5307e-05
14670.00   3.2920e-05   3.7434e-05
14675.00  -5.0994e-05   3.7179e-05
14680.00   7.2853e-05   3.5404e-05
14685.00   1.0733e-06   4.2063e-05
14690.00   8.4498e-05   3.9376e-05
14695.00   9.7052e-05   1.4364e-04
14700.00   3.8083e-05   4.0467e-05
14705.00   7.4514e-06   3.2358e-05
14710.00   3.9333e-05   4.4206e-05
14715.00   4.9141e-05   3.9138e-05
14720.00  -3.7507e-06   3.1603e-05
14725.00   9.4522e-06   3.3576e-05
14730.00   6.6249e-05   3.6391e-05
14735.00   1.8548e-05   7.3407e-05
14740.00  -2.2527e-05   5.9966e-05
14745.00   7.4196e-05   3.5517e-05
14750.00   7.4171e-05   5.6916e-05
14755.00  -6.0534e-05   4.0067e-05
14760.00  -4.1440e-05   3.5289e-05
14765.00   1.3105e-05   4.4446e-05
14770.00   4.5064e-05   5.1026e-05
14775.00  -1.4232e-05   3.9137e-05
14780.00  -1.3026e-04   8.8859e-05
14785.00   3.8490e-05   4.7180e-05
14790.00   5.4982e-05   4.6733e-05
14795.00   1.7991e-04   1.6079e-04
14800.00   6.8413e-05   8.0617e-05
14805.00   1.2410e-05   4.6519e-05
14810.00  -8.1194e-06   3.9733e-05
14815.00   1.3695e-05   3.7379e-05
14820.00  -1.3991e-05   4.1129e-05
14825.00   1.9239e-05   6.3964e-05
14830.00   8.8521e-05   8.2109e-05
14835.00  -1.7364e-05   4.1261e-05
14840.00   3.1369e-05   3.9679e-05
14845.00   3.9945e-05   4.4138e-05
14850.00   5.1489e-05   4.6031e-05
14855.00   9.3972e-05   5.8304e-05
14860.00  -1.4192e-04   1.3452e-04
14865.00  -1.0538e-04   5.7590e-05
14870.00  -3.6401e-05   4.1792e-05
14875.00   7.0483e-05   3.8228e-05
14880.00  -3.5067e-05   6.3488e-05
14885.00  -4.3867e-05   6.9651e-05
14890.00   5.6119e-05   3.7057e-05
14895.00   7.3443e-05   3.5840e-05
14900.00   8.3014e-05   4.0950e-05
14905.00   3.1194e-05   1.1578e-04
14910.00  -2.1357e-05   3.8734e-05
14915.00   1.7258e-05   3.9206e-05
14920.00  -8.3554e-07   3.9940e-05
14925.00   1.1637e-04   5.5068e-05
14930.00   1.1262e-04   5.6461e-05
14935.00   1.0878e-05   4.2795e-05
14940.00   2.1139e-05   3.9577e-05
14945.00  -3.1259e-05   3.6869e-05
14950.00   2.4632e-05   3.9605e-05
14955.00   9.4176e-06   4.1361e-05
14960.00   6.4599e-05   4.3522e-05
14965.00   1.1181e-06   3.9395e-05
14970.00  -1.4130e-05   3.9255e-05
14975.00   3.1514e-05   3.8218e-05
14980.00   7.6747e-06   4.0333e-05
14985.00   6.8876e-05   4.3512e-05
14990.00   1.2369e-04   4.4057e-05
14995.00   1.0430e-05   4.0466e-05
15000.00  -9.3332e-06   5.2504e-05
15005.00   5.0428e-05   5.1722e-05
15010.00   1.1823e-04   5.1246e-05
15015.00   1.8902e-05   5.1287e-05
15020.00   9.3518e-05   7.3190e-05
15025.00   3.7185e-05   5.5774e-05
15030.00   1.3897e-05   5.0884e-05
15035.00   5.0802e-05   5.0648e-05
15040.00   1.4769e-04   6.2649e-05
15045.00   4.9119e-05   6.9773e-05
15050.00   5.2097e-05   5.1819e-04
15055.00  -1.2887e-04   7.3635e-05
15060.00   1.3724e-05   1.3019e-04
15065.00  -1.3910e-05   1.6462e-04
15070.00   7.0978e-05   5.3738e-05
15075.00   7.7753e-05   6.6223e-05
15080.00   1.5955e-04   7.5293e-05
15085.00  -4.2646e-05   1.0468e-04
15090.00  -1.6704e-05   5.3609e-05
15095.00   9.4508e-05   5.6259e-05
15100.00   6.9006e-05   5.6727e-05
15105.00   1.4955e-04   6.6768e-05
15110.00   8.0416e-05   9.1807e-05
15115.00   1.3280e-04   4.7055e-05
15120.00   4.4434e-05   4.5035e-05
15125.00   5.8381e-05   4.6974e-05
15130.00   1.0790e-04   5.3446e-05
15135.00   8.1625e-05   4.8829e-05
15140.00   1.3562e-04   5.0888e-05
15145.00   4.5932e-05   5.9663e-05
15150.00   4.3950e-05   4.5984e-05
15155.00  -2.4809e-05   4.1362e-05
15160.00   9.2497e-05   4.2377e-05
15165.00   4.5874e-05   4.4101e-05
15170.00   6.1934e-05   4.1305e-05
15175.00   3.8210e-05   4.4554e-05
15180.00   6.4921e-05   1.3361e-04
15185.00   3.7965e-05   5.8254e-05
15190.00   4.1685e-05   3.9363e-05
15195.00   6.4593e-05   3.7800e-05
15200.00   6.4760e-05   3.8033e-05
15205.00   7.8003e-05   5.0964e-05
15210.00   5.8415e-05   3.7462e-05
15215.00   3.0125e-05   3.7536e-05
15220.00   5.7377e-05   3.8415e-05
15225.00  -5.9955e-07   3.9456e-05
15230.00   4.8703e-05   4.1566e-05
15235.00   1.1313e-04   1.1201e-04
15240.00  -1.6345e-04   5.3345e-05
15245.00   2.0926e-05   3.8887e-05
15250.00   3.1360e-05   3.5872e-05
15255.00   2.5815e-05   3.4595e-05
15260.00   6.7781e-05   3.9442e-05
15265.00   4.2802e-05   4.4563e-05
15270.00   5.0419e-05   3.4460e-05
15275.00   2.4662e-06   3.6513e-05
15280.00   8.3099e-06   6.4487e-05
15285.00   3.3301e-05   7.6598e-05
15290.00   5.6299e-06   3.5506e-05
15295.00   8.0014e-05   3.3008e-05
15300.00  -6.0929e-06   3.8258e-05
15305.00   5.4934e-05   4.5785e-05
15310.00   3.6274e-05   4.1417e-05
15315.00   7.6835e-05   3.4110e-05
15320.00   5.9759e-05   3.5993e-05
15325.00  -2.8875e-06   6.3680e-05
15330.00  -8.6544e-05   6.9340e-05
15335.00   3.9390e-06   3.5709e-05
15340.00   9.6525e-05   3.5135e-05
15345.00  -3.5592e-05   6.2885e-05
15350.00  -1.7519e-05   3.3948e-05
15355.00   3.1018e-07   3.1426e-05
15360.00  -2.5179e-05   4.1657e-05
15365.00   3.4233e-05   4.3048e-05
15370.00  -4.6388e-05   6.2599e-05
15375.00  -5.3154e-05   4.6389e-05
15380.00  -1.7171e-05   3.5506e-05
15385.00   3.2689e-05   5.4947e-05
15390.00   1.1911e-04   1.2365e-04
15395.00  -1.8333e-05   3.4765e-05
15400.00  -7.3991e-05   4.5992e-05
15405.00  -4.2272e-05   4.7646e-05
15410.00   4.6353e-05   4.3697e-05
15415.00   4.4692e-05   3.2643e-05
15420.00   6.2057e-05   4.0379e-05
15425.00   9.2769e-05   7.6207e-05
15430.00   4.3749e-05   6.3642e-05
15435.00   5.1983e-05   4.3387e-05
15440.00  -5.0091e-05   3.1544e-05
15445.00  -4.7243e-07   2.9868e-05
15450.00   4.0448e-05   3.0050e-05
15455.00  -6.6922e-08   3.9040e-05
15460.00  -1.1504e-05   4.1302e-05
15465.00   1.7074e-05   3.7156e-05
15470.00   1.2021e-04   5.1805e-05
15475.00  -1.3601e-05   2.9219e-05
15480.00  -3.2946e-05   3.2060e-05
15485.00   4.0008e-05   7.0142e-05
15490.00   7.3158e-05   3.4671e-05
15495.00  -2.8756e-05   6.0376e-05
15500.00   3.1954e-05   3.5403e-05
15505.00  -3.4928e-05   1.1489e-04
15510.00  -1.5748e-05   4.1163e-05
15515.00   2.1798e-05   4.7347e-05
15520.00   2.7319e-05   3.0198e-05
15525.00   2.3622e-05   3.0347e-05
15530.00   2.0636e-05   3.2751e-05
15535.00   4.2275e-05   1.6496e-04
15540.00   5.6745e-05   1.3988e-04
15545.00   2.2400e-05   3.8857e-05
15550.00   1.0131e-05   3.1205e-05
15555.00   4.0886e-05   3.6938e-05
15560.00  -3.5470e-05   3.6555e-05
15565.00   1.0369e-04   7.9776e-05
15570.00  -6.5999e-05   4.0399e-05
15575.00   2.8585e-05   4.1064e-05
15580.00   8.4316e-06   3.2796e-05
15585.00   1.1289e-04   3.3239e-05
15590.00   1.4897e-04   4.7260e-05
15595.00  -1.8723e-05   5.7557e-05
15600.00   5.8048e-05   3.2403e-05
15605.00   4.8462e-05   3.4352e-05
15610.00   9.0956e-05   4.1442e-05
15615.00  -5.1062e-05   3.5714e-05
15620.00   7.0523e-05   3.2423e-05
15625.00   1.8727e-04   6.4914e-05
15630.00   3.0716e-05   4.0292e-05
15635.00  -2.1144e-05   3.9185e-05
15640.00  -2.0200e-06   3.2920e-05
15645.00   8.7919e-05   3.6452e-05
15650.00   1.9425e-04   1.8472e-04
15655.00  -1.3709e-05   4.8957e-05
15660.00   3.5411e-05   3.3011e-05
15665.00  -4.3473e-06   3.2223e-05
15670.00   1.4655e-06   3.5683e-05
15675.00   7.2110e-05   3.5704e-05
15680.00   4.4927e-05   3.9819e-05
15685.00   5.0315e-07   3.7917e-05
15690.00   2.4283e-05   3.5911e-05
15695.00   6.5330e-05   6.6685e-05
15700.00   1.1840e-04   5.5946e-05
15705.00   5.5151e-05   5.1173e-05
15710.00   6.7026e-05   3.4175e-05
15715.00  -9.3399e-06   4.1736e-05
15720.00   3.2179e-05   6.3644e-05
15725.00   2.7788e-05   3.9389e-05
15730.00  -5.1138e-05   4.5055e-05
15735.00   2.1440e-05   4.3814e-05
15740.00   3.3245e-05   3.8677e-05
15745.00  -7.7126e-07   4.2367e-05
15750.00   1.2612e-04   3.7010e-05
15755.00  -1.3810e-04   6.6029e-05
15760.00   3.5074e-05   5.0719e-05
15765.00   6.9571e-05   3.3622e-05
15770.00   2.4107e-05   3.5907e-05
15775.00   9.1504e-05   6.0400e-05
15780.00  -2.7806e-05   4.5962e-05
15785.00   6.0837e-05   3.5082e-05
15790.00  -2.4180e-05   3.5826e-05
15795.00   3.1460e-05   3.6559e-05
15800.00  -3.1471e-05   6.2114e-05
15805.00   6.2929e-05   6.0440e-05
15810.00  -9.1322e-06   3.1192e-05
15815.00  -1.8090e-05   3.1386e-05
15820.00  -1.2022e-05   3.6980e-05
15825.00  -8.7001e-05   1.0866e-04
15830.00   3.3788e-04   1.0797e-04
15835.00   1.6399e-04   5.8465e-05
15840.00  -5.7591e-05   1.1370e-04
15845.00   4.1421e-05   8.2656e-05
15850.00   4.9319e-05   3.8324e-05
15855.00   8.7333e-05   4.2670e-05
15860.00   4.4538e-06   5.6110e-05
15865.00  -7.1273e-05   1.2866e-04
15870.00  -2.2753e-06   4.6199e-05
15875.00   1.3957e-05   3.2345e-05
15880.00   2.8672e-05   3.4002e-05
15885.00   6.3003e-05   4.6884e-05
15890.00   1.3905e-04   6.4549e-05
15895.00  -8.0233e-06   6.0888e-05
15900.00   2.0797e-05   3.0215e-05
15905.00   5.8934e-06   2.9862e-05
15910.00   5.9470e-05   5.0840e-05
15915.00  -3.0703e-05   3.3160e-05
15920.00   3.3130e-05   4.0865e-05
15925.00  -2.9388e-05   4.8673e-05
15930.00   2.3054e-05   4.7263e-05
15935.00   1.7198e-05   3.5670e-05
15940.00   4.1393e-05   3.6465e-05
15945.00   2.7230e-05   3.4439e-05
15950.00   2.7566e-05   3.6430e-05
15955.00   4.8508e-05   3.4959e-05
15960.00   1.7968e-05   3.4750e-05
15965.00   5.0171e-05   5.8687e-05
15970.00   1.8078e-05   6.0640e-05
15975.00   4.3450e-06   3.5906e-05
15980.00   4.7311e-05   4.4044e-05
15985.00   3.9669e-05   3.3822e-05
15990.00   5.4095e-05   3.2173e-05
15995.00   5.4095e-05   9.9999e+04
16000.00   5.4095e-05   9.9999e+04
