 
TRANSIENT_NAME:     DES14C1kia 
SNID:               1304705    
OBS_DATE:           2015-01-14
MJD:                57036. 
PHASE_EXP:          +67.   
MJD_EXP:            56958.3 (derived from r-band light-curve)
TYPE:               81 
SPEC_EVAL:          TDE
REDSHIFT:           0.1614  
REDSHIFT_ERR:       0.0005  
REDSHIFT_SOURCE:    Z_GAL
TELESCOPE:          GTC
INSTRUMENT:         OSIRIS
 
======================================
 
# WAVE  FLUX  FLUX_ERR
 4800.76   2.2516e-17   3.1218e-18
 4805.37   1.8182e-17   2.7552e-18
 4809.99   3.1989e-17   2.6043e-18
 4814.60   2.2942e-17   2.3227e-18
 4819.21   2.3821e-17   2.1643e-18
 4823.82   2.5937e-17   2.0551e-18
 4828.44   2.6160e-17   1.8960e-18
 4833.05   2.3542e-17   1.7426e-18
 4837.66   2.8707e-17   1.6715e-18
 4842.27   2.4370e-17   1.5221e-18
 4846.89   2.6145e-17   1.4435e-18
 4851.50   2.5280e-17   1.3408e-18
 4856.11   2.3707e-17   1.2628e-18
 4860.73   2.3731e-17   1.1864e-18
 4865.34   2.6790e-17   1.1543e-18
 4869.95   2.3783e-17   1.0986e-18
 4874.56   2.4673e-17   1.0319e-18
 4879.18   2.6523e-17   1.0006e-18
 4883.79   2.3753e-17   9.5731e-19
 4888.40   2.5537e-17   9.2690e-19
 4893.01   2.5020e-17   8.9040e-19
 4897.63   2.4635e-17   8.5556e-19
 4902.24   2.3921e-17   8.1886e-19
 4906.85   2.1737e-17   7.7253e-19
 4911.46   2.0661e-17   7.4165e-19
 4916.08   2.0127e-17   7.1149e-19
 4920.69   2.1386e-17   6.9421e-19
 4925.30   2.1856e-17   6.8166e-19
 4929.92   2.2230e-17   6.6661e-19
 4934.53   2.2831e-17   6.5826e-19
 4939.14   2.3302e-17   6.4939e-19
 4943.75   2.1606e-17   6.2417e-19
 4948.37   2.0960e-17   6.0739e-19
 4952.98   2.1557e-17   5.9560e-19
 4957.59   2.0805e-17   7.4962e-19
 4962.20   2.1344e-17   7.2441e-19
 4966.82   2.0754e-17   5.6176e-19
 4971.43   2.0649e-17   5.6010e-19
 4976.04   2.0037e-17   5.5350e-19
 4980.65   1.9638e-17   5.4190e-19
 4985.27   1.9934e-17   5.2745e-19
 4989.88   1.9874e-17   5.2351e-19
 4994.49   1.9895e-17   5.1501e-19
 4999.10   2.0708e-17   4.8307e-19
 5003.72   2.0712e-17   4.8214e-19
 5008.33   2.0819e-17   4.8518e-19
 5012.94   1.9818e-17   4.8692e-19
 5017.56   2.1222e-17   4.8830e-19
 5022.17   2.0980e-17   4.8105e-19
 5026.78   1.9809e-17   4.7340e-19
 5031.39   2.0096e-17   4.7094e-19
 5036.01   1.9692e-17   4.6444e-19
 5040.62   2.0000e-17   4.6287e-19
 5045.23   2.0000e-17   4.5663e-19
 5049.84   2.0859e-17   4.5877e-19
 5054.46   2.0716e-17   4.5769e-19
 5059.07   2.0907e-17   4.5555e-19
 5063.68   2.0512e-17   4.5244e-19
 5068.29   2.1484e-17   4.5600e-19
 5072.91   2.2465e-17   4.5501e-19
 5077.52   2.1943e-17   4.4861e-19
 5082.13   2.1960e-17   4.4802e-19
 5086.75   2.1612e-17   4.4324e-19
 5091.36   2.1431e-17   4.4170e-19
 5095.97   2.1413e-17   4.3954e-19
 5100.58   2.0728e-17   4.3430e-19
 5105.20   2.2442e-17   4.4150e-19
 5109.81   2.3197e-17   4.4496e-19
 5114.42   2.2175e-17   4.3682e-19
 5119.03   2.1351e-17   4.3278e-19
 5123.65   2.2118e-17   4.3363e-19
 5128.26   2.2710e-17   4.3522e-19
 5132.87   2.2454e-17   4.4145e-19
 5137.48   2.2260e-17   4.4509e-19
 5142.10   2.3115e-17   6.0315e-19
 5146.71   2.3194e-17   6.2037e-19
 5151.32   2.3180e-17   6.0630e-19
 5155.94   2.3316e-17   5.5794e-19
 5160.55   2.5029e-17   4.4403e-19
 5165.16   2.4025e-17   4.3529e-19
 5169.77   2.4683e-17   4.3293e-19
 5174.39   2.4047e-17   4.3037e-19
 5179.00   2.3989e-17   4.3122e-19
 5183.61   2.3564e-17   4.3227e-19
 5188.22   2.4123e-17   4.3992e-19
 5192.84   2.5662e-17   4.7154e-19
 5197.45   2.5076e-17   4.9540e-19
 5202.06   2.6222e-17   4.9722e-19
 5206.67   2.5132e-17   4.7122e-19
 5211.29   2.5729e-17   4.4249e-19
 5215.90   2.5605e-17   4.3774e-19
 5220.51   2.5739e-17   4.4259e-19
 5225.12   2.6824e-17   4.4512e-19
 5229.74   2.7186e-17   4.4483e-19
 5234.35   2.6400e-17   4.4125e-19
 5238.96   2.6320e-17   4.4917e-19
 5243.58   2.6994e-17   4.4719e-19
 5248.19   2.6559e-17   4.2789e-19
 5252.80   2.6640e-17   4.3893e-19
 5257.41   2.6402e-17   4.3591e-19
 5262.03   2.7038e-17   4.2334e-19
 5266.64   2.6950e-17   4.1602e-19
 5271.25   2.6833e-17   4.2173e-19
 5275.86   2.6762e-17   4.2886e-19
 5280.48   2.7663e-17   4.3192e-19
 5285.09   2.7225e-17   4.2533e-19
 5289.70   2.7366e-17   4.2440e-19
 5294.31   2.7956e-17   4.2848e-19
 5298.93   2.7936e-17   4.3539e-19
 5303.54   2.8570e-17   4.3355e-19
 5308.15   2.8465e-17   4.3130e-19
 5312.77   2.9299e-17   4.3405e-19
 5317.38   2.8240e-17   4.3273e-19
 5321.99   2.9079e-17   4.3507e-19
 5326.60   2.8472e-17   4.2957e-19
 5331.22   2.8081e-17   4.2797e-19
 5335.83   2.8154e-17   4.2125e-19
 5340.44   2.8452e-17   4.2736e-19
 5345.05   2.8252e-17   4.4024e-19
 5349.67   2.8717e-17   4.6106e-19
 5354.28   2.9867e-17   4.7627e-19
 5358.89   2.8795e-17   4.7259e-19
 5363.50   3.0384e-17   4.5580e-19
 5368.12   2.8980e-17   4.3786e-19
 5372.73   2.9177e-17   4.3412e-19
 5377.34   2.9722e-17   4.3352e-19
 5381.96   2.8918e-17   4.2956e-19
 5386.57   2.9047e-17   4.2225e-19
 5391.18   2.9188e-17   4.1659e-19
 5395.79   2.9221e-17   4.1223e-19
 5400.41   2.7962e-17   4.0502e-19
 5405.02   2.8253e-17   4.0441e-19
 5409.63   2.9598e-17   4.0853e-19
 5414.24   2.9235e-17   4.0844e-19
 5418.86   2.8976e-17   4.0969e-19
 5423.47   2.8161e-17   4.0478e-19
 5428.08   2.8260e-17   4.0098e-19
 5432.69   2.8437e-17   3.9880e-19
 5437.31   2.9416e-17   4.0207e-19
 5441.92   2.8726e-17   3.9813e-19
 5446.53   2.8493e-17   3.9715e-19
 5451.15   2.8243e-17   3.9933e-19
 5455.76   2.8305e-17   4.1417e-19
 5460.37   2.7944e-17   4.2411e-19
 5464.98   2.6764e-17   4.1575e-19
 5469.60   2.7450e-17   4.0050e-19
 5474.21   2.7189e-17   3.8216e-19
 5478.82   2.7775e-17   3.7727e-19
 5483.43   2.7807e-17   3.7824e-19
 5488.05   2.8709e-17   3.8057e-19
 5492.66   2.7509e-17   3.7546e-19
 5497.27   2.7907e-17   3.7509e-19
 5501.88   2.7662e-17   3.7326e-19
 5506.50   2.8654e-17   3.7464e-19
 5511.11   2.7785e-17   3.7055e-19
 5515.72   2.8017e-17   3.6930e-19
 5520.33   2.8082e-17   3.6740e-19
 5524.95   2.8413e-17   3.6565e-19
 5529.56   2.7877e-17   3.6193e-19
 5534.17   2.7061e-17   3.5984e-19
 5538.79   2.6452e-17   3.6344e-19
 5543.40   2.6952e-17   3.6880e-19
 5548.01   2.8072e-17   3.7144e-19
 5552.62   2.7251e-17   3.6391e-19
 5557.24   2.7331e-17   3.6426e-19
 5561.85   2.6508e-17   3.6479e-19
 5566.46   2.6989e-17   4.0241e-19
 5571.07   2.6857e-17   6.2645e-19
 5575.69   2.6818e-17   8.2313e-19
 5580.30   2.7692e-17   8.2927e-19
 5584.91   2.6601e-17   6.9230e-19
 5589.52   2.6357e-17   4.2429e-19
 5594.14   2.6644e-17   3.5336e-19
 5598.75   2.6716e-17   3.5253e-19
 5603.36   2.6247e-17   3.5075e-19
 5607.98   2.6623e-17   3.4950e-19
 5612.59   2.5580e-17   3.4182e-19
 5617.20   2.5747e-17   3.3965e-19
 5621.81   2.4960e-17   3.3161e-19
 5626.43   2.5014e-17   3.3787e-19
 5631.04   2.5385e-17   3.3435e-19
 5635.65   2.4692e-17   3.2724e-19
 5640.26   2.3658e-17   3.2649e-19
 5644.88   2.3788e-17   3.2699e-19
 5649.49   2.3919e-17   3.2203e-19
 5654.10   2.4372e-17   3.1751e-19
 5658.71   2.4052e-17   3.1630e-19
 5663.33   2.4327e-17   3.1562e-19
 5667.94   2.3725e-17   3.2076e-19
 5672.55   2.3534e-17   3.2230e-19
 5677.17   2.3614e-17   3.2619e-19
 5681.78   2.3012e-17   3.3137e-19
 5686.39   2.3560e-17   3.4090e-19
 5691.00   2.4931e-17   3.4361e-19
 5695.62   2.4923e-17   3.3583e-19
 5700.23   2.4949e-17   3.2486e-19
 5704.84   2.3866e-17   3.1557e-19
 5709.45   2.3227e-17   3.1182e-19
 5714.07   2.3480e-17   3.1116e-19
 5718.68   2.3605e-17   3.1154e-19
 5723.29   2.3358e-17   3.0983e-19
 5727.90   2.3471e-17   3.0879e-19
 5732.52   2.3848e-17   3.0806e-19
 5737.13   2.3141e-17   3.0358e-19
 5741.74   2.3575e-17   3.0362e-19
 5746.35   2.3583e-17   3.0446e-19
 5750.97   2.4016e-17   3.0328e-19
 5755.58   2.3673e-17   3.0175e-19
 5760.19   2.3729e-17   3.0343e-19
 5764.81   2.3462e-17   3.0435e-19
 5769.42   2.2617e-17   3.0329e-19
 5774.03   2.3148e-17   3.0288e-19
 5778.64   2.3274e-17   2.9221e-19
 5783.26   2.3871e-17   6.8921e-20
 5787.87   2.2919e-17   2.8652e-19
 5792.48   2.2466e-17   2.9498e-19
 5797.09   2.2864e-17   2.9562e-19
 5801.71   2.2678e-17   2.9473e-19
 5806.32   2.2816e-17   2.9326e-19
 5810.93   2.2874e-17   2.9251e-19
 5815.54   2.2541e-17   2.9606e-19
 5820.16   2.3221e-17   2.9862e-19
 5824.77   2.2354e-17   2.9637e-19
 5829.38   2.1864e-17   2.9499e-19
 5834.00   2.2656e-17   2.9500e-19
 5838.61   2.1963e-17   2.9541e-19
 5843.22   2.2158e-17   2.9510e-19
 5847.83   2.2759e-17   2.9677e-19
 5852.45   2.1982e-17   2.9481e-19
 5857.06   2.1800e-17   2.9908e-19
 5861.67   2.2736e-17   3.2008e-19
 5866.28   2.2523e-17   3.3703e-19
 5870.90   2.3142e-17   3.4453e-19
 5875.51   2.2499e-17   3.3694e-19
 5880.12   2.2480e-17   3.6108e-19
 5884.73   2.3417e-17   5.5734e-19
 5889.35   2.2863e-17   7.2255e-19
 5893.96   2.2289e-17   7.9135e-19
 5898.57   2.0935e-17   7.0095e-19
 5903.19   2.1431e-17   5.3109e-19
 5907.80   2.2384e-17   3.8116e-19
 5912.41   2.2230e-17   3.4044e-19
 5917.02   2.2729e-17   3.4273e-19
 5921.64   2.2173e-17   3.3708e-19
 5926.25   2.2835e-17   3.3708e-19
 5930.86   2.1679e-17   3.3875e-19
 5935.47   2.2609e-17   3.3494e-19
 5940.09   2.1910e-17   3.2479e-19
 5944.70   2.3104e-17   3.1826e-19
 5949.31   2.2076e-17   3.2454e-19
 5953.92   2.1995e-17   3.2685e-19
 5958.54   2.2286e-17   3.2051e-19
 5963.15   2.2029e-17   3.0816e-19
 5967.76   2.2266e-17   3.0709e-19
 5972.38   2.1920e-17   3.1480e-19
 5976.99   2.1968e-17   3.1642e-19
 5981.60   2.2149e-17   3.1226e-19
 5986.21   2.1885e-17   3.0256e-19
 5990.83   2.2157e-17   2.9715e-19
 5995.44   2.2567e-17   2.9967e-19
 6000.05   2.1960e-17   2.9942e-19
 6004.66   2.2311e-17   2.9571e-19
 6009.28   2.2446e-17   2.9060e-19
 6013.89   2.2442e-17   2.8512e-19
 6018.50   2.2075e-17   2.8346e-19
 6023.11   2.2005e-17   2.8360e-19
 6027.73   2.2056e-17   2.8616e-19
 6032.34   2.1916e-17   2.8936e-19
 6036.95   2.2520e-17   2.8959e-19
 6041.56   2.3136e-17   2.8791e-19
 6046.18   2.2988e-17   2.8395e-19
 6050.79   2.2419e-17   2.8104e-19
 6055.40   2.3023e-17   2.8261e-19
 6060.02   2.3579e-17   2.8463e-19
 6064.63   2.3704e-17   2.8549e-19
 6069.24   2.3478e-17   2.8515e-19
 6073.85   2.3087e-17   2.7939e-19
 6078.47   2.3599e-17   2.7648e-19
 6083.08   2.3898e-17   2.8275e-19
 6087.69   2.4788e-17   2.8416e-19
 6092.30   2.4817e-17   2.8563e-19
 6096.92   2.4784e-17   2.8709e-19
 6101.53   2.4440e-17   2.9166e-19
 6106.14   2.4596e-17   2.9400e-19
 6110.75   2.4778e-17   2.9765e-19
 6115.37   2.4195e-17   2.9526e-19
 6119.98   2.4495e-17   2.8589e-19
 6124.59   2.4581e-17   2.8209e-19
 6129.21   2.3797e-17   2.8366e-19
 6133.82   2.4435e-17   2.8966e-19
 6138.43   2.5218e-17   2.9811e-19
 6143.04   2.5623e-17   3.0201e-19
 6147.66   2.5686e-17   2.9920e-19
 6152.27   2.5526e-17   2.9358e-19
 6156.88   2.5370e-17   2.8960e-19
 6161.49   2.5840e-17   2.9069e-19
 6166.11   2.5747e-17   2.9670e-19
 6170.72   2.6032e-17   2.9874e-19
 6175.33   2.5398e-17   2.9968e-19
 6179.94   2.5756e-17   2.9025e-19
 6184.56   2.5019e-17   2.8077e-19
 6189.17   2.5401e-17   2.7812e-19
 6193.78   2.5295e-17   2.7753e-19
 6198.40   2.5306e-17   2.8636e-19
 6203.01   2.4973e-17   2.8569e-19
 6207.62   2.5553e-17   2.8845e-19
 6212.23   2.5800e-17   2.8649e-19
 6216.85   2.5841e-17   2.9099e-19
 6221.46   2.5416e-17   2.9437e-19
 6226.07   2.5960e-17   2.9756e-19
 6230.68   2.6140e-17   3.2036e-19
 6235.30   2.4906e-17   3.3769e-19
 6239.91   2.5801e-17   3.4682e-19
 6244.52   2.4894e-17   3.2456e-19
 6249.13   2.6451e-17   3.0617e-19
 6253.75   2.5386e-17   3.1609e-19
 6258.36   2.5490e-17   3.2775e-19
 6262.97   2.5521e-17   3.2909e-19
 6267.58   2.4870e-17   3.1162e-19
 6272.20   2.5444e-17   2.9274e-19
 6276.81   2.5389e-17   2.8414e-19
 6281.42   2.4835e-17   2.9498e-19
 6286.04   2.5431e-17   2.9855e-19
 6290.65   2.5422e-17   3.9390e-19
 6295.26   2.5371e-17   6.0417e-19
 6299.87   2.5602e-17   7.2705e-19
 6304.49   2.5607e-17   7.0456e-19
 6309.10   2.5600e-17   5.6364e-19
 6313.71   2.5669e-17   3.2759e-19
 6318.32   2.5622e-17   2.9836e-19
 6322.94   2.5575e-17   2.9791e-19
 6327.55   2.5807e-17   3.1389e-19
 6332.16   2.5293e-17   3.0743e-19
 6336.77   2.5857e-17   2.9536e-19
 6341.39   2.5904e-17   2.7884e-19
 6346.00   2.6025e-17   2.8050e-19
 6350.61   2.5639e-17   2.9498e-19
 6355.23   2.5629e-17   3.4073e-19
 6359.84   2.6044e-17   4.4684e-19
 6364.45   2.5844e-17   4.6644e-19
 6369.06   2.5957e-17   4.4940e-19
 6373.68   2.6066e-17   3.4477e-19
 6378.29   2.6452e-17   2.7997e-19
 6382.90   2.5714e-17   2.8092e-19
 6387.51   2.6104e-17   2.8006e-19
 6392.13   2.6315e-17   2.7429e-19
 6396.74   2.5547e-17   2.6325e-19
 6401.35   2.5846e-17   2.5864e-19
 6405.96   2.6110e-17   2.5416e-19
 6410.58   2.6019e-17   2.5885e-19
 6415.19   2.5837e-17   2.6318e-19
 6419.80   2.6362e-17   2.6257e-19
 6424.42   2.6292e-17   2.6317e-19
 6429.03   2.5931e-17   2.5844e-19
 6433.64   2.6358e-17   2.5544e-19
 6438.25   2.6738e-17   2.5582e-19
 6442.87   2.7330e-17   2.5749e-19
 6447.48   2.7298e-17   2.5944e-19
 6452.09   2.6582e-17   2.6252e-19
 6456.70   2.7004e-17   2.7229e-19
 6461.32   2.6740e-17   2.9309e-19
 6465.93   2.6325e-17   3.1075e-19
 6470.54   2.6276e-17   3.1352e-19
 6475.15   2.5943e-17   2.9662e-19
 6479.77   2.6883e-17   2.7429e-19
 6484.38   2.6853e-17   2.5982e-19
 6488.99   2.5682e-17   2.5748e-19
 6493.60   2.6627e-17   2.8734e-19
 6498.22   2.5882e-17   3.1151e-19
 6502.83   2.6197e-17   3.1701e-19
 6507.44   2.5705e-17   2.9633e-19
 6512.06   2.6639e-17   2.7013e-19
 6516.67   2.6569e-17   2.6386e-19
 6521.28   2.6497e-17   2.6511e-19
 6525.89   2.6639e-17   2.7878e-19
 6530.51   2.6576e-17   2.9118e-19
 6535.12   2.7167e-17   2.9559e-19
 6539.73   2.6028e-17   2.9269e-19
 6544.34   2.6414e-17   2.8413e-19
 6548.96   2.6080e-17   2.9693e-19
 6553.57   2.6587e-17   3.0607e-19
 6558.18   2.6254e-17   3.0465e-19
 6562.79   2.7168e-17   2.9288e-19
 6567.41   2.6346e-17   2.8040e-19
 6572.02   2.6547e-17   2.8864e-19
 6576.63   2.6664e-17   2.9032e-19
 6581.25   2.6792e-17   2.8108e-19
 6585.86   2.7297e-17   2.6534e-19
 6590.47   2.6477e-17   2.4791e-19
 6595.08   2.6822e-17   2.5513e-19
 6599.70   2.7159e-17   2.6589e-19
 6604.31   2.6710e-17   2.6676e-19
 6608.92   2.7184e-17   2.5635e-19
 6613.53   2.7031e-17   2.3944e-19
 6618.15   2.6915e-17   2.3630e-19
 6622.76   2.6599e-17   2.3755e-19
 6627.37   2.6827e-17   2.4276e-19
 6631.98   2.6670e-17   2.4636e-19
 6636.60   2.7036e-17   2.4373e-19
 6641.21   2.6586e-17   2.3966e-19
 6645.82   2.7224e-17   2.3422e-19
 6650.44   2.7247e-17   2.3336e-19
 6655.05   2.7438e-17   2.3334e-19
 6659.66   2.7521e-17   2.3520e-19
 6664.27   2.7887e-17   2.3808e-19
 6668.89   2.7690e-17   2.3685e-19
 6673.50   2.7405e-17   2.3331e-19
 6678.11   2.7646e-17   2.2999e-19
 6682.72   2.7281e-17   2.2739e-19
 6687.34   2.7206e-17   2.2751e-19
 6691.95   2.7612e-17   2.2864e-19
 6696.56   2.7379e-17   2.2929e-19
 6701.17   2.7031e-17   2.3044e-19
 6705.79   2.6930e-17   2.3140e-19
 6710.40   2.6748e-17   2.3127e-19
 6715.01   2.6798e-17   2.2807e-19
 6719.62   2.6360e-17   2.2437e-19
 6724.24   2.6583e-17   2.2195e-19
 6728.85   2.7100e-17   2.2074e-19
 6733.46   2.6777e-17   2.2138e-19
 6738.08   2.6926e-17   2.2337e-19
 6742.69   2.6775e-17   2.2203e-19
 6747.30   2.6822e-17   2.2122e-19
 6751.91   2.6755e-17   2.1923e-19
 6756.53   2.6518e-17   2.1671e-19
 6761.14   2.6296e-17   2.1497e-19
 6765.75   2.6562e-17   2.1393e-19
 6770.36   2.6837e-17   2.1530e-19
 6774.98   2.6793e-17   2.1442e-19
 6779.59   2.6785e-17   2.1496e-19
 6784.20   2.6510e-17   2.1521e-19
 6788.81   2.6062e-17   2.1222e-19
 6793.43   2.6329e-17   2.1199e-19
 6798.04   2.5934e-17   2.0866e-19
 6802.65   2.5492e-17   2.1092e-19
 6807.27   2.5872e-17   2.0255e-19
 6811.88   2.6422e-17   2.2309e-20
 6816.49   2.6415e-17   3.6489e-20
 6821.10   2.5209e-17   2.3865e-19
 6825.72   2.5911e-17   2.9630e-19
 6830.33   2.5638e-17   3.3480e-19
 6834.94   2.5094e-17   3.3751e-19
 6839.55   2.4549e-17   3.0097e-19
 6844.17   2.4766e-17   2.4786e-19
 6848.78   2.4741e-17   2.2113e-19
 6853.39   2.4267e-17   2.1457e-19
 6858.00   2.4890e-17   2.7389e-19
 6862.62   2.4066e-17   3.0861e-19
 6867.23   2.3989e-17   3.1014e-19
 6871.84   2.4002e-17   2.6822e-19
 6876.46   2.3720e-17   2.1904e-19
 6881.07   2.3724e-17   2.1518e-19
 6885.68   2.3347e-17   2.2749e-19
 6890.29   2.3349e-17   2.2984e-19
 6894.91   2.3334e-17   2.2487e-19
 6899.52   2.3332e-17   2.2143e-19
 6904.13   2.3182e-17   2.2097e-19
 6908.74   2.3872e-17   2.3614e-19
 6913.36   2.3396e-17   2.4112e-19
 6917.97   2.4006e-17   2.6717e-19
 6922.58   2.3092e-17   2.6692e-19
 6927.19   2.3594e-17   2.5815e-19
 6931.81   2.3577e-17   2.4133e-19
 6936.42   2.3103e-17   2.3451e-19
 6941.03   2.3869e-17   2.5284e-19
 6945.65   2.3477e-17   2.8258e-19
 6950.26   2.4082e-17   2.8023e-19
 6954.87   2.2989e-17   2.6223e-19
 6959.48   2.3943e-17   2.2838e-19
 6964.10   2.3438e-17   2.1347e-19
 6968.71   2.3657e-17   2.2982e-19
 6973.32   2.3060e-17   2.4920e-19
 6977.93   2.4363e-17   2.5669e-19
 6982.55   2.3376e-17   2.4314e-19
 6987.16   2.3732e-17   2.2495e-19
 6991.77   2.3870e-17   2.0087e-19
 6996.38   2.3568e-17   2.0228e-19
 7001.00   2.4052e-17   2.1276e-19
 7005.61   2.3543e-17   2.2285e-19
 7010.22   2.3790e-17   2.2775e-19
 7014.83   2.4229e-17   2.2151e-19
 7019.45   2.4067e-17   2.0957e-19
 7024.06   2.4097e-17   1.9747e-19
 7028.67   2.4329e-17   1.9625e-19
 7033.29   2.4102e-17   1.9889e-19
 7037.90   2.4070e-17   2.0261e-19
 7042.51   2.4288e-17   2.1308e-19
 7047.12   2.4208e-17   2.2063e-19
 7051.74   2.4043e-17   2.1918e-19
 7056.35   2.3991e-17   2.1206e-19
 7060.96   2.4100e-17   2.0606e-19
 7065.57   2.3832e-17   2.0514e-19
 7070.19   2.3538e-17   2.0532e-19
 7074.80   2.3428e-17   2.0532e-19
 7079.41   2.3916e-17   2.0726e-19
 7084.02   2.3504e-17   2.0854e-19
 7088.64   2.3710e-17   2.0844e-19
 7093.25   2.3757e-17   2.0485e-19
 7097.86   2.3691e-17   1.9914e-19
 7102.48   2.4186e-17   1.9690e-19
 7107.09   2.4001e-17   1.9618e-19
 7111.70   2.3778e-17   1.9570e-19
 7116.31   2.3018e-17   1.9329e-19
 7120.93   2.3399e-17   1.9535e-19
 7125.54   2.3372e-17   1.9847e-19
 7130.15   2.2764e-17   1.9935e-19
 7134.76   2.3064e-17   2.0057e-19
 7139.38   2.3265e-17   2.0327e-19
 7143.99   2.3561e-17   2.0556e-19
 7148.60   2.3379e-17   2.0523e-19
 7153.21   2.2946e-17   2.0177e-19
 7157.83   2.1991e-17   1.9709e-19
 7162.44   2.2564e-17   1.9662e-19
 7167.05   2.2458e-17   1.9689e-19
 7171.67   2.2112e-17   1.9633e-19
 7176.28   2.1862e-17   1.9825e-19
 7180.89   2.1634e-17   1.9619e-19
 7185.50   2.1933e-17   1.9226e-19
 7190.12   2.2007e-17   1.8860e-19
 7194.73   2.2111e-17   1.8627e-19
 7199.34   2.1882e-17   1.8731e-19
 7203.95   2.1894e-17   1.8888e-19
 7208.57   2.2336e-17   1.8968e-19
 7213.18   2.2587e-17   1.9051e-19
 7217.79   2.2292e-17   1.9168e-19
 7222.40   2.2250e-17   1.9476e-19
 7227.02   2.1786e-17   1.9794e-19
 7231.63   2.1389e-17   2.3811e-19
 7236.24   2.1530e-17   3.2792e-19
 7240.85   2.1487e-17   3.9389e-19
 7245.47   2.1157e-17   4.0446e-19
 7250.08   2.1689e-17   3.6075e-19
 7254.69   2.1302e-17   2.7981e-19
 7259.31   2.2059e-17   2.3381e-19
 7263.92   2.1824e-17   2.1289e-19
 7268.53   2.2282e-17   2.7067e-19
 7273.14   2.1869e-17   3.4641e-19
 7277.76   2.2045e-17   3.9003e-19
 7282.37   2.1968e-17   3.8090e-19
 7286.98   2.1941e-17   3.2583e-19
 7291.59   2.1992e-17   2.6699e-19
 7296.21   2.2298e-17   2.5512e-19
 7300.82   2.1590e-17   2.5967e-19
 7305.43   2.2087e-17   2.6959e-19
 7310.04   2.1801e-17   3.0736e-19
 7314.66   2.2588e-17   3.4041e-19
 7319.27   2.1435e-17   3.3469e-19
 7323.88   2.2840e-17   3.2804e-19
 7328.50   2.2432e-17   2.8154e-19
 7333.11   2.2454e-17   3.1287e-19
 7337.72   2.3021e-17   3.6228e-19
 7342.33   2.3592e-17   3.6413e-19
 7346.95   2.3139e-17   3.3567e-19
 7351.56   2.3529e-17   2.8512e-19
 7356.17   2.3629e-17   2.5878e-19
 7360.78   2.4166e-17   2.9956e-19
 7365.40   2.3811e-17   3.3747e-19
 7370.01   2.4326e-17   3.4248e-19
 7374.62   2.3991e-17   3.1655e-19
 7379.23   2.4564e-17   2.6114e-19
 7383.85   2.4217e-17   2.1712e-19
 7388.46   2.4775e-17   2.4504e-19
 7393.07   2.4664e-17   2.6508e-19
 7397.69   2.4914e-17   3.0889e-19
 7402.30   2.4906e-17   3.0170e-19
 7406.91   2.6054e-17   2.8961e-19
 7411.52   2.4701e-17   2.4392e-19
 7416.14   2.5773e-17   2.1262e-19
 7420.75   2.4967e-17   2.1378e-19
 7425.36   2.5253e-17   2.2455e-19
 7429.97   2.5652e-17   2.4668e-19
 7434.59   2.5355e-17   2.6691e-19
 7439.20   2.5606e-17   2.6846e-19
 7443.81   2.5381e-17   2.5133e-19
 7448.42   2.6101e-17   2.2788e-19
 7453.04   2.4896e-17   2.0970e-19
 7457.65   2.5629e-17   2.2415e-19
 7462.26   2.5612e-17   2.4654e-19
 7466.88   2.5634e-17   2.7631e-19
 7471.49   2.5757e-17   2.9816e-19
 7476.10   2.5991e-17   3.1675e-19
 7480.71   2.5197e-17   3.1635e-19
 7485.33   2.5677e-17   3.0187e-19
 7489.94   2.5739e-17   2.7401e-19
 7494.55   2.6165e-17   2.4294e-19
 7499.16   2.5229e-17   2.2729e-19
 7503.78   2.6035e-17   2.2077e-19
 7508.39   2.5814e-17   2.1341e-19
 7513.00   2.5732e-17   2.3255e-19
 7517.61   2.5469e-17   2.9075e-19
 7522.23   2.5665e-17   3.5206e-19
 7526.84   2.5407e-17   3.6657e-19
 7531.45   2.5640e-17   3.4212e-19
 7536.06   2.6059e-17   2.7881e-19
 7540.68   2.5801e-17   2.4271e-19
 7545.29   2.5642e-17   2.2940e-19
 7549.90   2.5060e-17   2.3305e-19
 7554.52   2.5857e-17   2.4732e-19
 7559.13   2.6189e-17   2.5296e-19
 7563.74   2.5587e-17   2.8096e-19
 7568.35   2.5610e-17   3.1358e-19
 7572.97   2.5399e-17   3.2349e-19
 7577.58   2.5770e-17   3.1238e-19
 7582.19   2.5086e-17   2.8286e-19
 7586.80   2.5176e-17   2.5756e-19
 7591.42   2.4798e-17   2.5212e-19
 7596.03   2.4703e-17   2.2435e-19
 7600.64   2.5100e-17   1.8537e-19
 7605.25   2.5044e-17   1.6083e-19
 7609.87   2.5055e-17   1.5209e-19
 7614.48   2.4909e-17   1.9190e-19
 7619.09   2.4908e-17   2.1991e-19
 7623.71   2.5054e-17   2.3643e-19
 7628.32   2.5055e-17   2.2445e-19
 7632.93   2.5108e-17   2.0102e-19
 7637.54   2.5108e-17   1.8455e-19
 7642.16   2.5109e-17   1.7562e-19
 7646.77   2.5277e-17   1.9643e-19
 7651.38   2.5069e-17   2.1920e-19
 7655.99   2.5070e-17   2.4007e-19
 7660.61   2.5011e-17   2.5657e-19
 7665.22   2.5012e-17   2.5185e-19
 7669.83   2.5060e-17   2.4123e-19
 7674.44   2.4690e-17   2.2215e-19
 7679.06   2.5057e-17   2.2530e-19
 7683.67   2.5049e-17   2.3716e-19
 7688.28   2.5270e-17   2.4847e-19
 7692.90   2.4882e-17   2.6032e-19
 7697.51   2.4882e-17   2.6207e-19
 7702.12   2.5086e-17   2.7162e-19
 7706.73   2.5746e-17   3.6078e-19
 7711.35   2.6517e-17   4.7463e-19
 7715.96   2.5582e-17   5.2313e-19
 7720.57   2.6469e-17   5.0487e-19
 7725.18   2.6828e-17   4.0525e-19
 7729.80   2.7145e-17   3.1807e-19
 7734.41   2.6532e-17   2.8188e-19
 7739.02   2.6031e-17   2.6065e-19
 7743.63   2.6587e-17   3.6998e-19
 7748.25   2.6588e-17   4.4759e-19
 7752.86   2.6663e-17   4.9344e-19
 7757.47   2.6770e-17   4.6424e-19
 7762.08   2.6839e-17   3.7919e-19
 7766.70   2.6839e-17   3.3067e-19
 7771.31   2.7025e-17   3.2650e-19
 7775.92   2.6819e-17   3.4080e-19
 7780.54   2.7325e-17   3.4321e-19
 7785.15   2.6945e-17   3.3974e-19
 7789.76   2.7191e-17   4.0734e-19
 7794.37   2.6337e-17   4.1604e-19
 7798.99   2.7690e-17   4.1338e-19
 7803.60   2.7094e-17   3.6654e-19
 7808.21   2.6495e-17   3.2769e-19
 7812.82   2.6406e-17   3.7514e-19
 7817.44   2.5569e-17   4.3318e-19
 7822.05   2.6334e-17   4.5258e-19
 7826.66   2.6279e-17   4.2053e-19
 7831.27   2.6233e-17   3.4327e-19
 7835.89   2.6232e-17   2.8915e-19
 7840.50   2.6536e-17   3.2548e-19
 7845.11   2.6232e-17   3.8566e-19
 7849.73   2.6261e-17   4.8812e-19
 7854.34   2.4777e-17   5.2611e-19
 7858.95   2.6971e-17   5.2707e-19
 7863.56   2.5458e-17   4.7944e-19
 7868.18   2.5809e-17   4.3538e-19
 7872.79   2.6051e-17   4.3356e-19
 7877.40   2.4680e-17   4.1263e-19
 7882.01   2.5660e-17   4.0171e-19
 7886.63   2.5171e-17   4.0911e-19
 7891.24   2.6232e-17   3.8767e-19
 7895.85   2.4778e-17   3.4702e-19
 7900.46   2.5457e-17   2.8214e-19
 7905.08   2.4851e-17   3.2455e-19
 7909.69   2.4852e-17   4.8827e-19
 7914.30   2.4228e-17   5.5361e-19
 7918.92   2.5066e-17   5.6986e-19
 7923.53   2.4823e-17   4.8093e-19
 7928.14   2.5277e-17   4.0831e-19
 7932.75   2.4837e-17   3.6269e-19
 7937.37   2.4676e-17   3.1768e-19
 7941.98   2.5363e-17   3.0608e-19
 7946.59   2.4728e-17   3.1454e-19
 7951.20   2.4038e-17   3.1578e-19
 7955.82   2.4759e-17   3.4308e-19
 7960.43   2.4386e-17   4.2232e-19
 7965.04   2.4043e-17   4.5048e-19
 7969.65   2.5173e-17   4.5358e-19
 7974.27   2.4448e-17   4.0465e-19
 7978.88   2.4968e-17   3.6250e-19
 7983.49   2.4457e-17   3.7584e-19
 7988.10   2.4805e-17   4.4724e-19
 7992.72   2.4554e-17   4.7274e-19
 7997.33   2.5117e-17   4.6276e-19
 8001.94   2.3927e-17   3.7809e-19
 8006.56   2.4193e-17   2.7419e-19
 8011.17   2.5214e-17   3.1159e-19
 8015.78   2.4718e-17   3.4021e-19
 8020.39   2.4447e-17   4.1516e-19
 8025.01   2.4079e-17   4.3015e-19
 8029.62   2.4166e-17   4.1815e-19
 8034.23   2.3757e-17   3.4482e-19
 8038.84   2.4698e-17   2.5093e-19
 8043.46   2.4885e-17   2.4208e-19
 8048.07   2.4385e-17   2.7132e-19
 8052.68   2.4666e-17   3.0146e-19
 8057.29   2.4005e-17   3.3898e-19
 8061.91   2.4164e-17   3.4825e-19
 8066.52   2.3701e-17   3.2192e-19
 8071.13   2.4601e-17   2.8312e-19
 8075.75   2.3780e-17   2.2863e-19
 8080.36   2.4282e-17   2.3314e-19
 8084.97   2.3952e-17   2.3568e-19
 8089.58   2.4054e-17   2.5011e-19
 8094.20   2.4603e-17   2.6518e-19
 8098.81   2.4112e-17   2.8653e-19
 8103.42   2.3645e-17   2.8234e-19
 8108.03   2.3729e-17   2.6511e-19
 8112.65   2.4125e-17   2.3926e-19
 8117.26   2.3913e-17   2.1678e-19
 8121.87   2.3890e-17   2.1726e-19
 8126.48   2.3472e-17   2.1691e-19
 8131.10   2.2945e-17   2.2216e-19
 8135.71   2.3173e-17   2.3450e-19
 8140.32   2.2792e-17   2.4286e-19
 8144.94   2.3507e-17   2.4842e-19
 8149.55   2.2852e-17   2.3791e-19
 8154.16   2.2315e-17   2.2318e-19
 8158.77   2.2902e-17   2.0944e-19
 8163.39   2.2145e-17   2.0600e-19
 8168.00   2.2529e-17   2.0750e-19
 8172.61   2.2527e-17   2.0854e-19
 8177.22   2.2833e-17   2.1666e-19
 8181.84   2.3099e-17   2.2657e-19
 8186.45   2.3000e-17   2.3573e-19
 8191.06   2.2916e-17   2.4681e-19
 8195.67   2.1608e-17   2.4022e-19
 8200.29   2.1945e-17   2.3550e-19
 8204.90   2.1875e-17   2.2120e-19
 8209.51   2.2342e-17   2.1510e-19
 8214.12   2.2012e-17   2.1313e-19
 8218.74   2.2269e-17   2.1182e-19
 8223.35   2.1597e-17   2.0786e-19
 8227.96   2.1828e-17   2.0253e-19
 8232.58   2.1772e-17   2.0217e-19
 8237.19   2.1352e-17   2.0609e-19
 8241.80   2.1426e-17   2.1293e-19
 8246.41   2.1193e-17   2.1705e-19
 8251.03   2.1419e-17   2.1705e-19
 8255.64   2.1177e-17   2.1263e-19
 8260.25   2.1153e-17   2.0994e-19
 8264.86   2.1318e-17   2.0837e-19
 8269.48   2.1162e-17   2.2915e-19
 8274.09   2.1575e-17   3.1852e-19
 8278.70   2.1348e-17   4.2121e-19
 8283.31   2.0333e-17   4.9282e-19
 8287.93   2.2093e-17   5.2350e-19
 8292.54   2.1167e-17   5.2636e-19
 8297.15   2.1386e-17   5.2002e-19
 8301.77   2.0625e-17   4.6392e-19
 8306.38   2.0927e-17   4.1908e-19
 8310.99   2.1127e-17   3.2324e-19
 8315.60   2.1094e-17   2.9443e-19
 8320.22   2.1232e-17   2.5136e-19
 8324.83   2.1014e-17   2.1595e-19
 8329.44   2.0941e-17   2.0280e-19
 8334.05   2.1591e-17   2.9338e-19
 8338.67   2.1175e-17   4.8770e-19
 8343.28   2.1198e-17   6.3296e-19
 8347.89   1.9946e-17   6.6273e-19
 8352.50   2.2307e-17   5.9712e-19
 8357.12   2.0426e-17   4.3464e-19
 8361.73   2.1453e-17   3.6427e-19
 8366.34   2.1887e-17   3.1517e-19
 8370.96   2.1242e-17   2.8284e-19
 8375.57   2.1842e-17   3.1424e-19
 8380.18   2.0703e-17   3.5149e-19
 8384.79   2.1801e-17   3.5256e-19
 8389.41   2.2237e-17   3.7745e-19
 8394.02   2.1297e-17   4.6683e-19
 8398.63   2.2656e-17   5.3745e-19
 8403.24   2.1183e-17   5.2167e-19
 8407.86   2.3241e-17   4.4654e-19
 8412.47   2.1788e-17   3.8202e-19
 8417.08   2.2263e-17   3.7877e-19
 8421.69   2.1788e-17   4.4877e-19
 8426.31   2.1939e-17   5.4455e-19
 8430.92   2.1833e-17   5.7917e-19
 8435.53   2.2137e-17   5.3443e-19
 8440.14   2.2575e-17   3.8793e-19
 8444.76   2.2044e-17   2.8599e-19
 8449.37   2.3153e-17   3.6428e-19
 8453.98   2.2484e-17   3.8206e-19
 8458.60   2.1882e-17   4.6076e-19
 8463.21   2.2860e-17   5.0421e-19
 8467.82   2.2307e-17   5.0226e-19
 8472.43   2.3372e-17   4.3580e-19
 8477.05   2.2890e-17   2.8951e-19
 8481.66   2.2414e-17   2.1095e-19
 8486.27   2.3638e-17   2.7671e-19
 8490.88   2.2860e-17   3.1216e-19
 8495.50   2.2772e-17   3.6250e-19
 8500.11   2.2067e-17   4.2219e-19
 8504.72   2.2943e-17   4.1797e-19
 8509.33   2.2393e-17   3.9407e-19
 8513.95   2.3146e-17   3.0920e-19
 8518.56   2.2860e-17   2.3163e-19
 8523.17   2.2619e-17   2.1994e-19
 8527.79   2.2738e-17   2.2168e-19
 8532.40   2.3203e-17   2.5128e-19
 8537.01   2.2543e-17   2.7341e-19
 8541.62   2.3146e-17   3.1628e-19
 8546.24   2.2654e-17   3.4145e-19
 8550.85   2.3004e-17   3.2382e-19
 8555.46   2.3087e-17   3.0045e-19
 8560.07   2.3030e-17   2.3564e-19
 8564.69   2.3064e-17   2.2006e-19
 8569.30   2.2943e-17   2.2411e-19
 8573.91   2.3454e-17   2.2813e-19
 8578.52   2.3381e-17   2.3368e-19
 8583.14   2.3322e-17   2.4640e-19
 8587.75   2.3554e-17   2.6429e-19
 8592.36   2.3280e-17   2.8227e-19
 8596.98   2.3182e-17   2.8370e-19
 8601.59   2.3895e-17   2.6868e-19
 8606.20   2.3705e-17   2.5741e-19
 8610.81   2.3312e-17   2.6038e-19
 8615.43   2.2801e-17   2.9864e-19
 8620.04   2.2315e-17   3.4735e-19
 8624.65   2.3751e-17   3.9268e-19
 8629.26   2.3439e-17   4.1386e-19
 8633.88   2.3530e-17   4.0699e-19
 8638.49   2.4005e-17   3.7677e-19
 8643.10   2.4249e-17   3.5801e-19
 8647.71   2.3689e-17   3.7049e-19
 8652.33   2.4032e-17   4.0123e-19
 8656.94   2.4484e-17   4.2789e-19
 8661.55   2.4110e-17   4.2528e-19
 8666.17   2.3599e-17   4.0908e-19
 8670.78   2.3269e-17   3.8354e-19
 8675.39   2.4668e-17   3.5615e-19
 8680.00   2.4801e-17   3.2682e-19
 8684.62   2.4091e-17   2.9969e-19
 8689.23   2.3987e-17   2.8082e-19
 8693.84   2.3951e-17   2.7176e-19
 8698.45   2.4285e-17   2.7226e-19
 8703.07   2.4349e-17   2.7515e-19
 8707.68   2.4131e-17   2.7090e-19
 8712.29   2.4451e-17   2.6120e-19
 8716.90   2.4477e-17   2.5044e-19
 8721.52   2.4748e-17   2.4896e-19
 8726.13   2.4180e-17   2.4794e-19
 8730.74   2.4294e-17   2.5105e-19
 8735.35   2.4828e-17   2.5377e-19
 8739.97   2.4563e-17   2.5810e-19
 8744.58   2.5097e-17   2.5793e-19
 8749.19   2.4704e-17   2.9933e-19
 8753.81   2.3591e-17   4.3136e-19
 8758.42   2.5894e-17   6.1320e-19
 8763.03   2.3080e-17   7.5099e-19
 8767.64   2.3627e-17   7.6915e-19
 8772.26   2.4184e-17   7.9648e-19
 8776.87   2.5721e-17   7.2035e-19
 8781.48   2.4465e-17   6.6371e-19
 8786.09   2.4377e-17   5.6171e-19
 8790.71   2.5411e-17   4.4221e-19
 8795.32   2.5650e-17   4.0385e-19
 8799.93   2.5811e-17   3.4725e-19
 8804.54   2.4534e-17   2.7532e-19
 8809.16   2.4794e-17   2.7811e-19
 8813.77   2.4802e-17   2.9354e-19
 8818.38   2.4802e-17   5.0203e-19
 8823.00   2.4808e-17   8.0024e-19
 8827.61   2.4796e-17   9.1917e-19
 8832.22   2.4783e-17   9.3697e-19
 8836.83   2.4392e-17   7.6625e-19
 8841.45   2.4347e-17   5.6901e-19
 8846.06   2.3923e-17   5.0095e-19
 8850.67   2.4074e-17   3.9559e-19
 8855.28   2.3619e-17   3.9656e-19
 8859.90   2.3646e-17   4.1075e-19
 8864.51   2.4904e-17   4.9578e-19
 8869.12   2.3945e-17   5.1195e-19
 8873.73   2.3631e-17   4.6467e-19
 8878.35   2.6127e-17   5.8999e-19
 8882.96   2.5460e-17   7.3022e-19
 8887.57   2.3616e-17   7.8697e-19
 8892.19   2.4601e-17   7.0417e-19
 8896.80   2.4060e-17   5.6020e-19
 8901.41   2.3449e-17   5.5375e-19
 8906.02   2.1544e-17   5.5388e-19
 8910.64   2.2945e-17   5.9253e-19
 8915.25   2.2278e-17   7.7604e-19
 8919.86   2.3203e-17   8.2623e-19
 8924.47   2.3203e-17   8.0318e-19
 8929.09   2.3204e-17   5.6276e-19
 8933.70   2.2340e-17   3.6732e-19
 8938.31   2.2349e-17   4.7852e-19
 8942.92   2.2587e-17   5.2078e-19
 8947.54   2.2681e-17   5.6057e-19
 8952.15   2.3262e-17   6.7819e-19
 8956.76   2.4768e-17   7.4016e-19
 8961.38   2.4363e-17   7.3871e-19
 8965.99   2.4017e-17   5.9055e-19
 8970.60   2.2468e-17   3.7295e-19
 8975.21   2.3123e-17   2.9185e-19
 8979.83   2.3046e-17   3.6591e-19
 8984.44   2.3155e-17   4.3882e-19
 8989.05   2.3084e-17   4.7650e-19
 8993.66   2.2832e-17   5.4443e-19
 8998.28   2.3399e-17   6.1935e-19
 9002.89   2.3821e-17   5.9627e-19
 9007.50   2.3256e-17   5.4947e-19
 9012.11   2.2243e-17   3.5482e-19
 9016.73   2.2982e-17   2.7492e-19
 9021.34   2.2984e-17   2.8453e-19
 9025.95   2.3348e-17   2.8439e-19
 9030.56   2.4161e-17   3.3853e-19
 9035.18   2.4007e-17   3.8169e-19
 9039.79   2.4461e-17   4.2820e-19
 9044.40   2.2656e-17   4.9099e-19
 9049.02   2.3535e-17   4.8613e-19
 9053.63   2.1414e-17   4.6522e-19
 9058.24   2.2618e-17   3.8211e-19
 9062.85   2.3013e-17   3.1173e-19
 9067.47   2.3089e-17   2.9462e-19
 9072.08   2.2565e-17   2.8948e-19
 9076.69   2.2387e-17   2.7904e-19
 9081.30   2.2382e-17   2.7932e-19
 9085.92   2.2785e-17   3.0650e-19
 9090.53   2.3091e-17   3.4210e-19
 9095.14   2.3113e-17   3.7194e-19
 9099.75   2.2794e-17   4.0032e-19
 9104.37   2.2163e-17   3.7670e-19
 9108.98   2.2909e-17   3.5230e-19
 9113.59   2.2664e-17   2.9540e-19
 9118.21   2.2762e-17   2.6582e-19
 9122.82   2.2165e-17   2.6450e-19
 9127.43   2.1959e-17   2.6211e-19
 9132.04   2.1769e-17   2.6448e-19
 9136.66   2.1475e-17   2.6523e-19
 9141.27   2.1630e-17   2.7340e-19
 9145.88   2.1956e-17   2.9719e-19
 9150.49   2.2036e-17   3.1861e-19
 9155.11   2.1264e-17   3.4766e-19
 9159.72   2.1872e-17   3.4696e-19
 9164.33   2.1773e-17   3.2840e-19
 9168.94   2.1023e-17   2.9566e-19
 9173.56   2.1175e-17   2.6747e-19
 9178.17   2.0837e-17   2.6205e-19
 9182.78   2.1192e-17   2.6109e-19
 9187.39   2.1309e-17   2.5983e-19
 9192.01   2.0950e-17   2.5712e-19
 9196.62   2.0551e-17   2.5655e-19
