 
TRANSIENT_NAME:     DES15E1kst 
SNID:               1328066    
OBS_DATE:           2015-10-05
MJD:                57300. 
PHASE:              +1.    
MJD_MAX:            57298.5
TYPE:               1  
SPEC_EVAL:          SNIa
REDSHIFT:           0.4500  
REDSHIFT_ERR:       0.0050  
REDSHIFT_SOURCE:    Z_SN
TELESCOPE:          VLT
INSTRUMENT:         X-SHOOTER
 
======================================
 
# WAVE  FLUX  FLUX_ERR
 3200.00   2.4570e-18   5.4376e-18
 3205.00  -8.9277e-18   5.0884e-18
 3210.00  -8.8712e-18   5.3788e-18
 3215.00  -1.2734e-18   4.9627e-18
 3220.00  -4.6675e-18   4.6343e-18
 3225.00  -4.8164e-18   4.3522e-18
 3230.00   4.6318e-18   4.1413e-18
 3235.00  -1.2378e-18   3.7973e-18
 3240.00   4.0689e-18   3.6500e-18
 3245.00   2.2130e-18   3.6134e-18
 3250.00  -4.3761e-18   3.5115e-18
 3255.00  -5.5463e-18   3.4314e-18
 3260.00  -4.7471e-18   3.4941e-18
 3265.00  -5.3565e-18   3.4417e-18
 3270.00   1.3397e-18   3.5234e-18
 3275.00  -3.5666e-18   3.4938e-18
 3280.00  -1.4735e-18   3.5618e-18
 3285.00   4.0806e-18   3.7196e-18
 3290.00  -9.4717e-19   3.7078e-18
 3295.00  -3.3095e-18   3.8571e-18
 3300.00   5.5882e-18   3.9552e-18
 3305.00  -2.1174e-18   3.8686e-18
 3310.00   2.0372e-18   3.8496e-18
 3315.00  -1.9684e-20   3.7872e-18
 3320.00  -5.8404e-18   3.5698e-18
 3325.00  -6.9995e-18   3.3470e-18
 3330.00  -5.7190e-18   3.1218e-18
 3335.00  -2.6196e-18   2.9291e-18
 3340.00  -2.1381e-18   2.7569e-18
 3345.00  -2.2844e-18   2.6374e-18
 3350.00  -1.4494e-19   2.4684e-18
 3355.00   3.1695e-18   2.3191e-18
 3360.00  -7.9801e-19   2.1315e-18
 3365.00  -6.2220e-19   2.0757e-18
 3370.00  -2.0887e-18   2.1970e-18
 3375.00  -3.3723e-18   1.9830e-18
 3380.00  -8.1816e-20   1.9111e-18
 3385.00  -1.5669e-18   1.7996e-18
 3390.00  -1.4684e-18   1.7437e-18
 3395.00  -1.3387e-19   1.7333e-18
 3400.00   2.3002e-19   1.7093e-18
 3405.00  -1.0373e-18   1.6893e-18
 3410.00  -2.3527e-18   1.6714e-18
 3415.00  -2.1926e-18   1.7089e-18
 3420.00  -1.5862e-18   1.7465e-18
 3425.00  -7.0183e-19   1.8185e-18
 3430.00  -3.9174e-19   1.8542e-18
 3435.00  -1.8204e-18   1.9257e-18
 3440.00  -1.1820e-18   1.9719e-18
 3445.00  -3.6354e-18   2.0182e-18
 3450.00  -2.2244e-18   2.1754e-18
 3455.00  -5.2531e-18   2.2525e-18
 3460.00  -1.2084e-18   2.3703e-18
 3465.00   2.4938e-18   2.4915e-18
 3470.00  -1.3603e-18   2.5256e-18
 3475.00   1.2345e-19   2.5737e-18
 3480.00  -5.3105e-18   2.6786e-18
 3485.00  -1.3411e-18   2.6778e-18
 3490.00  -4.0374e-18   2.5871e-18
 3495.00  -3.1076e-18   2.8728e-18
 3500.00  -3.8995e-18   2.6159e-18
 3505.00  -3.0781e-18   2.4657e-18
 3510.00  -4.7162e-19   2.3715e-18
 3515.00  -2.3730e-18   2.2037e-18
 3520.00  -1.8304e-18   2.1048e-18
 3525.00  -1.9632e-18   1.9812e-18
 3530.00  -6.3290e-19   1.9375e-18
 3535.00  -7.1488e-19   1.8579e-18
 3540.00  -4.2259e-18   1.8773e-18
 3545.00   8.6413e-19   1.9723e-18
 3550.00  -1.9233e-18   1.8283e-18
 3555.00  -3.5684e-19   1.8279e-18
 3560.00  -7.7412e-19   1.7180e-18
 3565.00  -1.3487e-19   1.6326e-18
 3570.00   8.9717e-19   1.6033e-18
 3575.00   1.4185e-18   1.5954e-18
 3580.00  -2.4419e-18   1.5261e-18
 3585.00   1.4739e-18   1.5704e-18
 3590.00  -7.9377e-19   1.5840e-18
 3595.00  -2.9919e-19   1.6450e-18
 3600.00  -1.0590e-18   1.6834e-18
 3605.00  -2.6377e-18   1.7110e-18
 3610.00  -1.6584e-18   1.7508e-18
 3615.00   5.7580e-19   1.8281e-18
 3620.00   9.1166e-19   1.8234e-18
 3625.00  -5.7219e-19   1.7471e-18
 3630.00   1.0894e-18   1.7021e-18
 3635.00   6.9980e-21   1.5992e-18
 3640.00   4.5106e-19   1.5162e-18
 3645.00  -4.8510e-19   1.3977e-18
 3650.00  -9.1583e-19   1.2924e-18
 3655.00   3.4855e-19   1.2997e-18
 3660.00  -5.3031e-20   1.2122e-18
 3665.00  -2.3286e-18   1.0837e-18
 3670.00   4.7795e-19   1.0322e-18
 3675.00   5.3915e-19   9.6524e-19
 3680.00  -8.8181e-19   8.8807e-19
 3685.00  -3.3875e-20   8.6554e-19
 3690.00   1.6142e-19   8.1934e-19
 3695.00   1.1013e-18   8.0227e-19
 3700.00  -7.0579e-20   8.1278e-19
 3705.00  -1.2713e-18   7.5168e-19
 3710.00  -3.6548e-19   7.2707e-19
 3715.00  -6.7107e-19   7.0665e-19
 3720.00  -6.5599e-19   6.6636e-19
 3725.00   3.9308e-19   6.7571e-19
 3730.00  -5.6913e-19   6.7597e-19
 3735.00  -7.1828e-19   6.7601e-19
 3740.00  -1.0129e-19   7.0990e-19
 3745.00  -1.3139e-18   6.5841e-19
 3750.00   4.4481e-19   6.5767e-19
 3755.00  -1.5566e-19   6.5940e-19
 3760.00  -9.5810e-19   6.3357e-19
 3765.00   2.2550e-19   6.5508e-19
 3770.00  -2.2194e-19   6.6354e-19
 3775.00  -7.4619e-19   6.8528e-19
 3780.00  -6.7606e-19   7.0407e-19
 3785.00   1.0475e-18   7.5148e-19
 3790.00  -1.1495e-18   7.4946e-19
 3795.00  -1.1899e-19   7.9346e-19
 3800.00   1.8643e-19   8.1582e-19
 3805.00  -7.1868e-19   8.2697e-19
 3810.00  -1.0144e-18   8.3742e-19
 3815.00   8.4517e-19   8.6984e-19
 3820.00  -1.4009e-18   8.3787e-19
 3825.00  -6.3442e-19   8.2521e-19
 3830.00   7.3402e-20   8.5650e-19
 3835.00  -8.3311e-20   8.2114e-19
 3840.00   3.0192e-19   7.9160e-19
 3845.00  -1.7889e-19   8.2235e-19
 3850.00   6.2913e-19   7.7865e-19
 3855.00   5.6528e-19   7.2705e-19
 3860.00   2.1799e-19   6.6972e-19
 3865.00  -6.5037e-20   6.3251e-19
 3870.00   1.6267e-18   6.2609e-19
 3875.00   3.5476e-19   5.8776e-19
 3880.00  -6.5582e-19   5.3899e-19
 3885.00   1.0564e-18   5.4400e-19
 3890.00   3.0726e-19   5.2516e-19
 3895.00   5.9644e-19   5.2479e-19
 3900.00   8.4871e-19   5.2707e-19
 3905.00  -7.5832e-20   5.2231e-19
 3910.00   4.7332e-19   5.3932e-19
 3915.00   5.1317e-19   5.1861e-19
 3920.00   5.4641e-19   4.9220e-19
 3925.00   1.0647e-18   4.8767e-19
 3930.00  -3.7205e-19   4.4957e-19
 3935.00   2.4292e-19   4.4145e-19
 3940.00   2.8949e-19   4.7013e-19
 3945.00   9.1123e-20   4.7817e-19
 3950.00   6.1899e-19   4.8250e-19
 3955.00   3.3774e-19   4.6213e-19
 3960.00  -5.3768e-20   4.6081e-19
 3965.00  -2.4316e-19   4.4628e-19
 3970.00  -5.4406e-20   4.4851e-19
 3975.00   2.7154e-19   4.9862e-19
 3980.00  -4.4554e-20   5.2047e-19
 3985.00   8.0599e-19   5.4131e-19
 3990.00  -4.4480e-20   5.5509e-19
 3995.00   2.5399e-19   5.7108e-19
 4000.00   8.7137e-19   6.0100e-19
 4005.00   9.7798e-19   6.1617e-19
 4010.00   2.1984e-19   6.3708e-19
 4015.00   4.5678e-19   6.4630e-19
 4020.00   8.6264e-19   6.4775e-19
 4025.00  -6.2734e-19   6.3599e-19
 4030.00  -3.3412e-19   6.4303e-19
 4035.00  -2.1169e-19   6.4237e-19
 4040.00   7.3668e-19   6.6065e-19
 4045.00   1.6898e-18   7.9795e-19
 4050.00   2.2520e-19   7.2104e-19
 4055.00   1.2133e-18   6.8261e-19
 4060.00   1.2039e-19   6.4761e-19
 4065.00   4.6397e-19   6.1730e-19
 4070.00  -4.2735e-19   5.8055e-19
 4075.00   1.5212e-19   5.5362e-19
 4080.00   7.5191e-19   5.4705e-19
 4085.00   6.7788e-19   5.2758e-19
 4090.00   1.2505e-18   5.1775e-19
 4095.00   1.3243e-18   5.0328e-19
 4100.00   1.0459e-18   4.8299e-19
 4105.00   6.3865e-19   4.7159e-19
 4110.00   5.3785e-19   4.6713e-19
 4115.00   1.3165e-18   4.8021e-19
 4120.00   1.3118e-18   4.7558e-19
 4125.00   1.5075e-18   4.8581e-19
 4130.00   1.3013e-18   4.7590e-19
 4135.00   8.4725e-19   4.7438e-19
 4140.00   8.2626e-19   4.6867e-19
 4145.00   1.5953e-18   4.6266e-19
 4150.00   8.4871e-19   4.5042e-19
 4155.00   1.8225e-18   4.7721e-19
 4160.00   2.1029e-18   4.8513e-19
 4165.00   2.1091e-18   4.9924e-19
 4170.00   1.6454e-18   5.0088e-19
 4175.00   1.5034e-18   4.8571e-19
 4180.00   2.2186e-18   5.0785e-19
 4185.00   2.4090e-18   5.0425e-19
 4190.00   2.0479e-18   5.1021e-19
 4195.00   2.1857e-18   5.2227e-19
 4200.00   3.2855e-18   5.3885e-19
 4205.00   1.8379e-18   5.3475e-19
 4210.00   2.3826e-18   5.5268e-19
 4215.00   2.8452e-18   5.7164e-19
 4220.00   3.0356e-18   5.8042e-19
 4225.00   3.3690e-18   5.8988e-19
 4230.00   3.5226e-18   6.1210e-19
 4235.00   2.8161e-18   6.0895e-19
 4240.00   2.4925e-18   6.1459e-19
 4245.00   2.9999e-18   6.3399e-19
 4250.00   2.2786e-18   6.3161e-19
 4255.00   3.2518e-18   6.4957e-19
 4260.00   3.1857e-18   6.3881e-19
 4265.00   3.6287e-18   6.4961e-19
 4270.00   2.9479e-18   6.3458e-19
 4275.00   3.0556e-18   6.3085e-19
 4280.00   3.8607e-18   7.2640e-19
 4285.00   3.0262e-18   6.7604e-19
 4290.00   1.8426e-18   6.1951e-19
 4295.00   4.0217e-18   6.3810e-19
 4300.00   3.0156e-18   5.8308e-19
 4305.00   3.7215e-18   5.7401e-19
 4310.00   3.2702e-18   5.5418e-19
 4315.00   3.0159e-18   5.5773e-19
 4320.00   3.2441e-18   5.5242e-19
 4325.00   3.3565e-18   5.2014e-19
 4330.00   3.2371e-18   5.2274e-19
 4335.00   3.7015e-18   5.2133e-19
 4340.00   3.0925e-18   4.9533e-19
 4345.00   3.2941e-18   5.0732e-19
 4350.00   2.1278e-18   4.8646e-19
 4355.00   1.9626e-18   4.8169e-19
 4360.00   2.3187e-18   4.9387e-19
 4365.00   2.9967e-18   4.8640e-19
 4370.00   2.5964e-18   4.8685e-19
 4375.00   3.4325e-18   4.8731e-19
 4380.00   2.6450e-18   4.7958e-19
 4385.00   3.9155e-18   4.7636e-19
 4390.00   2.7960e-18   4.6912e-19
 4395.00   3.2571e-18   4.7793e-19
 4400.00   3.0457e-18   4.8412e-19
 4405.00   2.2881e-18   4.8870e-19
 4410.00   3.2167e-18   5.1239e-19
 4415.00   3.8296e-18   5.2462e-19
 4420.00   2.8686e-18   5.1890e-19
 4425.00   3.5546e-18   5.3383e-19
 4430.00   2.5225e-18   5.2074e-19
 4435.00   2.9340e-18   5.2588e-19
 4440.00   3.0017e-18   5.4308e-19
 4445.00   2.7574e-18   5.4827e-19
 4450.00   3.6657e-18   5.6668e-19
 4455.00   2.4879e-18   5.4755e-19
 4460.00   3.2718e-18   5.7217e-19
 4465.00   3.0417e-18   5.7837e-19
 4470.00   3.2046e-18   5.8735e-19
 4475.00   3.3421e-18   6.0270e-19
 4480.00   3.2930e-18   6.0222e-19
 4485.00   2.4163e-18   6.1303e-19
 4490.00   3.0087e-18   6.1498e-19
 4495.00   3.3318e-18   6.2372e-19
 4500.00   3.2981e-18   6.2144e-19
 4505.00   3.0251e-18   6.2217e-19
 4510.00   4.6461e-18   8.5026e-19
 4515.00   3.1978e-18   7.8450e-19
 4520.00   3.4399e-18   7.4621e-19
 4525.00   3.9699e-18   7.1544e-19
 4530.00   3.3000e-18   6.8030e-19
 4535.00   3.9904e-18   6.6269e-19
 4540.00   4.2115e-18   6.3815e-19
 4545.00   3.2202e-18   6.0555e-19
 4550.00   4.3757e-18   5.8598e-19
 4555.00   4.0038e-18   5.6081e-19
 4560.00   4.7693e-18   5.5767e-19
 4565.00   4.4961e-18   5.3107e-19
 4570.00   3.8923e-18   5.0847e-19
 4575.00   3.4141e-18   4.9508e-19
 4580.00   3.6826e-18   4.8657e-19
 4585.00   3.7600e-18   4.7339e-19
 4590.00   4.6821e-18   4.8058e-19
 4595.00   4.4638e-18   4.6610e-19
 4600.00   4.0127e-18   4.4932e-19
 4605.00   3.9652e-18   4.4557e-19
 4610.00   3.7777e-18   4.4255e-19
 4615.00   4.1896e-18   4.4004e-19
 4620.00   3.5089e-18   4.2823e-19
 4625.00   3.9436e-18   4.2951e-19
 4630.00   4.2146e-18   4.2926e-19
 4635.00   3.8847e-18   4.2011e-19
 4640.00   3.8167e-18   4.1443e-19
 4645.00   3.9214e-18   4.1084e-19
 4650.00   3.2114e-18   4.0021e-19
 4655.00   3.3707e-18   4.1004e-19
 4660.00   3.4589e-18   4.1742e-19
 4665.00   3.5416e-18   4.0881e-19
 4670.00   3.6433e-18   4.1189e-19
 4675.00   3.0359e-18   4.1341e-19
 4680.00   3.2406e-18   4.1032e-19
 4685.00   2.9760e-18   4.1351e-19
 4690.00   2.8874e-18   4.1169e-19
 4695.00   3.8165e-18   4.3001e-19
 4700.00   3.3860e-18   4.2616e-19
 4705.00   2.9300e-18   4.2517e-19
 4710.00   3.5280e-18   4.4342e-19
 4715.00   3.9690e-18   4.5387e-19
 4720.00   3.2823e-18   4.5227e-19
 4725.00   3.4098e-18   4.6087e-19
 4730.00   3.0235e-18   4.5293e-19
 4735.00   3.0031e-18   4.6007e-19
 4740.00   3.0674e-18   4.7306e-19
 4745.00   2.7367e-18   4.7436e-19
 4750.00   2.8273e-18   4.8030e-19
 4755.00   2.6960e-18   4.8451e-19
 4760.00   3.1932e-18   4.9570e-19
 4765.00   2.9952e-18   4.9890e-19
 4770.00   2.9502e-18   5.0913e-19
 4775.00   3.1609e-18   5.1705e-19
 4780.00   3.3176e-18   5.1747e-19
 4785.00   2.7383e-18   5.1202e-19
 4790.00   3.5690e-18   7.8194e-19
 4795.00   2.4653e-18   7.3398e-19
 4800.00   3.4503e-18   7.0140e-19
 4805.00   2.0086e-18   6.5115e-19
 4810.00   2.3974e-18   6.2596e-19
 4815.00   2.9376e-18   6.1590e-19
 4820.00   2.0692e-18   5.8413e-19
 4825.00   3.3716e-18   5.7797e-19
 4830.00   3.1276e-18   5.5687e-19
 4835.00   3.3667e-18   5.4522e-19
 4840.00   4.2862e-18   5.4036e-19
 4845.00   4.7761e-18   5.3027e-19
 4850.00   3.6782e-18   4.9445e-19
 4855.00   3.5543e-18   4.7475e-19
 4860.00   3.4142e-18   4.6072e-19
 4865.00   3.7693e-18   4.5282e-19
 4870.00   3.5559e-18   4.4417e-19
 4875.00   3.1631e-18   4.2902e-19
 4880.00   3.1230e-18   4.2883e-19
 4885.00   3.5062e-18   4.2660e-19
 4890.00   4.1615e-18   4.3148e-19
 4895.00   4.0583e-18   4.2366e-19
 4900.00   3.8674e-18   4.1130e-19
 4905.00   4.1634e-18   4.1140e-19
 4910.00   4.2574e-18   4.0213e-19
 4915.00   4.2129e-18   3.9979e-19
 4920.00   4.1980e-18   3.8699e-19
 4925.00   3.9120e-18   3.9034e-19
 4930.00   4.2194e-18   3.8969e-19
 4935.00   4.1040e-18   3.8054e-19
 4940.00   4.0349e-18   3.7809e-19
 4945.00   4.0832e-18   3.7365e-19
 4950.00   3.9564e-18   3.7439e-19
 4955.00   4.1160e-18   3.7413e-19
 4960.00   4.0667e-18   3.6682e-19
 4965.00   5.3359e-18   3.8950e-19
 4970.00   4.4323e-18   3.8586e-19
 4975.00   4.7713e-18   3.8009e-19
 4980.00   4.1421e-18   3.7063e-19
 4985.00   3.8011e-18   3.6455e-19
 4990.00   4.9391e-18   3.8920e-19
 4995.00   5.0646e-18   3.9306e-19
 5000.00   4.7752e-18   3.9124e-19
 5005.00   4.4998e-18   3.9102e-19
 5010.00   4.7305e-18   4.0035e-19
 5015.00   5.0836e-18   4.0743e-19
 5020.00   5.5792e-18   4.2014e-19
 5025.00   4.3692e-18   4.0983e-19
 5030.00   4.6460e-18   4.2202e-19
 5035.00   5.2111e-18   4.3632e-19
 5040.00   5.1435e-18   4.3609e-19
 5045.00   5.3476e-18   4.5873e-19
 5050.00   4.5066e-18   4.3831e-19
 5055.00   4.4299e-18   4.3913e-19
 5060.00   5.2804e-18   4.5605e-19
 5065.00   4.9824e-18   4.5138e-19
 5070.00   6.0691e-18   4.7072e-19
 5075.00   5.2205e-18   4.6532e-19
 5080.00   5.8151e-18   4.7280e-19
 5085.00   4.9781e-18   4.7123e-19
 5090.00   5.9717e-18   4.8449e-19
 5095.00   5.7498e-18   4.8233e-19
 5100.00   6.0144e-18   4.8651e-19
 5105.00   5.2483e-18   4.8156e-19
 5110.00   6.1311e-18   4.8845e-19
 5115.00   5.2729e-18   7.2277e-19
 5120.00   5.3590e-18   6.9386e-19
 5125.00   4.8352e-18   6.5115e-19
 5130.00   4.6376e-18   6.2733e-19
 5135.00   5.2650e-18   6.2794e-19
 5140.00   5.8890e-18   6.0846e-19
 5145.00   5.0067e-18   5.7415e-19
 5150.00   5.5535e-18   5.5769e-19
 5155.00   4.8511e-18   5.3490e-19
 5160.00   5.3785e-18   5.2653e-19
 5165.00   5.2462e-18   5.0311e-19
 5170.00   5.4350e-18   4.8801e-19
 5175.00   4.8846e-18   4.7140e-19
 5180.00   5.7455e-18   4.7610e-19
 5185.00   4.9406e-18   4.4999e-19
 5190.00   5.3838e-18   4.5801e-19
 5195.00   5.7285e-18   4.5224e-19
 5200.00   5.3798e-18   4.9501e-19
 5205.00   6.1976e-18   4.4173e-19
 5210.00   5.7825e-18   4.2152e-19
 5215.00   5.7536e-18   4.1327e-19
 5220.00   6.4337e-18   4.1707e-19
 5225.00   5.6728e-18   4.0798e-19
 5230.00   5.7063e-18   3.9855e-19
 5235.00   5.3561e-18   3.8259e-19
 5240.00   5.7679e-18   4.0003e-19
 5245.00   6.0810e-18   3.8422e-19
 5250.00   6.4536e-18   3.9128e-19
 5255.00   6.4707e-18   4.0277e-19
 5260.00   6.0707e-18   3.7948e-19
 5265.00   6.0847e-18   3.7348e-19
 5270.00   6.2782e-18   3.8155e-19
 5275.00   5.6765e-18   3.8776e-19
 5280.00   5.9407e-18   3.8016e-19
 5285.00   5.8415e-18   3.7733e-19
 5290.00   6.1031e-18   3.8316e-19
 5295.00   5.9826e-18   3.8388e-19
 5300.00   5.7873e-18   3.8702e-19
 5305.00   6.4363e-18   3.9319e-19
 5310.00   5.7755e-18   3.8605e-19
 5315.00   6.0196e-18   3.9045e-19
 5320.00   5.5520e-18   3.8281e-19
 5325.00   5.4741e-18   3.8345e-19
 5330.00   5.1116e-18   3.9360e-19
 5335.00   5.9558e-18   3.8950e-19
 5340.00   5.3102e-18   3.8034e-19
 5345.00   5.8058e-18   3.9154e-19
 5350.00   5.5798e-18   3.9199e-19
 5355.00   5.4216e-18   3.9232e-19
 5360.00   5.6918e-18   3.9650e-19
 5365.00   5.1224e-18   3.8965e-19
 5370.00   5.1640e-18   3.9401e-19
 5375.00   5.0458e-18   3.9981e-19
 5380.00   5.0173e-18   4.0321e-19
 5385.00   4.6937e-18   4.0272e-19
 5390.00   4.0581e-18   3.9881e-19
 5395.00   4.3440e-18   4.0767e-19
 5400.00   4.4315e-18   4.1452e-19
 5405.00   3.9060e-18   4.0924e-19
 5410.00   3.7534e-18   4.1823e-19
 5415.00   4.3631e-18   4.3632e-19
 5420.00   4.3173e-18   4.4574e-19
 5425.00   4.8708e-18   4.5927e-19
 5430.00   3.8456e-18   4.4180e-19
 5435.00   4.2097e-18   4.4831e-19
 5440.00   4.8810e-18   4.6102e-19
 5445.00   3.2625e-18   4.4550e-19
 5450.00   3.4317e-18   4.6154e-19
 5455.00   3.2295e-18   4.6656e-19
 5460.00   3.6367e-18   4.9635e-19
 5465.00   3.4427e-18   4.9315e-19
 5470.00   3.4731e-18   5.0936e-19
 5475.00   4.1269e-18   5.2296e-19
 5480.00   2.6445e-18   5.1702e-19
 5485.00   3.4042e-18   5.3181e-19
 5490.00   3.1924e-18   7.7915e-19
 5495.00   3.5748e-18   7.5478e-19
 5500.00   2.8948e-18   7.1323e-19
 5505.00   2.9382e-18   6.8040e-19
 5510.00   4.9351e-18   6.9308e-19
 5515.00   3.2899e-18   6.4630e-19
 5520.00   2.5905e-18   6.1786e-19
 5525.00   2.8009e-18   6.0811e-19
 5530.00   3.6075e-18   6.1626e-19
 5535.00   2.9445e-18   6.0668e-19
 5540.00   2.2372e-18   6.0739e-19
 5545.00   3.6672e-18   6.4498e-19
 5550.00   3.0935e-18   6.1613e-19
 5555.00   3.9459e-18   6.0918e-19
 5560.00   3.3925e-18   6.1139e-19
 5565.00   4.2424e-18   6.3826e-19
 5570.00   5.1520e-18   6.2976e-19
 5575.00   3.9902e-18   7.1380e-19
 5580.00   5.4489e-18   6.7396e-19
 5585.00   4.7762e-18   5.9966e-19
 5590.00   5.7452e-18   6.1659e-19
 5595.00   4.6763e-18   5.8384e-19
 5600.00   4.8565e-18   6.1501e-19
 5605.00   5.5329e-18   7.5127e-19
 5610.00   5.7980e-18   6.8671e-19
 5615.00   5.7122e-18   6.5738e-19
 5620.00   6.2153e-18   6.2993e-19
 5625.00   6.5211e-18   6.2031e-19
 5630.00   6.1059e-18   5.8576e-19
 5635.00   5.7855e-18   5.6771e-19
 5640.00   6.0387e-18   5.6198e-19
 5645.00   6.3358e-18   5.5924e-19
 5650.00   7.5194e-18   5.4907e-19
 5655.00   6.6795e-18   5.3878e-19
 5660.00   8.9131e-18   5.5117e-19
 5665.00   7.1214e-18   5.3579e-19
 5670.00   6.6003e-18   5.3943e-19
 5675.00   7.0600e-18   5.4142e-19
 5680.00   7.5188e-18   5.4646e-19
 5685.00   7.1101e-18   5.5433e-19
 5690.00   7.4761e-18   5.6400e-19
 5695.00   5.8974e-18   5.6516e-19
 5700.00   6.8351e-18   5.8710e-19
 5705.00   7.8142e-18   6.0887e-19
 5710.00   7.4956e-18   6.2372e-19
 5715.00   7.4114e-18   6.4216e-19
 5720.00   7.9881e-18   6.6246e-19
 5725.00   6.8702e-18   6.7398e-19
 5730.00   8.4942e-18   7.0568e-19
 5735.00   7.1423e-18   6.9707e-19
 5740.00   6.1243e-18   7.0116e-19
 5745.00   5.1314e-18   7.0107e-19
 5750.00   6.1035e-18   7.1064e-19
 5755.00   6.6795e-18   7.1706e-19
 5760.00   6.6092e-18   7.1636e-19
 5765.00   7.1097e-18   7.1367e-19
 5770.00   6.2553e-18   7.0132e-19
 5775.00   7.7432e-18   6.9790e-19
 5780.00   6.4306e-18   6.7495e-19
 5785.00   6.0601e-18   6.2695e-19
 5790.00   6.0698e-18   5.7302e-19
 5795.00   6.3332e-18   5.8553e-19
 5800.00   5.4976e-18   5.6818e-19
 5805.00   8.1035e-18   5.7923e-19
 5810.00   7.1613e-18   5.6061e-19
 5815.00   7.5715e-18   5.5495e-19
 5820.00   7.0042e-18   5.4766e-19
 5825.00   7.2205e-18   5.4571e-19
 5830.00   7.1001e-18   5.3779e-19
 5835.00   8.6616e-18   5.4762e-19
 5840.00   7.2151e-18   5.3132e-19
 5845.00   8.2962e-18   5.4230e-19
 5850.00   6.9305e-18   5.3090e-19
 5855.00   7.1917e-18   5.3587e-19
 5860.00   7.8828e-18   5.4297e-19
 5865.00   8.3005e-18   5.9242e-19
 5870.00   8.2019e-18   5.8833e-19
 5875.00   6.8744e-18   5.6903e-19
 5880.00   7.9577e-18   5.7262e-19
 5885.00   8.4028e-18   5.9294e-19
 5890.00   7.7088e-18   6.9856e-19
 5895.00   7.9512e-18   6.7600e-19
 5900.00   7.8371e-18   6.1342e-19
 5905.00   7.8714e-18   6.4223e-19
 5910.00   9.9762e-18   6.5566e-19
 5915.00   8.6305e-18   6.6898e-19
 5920.00   8.6155e-18   6.4188e-19
 5925.00   8.7748e-18   6.5672e-19
 5930.00   7.7341e-18   6.3886e-19
 5935.00   7.7766e-18   6.5917e-19
 5940.00   7.1979e-18   6.2108e-19
 5945.00   9.0666e-18   6.4398e-19
 5950.00   6.5934e-18   6.0166e-19
 5955.00   7.5802e-18   6.3260e-19
 5960.00   7.6665e-18   5.9876e-19
 5965.00   6.5601e-18   5.8691e-19
 5970.00   7.3140e-18   5.9441e-19
 5975.00   6.3617e-18   5.9568e-19
 5980.00   6.9860e-18   5.7749e-19
 5985.00   6.2765e-18   5.6812e-19
 5990.00   7.2869e-18   5.7169e-19
 5995.00   7.2545e-18   5.6696e-19
 6000.00   7.3875e-18   6.0420e-19
 6005.00   7.1593e-18   6.0255e-19
 6010.00   7.1585e-18   5.7229e-19
 6015.00   8.2040e-18   5.7152e-19
 6020.00   8.0975e-18   5.6174e-19
 6025.00   7.8548e-18   5.5206e-19
 6030.00   8.4836e-18   5.5745e-19
 6035.00   8.3744e-18   5.5811e-19
 6040.00   7.8761e-18   5.3907e-19
 6045.00   7.2608e-18   5.2876e-19
 6050.00   8.0407e-18   5.3046e-19
 6055.00   8.4747e-18   5.3076e-19
 6060.00   8.4455e-18   5.3047e-19
 6065.00   7.7613e-18   5.3075e-19
 6070.00   8.0657e-18   5.2372e-19
 6075.00   7.6169e-18   5.1679e-19
 6080.00   8.1035e-18   5.2080e-19
 6085.00   7.5287e-18   5.1766e-19
 6090.00   8.3785e-18   5.3124e-19
 6095.00   7.8619e-18   5.3190e-19
 6100.00   7.5563e-18   5.3320e-19
 6105.00   6.9338e-18   5.3466e-19
 6110.00   7.7427e-18   5.4016e-19
 6115.00   6.8072e-18   5.3429e-19
 6120.00   5.7229e-18   5.3049e-19
 6125.00   7.3170e-18   5.4284e-19
 6130.00   6.9224e-18   5.4036e-19
 6135.00   6.4027e-18   5.4476e-19
 6140.00   6.0242e-18   5.4418e-19
 6145.00   7.3527e-18   5.5762e-19
 6150.00   5.3125e-18   5.2597e-19
 6155.00   5.9617e-18   5.3755e-19
 6160.00   5.2599e-18   5.2504e-19
 6165.00   6.4938e-18   5.1487e-19
 6170.00   5.8822e-18   5.2887e-19
 6175.00   5.8336e-18   5.1093e-19
 6180.00   4.5568e-18   4.9065e-19
 6185.00   4.2915e-18   4.8912e-19
 6190.00   5.1691e-18   4.9106e-19
 6195.00   5.8099e-18   4.9936e-19
 6200.00   4.9786e-18   4.8685e-19
 6205.00   5.8135e-18   5.0429e-19
 6210.00   4.4348e-18   4.7554e-19
 6215.00   5.1085e-18   4.8700e-19
 6220.00   6.4412e-18   5.4513e-19
 6225.00   5.0273e-18   4.9121e-19
 6230.00   5.2916e-18   4.8630e-19
 6235.00   5.7737e-18   5.8512e-19
 6240.00   5.3858e-18   5.0618e-19
 6245.00   5.6928e-18   4.8472e-19
 6250.00   5.6537e-18   4.6335e-19
 6255.00   5.8144e-18   4.6346e-19
 6260.00   5.9075e-18   4.9864e-19
 6265.00   6.9281e-18   4.9789e-19
 6270.00   6.4885e-18   4.6487e-19
 6275.00   6.2898e-18   4.6166e-19
 6280.00   6.1845e-18   4.5550e-19
 6285.00   4.7365e-18   4.5454e-19
 6290.00   6.6367e-18   4.7714e-19
 6295.00   7.0895e-18   4.6810e-19
 6300.00   4.7976e-18   5.4895e-19
 6305.00   5.6369e-18   4.9378e-19
 6310.00   6.7619e-18   4.7165e-19
 6315.00   7.0684e-18   4.7457e-19
 6320.00   6.9939e-18   5.0314e-19
 6325.00   6.8758e-18   4.8576e-19
 6330.00   7.6050e-18   5.3261e-19
 6335.00   6.9500e-18   4.8776e-19
 6340.00   6.4437e-18   4.9102e-19
 6345.00   7.0628e-18   4.9474e-19
 6350.00   6.1732e-18   5.0375e-19
 6355.00   6.8826e-18   5.1979e-19
 6360.00   6.2222e-18   4.8443e-19
 6365.00   6.3121e-18   5.3686e-19
 6370.00   5.0964e-18   4.6376e-19
 6375.00   3.5467e-18   4.4423e-19
 6380.00   5.7825e-18   4.7554e-19
 6385.00   6.0900e-18   4.8130e-19
 6390.00   4.9576e-18   4.5176e-19
 6395.00   5.8810e-18   4.5595e-19
 6400.00   5.5957e-18   4.4763e-19
 6405.00   5.3248e-18   4.4666e-19
 6410.00   5.7736e-18   4.4668e-19
 6415.00   6.1491e-18   4.5344e-19
 6420.00   5.4247e-18   4.5378e-19
 6425.00   6.0032e-18   4.4694e-19
 6430.00   6.3899e-18   4.4802e-19
 6435.00   5.5802e-18   4.4229e-19
 6440.00   6.3527e-18   4.4525e-19
 6445.00   6.0114e-18   4.4200e-19
 6450.00   6.3299e-18   4.5357e-19
 6455.00   6.8898e-18   4.5670e-19
 6460.00   7.0823e-18   4.9482e-19
 6465.00   8.5313e-18   5.5867e-19
 6470.00   8.1406e-18   5.2286e-19
 6475.00   7.7208e-18   4.6865e-19
 6480.00   8.9405e-18   4.8057e-19
 6485.00   7.4134e-18   4.4377e-19
 6490.00   7.9267e-18   4.4016e-19
 6495.00   8.1945e-18   4.4296e-19
 6500.00   7.3589e-18   4.7688e-19
 6505.00   7.9443e-18   4.4920e-19
 6510.00   7.7911e-18   4.1920e-19
 6515.00   8.2113e-18   4.2666e-19
 6520.00   8.0099e-18   4.2285e-19
 6525.00   8.0797e-18   4.2356e-19
 6530.00   7.1643e-18   3.9857e-19
 6535.00   7.9481e-18   4.3755e-19
 6540.00   7.9020e-18   4.0626e-19
 6545.00   7.8233e-18   4.2324e-19
 6550.00   7.1323e-18   3.9433e-19
 6555.00   6.8649e-18   4.2954e-19
 6560.00   7.5055e-18   4.0057e-19
 6565.00   6.2551e-18   4.0282e-19
 6570.00   7.4189e-18   4.2257e-19
 6575.00   7.7785e-18   4.2770e-19
 6580.00   6.5824e-18   4.0623e-19
 6585.00   8.7339e-18   4.1871e-19
 6590.00   6.8791e-18   4.0102e-19
 6595.00   7.3184e-18   4.1874e-19
 6600.00   7.2089e-18   4.0384e-19
 6605.00   6.8468e-18   4.2668e-19
 6610.00   6.9730e-18   4.0231e-19
 6615.00   7.9514e-18   4.1155e-19
 6620.00   7.2179e-18   4.0640e-19
 6625.00   6.9148e-18   4.0809e-19
 6630.00   6.5418e-18   4.0864e-19
 6635.00   7.2987e-18   4.3067e-19
 6640.00   7.8332e-18   4.2313e-19
 6645.00   6.4822e-18   4.0870e-19
 6650.00   6.7450e-18   4.1195e-19
 6655.00   7.5727e-18   4.1950e-19
 6660.00   7.0356e-18   4.2179e-19
 6665.00   7.4953e-18   4.2746e-19
 6670.00   7.1834e-18   4.3166e-19
 6675.00   6.9103e-18   4.2240e-19
 6680.00   7.4795e-18   4.2665e-19
 6685.00   7.1581e-18   4.2581e-19
 6690.00   7.4084e-18   4.2607e-19
 6695.00   7.0960e-18   4.2387e-19
 6700.00   7.5198e-18   4.3507e-19
 6705.00   7.5789e-18   4.3390e-19
 6710.00   7.5480e-18   4.3150e-19
 6715.00   8.0724e-18   4.9458e-19
 6720.00   7.7612e-18   4.8116e-19
 6725.00   7.7302e-18   4.6888e-19
 6730.00   7.8022e-18   4.6204e-19
 6735.00   7.2386e-18   4.4889e-19
 6740.00   7.6221e-18   4.4842e-19
 6745.00   7.3519e-18   4.4673e-19
 6750.00   7.4129e-18   4.2953e-19
 6755.00   6.7259e-18   4.1682e-19
 6760.00   6.6639e-18   4.1128e-19
 6765.00   7.2753e-18   4.1336e-19
 6770.00   6.9220e-18   4.0489e-19
 6775.00   6.9380e-18   4.0064e-19
 6780.00   7.1601e-18   3.9970e-19
 6785.00   7.4772e-18   4.0275e-19
 6790.00   7.6868e-18   4.0265e-19
 6795.00   6.5856e-18   3.8734e-19
 6800.00   7.2445e-18   3.8955e-19
 6805.00   7.7014e-18   3.9310e-19
 6810.00   6.4983e-18   3.7898e-19
 6815.00   7.7732e-18   3.8621e-19
 6820.00   6.8429e-18   3.7741e-19
 6825.00   6.8116e-18   3.8865e-19
 6830.00   7.1331e-18   4.8238e-19
 6835.00   7.1432e-18   4.4796e-19
 6840.00   7.2937e-18   4.0625e-19
 6845.00   6.6486e-18   3.7130e-19
 6850.00   6.4377e-18   3.7516e-19
 6855.00   6.3935e-18   3.6946e-19
 6860.00   6.1624e-18   3.7168e-19
 6865.00   6.0460e-18   4.3256e-19
 6870.00   4.1220e-18   3.6544e-19
 6875.00   5.0034e-18   3.5014e-19
 6880.00   5.6713e-18   3.9108e-19
 6885.00   5.4977e-18   3.6828e-19
 6890.00   5.3324e-18   3.9149e-19
 6895.00   4.6785e-18   3.6300e-19
 6900.00   5.1441e-18   3.9735e-19
 6905.00   5.7305e-18   3.7543e-19
 6910.00   5.6963e-18   3.9212e-19
 6915.00   6.0297e-18   4.0119e-19
 6920.00   5.9015e-18   3.8524e-19
 6925.00   5.4023e-18   4.2732e-19
 6930.00   6.1769e-18   3.9028e-19
 6935.00   6.1506e-18   3.8680e-19
 6940.00   6.5939e-18   4.2764e-19
 6945.00   5.8721e-18   3.8435e-19
 6950.00   5.7637e-18   4.3606e-19
 6955.00   5.6991e-18   3.8809e-19
 6960.00   5.6637e-18   3.8572e-19
 6965.00   6.3922e-18   3.9257e-19
 6970.00   6.4325e-18   4.1227e-19
 6975.00   6.2773e-18   3.8807e-19
 6980.00   6.6184e-18   4.2879e-19
 6985.00   5.9603e-18   3.8870e-19
 6990.00   6.3584e-18   4.5261e-19
 6995.00   6.2797e-18   4.4418e-19
 7000.00   7.0916e-18   4.5209e-19
 7005.00   6.4488e-18   4.4669e-19
 7010.00   7.1379e-18   4.6324e-19
 7015.00   6.3600e-18   4.0430e-19
 7020.00   6.1745e-18   3.9786e-19
 7025.00   6.3448e-18   3.9345e-19
 7030.00   5.9114e-18   3.8753e-19
 7035.00   5.6697e-18   3.7275e-19
 7040.00   5.6647e-18   3.8322e-19
 7045.00   6.4395e-18   3.8425e-19
 7050.00   6.2883e-18   4.1366e-19
 7055.00   5.5600e-18   3.6345e-19
 7060.00   6.2456e-18   3.5882e-19
 7065.00   6.2087e-18   3.6761e-19
 7070.00   6.2750e-18   3.5503e-19
 7075.00   5.6703e-18   3.4592e-19
 7080.00   5.5430e-18   3.4733e-19
 7085.00   5.5171e-18   3.3866e-19
 7090.00   6.5034e-18   3.5830e-19
 7095.00   6.0335e-18   3.2762e-19
 7100.00   5.7187e-18   3.2346e-19
 7105.00   5.7729e-18   3.2201e-19
 7110.00   6.2536e-18   3.2573e-19
 7115.00   6.0655e-18   3.2343e-19
 7120.00   6.1185e-18   3.2028e-19
 7125.00   5.4923e-18   3.1910e-19
 7130.00   5.9098e-18   3.2779e-19
 7135.00   6.1419e-18   3.2788e-19
 7140.00   5.7274e-18   3.2499e-19
 7145.00   5.8607e-18   3.4901e-19
 7150.00   5.4450e-18   3.3091e-19
 7155.00   5.9069e-18   3.2662e-19
 7160.00   5.8723e-18   3.3898e-19
 7165.00   5.7264e-18   3.3726e-19
 7170.00   5.7350e-18   3.3422e-19
 7175.00   5.7802e-18   3.4171e-19
 7180.00   4.9324e-18   3.3642e-19
 7185.00   5.5950e-18   3.3154e-19
 7190.00   4.9648e-18   3.2796e-19
 7195.00   5.1849e-18   3.3127e-19
 7200.00   5.2339e-18   3.3744e-19
 7205.00   5.1343e-18   3.3542e-19
 7210.00   5.2530e-18   3.4092e-19
 7215.00   5.6223e-18   3.4310e-19
 7220.00   4.0468e-18   3.3871e-19
 7225.00   4.8868e-18   3.5076e-19
 7230.00   5.2559e-18   3.5278e-19
 7235.00   5.4170e-18   3.6052e-19
 7240.00   5.7904e-18   5.6585e-19
 7245.00   6.9504e-18   4.7583e-19
 7250.00   5.4534e-18   3.6960e-19
 7255.00   5.3005e-18   4.2067e-19
 7260.00   5.6864e-18   3.6575e-19
 7265.00   5.2957e-18   3.6879e-19
 7270.00   6.1402e-18   3.8939e-19
 7275.00   5.6945e-18   4.6054e-19
 7280.00   5.3418e-18   3.7741e-19
 7285.00   6.2792e-18   4.3004e-19
 7290.00   6.2933e-18   3.7681e-19
 7295.00   6.4365e-18   4.6471e-19
 7300.00   6.6518e-18   4.1637e-19
 7305.00   6.6989e-18   4.6527e-19
 7310.00   6.1559e-18   4.1425e-19
 7315.00   5.2573e-18   4.3032e-19
 7320.00   6.5172e-18   3.8006e-19
 7325.00   6.9616e-18   3.7705e-19
 7330.00   7.5295e-18   4.3910e-19
 7335.00   6.4717e-18   3.6446e-19
 7340.00   6.5994e-18   4.2318e-19
 7345.00   6.5816e-18   3.6973e-19
 7350.00   6.5827e-18   3.6848e-19
 7355.00   6.5351e-18   3.5293e-19
 7360.00   6.6497e-18   3.9438e-19
 7365.00   6.5752e-18   3.4857e-19
 7370.00   6.7284e-18   3.9355e-19
 7375.00   6.6751e-18   3.4361e-19
 7380.00   6.5791e-18   3.3219e-19
 7385.00   6.3017e-18   3.2363e-19
 7390.00   6.5945e-18   3.5875e-19
 7395.00   7.0113e-18   3.3419e-19
 7400.00   6.5636e-18   3.6441e-19
 7405.00   6.7262e-18   3.2131e-19
 7410.00   7.2807e-18   3.2539e-19
 7415.00   6.2316e-18   3.2145e-19
 7420.00   6.8902e-18   3.1831e-19
 7425.00   5.9351e-18   3.1026e-19
 7430.00   6.4742e-18   3.4271e-19
 7435.00   6.7384e-18   3.1765e-19
 7440.00   6.5981e-18   3.6445e-19
 7445.00   6.0652e-18   3.1136e-19
 7450.00   6.2647e-18   3.1379e-19
 7455.00   6.2029e-18   3.1389e-19
 7460.00   5.5677e-18   3.2871e-19
 7465.00   5.9524e-18   3.6428e-19
 7470.00   6.3614e-18   3.6220e-19
 7475.00   6.7128e-18   3.6006e-19
 7480.00   6.1942e-18   3.7729e-19
 7485.00   5.8305e-18   3.6407e-19
 7490.00   5.3943e-18   3.2061e-19
 7495.00   6.3121e-18   3.4740e-19
 7500.00   6.2407e-18   3.3172e-19
 7505.00   4.9948e-18   3.1870e-19
 7510.00   5.9320e-18   3.2997e-19
 7515.00   6.1178e-18   3.4511e-19
 7520.00   5.7001e-18   3.4881e-19
 7525.00   6.7730e-18   4.2837e-19
 7530.00   6.5101e-18   3.9128e-19
 7535.00   6.4626e-18   3.4847e-19
 7540.00   6.0337e-18   3.6571e-19
 7545.00   6.5559e-18   3.5096e-19
 7550.00   6.0089e-18   3.4359e-19
 7555.00   6.6335e-18   3.6673e-19
 7560.00   6.3398e-18   3.6567e-19
 7565.00   5.5345e-18   3.4514e-19
 7570.00   5.7996e-18   4.0372e-19
 7575.00   5.4518e-18   3.6473e-19
 7580.00   5.2660e-18   3.4402e-19
 7585.00   6.4785e-18   3.8896e-19
 7590.00   6.4881e-18   3.5722e-19
 7595.00   3.2829e-18   3.1577e-19
 7600.00   2.0266e-18   3.3018e-19
 7605.00   1.4897e-18   2.9015e-19
 7610.00   2.2066e-18   3.0613e-19
 7615.00   3.0859e-18   3.1762e-19
 7620.00   4.3125e-18   4.4915e-19
 7625.00   2.5695e-18   3.6445e-19
 7630.00   1.9978e-18   3.8870e-19
 7635.00   2.5782e-18   3.3745e-19
 7640.00   3.6789e-18   3.5395e-19
 7645.00   3.2535e-18   3.3997e-19
 7650.00   3.4109e-18   3.4053e-19
 7655.00   4.7520e-18   3.7556e-19
 7660.00   5.2124e-18   3.6517e-19
 7665.00   5.9134e-18   3.6541e-19
 7670.00   4.6940e-18   3.3356e-19
 7675.00   5.0509e-18   3.3523e-19
 7680.00   5.3412e-18   3.4308e-19
 7685.00   5.8012e-18   3.5671e-19
 7690.00   6.1534e-18   3.6877e-19
 7695.00   5.8067e-18   3.3545e-19
 7700.00   6.0537e-18   3.6221e-19
 7705.00   5.9417e-18   3.1839e-19
 7710.00   5.6077e-18   3.3985e-19
 7715.00   5.4094e-18   5.4656e-19
 7720.00   5.2521e-18   3.4636e-19
 7725.00   6.2613e-18   3.9911e-19
 7730.00   5.7767e-18   3.1598e-19
 7735.00   5.9934e-18   3.4545e-19
 7740.00   6.3805e-18   3.2592e-19
 7745.00   6.1091e-18   3.1553e-19
 7750.00   5.7355e-18   4.2483e-19
 7755.00   5.8307e-18   3.2661e-19
 7760.00   6.5855e-18   3.5583e-19
 7765.00   6.3214e-18   3.0940e-19
 7770.00   5.9023e-18   3.5060e-19
 7775.00   6.1535e-18   4.3270e-19
 7780.00   5.4524e-18   3.4966e-19
 7785.00   5.8683e-18   3.2637e-19
 7790.00   6.2680e-18   3.5540e-19
 7795.00   6.1109e-18   3.7659e-19
 7800.00   6.1399e-18   3.1887e-19
 7805.00   6.2524e-18   3.2274e-19
 7810.00   5.7505e-18   3.7130e-19
 7815.00   5.4583e-18   3.3559e-19
 7820.00   5.5891e-18   3.9666e-19
 7825.00   4.9340e-18   3.1756e-19
 7830.00   5.5703e-18   3.2725e-19
 7835.00   5.3119e-18   3.2566e-19
 7840.00   5.6224e-18   3.6573e-19
 7845.00   6.2019e-18   3.2326e-19
 7850.00   5.4348e-18   4.0340e-19
 7855.00   5.8169e-18   3.9876e-19
 7860.00   5.8829e-18   4.2623e-19
 7865.00   5.2336e-18   3.3751e-19
 7870.00   5.0916e-18   4.1565e-19
 7875.00   6.0126e-18   3.3858e-19
 7880.00   6.1514e-18   4.6402e-19
 7885.00   5.0133e-18   3.6302e-19
 7890.00   4.6150e-18   4.3585e-19
 7895.00   5.4036e-18   3.6799e-19
 7900.00   5.6322e-18   3.4942e-19
 7905.00   5.8071e-18   3.6557e-19
 7910.00   4.8326e-18   3.7983e-19
 7915.00   5.9799e-18   4.4067e-19
 7920.00   5.5992e-18   4.6313e-19
 7925.00   5.9531e-18   3.5969e-19
 7930.00   5.0190e-18   4.5306e-19
 7935.00   5.3925e-18   3.5427e-19
 7940.00   5.9684e-18   3.5575e-19
 7945.00   5.3585e-18   3.7289e-19
 7950.00   6.5383e-18   4.0026e-19
 7955.00   6.1824e-18   3.4747e-19
 7960.00   5.6254e-18   3.4107e-19
 7965.00   6.4076e-18   4.1257e-19
 7970.00   6.1550e-18   3.8073e-19
 7975.00   5.7277e-18   3.7093e-19
 7980.00   6.8328e-18   4.2218e-19
 7985.00   5.4254e-18   4.0180e-19
 7990.00   5.7699e-18   4.1314e-19
 7995.00   6.2226e-18   4.9022e-19
 8000.00   5.2280e-18   4.0173e-19
 8005.00   5.8930e-18   3.7774e-19
 8010.00   5.9070e-18   3.7189e-19
 8015.00   5.8065e-18   4.2038e-19
 8020.00   6.2523e-18   3.8655e-19
 8025.00   5.4894e-18   4.1922e-19
 8030.00   6.3366e-18   4.0886e-19
 8035.00   6.1425e-18   3.4334e-19
 8040.00   5.1000e-18   3.2765e-19
 8045.00   5.8548e-18   3.2471e-19
 8050.00   5.9238e-18   3.7259e-19
 8055.00   6.1566e-18   3.2228e-19
 8060.00   5.0084e-18   3.4103e-19
 8065.00   5.6977e-18   3.2854e-19
 8070.00   6.0074e-18   3.0581e-19
 8075.00   5.5608e-18   3.1455e-19
 8080.00   5.7739e-18   3.0469e-19
 8085.00   5.9224e-18   3.2161e-19
 8090.00   5.6541e-18   2.9149e-19
 8095.00   5.8781e-18   3.3024e-19
 8100.00   5.2830e-18   3.1388e-19
 8105.00   6.5266e-18   3.3271e-19
 8110.00   5.7154e-18   2.9693e-19
 8115.00   5.7690e-18   2.8904e-19
 8120.00   6.3590e-18   2.9455e-19
 8125.00   6.4110e-18   2.9814e-19
 8130.00   5.7941e-18   2.9466e-19
 8135.00   6.0205e-18   2.9627e-19
 8140.00   5.7335e-18   3.1838e-19
 8145.00   5.8021e-18   3.1418e-19
 8150.00   5.6894e-18   2.8991e-19
 8155.00   5.7856e-18   2.8089e-19
 8160.00   5.9928e-18   2.8615e-19
 8165.00   5.6302e-18   2.8046e-19
 8170.00   5.3264e-18   2.7595e-19
 8175.00   5.4008e-18   2.8000e-19
 8180.00   5.7686e-18   2.8324e-19
 8185.00   5.4352e-18   2.8208e-19
 8190.00   5.4226e-18   2.9841e-19
 8195.00   5.5057e-18   3.0372e-19
 8200.00   5.7500e-18   2.8845e-19
 8205.00   5.8189e-18   2.9748e-19
 8210.00   5.1378e-18   2.8948e-19
 8215.00   5.9797e-18   2.9858e-19
 8220.00   6.0703e-18   2.9574e-19
 8225.00   5.5796e-18   2.9765e-19
 8230.00   4.8581e-18   2.8534e-19
 8235.00   6.0082e-18   3.0095e-19
 8240.00   6.0363e-18   3.1309e-19
 8245.00   5.7138e-18   3.1034e-19
 8250.00   5.7005e-18   3.1395e-19
 8255.00   5.6361e-18   3.1035e-19
 8260.00   5.5632e-18   3.0603e-19
 8265.00   5.9673e-18   3.1154e-19
 8270.00   5.6420e-18   3.1049e-19
 8275.00   5.8599e-18   3.1977e-19
 8280.00   6.7256e-18   5.5452e-19
 8285.00   6.1102e-18   3.9562e-19
 8290.00   5.5910e-18   3.9875e-19
 8295.00   5.4916e-18   3.5751e-19
 8300.00   4.8401e-18   3.8923e-19
 8305.00   5.7742e-18   3.4182e-19
 8310.00   5.7453e-18   3.7281e-19
 8315.00   6.2794e-18   3.2588e-19
 8320.00   6.0520e-18   3.4253e-19
 8325.00   5.4442e-18   3.2083e-19
 8330.00   5.2147e-18   3.1869e-19
 8335.00   5.8913e-18   3.2854e-19
 8340.00   6.0427e-18   3.5148e-19
 8345.00   5.4007e-18   4.7326e-19
 8350.00   5.7981e-18   3.7596e-19
 8355.00   5.5945e-18   3.7438e-19
 8360.00   5.0145e-18   3.5218e-19
 8365.00   5.3556e-18   4.1477e-19
 8370.00   5.3615e-18   3.2152e-19
 8375.00   4.9347e-18   4.0091e-19
 8380.00   5.4673e-18   4.8640e-19
 8385.00   5.2773e-18   4.0896e-19
 8390.00   5.5135e-18   3.9386e-19
 8395.00   5.1859e-18   3.6555e-19
 8400.00   5.1635e-18   4.4737e-19
 8405.00   5.3053e-18   3.5097e-19
 8410.00   5.2848e-18   3.4560e-19
 8415.00   5.6011e-18   4.0320e-19
 8420.00   4.9733e-18   3.3415e-19
 8425.00   5.6683e-18   3.6885e-19
 8430.00   4.8055e-18   4.3159e-19
 8435.00   5.5690e-18   3.4344e-19
 8440.00   5.1136e-18   3.1223e-19
 8445.00   5.6597e-18   3.6101e-19
 8450.00   5.6804e-18   3.4834e-19
 8455.00   5.5110e-18   3.3055e-19
 8460.00   5.6622e-18   3.1337e-19
 8465.00   5.6906e-18   3.7957e-19
 8470.00   5.3312e-18   2.9506e-19
 8475.00   5.0123e-18   3.1096e-19
 8480.00   5.0365e-18   2.8643e-19
 8485.00   4.7518e-18   2.8358e-19
 8490.00   5.3445e-18   2.8423e-19
 8495.00   4.8153e-18   3.5104e-19
 8500.00   5.4416e-18   2.9927e-19
 8505.00   5.2873e-18   3.6044e-19
 8510.00   4.9029e-18   2.7149e-19
 8515.00   5.1621e-18   2.7346e-19
 8520.00   5.2630e-18   2.8499e-19
 8525.00   5.0533e-18   2.6923e-19
 8530.00   4.7166e-18   2.6341e-19
 8535.00   4.9292e-18   2.6458e-19
 8540.00   4.7743e-18   3.0967e-19
 8545.00   5.2968e-18   2.7238e-19
 8550.00   5.5645e-18   3.4352e-19
 8555.00   5.5151e-18   2.7415e-19
 8560.00   3.7476e-18   2.5117e-19
 8565.00   5.4390e-18   2.7074e-19
 8570.00   5.7770e-18   2.8013e-19
 8575.00   5.1939e-18   2.8795e-19
 8580.00   5.5336e-18   2.7873e-19
 8585.00   4.8025e-18   2.6885e-19
 8590.00   5.7928e-18   3.1794e-19
 8595.00   5.8355e-18   3.1608e-19
 8600.00   5.6255e-18   2.9335e-19
 8605.00   5.5735e-18   2.8725e-19
 8610.00   5.4100e-18   3.0356e-19
 8615.00   5.8942e-18   3.6895e-19
 8620.00   6.1005e-18   4.3971e-19
 8625.00   5.8749e-18   4.6379e-19
 8630.00   6.5094e-18   4.9118e-19
 8635.00   6.1292e-18   4.5754e-19
 8640.00   5.2170e-18   3.9960e-19
 8645.00   5.9505e-18   3.3958e-19
 8650.00   6.4074e-18   4.2951e-19
 8655.00   5.8260e-18   4.2505e-19
 8660.00   5.6866e-18   4.2084e-19
 8665.00   6.0990e-18   4.1822e-19
 8670.00   5.6728e-18   4.1145e-19
 8675.00   5.9273e-18   3.8703e-19
 8680.00   6.0615e-18   3.6541e-19
 8685.00   5.7026e-18   3.3881e-19
 8690.00   4.8802e-18   3.1268e-19
 8695.00   5.4181e-18   3.2450e-19
 8700.00   5.8738e-18   3.5378e-19
 8705.00   5.4446e-18   3.3451e-19
 8710.00   5.9924e-18   3.3282e-19
 8715.00   5.5599e-18   3.1365e-19
 8720.00   5.1136e-18   3.0871e-19
 8725.00   5.6801e-18   3.2893e-19
 8730.00   5.4169e-18   3.1397e-19
 8735.00   5.4746e-18   3.1940e-19
 8740.00   6.2189e-18   3.4209e-19
 8745.00   5.1176e-18   3.2382e-19
 8750.00   5.7313e-18   3.2907e-19
 8755.00   5.5498e-18   3.2085e-19
 8760.00   4.8637e-18   6.2121e-19
 8765.00   5.1728e-18   4.3977e-19
 8770.00   5.3908e-18   4.1337e-19
 8775.00   4.7231e-18   3.9533e-19
 8780.00   5.2467e-18   3.9512e-19
 8785.00   5.2357e-18   3.2376e-19
 8790.00   5.2994e-18   4.0682e-19
 8795.00   4.7772e-18   3.1885e-19
 8800.00   5.0609e-18   3.2819e-19
 8805.00   4.8167e-18   3.1813e-19
 8810.00   4.9501e-18   3.6270e-19
 8815.00   4.1880e-18   3.1216e-19
 8820.00   4.3834e-18   3.9276e-19
 8825.00   5.6109e-18   5.6157e-19
 8830.00   3.2354e-18   4.9280e-19
 8835.00   4.3174e-18   6.6204e-19
 8840.00   4.9750e-18   3.9307e-19
 8845.00   4.5998e-18   3.9733e-19
 8850.00   3.8298e-18   4.3006e-19
 8855.00   3.8816e-18   3.5094e-19
 8860.00   3.9169e-18   3.6378e-19
 8865.00   3.9351e-18   4.0715e-19
 8870.00   3.8151e-18   3.6721e-19
 8875.00   4.6633e-18   3.2986e-19
 8880.00   4.1194e-18   3.1828e-19
 8885.00   2.1240e-17   4.4228e-19
 8890.00   4.2249e-18   3.4768e-19
 8895.00   3.9916e-18   3.3392e-19
 8900.00   4.2604e-18   3.1853e-19
 8905.00   4.0567e-18   3.8301e-19
 8910.00   3.8576e-18   3.3211e-19
 8915.00   4.3097e-18   3.0659e-19
 8920.00   2.6419e-18   4.2124e-19
 8925.00   3.5722e-18   3.1571e-19
 8930.00   3.8151e-18   3.2398e-19
 8935.00   4.2106e-18   3.1719e-19
 8940.00   4.7512e-18   3.1380e-19
 8945.00   3.8800e-18   3.4935e-19
 8950.00   4.2829e-18   2.8400e-19
 8955.00   4.2518e-18   2.9843e-19
 8960.00   4.4355e-18   3.5707e-19
 8965.00   4.2495e-18   2.8588e-19
 8970.00   4.7753e-18   3.2131e-19
 8975.00   4.9485e-18   2.9563e-19
 8980.00   4.2975e-18   3.2354e-19
 8985.00   4.6067e-18   3.1081e-19
 8990.00   4.1010e-18   3.5650e-19
 8995.00   4.5685e-18   2.9172e-19
 9000.00   4.3892e-18   3.6427e-19
 9005.00   3.9727e-18   2.7353e-19
 9010.00   4.5188e-18   2.7437e-19
 9015.00   4.6583e-18   2.7300e-19
 9020.00   4.2548e-18   2.9363e-19
 9025.00   4.6920e-18   2.7824e-19
 9030.00   4.6481e-18   3.0801e-19
 9035.00   4.5407e-18   2.8529e-19
 9040.00   5.0100e-18   3.3660e-19
 9045.00   4.7715e-18   3.0747e-19
 9050.00   5.3096e-18   3.9405e-19
 9055.00   4.6968e-18   3.0762e-19
 9060.00   4.6789e-18   2.9491e-19
 9065.00   5.1926e-18   3.2545e-19
 9070.00   4.2763e-18   3.2459e-19
 9075.00   5.1425e-18   3.0404e-19
 9080.00   4.8564e-18   3.0178e-19
 9085.00   5.1557e-18   3.2269e-19
 9090.00   5.0487e-18   3.3157e-19
 9095.00   5.5870e-18   3.5915e-19
 9100.00   5.5637e-18   3.4859e-19
 9105.00   4.7612e-18   3.5718e-19
 9110.00   4.8486e-18   3.1782e-19
 9115.00   5.8368e-18   3.3103e-19
 9120.00   5.3974e-18   3.2709e-19
 9125.00   5.1806e-18   3.3084e-19
 9130.00   5.4383e-18   3.3513e-19
 9135.00   5.2082e-18   3.5082e-19
 9140.00   5.5505e-18   3.5316e-19
 9145.00   4.7018e-18   3.4863e-19
 9150.00   5.1180e-18   3.9750e-19
 9155.00   5.7708e-18   4.0625e-19
 9160.00   6.1378e-18   4.7893e-19
 9165.00   5.6834e-18   3.7173e-19
 9170.00   5.0532e-18   3.7365e-19
 9175.00   5.0034e-18   3.7525e-19
 9180.00   5.4222e-18   3.8848e-19
 9185.00   5.3020e-18   3.8920e-19
 9190.00   4.8984e-18   3.8512e-19
 9195.00   5.4388e-18   3.9716e-19
 9200.00   5.4381e-18   3.8062e-19
 9205.00   4.9256e-18   3.5409e-19
 9210.00   4.7634e-18   3.5582e-19
 9215.00   5.0810e-18   4.0526e-19
 9220.00   5.0840e-18   3.6794e-19
 9225.00   4.8217e-18   4.3982e-19
 9230.00   5.2980e-18   3.6953e-19
 9235.00   5.1891e-18   3.6619e-19
 9240.00   4.3748e-18   3.5589e-19
 9245.00   3.7726e-18   3.5829e-19
 9250.00   5.0525e-18   4.1299e-19
 9255.00   4.1233e-18   3.7119e-19
 9260.00   5.6699e-18   4.1862e-19
 9265.00   4.8832e-18   4.4744e-19
 9270.00   5.2582e-18   3.7438e-19
 9275.00   3.9640e-18   3.6429e-19
 9280.00   4.4731e-18   3.6780e-19
 9285.00   4.2458e-18   4.1473e-19
 9290.00   4.7595e-18   4.0121e-19
 9295.00   4.5965e-18   4.4176e-19
 9300.00   4.2419e-18   4.9207e-19
 9305.00   3.8015e-18   7.0130e-19
 9310.00   6.2579e-18   1.1447e-18
 9315.00   4.6894e-18   7.5467e-19
 9320.00   4.1973e-18   6.4464e-19
 9325.00   4.3923e-18   6.9721e-19
 9330.00   4.7217e-18   5.6910e-19
 9335.00   3.9324e-18   4.9120e-19
 9340.00   4.5525e-18   5.5615e-19
 9345.00   2.5532e-18   4.2045e-19
 9350.00   4.1381e-18   6.0407e-19
 9355.00   2.4521e-18   4.1948e-19
 9360.00   2.6947e-18   4.5295e-19
 9365.00   3.9752e-18   4.4852e-19
 9370.00   3.1855e-18   4.7892e-19
 9375.00   1.1856e-17   1.1798e-18
 9380.00   3.2313e-18   4.6861e-19
 9385.00   4.9208e-18   6.4276e-19
 9390.00   4.6650e-18   4.4250e-19
 9395.00   4.8312e-18   4.7341e-19
 9400.00   3.6742e-18   5.0887e-19
 9405.00   3.9491e-18   4.6356e-19
 9410.00   3.5227e-18   3.8358e-19
 9415.00   4.3565e-18   4.2039e-19
 9420.00   4.2333e-18   6.4724e-19
 9425.00   2.8013e-18   4.1091e-19
 9430.00   3.2642e-18   3.6252e-19
 9435.00   5.0476e-18   4.3485e-19
 9445.00   4.5770e-18   4.2787e-19
 9450.00   4.0340e-18   4.6385e-19
 9455.00   3.7744e-18   4.0931e-19
 9460.00   3.0733e-18   5.2984e-19
 9465.00   4.4940e-18   3.7250e-19
 9470.00   3.4429e-18   3.6515e-19
 9485.00   4.1530e-18   3.9118e-19
 9490.00   3.6599e-18   4.0168e-19
 9495.00   3.4399e-18   3.5012e-19
 9500.00   2.8916e-18   4.0061e-19
 9505.00   4.4554e-18   4.6854e-19
 9510.00   3.5456e-18   3.6285e-19
 9515.00   4.0015e-18   3.7863e-19
 9520.00   3.8032e-18   6.1403e-19
 9525.00   3.0907e-18   3.6813e-19
 9530.00   3.5068e-18   4.1382e-19
 9535.00   4.1724e-18   4.5524e-19
 9540.00   4.0524e-18   3.6890e-19
 9545.00   2.9903e-18   3.3702e-19
 9550.00   3.8660e-18   4.2091e-19
 9555.00   3.2814e-18   4.2290e-19
 9560.00   3.8131e-18   4.1759e-19
 9565.00   3.1731e-18   4.6731e-19
 9570.00   4.4503e-18   5.2344e-19
 9575.00   3.9877e-18   4.0383e-19
 9580.00   3.6108e-18   3.7223e-19
 9585.00   4.1636e-18   3.8907e-19
 9590.00   3.4173e-18   3.9579e-19
 9595.00   4.5232e-18   3.9892e-19
 9600.00   4.2231e-18   3.9096e-19
 9605.00   4.4175e-18   4.5170e-19
 9610.00   4.8640e-18   4.9501e-19
 9615.00   3.7985e-18   4.3237e-19
 9620.00   3.8569e-18   6.1837e-19
 9625.00   4.0123e-18   4.7577e-19
 9630.00   4.9406e-18   5.0379e-19
 9635.00   3.9244e-18   4.3021e-19
 9640.00   3.8757e-18   4.2942e-19
 9645.00   3.5434e-18   4.1322e-19
 9650.00   3.3173e-18   4.4856e-19
 9655.00   4.8688e-18   5.3385e-19
 9660.00   4.4378e-18   5.5854e-19
 9665.00   4.6357e-18   4.9875e-19
 9670.00   4.1677e-18   7.1260e-19
 9675.00   5.0196e-18   5.7470e-19
 9680.00   4.7076e-18   8.5457e-19
 9685.00   4.3462e-18   6.0367e-19
 9690.00   4.2206e-18   6.3657e-19
 9695.00   4.5106e-18   5.6368e-19
 9700.00   5.4258e-18   8.2539e-19
 9705.00   3.3791e-18   5.4514e-19
 9710.00   4.4481e-18   6.7307e-19
 9715.00   3.8783e-18   5.8981e-19
 9720.00   5.9003e-18   9.7625e-19
 9725.00   4.7906e-18   6.6054e-19
 9730.00   3.4127e-18   5.6110e-19
 9735.00   3.7698e-18   6.5038e-19
 9740.00   4.2115e-18   5.9578e-19
 9745.00   3.5908e-18   6.1499e-19
 9750.00   3.6404e-18   4.8802e-19
 9755.00   2.8283e-18   4.8732e-19
 9760.00   3.1787e-18   4.6802e-19
 9765.00   2.6977e-18   4.6241e-19
 9770.00   2.9282e-18   4.5926e-19
 9775.00   3.1963e-18   4.5992e-19
 9780.00   2.1568e-18   4.5326e-19
 9785.00   3.4521e-18   4.8816e-19
 9790.00   7.3185e-18   1.0894e-18
 9795.00   4.2644e-18   6.3349e-19
 9800.00   2.1624e-18   6.7515e-19
 9805.00   2.6412e-18   5.0183e-19
 9810.00   2.3233e-18   6.1763e-19
 9815.00   2.4972e-18   5.4443e-19
 9820.00   1.8410e-18   4.7957e-19
 9825.00   2.4601e-18   4.7388e-19
 9830.00   2.6775e-18   5.0689e-19
 9835.00   1.8691e-18   4.4845e-19
 9840.00   3.1104e-18   4.3713e-19
 9845.00   2.6980e-18   4.7791e-19
 9850.00   2.8475e-18   6.0800e-19
 9855.00   2.4286e-18   4.3785e-19
 9860.00   1.8799e-18   4.2276e-19
 9865.00   1.6745e-18   5.0821e-19
 9870.00   2.5093e-18   8.0118e-19
 9875.00   1.8028e-18   6.5280e-19
 9880.00   2.4899e-18   5.0396e-19
 9885.00   2.2015e-18   5.6878e-19
 9890.00   2.1211e-18   5.1051e-19
 9895.00   2.3550e-18   8.2549e-19
 9900.00   1.7450e-18   5.1753e-19
