 
TRANSIENT_NAME:     DES14S2qg  
SNID:               1292315    
OBS_DATE:           2014-09-01
MJD:                56901. 
PHASE:              post-max (based on r-band light-curve)
MJD_MAX:            ---
TYPE:               1  
SPEC_EVAL:          SNIa
REDSHIFT:           0.1110  
REDSHIFT_ERR:       0.0050  
REDSHIFT_SOURCE:    Z_SN
TELESCOPE:          VLT
INSTRUMENT:         X-SHOOTER
 
======================================
 
# WAVE  FLUX  FLUX_ERR
 3100.00   2.4500e-18   1.1309e-17
 3105.00   1.1195e-17   7.6273e-18
 3110.00   1.2686e-18   7.0509e-18
 3115.00   1.5284e-18   6.6276e-18
 3120.00  -5.2861e-18   6.1861e-18
 3125.00  -5.5165e-18   5.9171e-18
 3130.00   2.7678e-18   5.8251e-18
 3135.00  -3.6058e-18   5.6917e-18
 3140.00  -3.5953e-18   5.6616e-18
 3145.00  -5.1750e-18   5.5369e-18
 3150.00  -6.3057e-18   5.4790e-18
 3155.00  -9.6835e-18   5.4320e-18
 3160.00  -7.5087e-19   5.4414e-18
 3165.00  -5.4951e-18   5.3490e-18
 3170.00  -2.6097e-18   5.2766e-18
 3175.00  -6.9556e-18   5.1490e-18
 3180.00   3.0889e-19   4.9478e-18
 3185.00  -6.2465e-18   4.6692e-18
 3190.00  -1.7327e-20   4.4601e-18
 3195.00  -6.2804e-18   4.2390e-18
 3200.00   7.0940e-19   4.0261e-18
 3205.00  -8.0331e-18   3.7381e-18
 3210.00  -2.7227e-18   3.8324e-18
 3215.00  -4.6173e-19   3.5482e-18
 3220.00  -2.7381e-18   3.3778e-18
 3225.00  -4.6542e-18   3.1852e-18
 3230.00  -3.9168e-18   3.0113e-18
 3235.00  -2.1051e-18   2.8973e-18
 3240.00   1.0448e-18   2.8632e-18
 3245.00  -4.5972e-18   2.7538e-18
 3250.00   8.0415e-19   2.6932e-18
 3255.00   1.7064e-18   2.7095e-18
 3260.00  -9.9755e-19   2.7421e-18
 3265.00   9.9204e-19   2.7391e-18
 3270.00  -6.8588e-19   2.7381e-18
 3275.00   1.0988e-18   2.7748e-18
 3280.00  -6.3075e-19   2.7708e-18
 3285.00   4.4724e-19   2.8781e-18
 3290.00  -1.9470e-18   2.9564e-18
 3295.00  -4.6401e-18   3.0891e-18
 3300.00  -4.4484e-18   3.1291e-18
 3305.00   1.4043e-18   3.2018e-18
 3310.00  -4.3981e-18   3.2325e-18
 3315.00   9.9947e-19   3.3394e-18
 3320.00  -9.2271e-19   3.3531e-18
 3325.00  -6.5102e-18   3.2691e-18
 3330.00  -1.2082e-18   3.2165e-18
 3335.00  -3.1399e-18   3.1227e-18
 3340.00  -3.5896e-19   3.0045e-18
 3345.00  -3.7920e-18   3.1105e-18
 3350.00  -2.3665e-19   2.9097e-18
 3355.00  -1.8614e-18   2.7059e-18
 3360.00   4.9642e-18   2.5991e-18
 3365.00   5.9956e-19   2.4813e-18
 3370.00   1.0908e-18   2.5775e-18
 3375.00   1.8000e-18   2.4054e-18
 3380.00  -1.3898e-19   2.2964e-18
 3385.00  -2.4759e-20   2.2224e-18
 3390.00   1.0088e-18   2.1627e-18
 3395.00  -5.1993e-19   2.1258e-18
 3400.00  -2.5718e-18   2.0693e-18
 3405.00   9.6887e-20   2.0890e-18
 3410.00  -2.0222e-19   2.0789e-18
 3415.00   3.3388e-18   2.1956e-18
 3420.00   9.1878e-19   2.1861e-18
 3425.00   9.7846e-19   2.2365e-18
 3430.00   2.6230e-18   2.2814e-18
 3435.00   8.9724e-21   2.3112e-18
 3440.00   1.2180e-18   2.3597e-18
 3445.00  -2.9656e-18   2.3750e-18
 3450.00  -2.8539e-18   2.4925e-18
 3455.00   1.0769e-18   2.5757e-18
 3460.00   8.4307e-20   2.5670e-18
 3465.00  -1.0478e-19   2.5993e-18
 3470.00  -6.3240e-19   2.5809e-18
 3475.00  -3.2408e-18   2.5342e-18
 3480.00  -4.1600e-19   2.5996e-18
 3485.00  -1.6133e-18   2.5225e-18
 3490.00  -6.9167e-19   2.4341e-18
 3495.00  -3.5298e-18   2.5061e-18
 3500.00   2.8501e-18   2.3967e-18
 3505.00  -4.1150e-18   2.1970e-18
 3510.00   4.0266e-19   2.1368e-18
 3515.00   1.3143e-19   1.9932e-18
 3520.00  -9.3694e-20   1.9048e-18
 3525.00   4.3678e-18   1.8362e-18
 3530.00   2.5495e-18   1.7683e-18
 3535.00   1.2439e-18   1.7026e-18
 3540.00   5.4617e-18   1.7762e-18
 3545.00   4.3309e-18   1.8124e-18
 3550.00   2.9124e-18   1.7242e-18
 3555.00  -7.2781e-20   1.6740e-18
 3560.00   2.3389e-19   1.6355e-18
 3565.00   6.1031e-19   1.5888e-18
 3570.00   1.1482e-18   1.5676e-18
 3575.00  -2.2594e-20   1.5768e-18
 3580.00   1.4972e-20   1.5750e-18
 3585.00  -5.4977e-19   1.5716e-18
 3590.00   7.8108e-19   1.6284e-18
 3595.00   1.9443e-18   1.6676e-18
 3600.00   2.1156e-18   1.7197e-18
 3605.00   5.1633e-19   1.7213e-18
 3610.00  -6.0541e-19   1.7447e-18
 3615.00  -2.4571e-19   1.8097e-18
 3620.00   2.0679e-18   1.8485e-18
 3625.00   1.8549e-18   1.8637e-18
 3630.00  -1.5986e-18   1.8497e-18
 3635.00   6.3823e-19   1.8684e-18
 3640.00   2.3599e-18   1.8473e-18
 3645.00  -2.3396e-19   1.7855e-18
 3650.00  -2.4245e-18   1.7080e-18
 3655.00  -1.5232e-18   1.8751e-18
 3660.00   6.1653e-19   1.7767e-18
 3665.00   9.5086e-19   1.6571e-18
 3670.00  -7.3511e-19   1.5446e-18
 3675.00   7.4937e-19   1.4627e-18
 3680.00   2.6038e-18   1.3974e-18
 3685.00   2.8924e-18   1.3302e-18
 3690.00   9.5176e-19   1.2713e-18
 3695.00   2.6492e-18   1.2400e-18
 3700.00   1.6083e-18   1.2574e-18
 3705.00   1.3191e-18   1.1847e-18
 3710.00   1.5462e-18   1.1480e-18
 3715.00   2.0388e-18   1.1315e-18
 3720.00   2.1839e-18   1.0726e-18
 3725.00   3.8105e-18   1.0898e-18
 3730.00   3.6645e-18   1.1041e-18
 3735.00   1.6475e-18   1.0539e-18
 3740.00   2.0625e-18   1.1018e-18
 3745.00   2.4684e-18   1.0605e-18
 3750.00   2.2123e-18   1.0422e-18
 3755.00   3.3948e-18   1.0955e-18
 3760.00   2.7419e-18   1.0730e-18
 3765.00   3.6345e-18   1.0904e-18
 3770.00   2.9819e-18   1.1101e-18
 3775.00   4.8948e-18   1.1755e-18
 3780.00   2.2134e-18   1.1824e-18
 3785.00   1.5408e-18   1.1956e-18
 3790.00   1.9832e-18   1.2136e-18
 3795.00   3.1109e-18   1.2442e-18
 3800.00   1.3647e-18   1.2436e-18
 3805.00   3.1002e-18   1.2833e-18
 3810.00   3.4770e-18   1.3066e-18
 3815.00   2.0393e-18   1.2957e-18
 3820.00   3.0763e-18   1.2898e-18
 3825.00   2.2740e-18   1.2631e-18
 3830.00   3.6102e-18   1.2847e-18
 3835.00   2.0190e-18   1.2333e-18
 3840.00   3.8179e-18   1.2074e-18
 3845.00   2.1895e-18   1.2934e-18
 3850.00   3.8264e-18   1.2183e-18
 3855.00   4.4335e-18   1.1499e-18
 3860.00   3.5179e-18   1.0634e-18
 3865.00   3.2215e-18   1.0253e-18
 3870.00   3.6348e-18   9.7260e-19
 3875.00   2.5060e-18   9.3865e-19
 3880.00   2.4260e-18   8.7902e-19
 3885.00   3.3051e-18   8.6683e-19
 3890.00   4.8797e-18   8.7077e-19
 3895.00   4.2546e-18   8.5414e-19
 3900.00   5.5281e-18   8.5341e-19
 3905.00   4.6338e-18   8.5871e-19
 3910.00   5.6180e-18   8.8078e-19
 3915.00   6.5992e-18   8.8134e-19
 3920.00   6.5302e-18   8.1974e-19
 3925.00   6.1337e-18   7.9567e-19
 3930.00   6.2920e-18   7.6206e-19
 3935.00   5.2769e-18   7.3294e-19
 3940.00   4.9301e-18   7.7086e-19
 3945.00   6.9202e-18   8.0399e-19
 3950.00   6.6408e-18   8.0590e-19
 3955.00   5.0340e-18   7.8381e-19
 3960.00   7.2453e-18   8.0155e-19
 3965.00   5.9475e-18   7.6835e-19
 3970.00   5.9477e-18   7.6788e-19
 3975.00   6.5956e-18   8.3808e-19
 3980.00   6.6228e-18   8.7756e-19
 3985.00   5.2086e-18   8.7871e-19
 3990.00   5.2134e-18   9.1769e-19
 3995.00   5.2590e-18   9.3482e-19
 4000.00   6.5788e-18   9.7700e-19
 4005.00   5.8249e-18   9.8874e-19
 4010.00   5.0401e-18   1.0224e-18
 4015.00   4.8727e-18   1.0324e-18
 4020.00   6.0191e-18   1.0494e-18
 4025.00   6.2342e-18   1.0533e-18
 4030.00   5.7296e-18   1.0497e-18
 4035.00   3.1001e-18   1.0308e-18
 4040.00   4.1354e-18   1.0465e-18
 4045.00   5.3503e-18   1.2019e-18
 4050.00   7.1369e-18   1.1673e-18
 4055.00   6.5259e-18   1.0867e-18
 4060.00   8.4588e-18   1.0646e-18
 4065.00   8.5137e-18   1.0246e-18
 4070.00   1.1187e-17   1.0192e-18
 4075.00   1.0035e-17   9.7044e-19
 4080.00   9.8463e-18   9.2936e-19
 4085.00   1.0950e-17   9.1301e-19
 4090.00   1.1092e-17   8.8873e-19
 4095.00   1.2447e-17   8.6858e-19
 4100.00   1.1524e-17   8.2314e-19
 4105.00   1.2726e-17   8.2526e-19
 4110.00   1.1358e-17   8.0621e-19
 4115.00   1.0176e-17   7.9331e-19
 4120.00   9.5936e-18   7.7789e-19
 4125.00   9.9373e-18   7.8168e-19
 4130.00   8.6956e-18   7.6108e-19
 4135.00   9.8080e-18   7.7255e-19
 4140.00   8.1948e-18   7.6546e-19
 4145.00   9.3037e-18   7.6554e-19
 4150.00   7.4077e-18   7.6120e-19
 4155.00   7.5620e-18   7.9138e-19
 4160.00   9.1907e-18   7.8984e-19
 4165.00   9.2069e-18   8.0628e-19
 4170.00   7.6637e-18   8.0609e-19
 4175.00   7.0567e-18   7.8475e-19
 4180.00   7.4235e-18   8.0039e-19
 4185.00   7.0048e-18   7.9496e-19
 4190.00   6.6069e-18   8.0332e-19
 4195.00   5.3035e-18   8.0484e-19
 4200.00   5.2572e-18   7.9610e-19
 4205.00   5.4404e-18   8.1584e-19
 4210.00   4.5974e-18   8.3763e-19
 4215.00   4.0794e-18   8.4123e-19
 4220.00   2.7390e-18   8.4379e-19
 4225.00   5.0094e-18   8.5304e-19
 4230.00   4.0072e-18   8.7540e-19
 4235.00   4.1226e-18   8.8863e-19
 4240.00   2.7011e-18   8.9341e-19
 4245.00   4.7929e-18   9.2489e-19
 4250.00   5.3059e-18   9.3515e-19
 4255.00   6.0948e-18   9.4359e-19
 4260.00   6.6264e-18   9.3693e-19
 4265.00   6.1345e-18   9.4463e-19
 4270.00   7.0742e-18   9.3200e-19
 4275.00   7.8096e-18   9.2748e-19
 4280.00   7.1886e-18   1.0087e-18
 4285.00   1.1282e-17   9.9942e-19
 4290.00   9.7022e-18   9.3612e-19
 4295.00   1.0270e-17   9.1061e-19
 4300.00   1.2449e-17   8.7914e-19
 4305.00   1.3154e-17   8.6343e-19
 4310.00   1.2631e-17   8.2761e-19
 4315.00   1.3493e-17   8.3852e-19
 4320.00   1.4328e-17   8.3228e-19
 4325.00   1.4804e-17   7.8977e-19
 4330.00   1.5361e-17   7.9740e-19
 4335.00   1.4862e-17   7.7725e-19
 4340.00   1.6263e-17   7.7158e-19
 4345.00   1.6403e-17   7.7436e-19
 4350.00   1.7053e-17   7.7315e-19
 4355.00   1.6372e-17   7.6764e-19
 4360.00   1.7265e-17   7.7639e-19
 4365.00   1.8171e-17   7.7651e-19
 4370.00   1.8944e-17   7.7772e-19
 4375.00   1.9729e-17   7.7921e-19
 4380.00   2.0328e-17   7.8628e-19
 4385.00   1.9502e-17   7.5684e-19
 4390.00   2.0905e-17   7.8175e-19
 4395.00   2.0289e-17   7.8144e-19
 4400.00   2.1023e-17   7.9147e-19
 4405.00   2.2497e-17   8.1383e-19
 4410.00   2.0994e-17   8.1767e-19
 4415.00   2.0864e-17   8.1467e-19
 4420.00   1.9831e-17   8.1624e-19
 4425.00   2.0377e-17   8.2421e-19
 4430.00   1.9938e-17   8.2943e-19
 4435.00   1.8743e-17   8.2167e-19
 4440.00   1.8738e-17   8.4216e-19
 4445.00   1.6451e-17   8.3201e-19
 4450.00   1.6517e-17   8.3971e-19
 4455.00   1.6287e-17   8.3987e-19
 4460.00   1.4771e-17   8.3804e-19
 4465.00   1.4123e-17   8.4871e-19
 4470.00   1.4629e-17   8.5967e-19
 4475.00   1.3626e-17   8.6681e-19
 4480.00   1.3405e-17   8.6727e-19
 4485.00   1.2299e-17   8.8226e-19
 4490.00   1.1991e-17   8.7772e-19
 4495.00   1.1818e-17   8.8637e-19
 4500.00   1.2459e-17   9.0146e-19
 4505.00   1.2603e-17   9.2119e-19
 4510.00   1.3553e-17   1.2870e-18
 4515.00   1.2644e-17   1.2168e-18
 4520.00   1.2741e-17   1.1655e-18
 4525.00   1.2734e-17   1.1131e-18
 4530.00   1.1873e-17   1.0626e-18
 4535.00   1.2135e-17   1.0264e-18
 4540.00   1.1213e-17   9.7841e-19
 4545.00   1.1938e-17   9.5413e-19
 4550.00   1.1042e-17   9.0288e-19
 4555.00   1.1445e-17   8.7800e-19
 4560.00   1.1466e-17   8.5580e-19
 4565.00   1.2952e-17   8.3519e-19
 4570.00   1.1983e-17   8.1201e-19
 4575.00   1.1875e-17   7.8800e-19
 4580.00   1.1322e-17   7.6835e-19
 4585.00   1.0691e-17   7.4890e-19
 4590.00   1.1736e-17   7.4011e-19
 4595.00   1.1879e-17   7.2445e-19
 4600.00   1.0752e-17   7.0151e-19
 4605.00   1.1775e-17   6.9837e-19
 4610.00   1.0767e-17   6.8293e-19
 4615.00   1.0882e-17   6.6903e-19
 4620.00   1.1918e-17   6.7266e-19
 4625.00   1.0821e-17   6.5948e-19
 4630.00   1.2505e-17   6.6820e-19
 4635.00   1.2715e-17   6.6865e-19
 4640.00   1.2348e-17   6.6372e-19
 4645.00   1.4075e-17   6.6470e-19
 4650.00   1.3774e-17   6.7160e-19
 4655.00   1.2187e-17   6.5698e-19
 4660.00   1.2227e-17   6.7070e-19
 4665.00   1.2341e-17   6.5882e-19
 4670.00   1.2623e-17   6.6780e-19
 4675.00   1.3210e-17   6.7932e-19
 4680.00   1.2093e-17   6.6662e-19
 4685.00   1.3471e-17   6.8699e-19
 4690.00   1.3788e-17   6.8865e-19
 4695.00   1.2887e-17   6.9117e-19
 4700.00   1.2494e-17   6.8505e-19
 4705.00   1.3186e-17   6.9055e-19
 4710.00   1.2145e-17   6.9040e-19
 4715.00   1.3096e-17   7.0325e-19
 4720.00   1.2600e-17   7.0991e-19
 4725.00   1.1323e-17   7.0585e-19
 4730.00   1.2824e-17   7.1747e-19
 4735.00   1.1286e-17   7.0714e-19
 4740.00   1.1455e-17   7.2469e-19
 4745.00   1.1675e-17   7.2489e-19
 4750.00   1.1962e-17   7.2713e-19
 4755.00   1.1460e-17   7.2447e-19
 4760.00   1.1502e-17   7.2407e-19
 4765.00   1.1918e-17   7.2551e-19
 4770.00   1.1652e-17   7.2894e-19
 4775.00   1.2393e-17   7.3530e-19
 4780.00   1.2525e-17   7.3291e-19
 4785.00   1.1450e-17   7.2257e-19
 4790.00   9.0920e-18   9.6306e-19
 4795.00   6.8384e-18   9.1362e-19
 4800.00   8.9985e-18   8.8154e-19
 4805.00   8.8894e-18   8.5181e-19
 4810.00   8.1479e-18   8.1213e-19
 4815.00   7.8093e-18   7.8595e-19
 4820.00   9.5270e-18   7.7681e-19
 4825.00   8.2646e-18   7.3458e-19
 4830.00   8.3748e-18   7.1466e-19
 4835.00   7.0474e-18   6.8755e-19
 4840.00   8.2315e-18   6.6788e-19
 4845.00   6.9002e-18   6.4262e-19
 4850.00   7.1965e-18   6.2098e-19
 4855.00   6.3819e-18   5.9187e-19
 4860.00   5.6567e-18   5.5857e-19
 4865.00   6.4721e-18   5.6828e-19
 4870.00   6.2349e-18   5.4915e-19
 4875.00   5.5125e-18   5.4885e-19
 4880.00   5.1505e-18   5.4121e-19
 4885.00   5.7391e-18   5.3544e-19
 4890.00   5.3997e-18   5.1336e-19
 4895.00   5.6869e-18   5.2678e-19
 4900.00   5.7644e-18   5.2694e-19
 4905.00   6.0712e-18   5.2100e-19
 4910.00   5.5172e-18   5.0559e-19
 4915.00   5.8245e-18   5.1524e-19
 4920.00   5.9479e-18   4.9115e-19
 4925.00   6.6508e-18   5.1033e-19
 4930.00   6.0325e-18   4.9612e-19
 4935.00   6.0074e-18   4.8391e-19
 4940.00   6.7428e-18   4.9536e-19
 4945.00   6.2262e-18   4.8885e-19
 4950.00   6.4122e-18   4.8998e-19
 4955.00   6.1271e-18   4.7752e-19
 4960.00   6.9204e-18   4.8517e-19
 4965.00   6.4742e-18   4.8831e-19
 4970.00   7.1545e-18   4.8785e-19
 4975.00   7.4919e-18   4.9587e-19
 4980.00   7.0923e-18   4.8850e-19
 4985.00   7.4279e-18   4.8404e-19
 4990.00   7.8493e-18   5.0092e-19
 4995.00   8.1050e-18   5.0495e-19
 5000.00   7.8850e-18   5.0245e-19
 5005.00   7.7750e-18   5.0185e-19
 5010.00   8.3649e-18   5.1786e-19
 5015.00   8.5511e-18   5.1485e-19
 5020.00   8.5758e-18   5.1368e-19
 5025.00   9.8882e-18   5.3286e-19
 5030.00   9.9426e-18   5.4374e-19
 5035.00   9.7530e-18   5.4763e-19
 5040.00   9.4660e-18   5.3606e-19
 5045.00   1.0616e-17   5.7095e-19
 5050.00   1.1668e-17   5.6482e-19
 5055.00   1.1610e-17   5.7442e-19
 5060.00   1.2467e-17   5.8358e-19
 5065.00   1.2299e-17   5.8208e-19
 5070.00   1.1865e-17   5.8552e-19
 5075.00   1.4317e-17   6.0577e-19
 5080.00   1.3550e-17   5.8888e-19
 5085.00   1.5030e-17   6.0913e-19
 5090.00   1.4958e-17   6.1236e-19
 5095.00   1.5368e-17   6.1751e-19
 5100.00   1.4451e-17   6.1061e-19
 5105.00   1.4822e-17   6.1643e-19
 5110.00   1.6041e-17   6.2254e-19
 5115.00   2.4470e-17   1.1762e-18
 5120.00   2.7723e-17   1.1611e-18
 5125.00   2.7283e-17   1.1207e-18
 5130.00   2.7767e-17   1.0985e-18
 5135.00   2.8866e-17   1.0844e-18
 5140.00   3.0437e-17   1.0659e-18
 5145.00   3.0001e-17   1.0350e-18
 5150.00   3.0251e-17   1.0091e-18
 5155.00   2.9370e-17   9.8031e-19
 5160.00   3.0989e-17   9.6680e-19
 5165.00   2.8147e-17   9.1959e-19
 5170.00   2.8385e-17   8.8926e-19
 5175.00   2.5076e-17   8.5037e-19
 5180.00   2.3684e-17   8.2560e-19
 5185.00   2.3057e-17   7.9033e-19
 5190.00   2.0762e-17   7.7029e-19
 5195.00   1.9726e-17   7.4527e-19
 5200.00   1.9207e-17   7.4319e-19
 5205.00   1.7708e-17   7.0143e-19
 5210.00   1.7323e-17   6.8850e-19
 5215.00   1.5846e-17   6.6487e-19
 5220.00   1.5771e-17   6.6215e-19
 5225.00   1.4516e-17   6.3828e-19
 5230.00   1.4422e-17   6.3154e-19
 5235.00   1.4349e-17   6.2292e-19
 5240.00   1.4527e-17   6.2910e-19
 5245.00   1.4705e-17   6.1951e-19
 5250.00   1.3993e-17   6.1042e-19
 5255.00   1.3861e-17   6.0824e-19
 5260.00   1.2337e-17   5.8540e-19
 5265.00   1.3340e-17   5.8242e-19
 5270.00   1.3390e-17   5.7929e-19
 5275.00   1.2560e-17   5.8386e-19
 5280.00   1.1579e-17   5.7015e-19
 5285.00   1.2309e-17   5.7919e-19
 5290.00   1.3656e-17   5.9107e-19
 5295.00   1.2617e-17   5.8259e-19
 5300.00   1.2809e-17   5.8846e-19
 5305.00   1.3061e-17   5.9369e-19
 5310.00   1.3478e-17   5.9865e-19
 5315.00   1.4672e-17   6.0892e-19
 5320.00   1.4660e-17   6.1234e-19
 5325.00   1.6010e-17   6.2142e-19
 5330.00   1.6236e-17   6.2818e-19
 5335.00   1.6803e-17   6.3731e-19
 5340.00   1.8849e-17   6.5558e-19
 5345.00   1.9836e-17   6.6940e-19
 5350.00   1.9485e-17   6.6823e-19
 5355.00   2.0289e-17   6.8087e-19
 5360.00   2.0303e-17   6.8319e-19
 5365.00   1.8868e-17   6.7409e-19
 5370.00   1.7846e-17   6.6928e-19
 5375.00   1.6368e-17   6.6976e-19
 5380.00   1.6522e-17   6.7645e-19
 5385.00   1.6155e-17   6.7877e-19
 5390.00   1.6457e-17   6.8643e-19
 5395.00   1.7086e-17   6.9347e-19
 5400.00   1.7943e-17   7.1113e-19
 5405.00   1.6804e-17   7.0996e-19
 5410.00   1.7098e-17   7.2562e-19
 5415.00   1.6749e-17   7.4952e-19
 5420.00   1.7786e-17   7.5848e-19
 5425.00   1.9507e-17   7.8517e-19
 5430.00   1.9615e-17   7.6241e-19
 5435.00   1.8764e-17   7.2892e-19
 5440.00   2.0388e-17   7.4770e-19
 5445.00   1.9263e-17   7.3617e-19
 5450.00   1.9898e-17   7.5053e-19
 5455.00   1.9012e-17   7.5374e-19
 5460.00   2.1351e-17   7.8945e-19
 5465.00   2.1785e-17   8.0070e-19
 5470.00   2.1892e-17   8.1751e-19
 5475.00   2.1213e-17   8.2291e-19
 5480.00   2.2292e-17   8.4575e-19
 5485.00   2.2295e-17   8.5489e-19
 5490.00   1.9612e-17   1.1708e-18
 5495.00   2.0045e-17   1.1403e-18
 5500.00   1.9058e-17   1.0855e-18
 5505.00   1.6546e-17   1.0238e-18
 5510.00   1.9071e-17   1.0147e-18
 5515.00   1.6841e-17   9.6253e-19
 5520.00   1.6274e-17   9.4193e-19
 5525.00   1.7645e-17   9.3434e-19
 5530.00   1.5281e-17   8.9027e-19
 5535.00   1.3643e-17   8.7614e-19
 5540.00   1.4531e-17   8.8827e-19
 5545.00   1.3950e-17   8.9804e-19
 5550.00   1.3610e-17   8.7178e-19
 5555.00   1.2584e-17   8.3200e-19
 5560.00   1.2984e-17   8.3068e-19
 5565.00   9.6341e-18   8.1273e-19
 5570.00   1.0326e-17   7.9418e-19
 5575.00   9.9153e-18   8.9553e-19
 5580.00   8.4988e-18   8.1301e-19
 5585.00   7.6969e-18   7.1609e-19
 5590.00   7.7156e-18   6.9235e-19
 5595.00   7.9052e-18   6.6761e-19
 5600.00   8.0324e-18   6.6645e-19
 5605.00   5.0768e-18   7.4491e-19
 5610.00   6.5587e-18   6.9326e-19
 5615.00   7.2378e-18   6.4408e-19
 5620.00   6.1804e-18   6.1053e-19
 5625.00   7.4667e-18   5.8284e-19
 5630.00   6.1646e-18   5.4741e-19
 5635.00   6.6258e-18   5.2474e-19
 5640.00   6.6509e-18   5.1111e-19
 5645.00   6.1753e-18   4.9517e-19
 5650.00   7.1720e-18   4.8628e-19
 5655.00   6.1399e-18   4.7364e-19
 5660.00   6.4787e-18   4.6513e-19
 5665.00   5.3313e-18   4.5654e-19
 5670.00   6.3161e-18   4.6031e-19
 5675.00   5.2312e-18   4.5151e-19
 5680.00   5.7220e-18   4.5167e-19
 5685.00   5.3681e-18   4.5030e-19
 5690.00   6.2368e-18   4.6066e-19
 5695.00   5.6440e-18   4.6546e-19
 5700.00   5.8417e-18   4.7090e-19
 5705.00   5.2969e-18   4.7674e-19
 5710.00   6.3922e-18   4.8879e-19
 5715.00   5.1577e-18   5.0152e-19
 5720.00   5.7285e-18   5.1886e-19
 5725.00   6.7050e-18   5.3892e-19
 5730.00   4.6613e-18   5.4041e-19
 5735.00   5.9531e-18   5.6751e-19
 5740.00   6.0604e-18   5.8138e-19
 5745.00   5.7186e-18   5.9204e-19
 5750.00   6.9360e-18   6.1076e-19
 5755.00   6.7942e-18   6.2209e-19
 5760.00   7.5287e-18   6.3423e-19
 5765.00   6.5676e-18   6.3141e-19
 5770.00   7.9243e-18   6.3735e-19
 5775.00   7.7905e-18   6.2874e-19
 5780.00   9.3239e-18   6.2636e-19
 5785.00   9.7417e-18   6.0478e-19
 5790.00   1.0800e-17   5.7474e-19
 5795.00   9.9934e-18   5.8083e-19
 5800.00   1.1728e-17   5.7702e-19
 5805.00   1.1762e-17   5.6467e-19
 5810.00   1.3037e-17   5.6348e-19
 5815.00   1.3270e-17   5.5362e-19
 5820.00   1.3864e-17   5.4765e-19
 5825.00   1.4138e-17   5.4085e-19
 5830.00   1.5046e-17   5.3761e-19
 5835.00   1.4483e-17   5.2922e-19
 5840.00   1.6034e-17   5.3380e-19
 5845.00   1.5575e-17   5.3037e-19
 5850.00   1.5430e-17   5.2760e-19
 5855.00   1.6621e-17   5.3571e-19
 5860.00   1.7200e-17   5.4333e-19
 5865.00   1.7349e-17   5.6045e-19
 5870.00   1.8018e-17   5.6620e-19
 5875.00   1.8719e-17   5.6821e-19
 5880.00   1.8881e-17   5.7392e-19
 5885.00   2.0014e-17   5.8963e-19
 5890.00   1.8949e-17   6.4284e-19
 5895.00   1.9844e-17   6.3632e-19
 5900.00   1.9494e-17   6.0822e-19
 5905.00   1.9061e-17   6.1701e-19
 5910.00   1.9771e-17   6.2065e-19
 5915.00   1.8688e-17   6.3067e-19
 5920.00   1.9150e-17   6.2508e-19
 5925.00   1.8865e-17   6.2885e-19
 5930.00   1.8042e-17   6.1951e-19
 5935.00   1.7781e-17   6.2768e-19
 5940.00   1.6867e-17   6.0848e-19
 5945.00   1.7150e-17   6.1203e-19
 5950.00   1.6782e-17   5.9773e-19
 5955.00   1.7610e-17   6.0657e-19
 5960.00   1.5962e-17   5.8450e-19
 5965.00   1.5803e-17   5.7888e-19
 5970.00   1.5572e-17   5.7305e-19
 5975.00   1.6904e-17   5.7426e-19
 5980.00   1.7267e-17   5.6348e-19
 5985.00   1.7990e-17   5.5934e-19
 5990.00   1.7805e-17   5.5343e-19
 5995.00   1.9304e-17   5.5771e-19
 6000.00   1.9866e-17   5.8854e-19
 6005.00   2.0429e-17   5.8618e-19
 6010.00   2.0761e-17   5.6892e-19
 6015.00   2.2301e-17   5.7108e-19
 6020.00   2.2956e-17   5.6670e-19
 6025.00   2.2853e-17   5.6004e-19
 6030.00   2.3439e-17   5.5754e-19
 6035.00   2.3807e-17   5.5767e-19
 6040.00   2.3653e-17   5.4971e-19
 6045.00   2.3866e-17   5.4725e-19
 6050.00   2.4329e-17   5.4610e-19
 6055.00   2.4613e-17   5.4089e-19
 6060.00   2.5009e-17   5.4198e-19
 6065.00   2.4874e-17   5.3861e-19
 6070.00   2.5786e-17   5.4300e-19
 6075.00   2.4767e-17   5.3828e-19
 6080.00   2.5513e-17   5.4370e-19
 6085.00   2.4654e-17   5.4160e-19
 6090.00   2.4297e-17   5.4240e-19
 6095.00   2.4183e-17   5.4590e-19
 6100.00   2.4742e-17   5.5185e-19
 6105.00   2.4489e-17   5.5351e-19
 6110.00   2.4039e-17   5.5662e-19
 6115.00   2.4247e-17   5.6059e-19
 6120.00   2.4479e-17   5.6346e-19
 6125.00   2.5027e-17   5.7191e-19
 6130.00   2.3012e-17   5.6472e-19
 6135.00   2.2555e-17   5.6266e-19
 6140.00   2.3787e-17   5.7180e-19
 6145.00   2.2629e-17   5.6538e-19
 6150.00   2.2498e-17   5.6049e-19
 6155.00   2.2442e-17   5.5705e-19
 6160.00   2.1878e-17   5.5087e-19
 6165.00   2.2003e-17   5.5063e-19
 6170.00   2.0910e-17   5.4974e-19
 6175.00   2.1559e-17   5.4542e-19
 6180.00   2.1136e-17   5.3752e-19
 6185.00   1.9747e-17   5.2895e-19
 6190.00   1.9098e-17   5.2110e-19
 6195.00   1.9989e-17   5.2418e-19
 6200.00   1.9367e-17   5.1946e-19
 6205.00   1.8809e-17   5.1786e-19
 6210.00   1.8292e-17   5.0570e-19
 6215.00   1.7931e-17   5.0256e-19
 6220.00   1.8876e-17   5.5198e-19
 6225.00   1.8932e-17   5.3294e-19
 6230.00   1.8488e-17   5.1950e-19
 6235.00   1.7905e-17   5.4241e-19
 6240.00   1.7942e-17   5.0933e-19
 6245.00   1.8095e-17   5.0096e-19
 6250.00   1.7392e-17   4.8833e-19
 6255.00   1.6430e-17   4.8014e-19
 6260.00   1.5620e-17   4.9219e-19
 6265.00   1.5702e-17   4.7791e-19
 6270.00   1.5970e-17   4.7268e-19
 6275.00   1.5072e-17   4.6723e-19
 6280.00   1.4552e-17   4.6231e-19
 6285.00   1.5059e-17   4.7646e-19
 6290.00   1.4567e-17   4.7086e-19
 6295.00   1.4482e-17   4.6658e-19
 6300.00   1.4351e-17   5.1384e-19
 6305.00   1.4420e-17   4.8893e-19
 6310.00   1.3339e-17   4.6348e-19
 6315.00   1.4022e-17   4.6803e-19
 6320.00   1.2947e-17   4.7274e-19
 6325.00   1.2408e-17   4.6650e-19
 6330.00   1.2203e-17   4.8596e-19
 6335.00   1.2314e-17   4.6958e-19
 6340.00   1.1835e-17   4.6984e-19
 6345.00   1.1053e-17   4.6636e-19
 6350.00   1.1547e-17   4.7510e-19
 6355.00   1.0763e-17   4.7581e-19
 6360.00   1.0005e-17   4.6251e-19
 6365.00   1.1428e-17   4.9263e-19
 6370.00   1.0725e-17   4.6717e-19
 6375.00   1.0949e-17   4.6754e-19
 6380.00   1.0666e-17   4.7063e-19
 6385.00   9.9748e-18   4.6945e-19
 6390.00   1.0453e-17   4.6201e-19
 6395.00   1.1021e-17   4.6404e-19
 6400.00   1.0248e-17   4.5659e-19
 6405.00   1.0550e-17   4.5791e-19
 6410.00   1.0311e-17   4.4943e-19
 6415.00   1.2035e-17   4.5621e-19
 6420.00   1.1651e-17   4.5137e-19
 6425.00   1.2646e-17   4.4948e-19
 6430.00   1.2989e-17   4.4997e-19
 6435.00   1.2510e-17   4.4267e-19
 6440.00   1.3231e-17   4.4183e-19
 6445.00   1.3211e-17   4.4241e-19
 6450.00   1.3530e-17   4.4345e-19
 6455.00   1.3884e-17   4.4467e-19
 6460.00   1.5110e-17   4.9570e-19
 6465.00   1.5182e-17   5.0739e-19
 6470.00   1.5929e-17   4.9906e-19
 6475.00   1.6437e-17   4.8013e-19
 6480.00   1.6804e-17   4.8112e-19
 6485.00   1.8415e-17   4.7830e-19
 6490.00   1.8437e-17   4.7661e-19
 6495.00   2.0062e-17   4.7944e-19
 6500.00   2.0249e-17   5.0234e-19
 6505.00   2.1196e-17   4.8953e-19
 6510.00   2.0738e-17   4.7411e-19
 6515.00   2.0878e-17   4.7338e-19
 6520.00   2.1327e-17   4.7438e-19
 6525.00   2.1529e-17   4.7394e-19
 6530.00   2.1605e-17   4.6877e-19
 6535.00   2.1513e-17   4.8379e-19
 6540.00   2.0765e-17   4.5966e-19
 6545.00   2.0706e-17   4.6450e-19
 6550.00   1.9764e-17   4.4945e-19
 6555.00   2.0412e-17   4.7134e-19
 6560.00   1.9572e-17   4.5361e-19
 6565.00   1.9261e-17   4.6394e-19
 6570.00   1.8523e-17   4.4911e-19
 6575.00   1.8417e-17   4.5550e-19
 6580.00   1.7905e-17   4.4717e-19
 6585.00   1.6797e-17   4.4079e-19
 6590.00   1.7008e-17   4.4796e-19
 6595.00   1.6570e-17   4.4559e-19
 6600.00   1.5365e-17   4.3604e-19
 6605.00   1.4610e-17   4.4034e-19
 6610.00   1.3944e-17   4.2777e-19
 6615.00   1.3295e-17   4.2478e-19
 6620.00   1.2057e-17   4.1871e-19
 6625.00   1.2293e-17   4.2134e-19
 6630.00   1.1869e-17   4.2001e-19
 6635.00   1.1520e-17   4.1705e-19
 6640.00   1.1060e-17   4.0967e-19
 6645.00   9.9652e-18   4.0184e-19
 6650.00   1.0134e-17   4.0305e-19
 6655.00   1.0406e-17   4.0198e-19
 6660.00   1.0734e-17   4.0071e-19
 6665.00   1.1347e-17   4.0192e-19
 6670.00   1.0671e-17   3.9536e-19
 6675.00   1.1237e-17   3.9691e-19
 6680.00   1.0239e-17   3.9112e-19
 6685.00   1.0078e-17   3.9044e-19
 6690.00   9.6418e-18   3.8750e-19
 6695.00   9.7614e-18   3.8753e-19
 6700.00   1.0191e-17   3.9285e-19
 6705.00   9.5279e-18   3.8999e-19
 6710.00   9.8544e-18   3.9209e-19
 6715.00   9.5721e-18   4.4027e-19
 6720.00   1.0041e-17   4.3313e-19
 6725.00   9.5434e-18   4.2512e-19
 6730.00   1.0585e-17   4.2774e-19
 6735.00   1.0466e-17   4.1926e-19
 6740.00   1.0270e-17   4.1714e-19
 6745.00   9.7938e-18   4.0794e-19
 6750.00   1.0251e-17   4.0653e-19
 6755.00   9.6817e-18   3.9939e-19
 6760.00   1.1209e-17   4.0519e-19
 6765.00   1.0500e-17   3.9559e-19
 6770.00   1.0125e-17   3.9324e-19
 6775.00   1.0051e-17   3.9092e-19
 6780.00   9.9444e-18   3.8520e-19
 6785.00   9.6153e-18   3.8041e-19
 6790.00   9.0324e-18   3.7483e-19
 6795.00   8.9678e-18   3.6959e-19
 6800.00   8.4400e-18   3.6430e-19
 6805.00   8.9529e-18   3.6366e-19
 6810.00   7.4588e-18   3.5011e-19
 6815.00   7.7213e-18   3.4829e-19
 6820.00   7.3509e-18   3.4543e-19
 6825.00   6.8703e-18   3.4388e-19
 6830.00   6.1862e-18   3.7070e-19
 6835.00   6.9009e-18   3.6452e-19
 6840.00   6.6487e-18   3.4260e-19
 6845.00   6.4143e-18   3.3095e-19
 6850.00   6.3557e-18   3.3237e-19
 6855.00   6.6968e-18   3.3113e-19
 6860.00   6.7987e-18   3.3559e-19
 6865.00   5.7403e-18   3.5963e-19
 6870.00   4.4155e-18   2.9814e-19
 6875.00   4.7099e-18   3.0323e-19
 6880.00   6.1543e-18   3.3729e-19
 6885.00   6.2315e-18   3.3126e-19
 6890.00   5.9569e-18   3.4238e-19
 6895.00   6.0347e-18   3.3160e-19
 6900.00   6.2573e-18   3.5483e-19
 6905.00   6.3550e-18   3.4472e-19
 6910.00   6.8402e-18   3.5472e-19
 6915.00   6.7066e-18   3.6028e-19
 6920.00   7.2233e-18   3.5569e-19
 6925.00   7.2357e-18   3.7765e-19
 6930.00   7.3812e-18   3.5683e-19
 6935.00   7.1542e-18   3.5229e-19
 6940.00   7.6815e-18   3.7035e-19
 6945.00   7.7901e-18   3.5344e-19
 6950.00   8.5282e-18   3.8224e-19
 6955.00   8.7325e-18   3.5774e-19
 6960.00   7.7260e-18   3.5453e-19
 6965.00   8.6732e-18   3.6129e-19
 6970.00   8.8679e-18   3.7156e-19
 6975.00   8.8250e-18   3.6416e-19
 6980.00   9.4098e-18   3.8546e-19
 6985.00   9.6734e-18   3.7276e-19
 6990.00   1.1696e-17   4.6192e-19
 6995.00   1.1764e-17   4.5576e-19
 7000.00   1.2467e-17   4.5373e-19
 7005.00   1.3617e-17   4.5843e-19
 7010.00   1.3527e-17   4.6149e-19
 7015.00   1.3288e-17   4.3524e-19
 7020.00   1.3775e-17   4.3399e-19
 7025.00   1.4434e-17   4.3257e-19
 7030.00   1.4640e-17   4.3147e-19
 7035.00   1.4982e-17   4.2665e-19
 7040.00   1.5694e-17   4.2785e-19
 7045.00   1.6352e-17   4.2689e-19
 7050.00   1.6346e-17   4.3646e-19
 7055.00   1.6492e-17   4.1866e-19
 7060.00   1.7490e-17   4.1694e-19
 7065.00   1.7557e-17   4.1574e-19
 7070.00   1.8477e-17   4.1517e-19
 7075.00   1.7969e-17   4.0815e-19
 7080.00   1.8639e-17   4.0946e-19
 7085.00   1.8676e-17   4.0313e-19
 7090.00   1.8684e-17   4.0562e-19
 7095.00   1.9930e-17   4.0205e-19
 7100.00   1.8854e-17   3.9394e-19
 7105.00   1.9237e-17   3.9410e-19
 7110.00   1.9207e-17   3.9237e-19
 7115.00   1.9144e-17   3.9140e-19
 7120.00   1.9529e-17   3.9154e-19
 7125.00   1.9833e-17   3.9472e-19
 7130.00   1.9634e-17   3.9311e-19
 7135.00   1.9493e-17   3.9254e-19
 7140.00   1.9167e-17   3.9116e-19
 7145.00   1.9822e-17   4.0083e-19
 7150.00   1.9678e-17   3.9594e-19
 7155.00   1.9094e-17   3.9098e-19
 7160.00   1.9848e-17   3.9960e-19
 7165.00   2.0085e-17   3.9902e-19
 7170.00   1.8917e-17   3.9313e-19
 7175.00   1.8227e-17   3.8834e-19
 7180.00   1.8274e-17   3.9061e-19
 7185.00   1.7257e-17   3.8225e-19
 7190.00   1.8345e-17   3.8871e-19
 7195.00   1.8295e-17   3.8987e-19
 7200.00   1.7668e-17   3.8652e-19
 7205.00   1.6891e-17   3.8311e-19
 7210.00   1.8707e-17   3.9355e-19
 7215.00   1.8354e-17   3.9303e-19
 7220.00   1.8302e-17   3.9454e-19
 7225.00   1.8418e-17   3.9652e-19
 7230.00   1.7581e-17   3.9152e-19
 7235.00   1.6951e-17   3.8831e-19
 7240.00   1.8237e-17   4.7364e-19
 7245.00   1.7884e-17   4.4605e-19
 7250.00   1.7674e-17   3.9979e-19
 7255.00   1.8854e-17   4.2264e-19
 7260.00   1.8656e-17   4.0404e-19
 7265.00   1.8175e-17   4.0339e-19
 7270.00   1.8529e-17   4.1199e-19
 7275.00   1.7444e-17   4.5668e-19
 7280.00   1.8301e-17   4.0972e-19
 7285.00   1.9103e-17   4.4168e-19
 7290.00   1.7890e-17   4.0522e-19
 7295.00   1.9958e-17   5.1847e-19
 7300.00   1.9154e-17   4.8003e-19
 7305.00   1.9981e-17   5.0735e-19
 7310.00   1.6304e-17   4.6961e-19
 7315.00   1.8331e-17   5.0672e-19
 7320.00   1.8903e-17   4.4990e-19
 7325.00   1.8980e-17   4.3968e-19
 7330.00   1.8441e-17   4.6855e-19
 7335.00   1.6507e-17   4.2114e-19
 7340.00   1.7965e-17   4.6237e-19
 7345.00   1.8040e-17   4.1412e-19
 7350.00   1.7493e-17   4.0695e-19
 7355.00   1.6522e-17   3.9309e-19
 7360.00   1.6407e-17   4.1374e-19
 7365.00   1.6406e-17   3.8537e-19
 7370.00   1.5969e-17   4.1654e-19
 7375.00   1.5621e-17   3.7417e-19
 7380.00   1.5095e-17   3.6640e-19
 7385.00   1.4934e-17   3.6040e-19
 7390.00   1.4488e-17   3.7579e-19
 7395.00   1.4169e-17   3.5556e-19
 7400.00   1.4114e-17   3.8025e-19
 7405.00   1.3978e-17   3.4779e-19
 7410.00   1.3005e-17   3.4029e-19
 7415.00   1.2747e-17   3.3869e-19
 7420.00   1.3003e-17   3.3658e-19
 7425.00   1.2228e-17   3.3198e-19
 7430.00   1.2386e-17   3.4601e-19
 7435.00   1.1346e-17   3.2484e-19
 7440.00   1.0386e-17   3.3347e-19
 7445.00   1.0629e-17   3.0934e-19
 7450.00   1.0358e-17   3.0781e-19
 7455.00   9.5383e-18   2.9777e-19
 7460.00   9.3551e-18   3.0220e-19
 7465.00   8.7199e-18   3.0728e-19
 7470.00   8.6406e-18   3.0446e-19
 7475.00   8.4383e-18   3.0360e-19
 7480.00   7.6906e-18   3.0311e-19
 7485.00   6.6425e-18   2.9202e-19
 7490.00   7.3718e-18   2.7965e-19
 7495.00   8.1576e-18   2.9820e-19
 7500.00   6.0178e-18   2.6663e-19
 7505.00   6.0178e-18   2.6159e-19
 7510.00   6.3426e-18   2.6641e-19
 7515.00   6.1241e-18   2.7232e-19
 7520.00   5.9773e-18   2.7178e-19
 7525.00   7.0364e-18   3.2202e-19
 7530.00   4.9565e-18   2.6143e-19
 7535.00   5.6339e-18   2.6601e-19
 7540.00   4.6558e-18   2.4562e-19
 7545.00   4.4018e-18   2.4258e-19
 7550.00   4.2698e-18   2.3837e-19
 7555.00   4.0318e-18   2.4564e-19
 7560.00   4.9758e-18   2.6015e-19
 7565.00   3.9812e-18   2.4095e-19
 7570.00   4.2657e-18   2.6791e-19
 7575.00   3.4232e-18   2.2679e-19
 7580.00   3.7203e-18   2.3146e-19
 7585.00   3.4744e-18   2.3059e-19
 7590.00   2.2359e-18   2.1855e-19
 7595.00   1.1441e-18   1.4452e-19
 7600.00   4.0328e-19   1.2972e-19
 7605.00   2.5617e-19   1.1971e-19
 7610.00   3.3586e-19   9.4490e-20
 7615.00   8.4607e-19   1.3230e-19
 7620.00   1.3831e-18   1.8626e-19
 7625.00   6.4624e-19   1.3969e-19
 7630.00   5.6717e-19   1.2835e-19
 7635.00   4.1793e-19   1.0602e-19
 7640.00   5.9143e-19   1.2051e-19
 7645.00   6.6949e-19   1.1338e-19
 7650.00   7.8766e-19   1.2717e-19
 7655.00   1.1925e-18   1.4291e-19
 7660.00   9.7591e-19   1.4250e-19
 7665.00   1.9166e-18   1.8143e-19
 7670.00   1.7560e-18   1.6692e-19
 7675.00   2.5677e-18   1.8882e-19
 7680.00   2.8911e-18   2.0510e-19
 7685.00   2.2685e-18   1.7575e-19
 7690.00   1.5190e-18   1.5740e-19
 7695.00   3.0225e-18   1.9996e-19
 7700.00   2.4708e-18   1.8514e-19
 7705.00   1.8992e-18   1.5419e-19
 7710.00   2.1259e-18   1.6804e-19
 7715.00   1.4553e-18   1.9133e-19
 7720.00   2.6135e-18   1.8652e-19
 7725.00   1.8397e-18   1.7172e-19
 7730.00   2.1392e-18   1.5759e-19
 7735.00   2.0489e-18   1.6003e-19
 7740.00   3.3497e-18   2.0391e-19
 7745.00   2.1688e-18   1.6030e-19
 7750.00   2.2227e-18   1.8192e-19
 7755.00   2.2548e-18   1.6309e-19
 7760.00   2.5584e-18   1.8090e-19
 7765.00   2.1781e-18   1.5492e-19
 7770.00   2.8323e-18   1.7798e-19
 7775.00   2.8250e-18   1.9228e-19
 7780.00   1.8391e-18   1.5509e-19
 7785.00   2.6695e-18   1.8090e-19
 7790.00   1.3007e-18   1.3208e-19
 7795.00   2.9469e-18   2.1379e-19
 7800.00   2.1565e-18   1.5563e-19
 7805.00   2.2972e-18   1.5326e-19
 7810.00   1.7586e-18   1.5570e-19
 7815.00   3.9725e-18   2.2463e-19
 7820.00   1.5817e-18   1.6253e-19
 7825.00   2.0116e-18   1.5747e-19
 7830.00   2.4441e-18   1.8073e-19
 7835.00   2.7896e-18   1.8022e-19
 7840.00   2.1468e-18   1.8006e-19
 7845.00   2.3161e-18   1.6639e-19
 7850.00   1.7348e-18   1.6507e-19
 7855.00   2.1305e-18   1.9258e-19
 7860.00   2.2958e-18   2.0278e-19
 7865.00   2.0790e-18   1.6473e-19
 7870.00   1.8448e-18   1.7760e-19
 7875.00   2.3925e-18   1.7693e-19
 7880.00   1.8661e-18   1.8795e-19
 7885.00   1.2832e-18   1.2863e-19
 7890.00   1.8023e-18   1.7717e-19
 7895.00   2.2000e-18   1.8384e-19
 7900.00   2.1810e-18   1.7132e-19
 7905.00   2.5477e-18   1.8314e-19
 7910.00   4.7761e-19   1.0049e-19
 7915.00   1.8900e-18   1.9670e-19
 7920.00  -6.1807e-19   1.0997e-19
 7925.00   3.2123e-18   2.0417e-19
 7930.00   2.2289e-18   2.1286e-19
 7935.00   2.7774e-18   1.9325e-19
 7940.00   3.9512e-18   2.2770e-19
 7945.00   3.4119e-18   2.2722e-19
 7950.00   4.4490e-18   2.5472e-19
 7955.00   3.8680e-18   2.2323e-19
 7960.00   3.6006e-18   2.2435e-19
 7965.00   2.8637e-18   2.2157e-19
 7970.00   3.4885e-18   2.1341e-19
 7975.00   3.1202e-18   2.0696e-19
 7980.00   3.6505e-18   2.4182e-19
 7985.00   7.0774e-18   3.8966e-19
 7990.00   7.3045e-18   3.9219e-19
 7995.00   8.0194e-18   4.4615e-19
 8000.00   6.9686e-18   3.7305e-19
 8005.00   7.1159e-18   3.6174e-19
 8010.00   6.8835e-18   3.5647e-19
 8015.00   7.7305e-18   3.9198e-19
 8020.00   7.9964e-18   3.6444e-19
 8025.00   7.0640e-18   3.9478e-19
 8030.00   7.8095e-18   3.6320e-19
 8035.00   7.2071e-18   3.3617e-19
 8040.00   7.0778e-18   3.2873e-19
 8045.00   7.2089e-18   3.2258e-19
 8050.00   7.6780e-18   3.5367e-19
 8055.00   7.3362e-18   3.1890e-19
 8060.00   7.4158e-18   3.4741e-19
 8065.00   8.0129e-18   3.2855e-19
 8070.00   7.9256e-18   3.1395e-19
 8075.00   7.9410e-18   3.1788e-19
 8080.00   7.8481e-18   3.1110e-19
 8085.00   8.1763e-18   3.1805e-19
 8090.00   7.6358e-18   3.0324e-19
 8095.00   8.2257e-18   3.2296e-19
 8100.00   7.6817e-18   3.1758e-19
 8105.00   8.3934e-18   3.2075e-19
 8110.00   7.8007e-18   3.0370e-19
 8115.00   8.1176e-18   3.0037e-19
 8120.00   8.4068e-18   3.0220e-19
 8125.00   8.6031e-18   3.0579e-19
 8130.00   8.3829e-18   3.0417e-19
 8135.00   8.1929e-18   3.0196e-19
 8140.00   8.3756e-18   3.1089e-19
 8145.00   8.5257e-18   3.1300e-19
 8150.00   8.4027e-18   2.9871e-19
 8155.00   8.1478e-18   2.9495e-19
 8160.00   8.4040e-18   2.9579e-19
 8165.00   8.1770e-18   2.9377e-19
 8170.00   8.0380e-18   2.9295e-19
 8175.00   8.3208e-18   2.9642e-19
 8180.00   8.1318e-18   2.9357e-19
 8185.00   8.2925e-18   2.9708e-19
 8190.00   8.5202e-18   3.0462e-19
 8195.00   8.4652e-18   3.0437e-19
 8200.00   7.8545e-18   2.9426e-19
 8205.00   8.2966e-18   3.0178e-19
 8210.00   8.3672e-18   2.9740e-19
 8215.00   7.8739e-18   2.9440e-19
 8220.00   8.3453e-18   2.9650e-19
 8225.00   7.6766e-18   2.9167e-19
 8230.00   6.3457e-18   2.7543e-19
 8235.00   8.2475e-18   2.9612e-19
 8240.00   8.4393e-18   3.0944e-19
 8245.00   8.1284e-18   3.0112e-19
 8250.00   8.3501e-18   3.0448e-19
 8255.00   7.2283e-18   2.9505e-19
 8260.00   7.7452e-18   2.9902e-19
 8265.00   8.2250e-18   3.0334e-19
 8270.00   7.5071e-18   2.9891e-19
 8275.00   7.1899e-18   2.9779e-19
 8280.00   7.6461e-18   4.0121e-19
 8285.00   8.0138e-18   3.4084e-19
 8290.00   6.6087e-18   3.4748e-19
 8295.00   6.3152e-18   3.2316e-19
 8300.00   6.6258e-18   3.5164e-19
 8305.00   6.6268e-18   3.0683e-19
 8310.00   7.0399e-18   3.3322e-19
 8315.00   6.1472e-18   3.0097e-19
 8320.00   5.9081e-18   3.0487e-19
 8325.00   6.5155e-18   3.0323e-19
 8330.00   6.2675e-18   3.0356e-19
 8335.00   6.4180e-18   3.0590e-19
 8340.00   6.5329e-18   3.1662e-19
 8345.00   7.4462e-18   4.0883e-19
 8350.00   6.7998e-18   3.3836e-19
 8355.00   7.0311e-18   3.4284e-19
 8360.00   6.5777e-18   3.2057e-19
 8365.00   7.1462e-18   3.5420e-19
 8370.00   7.3453e-18   3.1435e-19
 8375.00   6.8857e-18   3.9595e-19
 8380.00   6.7188e-18   4.4098e-19
 8385.00   6.6743e-18   3.9365e-19
 8390.00   6.2007e-18   3.7406e-19
 8395.00   7.8175e-18   3.7266e-19
 8400.00   6.6953e-18   4.3212e-19
 8405.00   7.5648e-18   3.5903e-19
 8410.00   7.2363e-18   3.5003e-19
 8415.00   6.7778e-18   3.9181e-19
 8420.00   7.1025e-18   3.3887e-19
 8425.00   6.9510e-18   3.4553e-19
 8430.00   7.4824e-18   4.1082e-19
 8435.00   6.6294e-18   3.2786e-19
 8440.00   7.3623e-18   3.2080e-19
 8445.00   7.3763e-18   3.2481e-19
 8450.00   7.8757e-18   3.4946e-19
 8455.00   8.0152e-18   3.2763e-19
 8460.00   7.5344e-18   3.1300e-19
 8465.00   7.8015e-18   3.7098e-19
 8470.00   7.8609e-18   3.0644e-19
 8475.00   8.1609e-18   3.1618e-19
 8480.00   7.4867e-18   2.9896e-19
 8485.00   7.7251e-18   2.9994e-19
 8490.00   8.1980e-18   3.0177e-19
 8495.00   8.4687e-18   3.4346e-19
 8500.00   7.6140e-18   2.9777e-19
 8505.00   8.2917e-18   3.5138e-19
 8510.00   8.0364e-18   2.9272e-19
 8515.00   8.1624e-18   2.9225e-19
 8520.00   8.0311e-18   2.9480e-19
 8525.00   7.5517e-18   2.8524e-19
 8530.00   8.2719e-18   2.8864e-19
 8535.00   8.1600e-18   2.8652e-19
 8540.00   7.6263e-18   3.0322e-19
 8545.00   8.2371e-18   2.8586e-19
 8550.00   8.1960e-18   3.2770e-19
 8555.00   7.8449e-18   2.8471e-19
 8560.00   7.9099e-18   2.8187e-19
 8565.00   7.8675e-18   2.8214e-19
 8570.00   7.8263e-18   2.8288e-19
 8575.00   8.0731e-18   2.8899e-19
 8580.00   7.8424e-18   2.8170e-19
 8585.00   7.7247e-18   2.7961e-19
 8590.00   7.8932e-18   2.9743e-19
 8595.00   7.5729e-18   2.9652e-19
 8600.00   7.4552e-18   2.8140e-19
 8605.00   7.3882e-18   2.7857e-19
 8610.00   7.2991e-18   2.8748e-19
 8615.00   7.7473e-18   3.2077e-19
 8620.00   8.2093e-18   3.6199e-19
 8625.00   7.4909e-18   3.7506e-19
 8630.00   7.2954e-18   3.9181e-19
 8635.00   7.2180e-18   3.7040e-19
 8640.00   7.7249e-18   3.3749e-19
 8645.00   7.2418e-18   3.0525e-19
 8650.00   7.7920e-18   3.6215e-19
 8655.00   7.6258e-18   3.6708e-19
 8660.00   7.5564e-18   3.6200e-19
 8665.00   7.8231e-18   3.6682e-19
 8670.00   6.9859e-18   3.6018e-19
 8675.00   7.3262e-18   3.3935e-19
 8680.00   7.0901e-18   3.2213e-19
 8685.00   6.9312e-18   3.1000e-19
 8690.00   7.0821e-18   2.9717e-19
 8695.00   6.5724e-18   2.9832e-19
 8700.00   6.5294e-18   3.0851e-19
 8705.00   7.0135e-18   3.0745e-19
 8710.00   7.1901e-18   3.0670e-19
 8715.00   6.4848e-18   2.9611e-19
 8720.00   6.9460e-18   2.9934e-19
 8725.00   6.5230e-18   3.0155e-19
 8730.00   7.2736e-18   3.0249e-19
 8735.00   6.6679e-18   3.0057e-19
 8740.00   7.2393e-18   3.0705e-19
 8745.00   6.9674e-18   3.0315e-19
 8750.00   6.5229e-18   2.9979e-19
 8755.00   7.6059e-18   3.0277e-19
 8760.00   7.2586e-18   4.4120e-19
 8765.00   7.1590e-18   3.6555e-19
 8770.00   6.5985e-18   3.4198e-19
 8775.00   7.1220e-18   3.5072e-19
 8780.00   6.5418e-18   3.4402e-19
 8785.00   6.4275e-18   2.9486e-19
 8790.00   6.8241e-18   3.4582e-19
 8795.00   6.2002e-18   2.9378e-19
 8800.00   6.3153e-18   2.9550e-19
 8805.00   6.4082e-18   2.9151e-19
 8810.00   6.4025e-18   3.0882e-19
 8815.00   6.1006e-18   2.9058e-19
 8820.00   6.1815e-18   3.6211e-19
 8825.00   7.0164e-18   5.0486e-19
 8830.00   6.4724e-18   3.9602e-19
 8835.00   6.1633e-18   4.8540e-19
 8840.00   5.5541e-18   3.3835e-19
 8845.00   5.8918e-18   3.4512e-19
 8850.00   5.3852e-18   3.7491e-19
 8855.00   5.9900e-18   3.2625e-19
 8860.00   5.8243e-18   3.2736e-19
 8865.00   5.1848e-18   3.5014e-19
 8870.00   5.5117e-18   3.3170e-19
 8875.00   5.1137e-18   2.9787e-19
 8880.00   5.0985e-18   2.9392e-19
 8885.00   4.8159e-18   3.6549e-19
 8890.00   4.9275e-18   2.9550e-19
 8895.00   5.9011e-18   3.0492e-19
 8900.00   4.8680e-18   2.8678e-19
 8905.00   4.8988e-18   3.2508e-19
 8910.00   4.9101e-18   2.8699e-19
 8915.00   4.7757e-18   2.7037e-19
 8920.00   4.8001e-18   3.4824e-19
 8925.00   4.5746e-18   2.7257e-19
 8930.00   4.6919e-18   2.7248e-19
 8935.00   4.6107e-18   2.6774e-19
 8940.00   4.7906e-18   2.6556e-19
 8945.00   4.6516e-18   2.9877e-19
 8950.00   4.1455e-18   2.5005e-19
 8955.00   4.2930e-18   2.6143e-19
 8960.00   4.7536e-18   2.9948e-19
 8965.00   4.1036e-18   2.4544e-19
 8970.00   4.0007e-18   2.5692e-19
 8975.00   4.2277e-18   2.4825e-19
 8980.00   4.1090e-18   2.5872e-19
 8985.00   4.4710e-18   2.5588e-19
 8990.00   3.3788e-18   2.7367e-19
 8995.00   3.9162e-18   2.4311e-19
 9000.00   3.0549e-18   2.8737e-19
 9005.00   3.9026e-18   2.3696e-19
 9010.00   3.9115e-18   2.3515e-19
 9015.00   3.6684e-18   2.3134e-19
 9020.00   4.1566e-18   2.4808e-19
 9025.00   3.5746e-18   2.3188e-19
 9030.00   3.8991e-18   2.4860e-19
 9035.00   4.2754e-18   2.4945e-19
 9040.00   4.2064e-18   2.6850e-19
 9045.00   4.0768e-18   2.5125e-19
 9050.00   4.2503e-18   3.0175e-19
 9055.00   3.3708e-18   2.4399e-19
 9060.00   3.5329e-18   2.3983e-19
 9065.00   3.8214e-18   2.5396e-19
 9070.00   3.0118e-18   2.4374e-19
 9075.00   2.8618e-18   2.3567e-19
 9080.00   2.7147e-18   2.3305e-19
 9085.00   1.9025e-18   2.3291e-19
 9090.00   2.4015e-18   2.4722e-19
 9095.00   2.2005e-18   2.5410e-19
 9100.00   2.1242e-18   2.4965e-19
 9105.00   1.7988e-18   2.5571e-19
 9110.00   1.3839e-18   2.3690e-19
 9115.00   2.0134e-18   2.4448e-19
 9120.00   1.1533e-18   2.3714e-19
 9125.00   1.2974e-18   2.4512e-19
 9130.00   9.7373e-19   2.4139e-19
 9135.00   1.4243e-18   2.5361e-19
 9140.00   1.5265e-18   2.6224e-19
 9145.00   1.7691e-18   2.6880e-19
 9150.00   1.3944e-18   2.8755e-19
 9155.00   1.1226e-18   2.8009e-19
 9160.00   1.1409e-18   3.1998e-19
 9165.00   1.4915e-18   2.8069e-19
 9170.00   1.6272e-18   2.8816e-19
 9175.00   1.2163e-18   2.8522e-19
 9180.00   8.2297e-19   2.9224e-19
 9185.00   1.3277e-18   2.9802e-19
 9190.00   1.3265e-18   3.0166e-19
 9195.00   1.7667e-18   3.0962e-19
 9200.00   1.8375e-18   3.0181e-19
 9205.00   1.9807e-18   2.9149e-19
 9210.00   1.6071e-18   2.9234e-19
 9215.00   1.2869e-18   3.0858e-19
 9220.00   1.2585e-18   2.9537e-19
 9225.00   2.0867e-18   3.3418e-19
 9230.00   1.6449e-18   3.0254e-19
 9235.00   1.8257e-18   3.0301e-19
 9240.00   1.9309e-18   3.0424e-19
 9245.00   1.4981e-18   3.0430e-19
 9250.00   1.6909e-18   3.2352e-19
 9255.00   1.5601e-18   3.1234e-19
 9260.00   1.6768e-18   3.1012e-19
 9265.00   1.6438e-18   3.1249e-19
 9270.00   1.8339e-18   3.1036e-19
 9275.00   1.5484e-18   3.0854e-19
 9280.00   1.4237e-18   3.0550e-19
 9285.00   1.6270e-18   3.3010e-19
 9290.00   2.0202e-18   3.2220e-19
 9295.00   1.6018e-18   3.3547e-19
 9300.00   1.6400e-18   4.2957e-19
 9305.00   2.5963e-18   5.9368e-19
 9310.00   2.7649e-18   6.8706e-19
 9315.00   1.7916e-18   5.4559e-19
 9320.00   2.3025e-18   4.9228e-19
 9325.00   1.8781e-18   5.1595e-19
 9330.00   1.8805e-18   4.3555e-19
 9335.00   1.3094e-18   4.0110e-19
 9340.00   2.4145e-18   4.2533e-19
 9345.00   4.2843e-19   3.4660e-19
 9350.00   2.4922e-18   4.4123e-19
 9355.00   8.0372e-19   3.4446e-19
 9360.00   1.6134e-18   3.7033e-19
 9365.00   1.7317e-18   3.6147e-19
 9370.00   1.1936e-18   3.6197e-19
 9375.00   3.4873e-18   7.2547e-19
 9380.00   1.2413e-18   3.5535e-19
 9385.00   3.6224e-18   4.3051e-19
 9390.00   3.1041e-18   3.6328e-19
 9395.00   3.1391e-18   3.7832e-19
 9400.00   3.6339e-18   4.1645e-19
 9405.00   3.5859e-18   3.7530e-19
 9410.00   3.0381e-18   3.3922e-19
 9415.00   4.5073e-18   3.6445e-19
 9420.00   3.6165e-18   4.6622e-19
 9425.00   3.1536e-18   3.4760e-19
 9430.00   3.2858e-18   3.2710e-19
 9435.00   5.3060e-18   3.7390e-19
 9440.00   3.5077e-18   5.1172e-19
 9445.00   3.9744e-18   3.4898e-19
 9450.00   5.6845e-18   3.8597e-19
 9455.00   3.6761e-18   3.4149e-19
 9460.00   3.3112e-18   4.0105e-19
 9465.00   5.4223e-18   3.4098e-19
 9470.00   4.6153e-18   3.3283e-19
 9475.00   5.8287e-18   4.4980e-19
 9480.00   3.5911e-18   3.3558e-19
 9485.00   4.8186e-18   3.3543e-19
 9490.00   5.6321e-18   3.5307e-19
 9495.00   3.3692e-18   2.9898e-19
 9500.00   3.9537e-18   3.3243e-19
 9505.00   6.7553e-18   3.8850e-19
 9510.00   6.0731e-18   3.3252e-19
 9515.00   4.6539e-18   3.1366e-19
 9520.00   5.0243e-18   4.1266e-19
 9525.00   5.5663e-18   3.2107e-19
 9530.00   4.9844e-18   3.2901e-19
 9535.00   5.7757e-18   3.5487e-19
 9540.00   5.6397e-18   3.2150e-19
 9545.00   4.2515e-18   2.9895e-19
 9550.00   6.3214e-18   3.6130e-19
 9555.00   4.7566e-18   3.3759e-19
 9560.00   6.2092e-18   3.5004e-19
 9565.00   4.6544e-18   3.7769e-19
 9570.00   6.5130e-18   3.9373e-19
 9575.00   6.8339e-18   3.5498e-19
 9580.00   5.4687e-18   3.3201e-19
 9585.00   7.6109e-18   3.6282e-19
 9590.00   5.5121e-18   3.4216e-19
 9595.00   7.7676e-18   3.6733e-19
 9600.00   7.3337e-18   3.6844e-19
 9605.00   6.7761e-18   3.8995e-19
 9610.00   7.1531e-18   4.1515e-19
 9615.00   6.9711e-18   3.8728e-19
 9620.00   7.5270e-18   4.8151e-19
 9625.00   6.9725e-18   4.0518e-19
 9630.00   8.2503e-18   4.2850e-19
 9635.00   7.5023e-18   4.0481e-19
 9640.00   7.8403e-18   4.0998e-19
 9645.00   6.9276e-18   4.0036e-19
 9650.00   7.5836e-18   4.2286e-19
 9655.00   8.6552e-18   4.5362e-19
 9660.00   7.6618e-18   4.5514e-19
 9665.00   7.8189e-18   4.3957e-19
 9670.00   7.2543e-18   5.3622e-19
 9675.00   8.5563e-18   4.8228e-19
 9680.00   8.7164e-18   6.2980e-19
 9685.00   9.8374e-18   5.1543e-19
 9690.00   8.6636e-18   5.2898e-19
 9695.00   9.2208e-18   4.9851e-19
 9700.00   8.4389e-18   6.0986e-19
 9705.00   8.8902e-18   5.0321e-19
 9710.00   9.4791e-18   5.8063e-19
 9715.00   9.0318e-18   5.2338e-19
 9720.00   1.0287e-17   7.1018e-19
 9725.00   8.4385e-18   5.5603e-19
 9730.00   8.6966e-18   5.4447e-19
 9735.00   7.2489e-18   5.7079e-19
 9740.00   9.5061e-18   5.9595e-19
 9745.00   8.2892e-18   5.9294e-19
 9750.00   7.3376e-18   5.2490e-19
 9755.00   7.9367e-18   5.4248e-19
 9760.00   7.5292e-18   5.3580e-19
 9765.00   8.2489e-18   5.4510e-19
 9770.00   7.6090e-18   5.4773e-19
 9775.00   7.7451e-18   5.4768e-19
 9780.00   7.1398e-18   5.4752e-19
 9785.00   8.9029e-18   5.7379e-19
 9790.00   1.0630e-17   9.3489e-19
 9795.00   7.2166e-18   6.2752e-19
 9800.00   8.5542e-18   7.0862e-19
 9805.00   7.5076e-18   6.0382e-19
 9810.00   8.8045e-18   6.8433e-19
 9815.00   7.6435e-18   6.3351e-19
 9820.00   7.0678e-18   6.0807e-19
 9825.00   6.5416e-18   6.0427e-19
 9830.00   6.7590e-18   6.2703e-19
 9835.00   6.6183e-18   6.0194e-19
 9840.00   6.4470e-18   6.0198e-19
 9845.00   7.3492e-18   6.3667e-19
 9850.00   7.3979e-18   7.4357e-19
 9855.00   6.0171e-18   6.1449e-19
 9860.00   6.6519e-18   6.1610e-19
 9865.00   6.4592e-18   8.3534e-19
 9870.00   8.9587e-18   1.1348e-18
 9875.00   7.4401e-18   9.2966e-19
 9880.00   6.9677e-18   8.1413e-19
 9885.00   5.7049e-18   8.3364e-19
 9890.00   5.0003e-18   7.8699e-19
 9895.00   4.5381e-18   1.0319e-18
 9900.00   5.7774e-18   7.8879e-19
 9905.00   6.4603e-18   7.7185e-19
 9910.00   7.2435e-18   8.2381e-19
 9915.00   5.5715e-18   1.1802e-18
 9920.00   5.8889e-18   7.6868e-19
 9925.00   4.0863e-18   7.2661e-19
 9930.00   3.3499e-18   7.1661e-19
 9935.00   5.7255e-18   7.5210e-19
 9940.00   5.2132e-18   9.7768e-19
 9945.00   5.2134e-18   1.4129e-18
 9950.00   5.6022e-18   9.5725e-19
 9955.00   6.4833e-18   1.0583e-18
 9960.00   4.2329e-18   1.1484e-18
 9965.00   4.2304e-18   8.0236e-19
 9970.00   4.5700e-18   8.4569e-19
 9975.00   4.5012e-18   8.1306e-19
 9980.00   5.2862e-18   7.9617e-19
 9985.00   3.3467e-18   7.0538e-19
 9990.00   4.2562e-18   7.1386e-19
 9995.00   4.5983e-18   7.3408e-19
10000.00   5.2439e-18   8.9053e-19
10005.00   4.1786e-18   7.6851e-19
10010.00   2.9465e-18   1.0247e-18
10015.00   3.8430e-18   1.1182e-18
10020.00   4.4880e-18   8.5149e-19
10025.00   6.0017e-18   1.0813e-18
10030.00   3.3683e-18   7.9248e-19
10035.00   4.5869e-18   8.0551e-19
10040.00   3.7426e-18   8.2773e-19
10045.00   3.4120e-18   9.2735e-19
10050.00   4.6446e-18   8.1866e-19
10055.00   4.1400e-18   8.4544e-19
10060.00   4.5928e-18   1.1480e-18
10065.00   3.3159e-18   9.6433e-19
10070.00   2.5392e-18   1.0703e-18
10075.00   3.6590e-18   9.4184e-19
10080.00   4.4490e-18   1.1881e-18
10085.00   2.9547e-18   1.1439e-18
10090.00   3.6119e-18   9.7209e-19
10095.00   2.7083e-18   9.9334e-19
10100.00   3.2539e-18   1.0668e-18
10105.00   4.1093e-18   1.2710e-18
10110.00   4.5588e-18   1.0722e-18
10115.00   3.0423e-18   1.0966e-18
10120.00   4.3266e-18   1.2361e-18
10125.00   5.4160e-18   1.7246e-18
10130.00   2.7120e-18   1.2600e-18
10135.00   3.2216e-18   1.2743e-18
10140.00   2.0445e-18   1.2711e-18
10145.00   1.7809e-18   1.4447e-18
10150.00   5.5665e-18   1.5931e-18
10155.00   2.2039e-18   1.6939e-18
10160.00   2.7833e-18   1.6840e-18
10165.00   1.5614e-18   1.7001e-18
10170.00   3.9265e-18   2.2589e-18
10175.00   2.5157e-18   1.8991e-18
10180.00   1.3019e-18   1.9620e-18
10185.00   2.7552e-18   1.9561e-18
10190.00   3.4102e-18   2.5228e-18
10195.00   2.8278e-19   2.0809e-18
10200.00  -1.3327e-18   2.1987e-18
10205.00  -2.3343e-18   2.5313e-18
10210.00  -1.2555e-18   3.4494e-18
10215.00   2.5883e-18   2.6293e-18
10220.00   2.0261e-18   2.6986e-18
10225.00   2.0370e-18   3.3477e-18
10230.00   2.1253e-18   3.4307e-18
10235.00  -1.2892e-18   3.1990e-18
10240.00   6.3842e-18   3.4645e-18
10245.00  -1.0318e-19   3.6486e-18
10250.00   2.1763e-18   3.9010e-18
10255.00  -7.8872e-18   4.1805e-18
10260.00  -4.2953e-20   4.5531e-18
10265.00   1.0061e-18   4.9249e-18
10270.00  -3.2991e-18   5.4217e-18
10275.00  -7.4408e-18   5.7444e-18
10280.00  -5.9467e-18   6.3554e-18
10285.00   1.0002e-17   9.3320e-18
10290.00   1.2300e-18   8.2340e-18
10295.00   1.1933e-18   9.4007e-18
10300.00   9.6238e-18   9.5264e-18
10305.00  -1.3980e-17   1.0525e-17
10310.00  -4.9207e-18   1.2487e-17
10315.00   1.4760e-17   1.4121e-17
10320.00  -1.3230e-17   1.6228e-17
10325.00  -1.0013e-17   1.8484e-17
10330.00  -1.5221e-17   1.9862e-17
10335.00  -1.6459e-17   5.3090e+04
10340.00  -1.6459e-17   5.3090e+04
10345.00  -1.6459e-17   5.3090e+04
10350.00  -1.6459e-17   5.3090e+04
10355.00  -1.6459e-17   5.3090e+04
10360.00  -1.6459e-17   5.3090e+04
10365.00  -1.6459e-17   5.3090e+04
10370.00  -1.6459e-17   5.3090e+04
10375.00  -1.6459e-17   5.3090e+04
10380.00  -1.6459e-17   5.3090e+04
10385.00  -1.6459e-17   5.3090e+04
10390.00  -1.6459e-17   5.3090e+04
10395.00  -1.6459e-17   5.3090e+04
10400.00  -1.6459e-17   9.9999e+04
