 
TRANSIENT_NAME:     DES15S2mau 
SNID:               1334084    
OBS_DATE:           2015-11-13
MJD:                57339. 
PHASE:              +2.    
MJD_MAX:            57336.7
TYPE:               1  
SPEC_EVAL:          SNIa
REDSHIFT:           0.1340  
REDSHIFT_ERR:       0.0005  
REDSHIFT_SOURCE:    Z_GAL
TELESCOPE:          SALT
INSTRUMENT:         RSS
 
======================================
 
# WAVE  FLUX  FLUX_ERR
 3835.55   7.7850e-19   2.0968e-19
 3838.61   8.4450e-19   2.0391e-19
 3841.67   8.7751e-19   1.9820e-19
 3844.73   8.4706e-19   2.0483e-19
 3847.79   8.5119e-19   2.0451e-19
 3850.85   1.0890e-18   2.0814e-19
 3853.91   1.1913e-18   2.1010e-19
 3856.97   1.0040e-18   2.0515e-19
 3860.03   9.9900e-19   2.0570e-19
 3863.09   1.1683e-18   2.1479e-19
 3866.15   1.3663e-18   2.1594e-19
 3869.20   1.3143e-18   2.0619e-19
 3872.26   1.1865e-18   2.0173e-19
 3875.32   1.2982e-18   2.0549e-19
 3878.38   1.4138e-18   2.0913e-19
 3881.44   1.4667e-18   2.1178e-19
 3884.50   1.3815e-18   2.1610e-19
 3887.56   1.3908e-18   2.1255e-19
 3890.62   1.5576e-18   2.1369e-19
 3893.68   1.5908e-18   2.1782e-19
 3896.74   1.5490e-18   2.2478e-19
 3899.80   1.5195e-18   2.2508e-19
 3902.86   1.4589e-18   2.2099e-19
 3905.92   1.5889e-18   2.2226e-19
 3908.97   1.7112e-18   2.2360e-19
 3912.03   1.6548e-18   2.1754e-19
 3915.09   1.6494e-18   2.1811e-19
 3918.15   1.4185e-18   2.0714e-19
 3921.21   1.4216e-18   2.0430e-19
 3924.27   1.5098e-18   2.0735e-19
 3927.33   1.5795e-18   2.0876e-19
 3930.39   1.6258e-18   2.1236e-19
 3933.45   1.6215e-18   2.1452e-19
 3936.51   1.7377e-18   2.2126e-19
 3939.57   1.8573e-18   2.1101e-19
 3942.63   1.9471e-18   2.1241e-19
 3945.68   2.0332e-18   2.1380e-19
 3948.74   2.0233e-18   2.1211e-19
 3951.80   2.0075e-18   2.0641e-19
 3954.86   2.0364e-18   2.0160e-19
 3957.92   2.0510e-18   2.0044e-19
 3960.98   2.0070e-18   2.0386e-19
 3964.04   1.7964e-18   2.0070e-19
 3967.10   1.7922e-18   2.0257e-19
 3970.16   1.9635e-18   2.1043e-19
 3973.22   1.9920e-18   2.1652e-19
 3976.28   2.1244e-18   2.2471e-19
 3979.34   2.0682e-18   2.2371e-19
 3982.40   2.1070e-18   2.1888e-19
 3985.45   2.0587e-18   2.2038e-19
 3988.51   2.0495e-18   2.2510e-19
 3991.57   2.0172e-18   2.2409e-19
 3994.63   2.1327e-18   2.2412e-19
 3997.69   2.2295e-18   2.2394e-19
 4000.75   2.0932e-18   2.2120e-19
 4003.81   2.2146e-18   2.2222e-19
 4006.87   2.2629e-18   2.2527e-19
 4009.93   2.2574e-18   2.2751e-19
 4012.99   2.5028e-18   2.3114e-19
 4016.05   2.5784e-18   2.3264e-19
 4019.11   2.5185e-18   2.2803e-19
 4022.17   2.3771e-18   2.2598e-19
 4025.22   2.4700e-18   2.2955e-19
 4028.28   2.5016e-18   2.2780e-19
 4031.34   2.5103e-18   2.3054e-19
 4034.40   2.4543e-18   2.3263e-19
 4037.46   2.3842e-18   2.3008e-19
 4040.52   2.3864e-18   2.3065e-19
 4043.58   2.3861e-18   2.2860e-19
 4046.64   2.4285e-18   2.3165e-19
 4049.70   2.5482e-18   2.2991e-19
 4052.76   2.4908e-18   2.3124e-19
 4055.82   2.4681e-18   2.3153e-19
 4058.88   2.4638e-18   2.3164e-19
 4061.93   2.2474e-18   2.2717e-19
 4064.99   2.2857e-18   2.3038e-19
 4068.05   2.3805e-18   2.3135e-19
 4071.11   2.5070e-18   2.3428e-19
 4074.17   2.4097e-18   2.2983e-19
 4077.23   2.4345e-18   2.3105e-19
 4080.29   2.5568e-18   2.2874e-19
 4083.35   2.5683e-18   2.2409e-19
 4086.41   2.6405e-18   2.2561e-19
 4089.47   2.4295e-18   2.2904e-19
 4092.53   2.4063e-18   2.2111e-19
 4095.59   2.3962e-18   2.1939e-19
 4098.65   2.4214e-18   2.1252e-19
 4101.70   2.5552e-18   2.1922e-19
 4104.76   2.5215e-18   2.1620e-19
 4107.82   2.5896e-18   2.2163e-19
 4110.88   2.6297e-18   2.1953e-19
 4113.94   2.6579e-18   2.2391e-19
 4117.00   2.5398e-18   2.1443e-19
 4120.06   2.3610e-18   2.1819e-19
 4123.12   2.3585e-18   2.1632e-19
 4126.18   2.6922e-18   2.2172e-19
 4129.24   2.5436e-18   2.1765e-19
 4132.30   2.4592e-18   2.2077e-19
 4135.36   2.8183e-18   2.2155e-19
 4138.42   2.4704e-18   2.1646e-19
 4141.47   2.5704e-18   2.1461e-19
 4144.53   2.7057e-18   2.1732e-19
 4147.59   2.4634e-18   2.1656e-19
 4150.65   2.6099e-18   2.1836e-19
 4153.71   2.6454e-18   2.2286e-19
 4156.77   2.7141e-18   2.2332e-19
 4159.83   2.5087e-18   2.1936e-19
 4162.89   2.4177e-18   2.2116e-19
 4165.95   2.3979e-18   2.2475e-19
 4169.01   2.3577e-18   2.1952e-19
 4172.07   2.4154e-18   2.1952e-19
 4175.13   2.2918e-18   2.1013e-19
 4178.18   2.4060e-18   2.1116e-19
 4181.24   2.5071e-18   2.1450e-19
 4184.30   2.1688e-18   2.0659e-19
 4187.36   2.1490e-18   2.0283e-19
 4190.42   2.3176e-18   2.0565e-19
 4193.48   2.1619e-18   2.0112e-19
 4196.54   2.3983e-18   2.0137e-19
 4199.60   2.1728e-18   2.0251e-19
 4202.66   2.3407e-18   2.0281e-19
 4205.72   2.3529e-18   2.0349e-19
 4208.78   2.3095e-18   1.9812e-19
 4236.31   2.6681e-18   2.0235e-19
 4239.37   2.3287e-18   1.9575e-19
 4242.43   2.3480e-18   1.9256e-19
 4245.49   2.3442e-18   1.9552e-19
 4248.55   2.1625e-18   1.9175e-19
 4251.61   2.0551e-18   1.9647e-19
 4254.67   2.2808e-18   1.9739e-19
 4257.72   2.3541e-18   1.9847e-19
 4260.78   2.3937e-18   2.0049e-19
 4263.84   2.6131e-18   1.9818e-19
 4266.90   2.6127e-18   1.9838e-19
 4269.96   2.6139e-18   2.0101e-19
 4273.02   2.5765e-18   1.9564e-19
 4276.08   2.5821e-18   1.9663e-19
 4279.14   2.6532e-18   2.0267e-19
 4282.20   2.5999e-18   1.9393e-19
 4285.26   2.9624e-18   1.9905e-19
 4288.32   2.9089e-18   1.9376e-19
 4291.38   2.7804e-18   1.9195e-19
 4294.44   2.5154e-18   1.8960e-19
 4297.49   2.4991e-18   1.8722e-19
 4300.55   2.4020e-18   1.8540e-19
 4303.61   2.5038e-18   1.8891e-19
 4306.67   2.8148e-18   1.9400e-19
 4309.73   2.7413e-18   1.9315e-19
 4312.79   2.5995e-18   1.9420e-19
 4315.85   3.0594e-18   1.9703e-19
 4318.91   3.0199e-18   2.0023e-19
 4321.97   2.9060e-18   1.9855e-19
 4325.03   2.9018e-18   1.9270e-19
 4328.09   3.0676e-18   1.9447e-19
 4331.15   2.9562e-18   1.9230e-19
 4334.20   2.8419e-18   1.9096e-19
 4337.26   2.6580e-18   1.9174e-19
 4340.32   2.7667e-18   1.8824e-19
 4343.38   2.7790e-18   1.8780e-19
 4346.44   2.9314e-18   1.9617e-19
 4349.50   2.9957e-18   1.9200e-19
 4352.56   2.8517e-18   1.9025e-19
 4355.62   3.0958e-18   1.9550e-19
 4358.68   3.3428e-18   1.9381e-19
 4361.74   3.2289e-18   1.9528e-19
 4364.80   3.4511e-18   1.9458e-19
 4367.86   3.6044e-18   1.9533e-19
 4370.92   3.7637e-18   1.9865e-19
 4373.97   3.9953e-18   2.0110e-19
 4377.03   3.8743e-18   1.9670e-19
 4380.09   3.8464e-18   1.9617e-19
 4386.21   3.6085e-18   1.9449e-19
 4389.27   3.5412e-18   1.9270e-19
 4392.33   3.8411e-18   1.9733e-19
 4395.39   3.7952e-18   2.0204e-19
 4398.45   3.7160e-18   2.0047e-19
 4401.51   3.8235e-18   2.0501e-19
 4404.57   3.7106e-18   2.0221e-19
 4407.63   3.7743e-18   2.0273e-19
 4410.69   3.7206e-18   2.0389e-19
 4413.74   4.0214e-18   2.0568e-19
 4416.80   3.9339e-18   2.0378e-19
 4419.86   4.0421e-18   2.0644e-19
 4422.92   4.0241e-18   2.0395e-19
 4425.98   4.2504e-18   2.0478e-19
 4429.04   4.4449e-18   2.0469e-19
 4432.10   4.3068e-18   2.0345e-19
 4435.16   4.4639e-18   2.0552e-19
 4438.22   4.5153e-18   2.0228e-19
 4441.28   4.2948e-18   1.9997e-19
 4444.34   4.4495e-18   2.0257e-19
 4447.40   4.3058e-18   1.9928e-19
 4450.45   4.0942e-18   1.9626e-19
 4453.51   4.1079e-18   1.9354e-19
 4456.57   3.8772e-18   1.9149e-19
 4459.63   4.0881e-18   1.9267e-19
 4462.69   4.0424e-18   1.9189e-19
 4465.75   4.2119e-18   1.9660e-19
 4468.81   4.4312e-18   1.9662e-19
 4471.87   4.4008e-18   1.9513e-19
 4474.93   4.3201e-18   1.9584e-19
 4477.99   4.4251e-18   1.9641e-19
 4481.05   4.4760e-18   1.9538e-19
 4484.11   4.3896e-18   1.9451e-19
 4487.17   4.0617e-18   1.9313e-19
 4490.22   3.9764e-18   1.9236e-19
 4493.28   3.8004e-18   1.9112e-19
 4496.34   3.6502e-18   1.8808e-19
 4499.40   3.7067e-18   1.9057e-19
 4502.46   3.4976e-18   1.8770e-19
 4505.52   3.8003e-18   1.8793e-19
 4508.58   3.7222e-18   1.8617e-19
 4511.64   3.7703e-18   1.8760e-19
 4514.70   3.7649e-18   1.8821e-19
 4517.76   3.8902e-18   1.8919e-19
 4520.82   4.3017e-18   1.9467e-19
 4523.88   3.6573e-18   1.9750e-19
 4526.94   3.7805e-18   1.9749e-19
 4529.99   3.7636e-18   1.9884e-19
 4533.05   3.7111e-18   1.9951e-19
 4536.11   3.9852e-18   2.0469e-19
 4539.17   3.7599e-18   2.0085e-19
 4542.23   4.2301e-18   1.9227e-19
 4545.29   4.5154e-18   1.9422e-19
 4548.35   4.3846e-18   1.9427e-19
 4551.41   4.1941e-18   1.8977e-19
 4554.47   4.0815e-18   1.8978e-19
 4557.53   4.2684e-18   1.9164e-19
 4560.59   4.2677e-18   1.9102e-19
 4563.65   4.4382e-18   1.9160e-19
 4566.70   4.3567e-18   1.9070e-19
 4569.76   4.4565e-18   1.9180e-19
 4572.82   4.4278e-18   1.9096e-19
 4575.88   4.4170e-18   1.9166e-19
 4578.94   4.4257e-18   1.9223e-19
 4582.00   4.3000e-18   1.9061e-19
 4585.06   4.6222e-18   1.9181e-19
 4588.12   4.5003e-18   1.8907e-19
 4591.18   4.6046e-18   1.9089e-19
 4594.24   4.5750e-18   1.9114e-19
 4597.30   4.6428e-18   1.9060e-19
 4600.36   4.6053e-18   1.8925e-19
 4603.42   4.4103e-18   1.8665e-19
 4606.47   4.5829e-18   1.9023e-19
 4609.53   4.5816e-18   1.8972e-19
 4612.59   4.5745e-18   1.8719e-19
 4615.65   4.5967e-18   1.8854e-19
 4618.71   4.5162e-18   1.8599e-19
 4621.77   4.4905e-18   1.8654e-19
 4624.83   4.6020e-18   1.8819e-19
 4627.89   4.5858e-18   1.8647e-19
 4630.95   4.6194e-18   1.8697e-19
 4634.01   4.4658e-18   1.8324e-19
 4637.07   4.3020e-18   1.8193e-19
 4640.13   4.3428e-18   1.8154e-19
 4643.19   4.2960e-18   1.8146e-19
 4646.24   4.3786e-18   1.8080e-19
 4649.30   4.2628e-18   1.8097e-19
 4652.36   4.3702e-18   1.8356e-19
 4655.42   4.4714e-18   1.8399e-19
 4658.48   4.5250e-18   1.8507e-19
 4661.54   4.4821e-18   1.8681e-19
 4664.60   4.5462e-18   1.8666e-19
 4667.66   4.6619e-18   1.8757e-19
 4670.72   4.6506e-18   1.8645e-19
 4673.78   4.5053e-18   1.8371e-19
 4676.84   4.6255e-18   1.8555e-19
 4679.90   4.5589e-18   1.8338e-19
 4682.95   4.6183e-18   1.8411e-19
 4686.01   4.6380e-18   1.8367e-19
 4689.07   4.5654e-18   1.8334e-19
 4692.13   4.6826e-18   1.8404e-19
 4695.19   4.6932e-18   1.8147e-19
 4698.25   4.6885e-18   1.8111e-19
 4701.31   4.7396e-18   1.8306e-19
 4704.37   4.6376e-18   1.8109e-19
 4707.43   4.6066e-18   1.8133e-19
 4710.49   4.4834e-18   1.7940e-19
 4713.55   4.4249e-18   1.7916e-19
 4716.61   4.5805e-18   1.8071e-19
 4719.67   4.6632e-18   1.8050e-19
 4722.72   4.4734e-18   1.7795e-19
 4725.78   4.4893e-18   1.7872e-19
 4728.84   4.5647e-18   1.7895e-19
 4731.90   4.4947e-18   1.7746e-19
 4734.96   4.5386e-18   1.7667e-19
 4738.02   4.5225e-18   1.7583e-19
 4741.08   4.3194e-18   1.7483e-19
 4744.14   4.3771e-18   1.7337e-19
 4747.20   4.4181e-18   1.7452e-19
 4750.26   4.5101e-18   1.7561e-19
 4753.32   4.4603e-18   1.7526e-19
 4756.38   4.3815e-18   1.7471e-19
 4759.44   4.2934e-18   1.7186e-19
 4762.49   4.4914e-18   1.7347e-19
 4765.55   4.5670e-18   1.7511e-19
 4768.61   4.4796e-18   1.7287e-19
 4771.67   4.5356e-18   1.7343e-19
 4774.73   4.3950e-18   1.7239e-19
 4777.79   4.4622e-18   1.7361e-19
 4780.85   4.3388e-18   1.7152e-19
 4783.91   4.2402e-18   1.6903e-19
 4786.97   4.2762e-18   1.7012e-19
 4790.03   4.2831e-18   1.7113e-19
 4793.09   4.1824e-18   1.6915e-19
 4796.15   4.1298e-18   1.6828e-19
 4799.20   4.0615e-18   1.6766e-19
 4802.26   4.0585e-18   1.6822e-19
 4805.32   4.0222e-18   1.6938e-19
 4808.38   4.0246e-18   1.6896e-19
 4811.44   4.0420e-18   1.6918e-19
 4814.50   4.1419e-18   1.7029e-19
 4817.56   4.1254e-18   1.7033e-19
 4820.62   4.0451e-18   1.6944e-19
 4823.68   3.9835e-18   1.6987e-19
 4826.74   3.9838e-18   1.7008e-19
 4829.80   3.9953e-18   1.6900e-19
 4832.86   3.9476e-18   1.6769e-19
 4835.92   3.9640e-18   1.6831e-19
 4838.97   4.0862e-18   1.6930e-19
 4842.03   4.0870e-18   1.6727e-19
 4845.09   3.9513e-18   1.6538e-19
 4848.15   3.8346e-18   1.6443e-19
 4851.21   3.7826e-18   1.6293e-19
 4854.27   3.7773e-18   1.6174e-19
 4857.33   3.7409e-18   1.6022e-19
 4860.39   3.7595e-18   1.5938e-19
 4863.45   3.7274e-18   1.5922e-19
 4866.51   3.6084e-18   1.5769e-19
 4869.57   3.5298e-18   1.5635e-19
 4872.63   3.4206e-18   1.5610e-19
 4875.69   3.4105e-18   1.5734e-19
 4878.74   3.2905e-18   1.5580e-19
 4881.80   3.1216e-18   1.5376e-19
 4884.86   3.2150e-18   1.5507e-19
 4887.92   3.4021e-18   1.5724e-19
 4890.98   3.4548e-18   1.5434e-19
 4894.04   3.3627e-18   1.5330e-19
 4897.10   3.4425e-18   1.5328e-19
 4900.16   3.3726e-18   1.5219e-19
 4903.22   3.2629e-18   1.5052e-19
 4906.28   3.3349e-18   1.5039e-19
 4909.34   3.3003e-18   1.5370e-19
 4912.40   3.2945e-18   1.5238e-19
 4915.45   3.3943e-18   1.5260e-19
 4918.51   3.3969e-18   1.5255e-19
 4921.57   3.3811e-18   1.5114e-19
 4924.63   3.3388e-18   1.5085e-19
 4927.69   3.2979e-18   1.5095e-19
 4930.75   3.2601e-18   1.4970e-19
 4933.81   3.0826e-18   1.4632e-19
 5099.01   3.8072e-18   1.4627e-19
 5102.07   3.9413e-18   1.4744e-19
 5105.13   4.0987e-18   1.4907e-19
 5108.19   3.8833e-18   1.4679e-19
 5111.24   4.1745e-18   1.5010e-19
 5114.30   4.1939e-18   1.4806e-19
 5117.36   4.1840e-18   1.4828e-19
 5120.42   3.9977e-18   1.4736e-19
 5123.48   4.1112e-18   1.4841e-19
 5126.54   4.3143e-18   1.5118e-19
 5129.60   4.2157e-18   1.5116e-19
 5132.66   3.9648e-18   1.4782e-19
 5135.72   4.1035e-18   1.4894e-19
 5138.78   4.1015e-18   1.5028e-19
 5141.84   4.1024e-18   1.4981e-19
 5144.90   4.0712e-18   1.4901e-19
 5147.95   4.2549e-18   1.4925e-19
 5151.01   4.1310e-18   1.5104e-19
 5154.07   4.1806e-18   1.5103e-19
 5157.13   4.3291e-18   1.5139e-19
 5160.19   4.3515e-18   1.5241e-19
 5163.25   4.1476e-18   1.4972e-19
 5166.31   4.3971e-18   1.5186e-19
 5169.37   4.2066e-18   1.4988e-19
 5172.43   4.2664e-18   1.5042e-19
 5175.49   4.1381e-18   1.4970e-19
 5178.55   4.2245e-18   1.4929e-19
 5181.61   4.2295e-18   1.5019e-19
 5184.67   4.3372e-18   1.5122e-19
 5187.72   4.3107e-18   1.5257e-19
 5190.78   4.3749e-18   1.5386e-19
 5193.84   4.2154e-18   1.5357e-19
 5196.90   4.1928e-18   1.5249e-19
 5199.96   4.3194e-18   1.5277e-19
 5203.02   4.3736e-18   1.5369e-19
 5206.08   4.3524e-18   1.5373e-19
 5209.14   4.3672e-18   1.5292e-19
 5212.20   4.3018e-18   1.5089e-19
 5215.26   4.2211e-18   1.4958e-19
 5218.32   4.3971e-18   1.5205e-19
 5221.38   4.5662e-18   1.5285e-19
 5224.44   4.1705e-18   1.4858e-19
 5227.49   4.3662e-18   1.5097e-19
 5230.55   4.3626e-18   1.5111e-19
 5233.61   4.4552e-18   1.5086e-19
 5236.67   4.5361e-18   1.5119e-19
 5239.73   4.4380e-18   1.5103e-19
 5242.79   4.5024e-18   1.5199e-19
 5245.85   4.4267e-18   1.5167e-19
 5248.91   4.3814e-18   1.5084e-19
 5251.97   4.3902e-18   1.5036e-19
 5255.03   4.2456e-18   1.4879e-19
 5258.09   4.2688e-18   1.4837e-19
 5261.15   4.2064e-18   1.4702e-19
 5264.21   4.1183e-18   1.4679e-19
 5267.26   4.1320e-18   1.4627e-19
 5270.32   4.2025e-18   1.4653e-19
 5273.38   4.2162e-18   1.4628e-19
 5276.44   4.1889e-18   1.4680e-19
 5279.50   4.1258e-18   1.4691e-19
 5282.56   4.0371e-18   1.4685e-19
 5285.62   4.0669e-18   1.4669e-19
 5288.68   4.0270e-18   1.4622e-19
 5291.74   4.0008e-18   1.4585e-19
 5294.80   4.0805e-18   1.4686e-19
 5297.86   4.0624e-18   1.4662e-19
 5300.92   3.9511e-18   1.4532e-19
 5303.97   3.9362e-18   1.4521e-19
 5307.03   4.0185e-18   1.4658e-19
 5310.09   4.0292e-18   1.4700e-19
 5313.15   4.0905e-18   1.4697e-19
 5316.21   4.2157e-18   1.4733e-19
 5319.27   4.0993e-18   1.4647e-19
 5322.33   4.1164e-18   1.4600e-19
 5325.39   4.0483e-18   1.4591e-19
 5328.45   3.9680e-18   1.4424e-19
 5331.51   3.8940e-18   1.4411e-19
 5334.57   3.8919e-18   1.4398e-19
 5337.63   3.8776e-18   1.4295e-19
 5340.69   3.8860e-18   1.4396e-19
 5343.74   3.9428e-18   1.4473e-19
 5346.80   4.0011e-18   1.4450e-19
 5349.86   3.9973e-18   1.4444e-19
 5352.92   3.9909e-18   1.4508e-19
 5355.98   4.0094e-18   1.4525e-19
 5359.04   4.0072e-18   1.4401e-19
 5362.10   3.8607e-18   1.4288e-19
 5365.16   3.9030e-18   1.4298e-19
 5368.22   4.0334e-18   1.4356e-19
 5371.28   3.9505e-18   1.4326e-19
 5374.34   4.1371e-18   1.4458e-19
 5377.40   4.0173e-18   1.4325e-19
 5380.46   3.8559e-18   1.4228e-19
 5383.51   4.0096e-18   1.4350e-19
 5386.57   3.9248e-18   1.4150e-19
 5389.63   3.8646e-18   1.4093e-19
 5392.69   3.9019e-18   1.4125e-19
 5395.75   3.9410e-18   1.4202e-19
 5398.81   3.9456e-18   1.4200e-19
 5401.87   3.8411e-18   1.3908e-19
 5404.93   3.8773e-18   1.3976e-19
 5407.99   4.0132e-18   1.4188e-19
 5411.05   3.8300e-18   1.4052e-19
 5414.11   3.9373e-18   1.4160e-19
 5417.17   3.9133e-18   1.4148e-19
 5420.22   3.9963e-18   1.4156e-19
 5423.28   3.9319e-18   1.4061e-19
 5426.34   3.8417e-18   1.3994e-19
 5429.40   4.0345e-18   1.4138e-19
 5432.46   3.8171e-18   1.4073e-19
 5435.52   3.8886e-18   1.4030e-19
 5438.58   4.0361e-18   1.4186e-19
 5441.64   3.8076e-18   1.4052e-19
 5444.70   3.8387e-18   1.3944e-19
 5447.76   3.8419e-18   1.3990e-19
 5450.82   3.9843e-18   1.4206e-19
 5453.88   3.8015e-18   1.4157e-19
 5456.94   4.0041e-18   1.4176e-19
 5459.99   4.0412e-18   1.4253e-19
 5463.05   3.7853e-18   1.4080e-19
 5466.11   3.8781e-18   1.4089e-19
 5469.17   3.7444e-18   1.3959e-19
 5472.23   3.9855e-18   1.4171e-19
 5475.29   3.7969e-18   1.3929e-19
 5478.35   3.8366e-18   1.3976e-19
 5481.41   3.7939e-18   1.3828e-19
 5484.47   3.8389e-18   1.3932e-19
 5487.53   3.8485e-18   1.4009e-19
 5490.59   3.7577e-18   1.3898e-19
 5493.65   3.7417e-18   1.3894e-19
 5496.71   3.4960e-18   1.3872e-19
 5499.76   3.6078e-18   1.3867e-19
 5502.82   3.7220e-18   1.3995e-19
 5505.88   4.1277e-18   1.4323e-19
 5508.94   4.3421e-18   1.4518e-19
 5512.00   4.5493e-18   1.4725e-19
 5515.06   4.2837e-18   1.4470e-19
 5518.12   4.2968e-18   1.4413e-19
 5521.18   4.0637e-18   1.4305e-19
 5524.24   3.5946e-18   1.3901e-19
 5527.30   3.4128e-18   1.3884e-19
 5530.36   3.4137e-18   1.3799e-19
 5533.42   3.6099e-18   1.3996e-19
 5536.47   3.4215e-18   1.3954e-19
 5539.53   3.5416e-18   1.4186e-19
 5542.59   3.9416e-18   1.4654e-19
 5545.65   3.9362e-18   1.4502e-19
 5548.71   4.0037e-18   1.4644e-19
 5551.77   3.9754e-18   1.4732e-19
 5554.83   3.9775e-18   1.4760e-19
 5557.89   4.1317e-18   1.5162e-19
 5560.95   3.9994e-18   1.5404e-19
 5594.60   3.8389e-18   1.5112e-19
 5597.66   3.8827e-18   1.4820e-19
 5600.72   3.8849e-18   1.4642e-19
 5603.78   3.9149e-18   1.4517e-19
 5606.84   3.9505e-18   1.4459e-19
 5609.90   3.8604e-18   1.4390e-19
 5612.96   3.9398e-18   1.4404e-19
 5616.01   3.9941e-18   1.4369e-19
 5619.07   4.0823e-18   1.4282e-19
 5622.13   4.0629e-18   1.4216e-19
 5625.19   4.1047e-18   1.4255e-19
 5628.25   4.0932e-18   1.4215e-19
 5631.31   3.8327e-18   1.3971e-19
 5634.37   3.8170e-18   1.3918e-19
 5637.43   3.8853e-18   1.3958e-19
 5640.49   3.8090e-18   1.3803e-19
 5643.55   3.7408e-18   1.3681e-19
 5646.61   3.7433e-18   1.3690e-19
 5649.67   3.6913e-18   1.3673e-19
 5652.72   3.6875e-18   1.3636e-19
 5655.78   3.5770e-18   1.3450e-19
 5658.84   3.6993e-18   1.3566e-19
 5661.90   3.7729e-18   1.3661e-19
 5664.96   3.7362e-18   1.3701e-19
 5668.02   3.9377e-18   1.3848e-19
 5671.08   4.0427e-18   1.3798e-19
 5674.14   4.0249e-18   1.3846e-19
 5677.20   3.9223e-18   1.3726e-19
 5680.26   4.1322e-18   1.3912e-19
 5683.32   3.8786e-18   1.3642e-19
 5686.38   3.6644e-18   1.3581e-19
 5689.44   3.6569e-18   1.3511e-19
 5692.49   3.5145e-18   1.3437e-19
 5695.55   3.5230e-18   1.3452e-19
 5698.61   3.7176e-18   1.3631e-19
 5701.67   3.6180e-18   1.3512e-19
 5704.73   3.5370e-18   1.3290e-19
 5707.79   3.6939e-18   1.3459e-19
 5710.85   3.6807e-18   1.3417e-19
 5713.91   3.5218e-18   1.3205e-19
 5716.97   3.5711e-18   1.3402e-19
 5720.03   3.5702e-18   1.3309e-19
 5723.09   3.6136e-18   1.3302e-19
 5726.15   3.7172e-18   1.3368e-19
 5729.21   3.5421e-18   1.3274e-19
 5732.26   3.8251e-18   1.3435e-19
 5735.32   3.9137e-18   1.3453e-19
 5738.38   3.7078e-18   1.3307e-19
 5741.44   3.7838e-18   1.3234e-19
 5744.50   3.6128e-18   1.3093e-19
 5747.56   3.9096e-18   1.3435e-19
 5750.62   3.8028e-18   1.3322e-19
 5753.68   3.4784e-18   1.2991e-19
 5756.74   3.5411e-18   1.3074e-19
 5759.80   3.7444e-18   1.3374e-19
 5762.86   3.7561e-18   1.3208e-19
 5765.92   3.6046e-18   1.3171e-19
 5768.97   3.8733e-18   1.3421e-19
 5772.03   3.7817e-18   1.3145e-19
 5775.09   3.8265e-18   1.3263e-19
 5778.15   3.8402e-18   1.3269e-19
 5781.21   3.9145e-18   1.3279e-19
 5784.27   3.9801e-18   1.3353e-19
 5787.33   3.8553e-18   1.3282e-19
 5790.39   3.7985e-18   1.3247e-19
 5793.45   3.8752e-18   1.3312e-19
 5796.51   3.7625e-18   1.3243e-19
 5799.57   3.7902e-18   1.3239e-19
 5802.63   3.9467e-18   1.3453e-19
 5805.69   3.7322e-18   1.3138e-19
 5808.74   3.7901e-18   1.3311e-19
 5811.80   3.7865e-18   1.3230e-19
 5814.86   3.7292e-18   1.3148e-19
 5817.92   3.8578e-18   1.3215e-19
 5820.98   3.8827e-18   1.3195e-19
 5824.04   3.9428e-18   1.3343e-19
 5827.10   3.8231e-18   1.3254e-19
 5830.16   3.7690e-18   1.3159e-19
 5833.22   3.8247e-18   1.3249e-19
 5836.28   3.8205e-18   1.3210e-19
 5839.34   3.8561e-18   1.3230e-19
 5842.40   3.8041e-18   1.3208e-19
 5845.46   3.8301e-18   1.3218e-19
 5848.51   3.9821e-18   1.3290e-19
 5851.57   3.8533e-18   1.3182e-19
 5854.63   3.7390e-18   1.3308e-19
 5857.69   3.7023e-18   1.3564e-19
 5860.75   3.7049e-18   1.3868e-19
 5863.81   3.6647e-18   1.3922e-19
 5866.87   3.6735e-18   1.3937e-19
 5869.93   3.8533e-18   1.4160e-19
 5872.99   3.8389e-18   1.4144e-19
 5876.05   3.7651e-18   1.4294e-19
 5879.11   3.7972e-18   1.5152e-19
 5882.17   3.7185e-18   1.5898e-19
 5885.22   3.7625e-18   1.6669e-19
 5888.28   3.7933e-18   1.6951e-19
 5891.34   3.8545e-18   1.7036e-19
 5894.40   3.8297e-18   1.7070e-19
 5897.46   3.8006e-18   1.6557e-19
 5900.52   3.7356e-18   1.5587e-19
 5903.58   3.9764e-18   1.4902e-19
 5906.64   3.9230e-18   1.4490e-19
 5909.70   3.8091e-18   1.4101e-19
 5912.76   3.8827e-18   1.4093e-19
 5915.82   3.9356e-18   1.4081e-19
 5918.88   3.7908e-18   1.3987e-19
 5921.94   3.8132e-18   1.4124e-19
 5924.99   3.7848e-18   1.4262e-19
 5928.05   3.9084e-18   1.4222e-19
 5931.11   3.8992e-18   1.4032e-19
 5934.17   3.8154e-18   1.3932e-19
 5937.23   3.7839e-18   1.3763e-19
 5940.29   3.8878e-18   1.3857e-19
 5943.35   3.7956e-18   1.3755e-19
 5946.41   4.0044e-18   1.3917e-19
 5949.47   3.8632e-18   1.3830e-19
 5952.53   3.8518e-18   1.3717e-19
 5955.59   3.7951e-18   1.3660e-19
 5958.65   3.5986e-18   1.3440e-19
 5961.71   3.5843e-18   1.3347e-19
 5964.76   3.4881e-18   1.3100e-19
 5967.82   3.4957e-18   1.3274e-19
 5970.88   3.3537e-18   1.3133e-19
 5973.94   3.5365e-18   1.3341e-19
 5977.00   3.5579e-18   1.3203e-19
 5980.06   3.3463e-18   1.3038e-19
 5983.12   3.4234e-18   1.2961e-19
 5986.18   3.5375e-18   1.2986e-19
 5989.24   3.5370e-18   1.2813e-19
 5992.30   3.6629e-18   1.2933e-19
 5995.36   3.5140e-18   1.2883e-19
 5998.42   3.5281e-18   1.2845e-19
 6001.47   3.4651e-18   1.2695e-19
 6004.53   3.6665e-18   1.3008e-19
 6007.59   3.8519e-18   1.3020e-19
 6010.65   3.7608e-18   1.2917e-19
 6013.71   3.6279e-18   1.2662e-19
 6016.77   3.6836e-18   1.2604e-19
 6019.83   3.4912e-18   1.2555e-19
 6022.89   3.4399e-18   1.2399e-19
 6025.95   3.4277e-18   1.2413e-19
 6029.01   3.6431e-18   1.2554e-19
 6032.07   3.5732e-18   1.2579e-19
 6035.13   3.4665e-18   1.2458e-19
 6038.19   3.4099e-18   1.2362e-19
 6041.24   3.3947e-18   1.2341e-19
 6044.30   3.4582e-18   1.2344e-19
 6047.36   3.3771e-18   1.2240e-19
 6050.42   3.3935e-18   1.2248e-19
 6053.48   3.5136e-18   1.2341e-19
 6056.54   3.5406e-18   1.2394e-19
 6059.60   3.6006e-18   1.2374e-19
 6062.66   3.5060e-18   1.2271e-19
 6065.72   3.4736e-18   1.2318e-19
 6068.78   3.4939e-18   1.2334e-19
 6071.84   3.5186e-18   1.2255e-19
 6074.90   3.5826e-18   1.2269e-19
 6077.96   3.6196e-18   1.2282e-19
 6081.01   3.4798e-18   1.2116e-19
 6084.07   3.4536e-18   1.2052e-19
 6087.13   3.5996e-18   1.2214e-19
 6090.19   3.5681e-18   1.2313e-19
 6093.25   3.7255e-18   1.2294e-19
 6096.31   3.7901e-18   1.2258e-19
 6099.37   3.7595e-18   1.2253e-19
 6102.43   3.7631e-18   1.2298e-19
 6105.49   3.7709e-18   1.2293e-19
 6108.55   3.6224e-18   1.2258e-19
 6111.61   3.5815e-18   1.2194e-19
 6114.67   3.5390e-18   1.2127e-19
 6117.72   3.5582e-18   1.2118e-19
 6120.78   3.5714e-18   1.2192e-19
 6123.84   3.5823e-18   1.2212e-19
 6126.90   3.6032e-18   1.2208e-19
 6129.96   3.6121e-18   1.2318e-19
 6133.02   3.5712e-18   1.2389e-19
 6136.08   3.4629e-18   1.2360e-19
 6139.14   3.4627e-18   1.2309e-19
 6142.20   3.4994e-18   1.2430e-19
 6145.26   3.5768e-18   1.2570e-19
 6148.32   3.7512e-18   1.2574e-19
 6151.38   3.5812e-18   1.2282e-19
 6154.44   3.6617e-18   1.2281e-19
 6157.49   3.4766e-18   1.2197e-19
 6160.55   3.5251e-18   1.2289e-19
 6163.61   3.6000e-18   1.2449e-19
 6166.67   3.5627e-18   1.2536e-19
 6169.73   3.4132e-18   1.2392e-19
 6172.79   3.2720e-18   1.2228e-19
 6175.85   3.3268e-18   1.2253e-19
 6178.91   3.4350e-18   1.2316e-19
 6181.97   3.4157e-18   1.2116e-19
 6185.03   3.3866e-18   1.1967e-19
 6188.09   3.2492e-18   1.1990e-19
 6191.15   3.3995e-18   1.2175e-19
 6194.21   3.4017e-18   1.2300e-19
 6197.26   3.4915e-18   1.2371e-19
 6200.32   3.6181e-18   1.2392e-19
 6203.38   3.3790e-18   1.2224e-19
 6206.44   3.3308e-18   1.2215e-19
 6209.50   3.3478e-18   1.2223e-19
 6212.56   3.4529e-18   1.2376e-19
 6215.62   3.6562e-18   1.2615e-19
 6218.68   3.2725e-18   1.2275e-19
 6221.74   3.4585e-18   1.2497e-19
 6224.80   3.3544e-18   1.2837e-19
 6227.86   3.2262e-18   1.3174e-19
 6230.92   3.4065e-18   1.3630e-19
 6233.98   3.5378e-18   1.3782e-19
 6237.03   3.4343e-18   1.3711e-19
 6240.09   3.6228e-18   1.3808e-19
 6243.15   3.5231e-18   1.3523e-19
 6246.21   3.4280e-18   1.3271e-19
 6249.27   3.5877e-18   1.3520e-19
 6252.33   3.5522e-18   1.3410e-19
 6255.39   3.6132e-18   1.3594e-19
 6258.45   3.6846e-18   1.3718e-19
 6261.51   3.6615e-18   1.3713e-19
 6264.57   3.7736e-18   1.3579e-19
 6267.63   3.6717e-18   1.3221e-19
 6270.69   3.6823e-18   1.2929e-19
 6273.74   3.5392e-18   1.2770e-19
 6276.80   3.5620e-18   1.2985e-19
 6279.86   3.5529e-18   1.3204e-19
 6282.92   3.6491e-18   1.3364e-19
 6319.63   3.8595e-18   1.3204e-19
 6322.69   3.8586e-18   1.3296e-19
 6325.75   3.8620e-18   1.3261e-19
 6328.81   3.8135e-18   1.3232e-19
 6331.87   3.7955e-18   1.3071e-19
 6334.93   3.8396e-18   1.3041e-19
 6337.99   3.7948e-18   1.2771e-19
 6341.05   3.8723e-18   1.2537e-19
 6344.11   3.9303e-18   1.2701e-19
 6347.17   3.8954e-18   1.2830e-19
 6383.88   4.0522e-18   1.2561e-19
 6386.94   3.9885e-18   1.2432e-19
 6389.99   3.9418e-18   1.2360e-19
 6393.05   3.9787e-18   1.2129e-19
 6396.11   3.7955e-18   1.1887e-19
 6399.17   3.8741e-18   1.1903e-19
 6402.23   3.9855e-18   1.1998e-19
 6405.29   3.9233e-18   1.1916e-19
 6408.35   3.8592e-18   1.1897e-19
 6411.41   3.9804e-18   1.1998e-19
 6414.47   3.8954e-18   1.2014e-19
 6417.53   3.9101e-18   1.2005e-19
 6420.59   3.8428e-18   1.1878e-19
 6423.65   3.8724e-18   1.1932e-19
 6426.71   3.7521e-18   1.1731e-19
 6429.76   3.8747e-18   1.1835e-19
 6432.82   3.8595e-18   1.1774e-19
 6435.88   3.8564e-18   1.1706e-19
 6438.94   3.8719e-18   1.1728e-19
 6442.00   3.7290e-18   1.1707e-19
 6445.06   3.8431e-18   1.1849e-19
 6448.12   3.8305e-18   1.1875e-19
 6451.18   3.9208e-18   1.2105e-19
 6454.24   3.9300e-18   1.2423e-19
 6457.30   3.8440e-18   1.2629e-19
 6460.36   3.9433e-18   1.3104e-19
 6463.42   3.9758e-18   1.3207e-19
 6466.48   3.7976e-18   1.2992e-19
 6469.53   3.6211e-18   1.2814e-19
 6472.59   3.7443e-18   1.2762e-19
 6475.65   3.5144e-18   1.2311e-19
 6478.71   3.7044e-18   1.2109e-19
 6481.77   3.7283e-18   1.1888e-19
 6484.83   3.7002e-18   1.1935e-19
 6487.89   3.8437e-18   1.2473e-19
 6490.95   3.7803e-18   1.2742e-19
 6494.01   3.6964e-18   1.2912e-19
 6497.07   3.6896e-18   1.3099e-19
 6500.13   3.7372e-18   1.3203e-19
 6503.19   3.8133e-18   1.3138e-19
 6506.24   3.7003e-18   1.2697e-19
 6509.30   3.6330e-18   1.2202e-19
 6512.36   3.6483e-18   1.1978e-19
 6515.42   3.6730e-18   1.1910e-19
 6518.48   3.6415e-18   1.1968e-19
 6521.54   3.6580e-18   1.2354e-19
 6524.60   3.7183e-18   1.2672e-19
 6527.66   3.7008e-18   1.2680e-19
 6530.72   3.7243e-18   1.2666e-19
 6533.78   3.7240e-18   1.2753e-19
 6536.84   3.6931e-18   1.2759e-19
 6539.90   3.6272e-18   1.2675e-19
 6542.96   3.5735e-18   1.2733e-19
 6546.01   3.6252e-18   1.2836e-19
 6549.07   3.6228e-18   1.2941e-19
 6552.13   3.7220e-18   1.3056e-19
 6555.19   3.6381e-18   1.2949e-19
 6558.25   3.5993e-18   1.2916e-19
 6561.31   3.4419e-18   1.2501e-19
 6564.37   3.4806e-18   1.2340e-19
 6567.43   3.5068e-18   1.2545e-19
 6570.49   3.6539e-18   1.2639e-19
 6573.55   3.7996e-18   1.2616e-19
 6576.61   3.6462e-18   1.2412e-19
 6579.67   3.5412e-18   1.2121e-19
 6582.73   3.6235e-18   1.2035e-19
 6585.78   3.6058e-18   1.1785e-19
 6588.84   3.6303e-18   1.1674e-19
 6591.90   3.6338e-18   1.1732e-19
 6594.96   3.5863e-18   1.1867e-19
 6598.02   3.6186e-18   1.1790e-19
 6601.08   3.7240e-18   1.1926e-19
 6604.14   3.8422e-18   1.1859e-19
 6607.20   3.8445e-18   1.1799e-19
 6610.26   3.7037e-18   1.1644e-19
 6613.32   3.7213e-18   1.1387e-19
 6616.38   3.6401e-18   1.1281e-19
 6619.44   3.7608e-18   1.1489e-19
 6622.49   3.6794e-18   1.1400e-19
 6625.55   3.8057e-18   1.1584e-19
 6628.61   3.8424e-18   1.1598e-19
 6631.67   3.6586e-18   1.1484e-19
 6634.73   3.6760e-18   1.1390e-19
 6637.79   3.6808e-18   1.1386e-19
 6640.85   3.6757e-18   1.1389e-19
 6643.91   3.5150e-18   1.1049e-19
 6646.97   3.6447e-18   1.1140e-19
 6650.03   3.5859e-18   1.1014e-19
 6653.09   3.6617e-18   1.1200e-19
 6656.15   3.8283e-18   1.1366e-19
 6659.21   3.7320e-18   1.1242e-19
 6662.26   3.6517e-18   1.1177e-19
 6665.32   3.6291e-18   1.1193e-19
 6668.38   3.6178e-18   1.1251e-19
 6671.44   3.4735e-18   1.1148e-19
 6674.50   3.3783e-18   1.1137e-19
 6677.56   3.3335e-18   1.1079e-19
 6680.62   3.3538e-18   1.1159e-19
 6683.68   3.3312e-18   1.1154e-19
 6686.74   3.3721e-18   1.1288e-19
 6689.80   3.3413e-18   1.1256e-19
 6692.86   3.4895e-18   1.1290e-19
 6695.92   3.4848e-18   1.1262e-19
 6698.98   3.4853e-18   1.1239e-19
 6702.03   3.5017e-18   1.1181e-19
 6705.09   3.3890e-18   1.1042e-19
 6708.15   3.3890e-18   1.0963e-19
 6711.21   3.4859e-18   1.0966e-19
 6714.27   3.5480e-18   1.0977e-19
 6717.33   3.4894e-18   1.0892e-19
 6720.39   3.4906e-18   1.0893e-19
 6723.45   3.3871e-18   1.0789e-19
 6726.51   3.5246e-18   1.0931e-19
 6729.57   3.4986e-18   1.0875e-19
 6732.63   3.4107e-18   1.0797e-19
 6735.69   3.4333e-18   1.0881e-19
 6738.74   3.3412e-18   1.0748e-19
 6741.80   3.4626e-18   1.0782e-19
 6744.86   3.4933e-18   1.0852e-19
 6747.92   3.4552e-18   1.0756e-19
 6750.98   3.4926e-18   1.0765e-19
 6754.04   3.4703e-18   1.0754e-19
 6757.10   3.2677e-18   1.0536e-19
 6760.16   3.2954e-18   1.0549e-19
 6763.22   3.3415e-18   1.0585e-19
 6766.28   3.5440e-18   1.0796e-19
 6769.34   3.4601e-18   1.0769e-19
 6772.40   3.3460e-18   1.0619e-19
 6775.46   3.4398e-18   1.0688e-19
 6778.51   3.5111e-18   1.0842e-19
 6781.57   3.4082e-18   1.0726e-19
 6784.63   3.3774e-18   1.0658e-19
 6787.69   3.3438e-18   1.0596e-19
 6790.75   3.3223e-18   1.0597e-19
 6793.81   3.3086e-18   1.0613e-19
 6796.87   3.4311e-18   1.0640e-19
 6799.93   3.4525e-18   1.0717e-19
 6802.99   3.4099e-18   1.0708e-19
 6806.05   3.2842e-18   1.0559e-19
 6809.11   3.3454e-18   1.0779e-19
 6812.17   3.2809e-18   1.0662e-19
 6815.23   3.3267e-18   1.1135e-19
 6818.28   3.3992e-18   1.2109e-19
 6821.34   3.4112e-18   1.2908e-19
 6824.40   3.3500e-18   1.3616e-19
 6827.46   3.4704e-18   1.3825e-19
 6830.52   3.5493e-18   1.4000e-19
 6833.58   3.4670e-18   1.3913e-19
 6836.64   3.4121e-18   1.3358e-19
 6839.70   3.4003e-18   1.2631e-19
 6842.76   3.3049e-18   1.1747e-19
 6845.82   3.3338e-18   1.1225e-19
 6848.88   3.3627e-18   1.1407e-19
 6851.94   3.3686e-18   1.2260e-19
 6854.99   3.2538e-18   1.3083e-19
 6858.05   3.1930e-18   1.3270e-19
 6861.11   3.1305e-18   1.3270e-19
 6864.17   2.9100e-18   1.3113e-19
 6867.23   2.6557e-18   1.2758e-19
 6870.29   2.5751e-18   1.2235e-19
 6873.35   2.6056e-18   1.1358e-19
 6876.41   2.5574e-18   1.0831e-19
 6879.47   2.6390e-18   1.0848e-19
 6882.53   2.6716e-18   1.0861e-19
 6885.59   2.6532e-18   1.0860e-19
 6888.65   2.7198e-18   1.0997e-19
 6891.71   2.7416e-18   1.1074e-19
 6894.76   2.7137e-18   1.0933e-19
 6897.82   2.6583e-18   1.0789e-19
 6900.88   2.5475e-18   1.0776e-19
 6903.94   2.6475e-18   1.1071e-19
 6907.00   2.6708e-18   1.1087e-19
 6910.06   2.5666e-18   1.1409e-19
 6913.12   2.7370e-18   1.2058e-19
 6916.18   2.7907e-18   1.2304e-19
 6919.24   2.6709e-18   1.2038e-19
 6922.30   2.6306e-18   1.1740e-19
 6925.36   2.6535e-18   1.1723e-19
 6928.42   2.7734e-18   1.1819e-19
 6931.48   2.7087e-18   1.1377e-19
 6934.53   2.6834e-18   1.1238e-19
 6937.59   2.7290e-18   1.1838e-19
 6940.65   2.7952e-18   1.2269e-19
 6943.71   2.7053e-18   1.2335e-19
 6946.77   2.7024e-18   1.2121e-19
 6949.83   2.3747e-18   1.1573e-19
 6952.89   2.4732e-18   1.1504e-19
 6955.95   2.5537e-18   1.1179e-19
 6959.01   2.6660e-18   1.0807e-19
 6962.07   2.6238e-18   1.0651e-19
 6965.13   2.5128e-18   1.0815e-19
 6968.19   2.5945e-18   1.1224e-19
 6971.24   2.5933e-18   1.1494e-19
 6974.30   2.7074e-18   1.1611e-19
 6977.36   2.5898e-18   1.1164e-19
 6980.42   2.5538e-18   1.0955e-19
 6983.48   2.3798e-18   1.0840e-19
 6986.54   2.5050e-18   1.0370e-19
 6989.60   2.5016e-18   1.0043e-19
 6992.66   2.5639e-18   1.0136e-19
 6995.72   2.4932e-18   1.0129e-19
 6998.78   2.4521e-18   1.0205e-19
 7001.84   2.7007e-18   1.0705e-19
 7004.90   2.6080e-18   1.0564e-19
 7007.96   2.5858e-18   1.0533e-19
 7011.01   2.6149e-18   1.0400e-19
 7014.07   2.5980e-18   1.0247e-19
 7017.13   2.5598e-18   1.0096e-19
 7020.19   2.5570e-18   9.8237e-20
 7023.25   2.6860e-18   9.8240e-20
 7026.31   2.6718e-18   9.8672e-20
 7029.37   2.7447e-18   9.9360e-20
 7032.43   2.7708e-18   1.0114e-19
 7035.49   2.7952e-18   1.0240e-19
 7038.55   2.7445e-18   1.0397e-19
 7041.61   2.7402e-18   1.0460e-19
 7044.67   2.8595e-18   1.0593e-19
 7047.73   2.7895e-18   1.0522e-19
 7050.78   2.7533e-18   1.0367e-19
 7053.84   2.7633e-18   1.0326e-19
 7056.90   2.7945e-18   1.0230e-19
 7059.96   2.8403e-18   1.0131e-19
 7063.02   2.8440e-18   1.0152e-19
 7066.08   2.8037e-18   1.0205e-19
 7069.14   2.8029e-18   1.0362e-19
 7072.20   2.7627e-18   1.0361e-19
 7075.26   2.8640e-18   1.0407e-19
 7078.32   2.8646e-18   1.0403e-19
 7081.38   2.8928e-18   1.0429e-19
 7084.44   2.9439e-18   1.0456e-19
 7087.50   2.8795e-18   1.0358e-19
 7090.55   2.8735e-18   1.0310e-19
 7093.61   2.9698e-18   1.0336e-19
 7096.67   2.9548e-18   1.0212e-19
 7099.73   2.9595e-18   1.0178e-19
 7102.79   2.9576e-18   1.0103e-19
 7105.85   3.0449e-18   1.0169e-19
 7108.91   3.0893e-18   1.0251e-19
 7111.97   2.9675e-18   1.0141e-19
 7115.03   2.9793e-18   1.0116e-19
 7118.09   3.0168e-18   1.0174e-19
 7121.15   3.1500e-18   1.0366e-19
 7124.21   3.0422e-18   1.0330e-19
 7127.26   3.0984e-18   1.0335e-19
 7130.32   3.1638e-18   1.0471e-19
 7133.38   3.1387e-18   1.0529e-19
 7136.44   3.1349e-18   1.0565e-19
 7139.50   3.1707e-18   1.0586e-19
 7142.56   3.1527e-18   1.0545e-19
 7145.62   3.1185e-18   1.0579e-19
 7148.68   3.2261e-18   1.0726e-19
 7151.74   3.1671e-18   1.0585e-19
 7154.80   3.2414e-18   1.0644e-19
 7157.86   3.1928e-18   1.0592e-19
 7160.92   3.1520e-18   1.0608e-19
 7163.98   2.8783e-18   1.0323e-19
 7167.03   3.1745e-18   1.0611e-19
 7170.09   2.7933e-18   1.0304e-19
 7173.15   2.9416e-18   1.0361e-19
 7176.21   2.9705e-18   1.0363e-19
 7179.27   2.8739e-18   1.0257e-19
 7182.33   2.9912e-18   1.0265e-19
 7185.39   2.9004e-18   1.0171e-19
 7188.45   2.9022e-18   1.0070e-19
 7191.51   2.9133e-18   1.0098e-19
 7194.57   3.0087e-18   1.0137e-19
 7197.63   2.9591e-18   1.0142e-19
 7200.69   2.9616e-18   1.0190e-19
 7203.75   3.0332e-18   1.0237e-19
 7206.80   3.0428e-18   1.0263e-19
 7209.86   3.2208e-18   1.0428e-19
 7212.92   3.1317e-18   1.0423e-19
 7215.98   3.0957e-18   1.0443e-19
 7219.04   3.0141e-18   1.0454e-19
 7222.10   3.0456e-18   1.0663e-19
 7225.16   3.1312e-18   1.1229e-19
 7228.22   3.1114e-18   1.2665e-19
 7231.28   3.0525e-18   1.4360e-19
 7234.34   3.1001e-18   1.5670e-19
 7237.40   3.0006e-18   1.6341e-19
 7240.46   2.9655e-18   1.6617e-19
 7243.51   3.2381e-18   1.7128e-19
 7246.57   3.1849e-18   1.6453e-19
 7249.63   3.0067e-18   1.5114e-19
 7252.69   3.0229e-18   1.3548e-19
 7255.75   3.1318e-18   1.2200e-19
 7258.81   3.1840e-18   1.1868e-19
 7261.87   3.1519e-18   1.2301e-19
 7264.93   3.2650e-18   1.3975e-19
 7267.99   3.3644e-18   1.5339e-19
 7271.05   3.1848e-18   1.5991e-19
 7274.11   3.0246e-18   1.6487e-19
 7277.17   3.0853e-18   1.6875e-19
 7280.23   3.2227e-18   1.6756e-19
 7283.28   3.1478e-18   1.5824e-19
 7286.34   3.0314e-18   1.4201e-19
 7289.40   3.0163e-18   1.3381e-19
 7292.46   3.0702e-18   1.3088e-19
 7295.52   3.1790e-18   1.2994e-19
 7298.58   3.1232e-18   1.2873e-19
 7301.64   3.1195e-18   1.3108e-19
 7304.70   3.1027e-18   1.4133e-19
 7307.76   3.2007e-18   1.5349e-19
 7310.82   3.1896e-18   1.5319e-19
 7313.88   3.0493e-18   1.4959e-19
 7316.94   3.0892e-18   1.5290e-19
 7320.00   2.9697e-18   1.5404e-19
 7323.05   3.0175e-18   1.4843e-19
 7326.11   3.2170e-18   1.3689e-19
 7329.17   2.5154e-18   1.4694e-19
 7332.23   2.6445e-18   1.5953e-19
 7335.29   2.5528e-18   1.6073e-19
 7338.35   2.4373e-18   1.5405e-19
 7341.41   2.9717e-18   1.4930e-19
 7344.47   2.8867e-18   1.4981e-19
 7347.53   2.9780e-18   1.5139e-19
 7350.59   2.9611e-18   1.3407e-19
 7353.65   3.1207e-18   1.2706e-19
 7356.71   2.8972e-18   1.3281e-19
 7359.76   2.8365e-18   1.4816e-19
 7362.82   2.9902e-18   1.5131e-19
 7365.88   2.8301e-18   1.4796e-19
 7368.94   2.9526e-18   1.4104e-19
 7372.00   3.0352e-18   1.4173e-19
 7375.06   3.1488e-18   1.3827e-19
 7378.12   3.0994e-18   1.2602e-19
 7381.18   2.9766e-18   1.1595e-19
 7384.24   2.4561e-18   1.1744e-19
 7387.30   2.5757e-18   1.1909e-19
 7390.36   2.8463e-18   1.2874e-19
 7393.42   2.6220e-18   1.3535e-19
 7396.48   2.4995e-18   1.3516e-19
 7399.53   1.9967e-18   1.3057e-19
 7402.59   2.0577e-18   1.2644e-19
 7405.65   2.7869e-18   1.2646e-19
 7408.71   2.9144e-18   1.2258e-19
 7411.77   2.7141e-18   1.1015e-19
 7414.83   3.2056e-18   1.0813e-19
 7417.89   3.2639e-18   1.1009e-19
 7420.95   3.3588e-18   1.1271e-19
 7424.01   3.4594e-18   1.1496e-19
 7427.07   3.5811e-18   1.1949e-19
 7430.13   4.2317e-18   1.2700e-19
 7433.19   5.5969e-18   1.3631e-19
 7436.25   6.7284e-18   1.4310e-19
 7439.30   7.0335e-18   1.4305e-19
 7442.36   6.9332e-18   1.3998e-19
 7445.42   6.5962e-18   1.3577e-19
 7448.48   5.9423e-18   1.2802e-19
 7451.54   4.8371e-18   1.1937e-19
 7454.60   3.9735e-18   1.1597e-19
 7457.66   4.1283e-18   1.2082e-19
 7460.72   4.3845e-18   1.2660e-19
 7463.78   4.2531e-18   1.3031e-19
 7466.84   4.2935e-18   1.3463e-19
 7469.90   4.3111e-18   1.3874e-19
 7472.96   3.9131e-18   1.3999e-19
 7476.01   3.4232e-18   1.3742e-19
 7479.07   2.9570e-18   1.3223e-19
 7482.13   2.8777e-18   1.2863e-19
 7485.19   2.9082e-18   1.2630e-19
 7488.25   2.9140e-18   1.2334e-19
 7491.31   2.7834e-18   1.1543e-19
 7494.37   2.7765e-18   1.0956e-19
 7497.43   2.8048e-18   1.0776e-19
 7500.49   2.8206e-18   1.0680e-19
 7503.55   2.8200e-18   1.0486e-19
 7506.61   2.8020e-18   1.0464e-19
 7509.67   2.9523e-18   1.1039e-19
 7512.73   2.8267e-18   1.2155e-19
 7515.78   2.9415e-18   1.3539e-19
 7518.84   3.1034e-18   1.4348e-19
 7521.90   2.8996e-18   1.4331e-19
 7524.96   2.8354e-18   1.4248e-19
 7528.02   2.9092e-18   1.4407e-19
 7531.08   2.8887e-18   1.4013e-19
 7534.14   2.7712e-18   1.2182e-19
 7537.20   2.6574e-18   1.1522e-19
 7540.26   2.6656e-18   1.0891e-19
 7543.32   2.7827e-18   1.0724e-19
 7546.38   2.5845e-18   1.0863e-19
 7549.44   2.7149e-18   1.1159e-19
 7552.50   2.5489e-18   1.0967e-19
 7555.55   2.6924e-18   1.1125e-19
 7558.61   2.8382e-18   1.1696e-19
 7561.67   2.6420e-18   1.2469e-19
 7564.73   2.7288e-18   1.3256e-19
 7567.79   2.8932e-18   1.3084e-19
 7570.85   2.6849e-18   1.2851e-19
 7573.91   2.7352e-18   1.2982e-19
 7576.97   2.8650e-18   1.3239e-19
 7580.03   2.7234e-18   1.2648e-19
 7684.04   2.6256e-18   1.0920e-19
 7687.10   2.7831e-18   1.1179e-19
 7690.16   2.7043e-18   1.1306e-19
 7693.22   2.6493e-18   1.1455e-19
 7696.28   2.5909e-18   1.1472e-19
 7699.34   2.7905e-18   1.1995e-19
 7702.40   2.4896e-18   1.3560e-19
 7705.46   2.8257e-18   1.5966e-19
 7708.51   2.9076e-18   1.7654e-19
 7711.57   2.8557e-18   1.8337e-19
 7714.63   2.7409e-18   1.8383e-19
 7717.69   2.8882e-18   1.8860e-19
 7720.75   2.8489e-18   1.8492e-19
 7723.81   2.9321e-18   1.6938e-19
 7726.87   2.5322e-18   1.4548e-19
 7729.93   2.9270e-18   1.3201e-19
 7732.99   2.6508e-18   1.2743e-19
 7736.05   2.7344e-18   1.2602e-19
 7739.11   2.7152e-18   1.3426e-19
 7742.17   3.0588e-18   1.6445e-19
 7745.23   2.4787e-18   1.6945e-19
 7748.28   2.8989e-18   1.7443e-19
 7751.34   3.1193e-18   1.8378e-19
 7754.40   2.8231e-18   1.8180e-19
 7757.46   2.7470e-18   1.8089e-19
 7760.52   2.6685e-18   1.6091e-19
 7763.58   2.7301e-18   1.4277e-19
 7766.64   2.6495e-18   1.4134e-19
 7769.70   2.6990e-18   1.3891e-19
 7772.76   2.5611e-18   1.3453e-19
 7775.82   2.6193e-18   1.3493e-19
 7778.88   2.8181e-18   1.3861e-19
 7781.94   2.7473e-18   1.4312e-19
 7785.00   2.8492e-18   1.5669e-19
 7788.05   2.8710e-18   1.6672e-19
 7791.11   2.6313e-18   1.6098e-19
 7794.17   2.7018e-18   1.5861e-19
 7797.23   2.8892e-18   1.6252e-19
 7800.29   3.1515e-18   1.6723e-19
 7803.35   3.1249e-18   1.6107e-19
 7806.41   2.2555e-18   1.4673e-19
 7809.47   2.0100e-18   1.4562e-19
 7812.53   2.0842e-18   1.6632e-19
 7815.59   2.0206e-18   1.7730e-19
 7818.65   2.2996e-18   1.7287e-19
 7821.71   2.6039e-18   1.7057e-19
 7824.76   2.9448e-18   1.6871e-19
 7827.82   2.8150e-18   1.6546e-19
 7830.88   2.6746e-18   1.5472e-19
 7833.94   2.6844e-18   1.4058e-19
 7837.00   2.5831e-18   1.3582e-19
 7840.06   2.6755e-18   1.4225e-19
 7843.12   2.7273e-18   1.5982e-19
 7846.18   2.7735e-18   1.7875e-19
 7849.24   2.7461e-18   1.8704e-19
 7852.30   2.8509e-18   1.9025e-19
 7855.36   2.7764e-18   1.9287e-19
 7858.42   2.7485e-18   1.9414e-19
 7861.48   3.0331e-18   1.9709e-19
 7864.53   2.9860e-18   1.8842e-19
 7867.59   2.8106e-18   1.7500e-19
 7870.65   2.6373e-18   1.6872e-19
 7873.71   2.4787e-18   1.6688e-19
 7876.77   2.7380e-18   1.7213e-19
 7879.83   2.6902e-18   1.6981e-19
 7882.89   2.6076e-18   1.6633e-19
 7885.95   2.6536e-18   1.6646e-19
 7889.01   2.5010e-18   1.5820e-19
 7892.07   2.8289e-18   1.5476e-19
 7895.13   2.8131e-18   1.4944e-19
 7898.19   2.8157e-18   1.4792e-19
 7901.25   2.5554e-18   1.3865e-19
 7904.30   2.7768e-18   1.5971e-19
 7907.36   2.6225e-18   1.8232e-19
 7910.42   2.6775e-18   1.9676e-19
 7913.48   2.4976e-18   2.0042e-19
 7916.54   2.4591e-18   2.0761e-19
 7919.60   2.6189e-18   2.1266e-19
 7922.66   2.6479e-18   2.0725e-19
 7925.72   2.7289e-18   1.8107e-19
 7928.78   2.5679e-18   1.6966e-19
 7931.84   2.9315e-18   1.5590e-19
 7934.90   2.4979e-18   1.3933e-19
 7937.96   2.6829e-18   1.4250e-19
 7941.01   2.5705e-18   1.4362e-19
 7944.07   2.5621e-18   1.3691e-19
 7947.13   2.7456e-18   1.3611e-19
 7950.19   2.5992e-18   1.3597e-19
 7953.25   2.4036e-18   1.4090e-19
 7956.31   2.5846e-18   1.6232e-19
 7959.37   2.6687e-18   1.7473e-19
 7962.43   2.6114e-18   1.7388e-19
 7965.49   2.6063e-18   1.7163e-19
 7968.55   2.6128e-18   1.7624e-19
 7971.61   2.6675e-18   1.8245e-19
 7974.67   2.8032e-18   1.7772e-19
 7977.73   2.7529e-18   1.5806e-19
 7980.78   2.6510e-18   1.5219e-19
 7983.84   2.7401e-18   1.6415e-19
 7986.90   2.7568e-18   1.8057e-19
 7989.96   3.0810e-18   1.8762e-19
 7993.02   2.8196e-18   1.7797e-19
 7996.08   2.7554e-18   1.7267e-19
 7999.14   2.5615e-18   1.7014e-19
 8002.20   2.5336e-18   1.6715e-19
 8005.26   2.5724e-18   1.5325e-19
 8008.32   2.5528e-18   1.3627e-19
 8011.38   2.4774e-18   1.3593e-19
 8014.44   2.4987e-18   1.4169e-19
 8017.50   2.4973e-18   1.5531e-19
 8020.55   2.4657e-18   1.6981e-19
 8023.61   2.4816e-18   1.7178e-19
 8026.67   2.5689e-18   1.6574e-19
 8029.73   2.5301e-18   1.6111e-19
 8032.79   2.5344e-18   1.5828e-19
 8035.85   2.5964e-18   1.4933e-19
 8038.91   2.7058e-18   1.3179e-19
 8041.97   2.6052e-18   1.1996e-19
 8045.03   2.6420e-18   1.2164e-19
 8048.09   2.6655e-18   1.2341e-19
 8051.15   2.4552e-18   1.2516e-19
 8054.21   2.4768e-18   1.3455e-19
 8057.27   2.5502e-18   1.4179e-19
 8060.32   2.5997e-18   1.4244e-19
 8063.38   2.5764e-18   1.3980e-19
 8066.44   2.4059e-18   1.3349e-19
 8069.50   2.4954e-18   1.3127e-19
 8072.56   2.5428e-18   1.2973e-19
 8075.62   2.4633e-18   1.1731e-19
 8078.68   2.4193e-18   1.1101e-19
 8081.74   2.5602e-18   1.1279e-19
 8084.80   2.5216e-18   1.1287e-19
 8087.86   2.4608e-18   1.1397e-19
 8090.92   2.4647e-18   1.1572e-19
 8093.98   2.4126e-18   1.1626e-19
 8097.03   2.5548e-18   1.2348e-19
 8100.09   2.5242e-18   1.2435e-19
 8103.15   2.4088e-18   1.2426e-19
 8106.21   2.2444e-18   1.1945e-19
 8109.27   2.4216e-18   1.1815e-19
 8112.33   2.2762e-18   1.1405e-19
 8115.39   2.4788e-18   1.1237e-19
 8118.45   2.5573e-18   1.0842e-19
 8121.51   2.4456e-18   1.0657e-19
 8124.57   2.4443e-18   1.0761e-19
 8127.63   2.3081e-18   1.0674e-19
 8130.69   2.3800e-18   1.0772e-19
 8133.75   2.2811e-18   1.0838e-19
 8136.80   2.3876e-18   1.1105e-19
 8139.86   2.3303e-18   1.1165e-19
 8142.92   2.7956e-18   1.2026e-19
 8145.98   2.8249e-18   1.1914e-19
 8149.04   2.4256e-18   1.1238e-19
 8152.10   2.2863e-18   1.1009e-19
 8155.16   2.2161e-18   1.0821e-19
 8158.22   2.2074e-18   1.0670e-19
 8161.28   2.2201e-18   1.0423e-19
 8164.34   2.1911e-18   1.0290e-19
 8167.40   2.3414e-18   1.0433e-19
 8170.46   2.1562e-18   1.0193e-19
 8173.52   2.2286e-18   1.0212e-19
 8176.57   2.2113e-18   1.0196e-19
 8179.63   2.1335e-18   1.0203e-19
