 
TRANSIENT_NAME:     DES13S1acsq
SNID:               1263369    
OBS_DATE:           2014-02-03
MJD:                56691. 
PHASE:              +19.   
MJD_MAX:            56665.9
TYPE:               1  
SPEC_EVAL:          SNIa
REDSHIFT:           0.3200  
REDSHIFT_ERR:       0.0050  
REDSHIFT_SOURCE:    Z_SN
TELESCOPE:          GTC
INSTRUMENT:         OSIRIS
 
======================================
 
# WAVE  FLUX  FLUX_ERR
 4752.44  -8.0436e-18   4.9586e-18
 4757.05   9.4363e-20   3.9601e-18
 4761.67   4.2376e-18   3.4800e-18
 4766.28   2.2891e-18   3.1343e-18
 4770.89  -2.6737e-18   2.6184e-18
 4775.51  -5.7878e-18   2.2776e-18
 4780.12   2.7297e-18   2.0437e-18
 4784.74  -2.3915e-18   1.6693e-18
 4789.35   4.8977e-19   1.4903e-18
 4793.97  -1.4514e-18   1.3765e-18
 4798.58   3.7164e-19   1.2393e-18
 4803.20   1.1639e-18   1.1121e-18
 4807.81   6.9981e-19   1.0121e-18
 4812.43   2.5362e-19   9.1479e-19
 4817.04   9.3630e-19   8.0843e-19
 4821.65   2.7028e-20   7.8005e-19
 4826.27  -1.9986e-19   7.0780e-19
 4830.88  -4.7658e-19   6.7285e-19
 4835.50   1.3499e-18   6.5969e-19
 4840.11   4.2151e-19   5.7788e-19
 4844.73   5.3180e-19   5.5090e-19
 4849.34   2.7856e-19   5.1481e-19
 4853.96  -2.5432e-19   4.6413e-19
 4858.57  -1.2543e-19   4.4758e-19
 4863.18   5.0524e-19   4.2917e-19
 4867.80  -6.3062e-19   4.1248e-19
 4872.41  -2.8681e-19   3.9695e-19
 4877.03   7.8790e-19   3.9567e-19
 4881.64  -1.1430e-19   3.6988e-19
 4886.26   2.0359e-19   3.6129e-19
 4890.87   8.0454e-19   3.6584e-19
 4895.49   1.1099e-18   3.6649e-19
 4900.10   5.8429e-19   3.4189e-19
 4904.72  -1.8882e-19   3.1715e-19
 4909.33   2.6127e-19   3.1227e-19
 4913.94  -6.1765e-19   3.0170e-19
 4918.56  -9.9347e-20   3.0036e-19
 4923.17   1.4333e-19   2.9368e-19
 4927.79   3.7455e-19   2.9277e-19
 4932.40   5.0597e-19   2.9846e-19
 4937.02   4.3422e-19   2.8935e-19
 4941.63  -2.8439e-19   2.8115e-19
 4946.25   1.7289e-19   2.7942e-19
 4950.86   5.8118e-19   2.8216e-19
 4955.48   9.9245e-19   2.8853e-19
 4960.09   5.0749e-19   2.8222e-19
 4964.70   3.8640e-19   2.8014e-19
 4969.32   6.8956e-19   2.8964e-19
 4973.93   2.9370e-19   2.7880e-19
 4978.55   2.1603e-19   2.8065e-19
 4983.16   3.7586e-19   2.8074e-19
 4987.78   2.8657e-19   2.7550e-19
 4992.39   5.0262e-19   2.8628e-19
 4997.01   1.7459e-19   2.7901e-19
 5001.62   1.0252e-18   2.8789e-19
 5006.23   8.1532e-19   2.7957e-19
 5010.85   5.5338e-19   2.8022e-19
 5015.46   9.2470e-19   2.8574e-19
 5020.08   4.1795e-19   2.7822e-19
 5024.69   6.3180e-19   2.9136e-19
 5029.31  -3.0853e-19   2.8091e-19
 5033.92   6.3588e-19   2.8936e-19
 5038.54   4.9795e-19   2.7880e-19
 5043.15   1.9095e-18   7.5151e-19
 5047.77   2.6559e-19   7.4676e-19
 5052.38   2.3681e-18   7.1644e-19
 5056.99   1.2681e-18   3.0666e-19
 5061.61   4.3937e-19   2.8911e-19
 5066.22   6.7322e-19   2.9211e-19
 5070.84   8.9207e-19   2.9229e-19
 5075.45   1.2975e-18   3.0697e-19
 5080.07   1.1266e-18   3.0773e-19
 5084.68   3.2935e-20   2.9244e-19
 5089.30   9.2483e-19   3.0721e-19
 5093.91   8.8108e-19   2.9932e-19
 5098.53   2.6754e-19   2.9970e-19
 5103.14   4.6084e-19   2.9932e-19
 5107.75   8.8134e-19   3.0608e-19
 5112.37   1.1137e-18   3.1540e-19
 5116.98   9.8177e-19   3.1992e-19
 5121.60   9.4963e-19   3.1735e-19
 5126.21   1.4958e-18   3.2481e-19
 5130.83   1.3016e-18   3.2629e-19
 5135.44   1.0679e-18   3.2365e-19
 5140.06   1.6236e-18   3.3570e-19
 5144.67   1.5292e-18   3.3434e-19
 5149.29   1.3928e-18   3.3136e-19
 5153.90   1.1687e-18   3.3827e-19
 5158.51   1.3067e-18   3.3987e-19
 5163.13   1.6333e-18   3.3462e-19
 5167.74   1.6416e-18   3.3068e-19
 5172.36   1.1498e-18   3.3443e-19
 5176.97   1.8043e-18   3.3869e-19
 5181.59   8.6800e-19   3.3308e-19
 5186.20   1.2677e-18   3.5319e-19
 5190.82   1.1696e-18   3.9028e-19
 5195.43   1.2073e-18   4.2206e-19
 5200.04   1.4443e-18   4.2727e-19
 5204.66   1.3072e-18   3.9398e-19
 5209.27   1.3944e-18   3.6693e-19
 5213.89   2.2909e-18   3.7589e-19
 5218.50   2.0521e-18   3.7661e-19
 5223.12   1.9515e-18   3.7298e-19
 5227.73   2.2715e-18   3.7925e-19
 5232.35   1.9653e-18   3.8291e-19
 5236.96   2.3619e-18   3.9139e-19
 5241.58   1.5780e-18   3.9052e-19
 5246.19   1.7206e-18   3.8787e-19
 5250.80   2.8001e-18   3.9756e-19
 5255.42   2.1264e-18   3.9268e-19
 5260.03   2.2382e-18   3.9107e-19
 5264.65   2.4825e-18   3.8526e-19
 5269.26   3.0542e-18   3.9336e-19
 5273.88   2.4971e-18   3.9963e-19
 5278.49   2.8315e-18   3.9962e-19
 5283.11   3.2769e-18   4.0398e-19
 5287.72   2.9588e-18   4.1026e-19
 5292.33   3.6390e-18   4.1767e-19
 5296.95   2.9598e-18   4.1358e-19
 5301.56   2.7225e-18   4.1908e-19
 5306.18   2.1821e-18   4.1445e-19
 5310.79   2.5494e-18   4.1922e-19
 5315.41   3.1632e-18   4.2366e-19
 5320.02   2.6640e-18   4.1931e-19
 5324.64   2.5643e-18   4.2607e-19
 5329.25   3.3551e-18   4.2915e-19
 5333.87   2.7133e-18   4.2818e-19
 5338.48   3.8653e-18   4.4162e-19
 5343.09   3.5553e-18   4.5092e-19
 5347.71   2.9727e-18   4.6508e-19
 5352.32   2.7906e-18   4.8001e-19
 5356.94   3.8909e-18   4.7822e-19
 5361.55   3.8459e-18   4.6291e-19
 5366.17   3.2178e-18   4.4371e-19
 5370.78   2.5156e-18   4.3357e-19
 5375.40   3.2070e-18   4.3795e-19
 5380.01   2.5533e-18   4.3586e-19
 5384.63   2.4593e-18   4.3348e-19
 5389.24   2.4477e-18   4.2673e-19
 5393.85   2.9181e-18   4.2196e-19
 5398.47   3.6191e-18   4.2318e-19
 5403.08   3.2917e-18   4.1830e-19
 5407.70   3.4160e-18   4.2174e-19
 5412.31   3.4354e-18   4.2206e-19
 5416.93   3.4229e-18   4.2675e-19
 5421.54   2.1786e-18   4.2017e-19
 5426.16   3.1787e-18   4.1919e-19
 5430.77   2.3190e-18   4.1852e-19
 5435.39   3.4819e-18   4.2429e-19
 5440.00   2.7489e-18   4.1800e-19
 5444.61   3.5956e-18   4.1850e-19
 5449.23   3.7662e-18   4.1421e-19
 5453.84   3.7607e-18   4.3647e-19
 5458.46   3.5832e-18   4.4413e-19
 5463.07   3.4149e-18   4.4121e-19
 5467.69   3.7060e-18   4.2395e-19
 5472.30   3.6437e-18   4.0754e-19
 5476.92   4.0644e-18   4.0488e-19
 5481.53   3.7003e-18   4.0125e-19
 5486.15   3.5779e-18   3.9880e-19
 5490.76   3.0771e-18   3.9843e-19
 5495.37   3.7598e-18   3.9756e-19
 5499.99   4.4261e-18   3.9676e-19
 5504.60   3.3801e-18   3.9410e-19
 5509.22   4.0770e-18   3.9461e-19
 5513.83   3.5587e-18   3.9250e-19
 5518.45   3.8596e-18   3.8768e-19
 5523.06   3.7404e-18   3.8570e-19
 5527.68   3.9231e-18   3.8258e-19
 5532.29   3.3833e-18   3.8090e-19
 5536.90   3.7196e-18   3.8716e-19
 5541.52   3.0187e-18   3.8614e-19
 5546.13   4.6574e-18   3.8627e-19
 5550.75   3.8740e-18   3.8125e-19
 5555.36   3.6913e-18   3.7783e-19
 5559.98   3.1237e-18   3.8421e-19
 5564.59   4.0098e-18   4.4448e-19
 5569.21   3.1556e-18   8.0851e-19
 5573.82   4.3053e-18   1.0446e-18
 5578.44   4.2255e-18   1.0479e-18
 5583.05   5.6182e-18   8.3908e-19
 5587.66   2.7384e-18   4.5656e-19
 5592.28   4.3077e-18   3.6323e-19
 5596.89   3.3614e-18   3.5895e-19
 5601.51   4.1609e-18   3.6112e-19
 5606.12   4.3786e-18   3.6020e-19
 5610.74   3.3989e-18   3.5256e-19
 5615.35   3.8492e-18   3.4831e-19
 5619.97   3.4868e-18   3.4837e-19
 5624.58   3.5340e-18   3.4488e-19
 5629.20   3.5101e-18   3.4235e-19
 5633.81   3.6296e-18   3.3808e-19
 5638.42   3.5794e-18   3.3492e-19
 5643.04   3.0722e-18   3.3496e-19
 5647.65   3.0149e-18   3.3368e-19
 5652.27   3.5338e-18   3.2971e-19
 5656.88   3.3577e-18   3.2625e-19
 5661.50   3.1008e-18   3.2610e-19
 5666.11   4.2697e-18   3.2730e-19
 5670.73   3.3251e-18   3.2877e-19
 5675.34   3.2174e-18   3.3130e-19
 5679.96   3.8918e-18   3.3628e-19
 5684.57   3.6791e-18   3.4084e-19
 5689.18   2.3223e-18   3.3589e-19
 5693.80   2.6941e-18   3.2845e-19
 5698.41   3.0638e-18   3.2081e-19
 5703.03   3.5203e-18   3.1345e-19
 5707.64   2.7521e-18   3.0901e-19
 5712.26   3.0151e-18   3.0824e-19
 5716.87   3.7067e-18   3.0926e-19
 5721.49   3.6710e-18   3.0894e-19
 5726.10   3.8754e-18   3.0596e-19
 5730.71   2.3986e-18   3.0049e-19
 5735.33   3.4164e-18   2.9938e-19
 5739.94   3.9117e-18   2.9629e-19
 5744.56   2.4514e-18   2.9179e-19
 5749.17   2.8053e-18   2.8761e-19
 5753.79   2.9542e-18   2.8535e-19
 5758.40   3.3086e-18   2.8460e-19
 5763.02   2.4657e-18   2.8417e-19
 5767.63   3.2211e-18   2.8647e-19
 5772.25   2.8746e-18   2.8230e-19
 5776.86   2.8295e-18   2.7497e-19
 5781.47   2.9556e-18   2.7237e-19
 5786.09   3.0713e-18   2.7249e-19
 5790.70   3.2258e-18   2.7172e-19
 5795.32   2.9987e-18   2.6857e-19
 5799.93   3.6009e-18   2.6626e-19
 5804.55   2.5582e-18   2.6156e-19
 5809.16   3.0313e-18   2.6070e-19
 5813.78   2.7403e-18   2.5963e-19
 5818.39   2.6409e-18   2.5579e-19
 5823.00   2.1593e-18   2.5490e-19
 5827.62   2.3529e-18   2.5349e-19
 5832.23   2.2015e-18   2.5168e-19
 5836.85   2.3477e-18   2.5123e-19
 5841.46   2.5931e-18   2.4885e-19
 5846.08   2.2635e-18   2.4791e-19
 5850.69   2.9381e-18   2.4718e-19
 5855.31   2.5726e-18   2.4852e-19
 5859.92   2.6774e-18   2.5901e-19
 5864.54   2.5757e-18   2.6632e-19
 5869.15   2.7213e-18   2.6695e-19
 5873.76   2.2725e-18   2.5936e-19
 5878.38   2.9158e-18   2.9810e-19
 5882.99   2.3979e-18   4.1667e-19
 5887.61   2.6195e-18   5.2667e-19
 5892.22   1.8215e-18   5.5940e-19
 5896.84   2.7612e-18   4.9622e-19
 5901.45   2.1890e-18   3.7799e-19
 5906.07   2.6719e-18   2.8283e-19
 5910.68   2.6114e-18   2.5958e-19
 5915.30   3.0382e-18   2.5775e-19
 5919.91   2.2286e-18   2.5391e-19
 5924.52   2.3520e-18   2.5260e-19
 5929.14   3.0627e-18   2.5493e-19
 5933.75   3.0663e-18   2.5188e-19
 5938.37   2.7745e-18   2.4400e-19
 5942.98   2.8013e-18   2.3941e-19
 5947.60   2.2368e-18   2.4298e-19
 5952.21   2.5533e-18   2.4270e-19
 5956.83   2.7148e-18   2.3961e-19
 5961.44   2.8559e-18   2.3410e-19
 5966.06   2.5521e-18   2.3170e-19
 5970.67   2.5430e-18   2.3375e-19
 5975.28   2.6927e-18   2.3363e-19
 5979.90   2.7738e-18   2.3139e-19
 5984.51   2.9263e-18   2.2651e-19
 5989.13   3.1922e-18   2.2311e-19
 5993.74   2.8103e-18   2.2374e-19
 5998.36   3.5917e-18   2.2854e-19
 6002.97   2.7444e-18   2.2486e-19
 6007.59   3.2319e-18   2.2185e-19
 6012.20   3.2447e-18   2.1884e-19
 6016.81   3.5833e-18   2.1798e-19
 6021.43   3.0442e-18   2.1514e-19
 6026.04   3.2072e-18   2.1733e-19
 6030.66   2.9309e-18   2.2086e-19
 6035.27   3.1005e-18   2.1768e-19
 6039.89   3.4336e-18   2.1718e-19
 6044.50   3.1948e-18   2.1597e-19
 6049.12   3.2645e-18   2.1384e-19
 6053.73   3.4214e-18   2.1448e-19
 6058.35   3.8671e-18   2.1577e-19
 6062.96   3.2192e-18   2.1305e-19
 6067.57   3.2289e-18   2.1699e-19
 6072.19   3.2209e-18   2.1431e-19
 6076.80   2.8582e-18   2.0573e-19
 6081.42   3.7005e-18   2.1017e-19
 6086.03   3.1952e-18   2.1248e-19
 6090.65   3.4742e-18   2.1232e-19
 6095.26   3.5010e-18   2.1445e-19
 6099.88   2.8215e-18   2.1421e-19
 6104.49   3.2103e-18   2.1795e-19
 6109.11   3.7623e-18   2.2290e-19
 6113.72   2.9412e-18   2.2089e-19
 6118.33   3.1935e-18   2.1857e-19
 6122.95   3.4881e-18   2.1557e-19
 6127.56   3.1279e-18   2.1428e-19
 6132.18   3.1089e-18   2.1483e-19
 6136.79   3.6599e-18   2.2077e-19
 6141.41   3.0421e-18   2.2142e-19
 6146.02   2.6620e-18   2.2173e-19
 6150.64   3.2855e-18   2.2636e-19
 6155.25   3.2079e-18   2.2709e-19
 6159.87   3.1358e-18   2.2570e-19
 6164.48   2.6521e-18   2.2240e-19
 6169.09   2.6679e-18   2.1987e-19
 6173.71   3.3465e-18   2.2085e-19
 6178.32   2.8578e-18   2.1671e-19
 6182.94   2.3777e-18   2.1149e-19
 6187.55   2.7046e-18   2.1232e-19
 6192.17   3.2873e-18   2.1524e-19
 6196.78   2.9570e-18   2.1840e-19
 6201.40   2.4107e-18   2.1934e-19
 6206.01   2.6149e-18   2.1895e-19
 6210.62   3.2648e-18   2.1923e-19
 6215.24   3.0862e-18   2.2130e-19
 6219.85   3.0722e-18   2.2206e-19
 6224.47   3.1111e-18   2.2678e-19
 6229.08   2.6026e-18   2.4100e-19
 6233.70   3.0712e-18   2.5465e-19
 6238.31   3.1827e-18   2.5855e-19
 6242.93   2.9836e-18   2.4434e-19
 6247.54   3.5768e-18   2.3469e-19
 6252.16   2.8425e-18   2.4064e-19
 6256.77   3.2891e-18   2.5086e-19
 6261.38   3.8227e-18   2.5458e-19
 6266.00   2.7960e-18   2.4121e-19
 6270.61   3.2521e-18   2.3152e-19
 6275.23   3.5144e-18   2.2832e-19
 6279.84   3.5701e-18   2.3739e-19
 6284.46   2.7676e-18   2.5371e-19
 6289.07   2.2203e-18   4.1451e-19
 6293.69   1.5006e-18   7.3872e-19
 6298.30   2.3752e-18   8.7035e-19
 6302.92   2.8250e-18   8.5000e-19
 6307.53   4.2241e-18   6.2042e-19
 6312.14   2.8234e-18   3.1683e-19
 6316.76   3.4614e-18   2.3385e-19
 6321.37   3.6051e-18   2.4216e-19
 6325.99   3.4606e-18   2.4773e-19
 6330.60   3.6854e-18   2.4534e-19
 6335.22   3.2971e-18   2.3490e-19
 6339.83   3.5803e-18   2.2491e-19
 6344.45   3.2868e-18   2.2856e-19
 6349.06   3.2001e-18   2.3729e-19
 6353.67   3.0268e-18   3.5084e-19
 6358.29   4.0055e-18   4.9376e-19
 6362.90   2.9461e-18   5.4264e-19
 6367.52   3.4397e-18   4.9816e-19
 6372.13   3.5721e-18   3.5993e-19
 6376.75   3.7980e-18   2.3437e-19
 6381.36   3.3843e-18   2.2953e-19
 6385.98   3.3673e-18   2.2632e-19
 6390.59   3.0280e-18   2.2065e-19
 6395.21   2.9659e-18   2.1518e-19
 6399.82   3.5007e-18   2.1172e-19
 6404.43   3.2050e-18   2.1121e-19
 6409.05   3.4617e-18   2.1278e-19
 6413.66   3.9309e-18   2.1602e-19
 6418.28   3.8917e-18   2.1671e-19
 6422.89   3.4872e-18   2.1119e-19
 6427.51   3.5418e-18   2.1213e-19
 6432.12   3.3181e-18   2.1008e-19
 6436.74   3.3718e-18   2.0294e-19
 6441.35   3.7623e-18   2.0992e-19
 6445.97   3.3742e-18   2.1214e-19
 6450.58   3.4845e-18   2.1555e-19
 6455.19   3.8007e-18   2.2316e-19
 6459.81   3.7710e-18   2.3607e-19
 6464.42   3.6830e-18   2.4392e-19
 6469.04   3.6490e-18   2.4531e-19
 6473.65   3.3998e-18   2.3487e-19
 6478.27   3.8063e-18   2.2031e-19
 6482.88   3.7295e-18   2.0918e-19
 6487.50   3.9025e-18   2.1160e-19
 6492.11   4.0961e-18   2.2943e-19
 6496.73   4.0163e-18   2.4446e-19
 6501.34   4.2745e-18   2.4903e-19
 6505.95   3.9457e-18   2.3546e-19
 6510.57   4.2106e-18   2.1839e-19
 6515.18   4.2641e-18   2.1363e-19
 6519.80   3.7735e-18   2.1453e-19
 6524.41   3.9931e-18   2.2348e-19
 6529.03   4.0399e-18   2.3153e-19
 6533.64   3.4116e-18   2.3271e-19
 6538.26   3.7531e-18   2.3027e-19
 6542.87   3.7504e-18   2.2623e-19
 6547.48   3.5929e-18   2.3269e-19
 6552.10   3.8715e-18   2.4034e-19
 6556.71   3.3538e-18   2.4294e-19
 6561.33   3.1808e-18   2.3739e-19
 6565.94   4.4404e-18   2.3287e-19
 6570.56   4.4486e-18   2.3406e-19
 6575.17   4.4881e-18   2.3099e-19
 6579.79   3.7612e-18   2.2251e-19
 6584.40   3.4573e-18   2.1117e-19
 6589.02   3.4260e-18   2.0201e-19
 6593.63   3.4633e-18   2.0351e-19
 6598.24   3.1948e-18   2.1103e-19
 6602.86   3.4433e-18   2.1159e-19
 6607.47   3.4978e-18   2.0874e-19
 6612.09   3.3862e-18   1.9959e-19
 6616.70   3.3081e-18   1.9540e-19
 6621.32   3.4306e-18   1.9712e-19
 6625.93   3.3086e-18   2.0009e-19
 6630.55   3.2056e-18   2.0165e-19
 6635.16   3.2771e-18   2.0036e-19
 6639.77   3.3467e-18   1.9701e-19
 6644.39   3.3850e-18   1.9372e-19
 6649.00   3.2474e-18   1.9258e-19
 6653.62   3.3895e-18   1.9298e-19
 6658.23   3.5966e-18   1.9416e-19
 6662.85   3.1839e-18   1.9409e-19
 6667.46   3.2493e-18   1.9379e-19
 6672.08   3.3718e-18   1.9331e-19
 6676.69   3.4977e-18   1.9042e-19
 6681.31   3.6424e-18   1.9067e-19
 6685.92   3.3792e-18   1.9027e-19
 6690.53   3.3227e-18   1.9011e-19
 6695.15   3.5293e-18   1.9189e-19
 6699.76   3.6843e-18   1.9286e-19
 6704.38   2.9941e-18   1.9329e-19
 6708.99   3.4612e-18   1.9203e-19
 6713.61   3.1994e-18   1.8942e-19
 6718.22   3.7105e-18   1.8934e-19
 6722.84   3.0029e-18   1.8641e-19
 6727.45   3.2116e-18   1.8697e-19
 6732.07   3.6789e-18   1.8762e-19
 6736.68   3.4056e-18   1.8709e-19
 6741.29   3.2104e-18   1.8688e-19
 6745.91   3.5708e-18   1.8573e-19
 6750.52   3.1452e-18   1.8412e-19
 6755.14   3.1092e-18   1.8287e-19
 6759.75   3.5711e-18   1.8271e-19
 6764.37   3.5752e-18   1.8239e-19
 6768.98   3.2917e-18   1.8085e-19
 6773.60   3.5384e-18   1.8075e-19
 6778.21   3.1458e-18   1.8116e-19
 6782.83   3.0798e-18   1.8040e-19
 6787.44   3.2668e-18   1.8026e-19
 6792.05   3.4506e-18   1.7764e-19
 6796.67   3.1607e-18   1.7745e-19
 6801.28   3.3342e-18   1.7737e-19
 6805.90   3.7449e-18   1.7812e-19
 6810.51   3.5522e-18   1.7826e-19
 6815.13   3.3622e-18   1.7957e-19
 6819.74   3.6716e-18   1.9921e-19
 6824.36   3.6757e-18   2.3402e-19
 6828.97   3.6455e-18   2.6022e-19
 6833.58   3.5579e-18   2.6212e-19
 6838.20   3.7514e-18   2.3727e-19
 6842.81   3.6617e-18   2.0648e-19
 6847.43   3.3896e-18   1.8658e-19
 6852.04   3.4239e-18   1.9009e-19
 6856.66   3.9545e-18   2.2114e-19
 6861.27   3.0927e-18   2.4555e-19
 6865.89   3.0377e-18   2.4246e-19
 6870.50   3.3078e-18   2.1636e-19
 6875.12   3.3981e-18   1.8392e-19
 6879.73   3.5440e-18   1.8227e-19
 6884.34   3.3751e-18   1.8905e-19
 6888.96   3.1848e-18   1.8824e-19
 6893.57   3.6168e-18   1.8872e-19
 6898.19   3.4780e-18   1.8612e-19
 6902.80   3.3687e-18   1.8853e-19
 6907.42   3.4286e-18   1.9447e-19
 6912.03   3.2382e-18   1.9909e-19
 6916.65   3.6861e-18   2.1537e-19
 6921.26   3.3730e-18   2.1652e-19
 6925.88   3.6274e-18   2.0960e-19
 6930.49   3.7514e-18   1.9940e-19
 6935.10   3.7130e-18   1.9226e-19
 6939.72   3.8841e-18   2.0795e-19
 6944.33   3.8060e-18   2.2531e-19
 6948.95   4.2184e-18   2.2560e-19
 6953.56   4.3557e-18   2.1246e-19
 6958.18   4.3017e-18   1.9118e-19
 6962.79   3.7916e-18   1.8093e-19
 6967.41   4.2130e-18   1.9105e-19
 6972.02   4.2055e-18   2.0377e-19
 6976.63   3.8818e-18   2.0667e-19
 6981.25   4.0274e-18   1.9971e-19
 6985.86   3.4455e-18   1.8389e-19
 6990.48   3.9756e-18   1.7217e-19
 6995.09   3.7050e-18   1.7500e-19
 6999.71   4.2627e-18   1.8096e-19
 7004.32   3.9591e-18   1.8733e-19
 7008.94   3.7388e-18   1.8678e-19
 7013.55   4.1301e-18   1.8139e-19
 7018.17   3.8891e-18   1.7239e-19
 7022.78   3.6939e-18   1.6519e-19
 7027.40   3.8666e-18   1.6419e-19
 7032.01   3.7436e-18   1.6604e-19
 7036.62   3.6586e-18   1.6938e-19
 7041.24   3.8292e-18   1.7670e-19
 7045.85   3.9480e-18   1.8203e-19
 7050.47   3.7994e-18   1.8097e-19
 7055.08   3.7801e-18   1.7646e-19
 7059.70   3.6149e-18   1.7174e-19
 7064.31   3.9301e-18   1.7221e-19
 7068.93   3.7209e-18   1.7332e-19
 7073.54   4.0516e-18   1.7335e-19
 7078.15   4.0515e-18   1.7367e-19
 7082.77   3.8550e-18   1.7500e-19
 7087.38   3.9530e-18   1.7380e-19
 7092.00   3.7516e-18   1.7047e-19
 7096.61   3.3438e-18   1.6627e-19
 7101.23   3.7528e-18   1.6499e-19
 7105.84   3.6734e-18   1.6391e-19
 7110.46   3.6234e-18   1.6398e-19
 7115.07   4.0489e-18   1.6509e-19
 7119.69   3.9484e-18   1.6583e-19
 7124.30   3.8900e-18   1.6707e-19
 7128.91   3.7988e-18   1.6812e-19
 7133.53   3.7670e-18   1.6952e-19
 7138.14   3.8033e-18   1.7039e-19
 7142.76   4.0300e-18   1.7242e-19
 7147.37   4.0806e-18   1.7334e-19
 7151.99   3.2747e-18   1.6903e-19
 7156.60   3.5206e-18   1.6801e-19
 7161.22   3.4223e-18   1.6751e-19
 7165.83   3.8401e-18   1.6869e-19
 7170.44   3.8605e-18   1.6855e-19
 7175.06   3.5521e-18   1.6619e-19
 7179.67   3.6771e-18   1.6513e-19
 7184.29   3.3098e-18   1.6077e-19
 7188.90   3.3674e-18   1.5755e-19
 7193.52   3.4564e-18   1.5673e-19
 7198.13   3.2196e-18   1.5713e-19
 7202.75   3.7931e-18   1.5838e-19
 7207.36   3.3606e-18   1.5800e-19
 7211.98   3.3620e-18   1.5877e-19
 7216.59   3.8156e-18   1.6292e-19
 7221.20   3.4283e-18   1.6546e-19
 7225.82   3.3977e-18   1.6945e-19
 7230.43   3.3090e-18   2.0108e-19
 7235.05   3.2910e-18   2.6667e-19
 7239.66   3.7767e-18   3.1588e-19
 7244.28   3.6542e-18   3.2408e-19
 7248.89   3.7510e-18   2.9034e-19
 7253.51   3.1992e-18   2.3199e-19
 7258.12   3.5346e-18   1.9505e-19
 7262.74   3.3489e-18   1.8336e-19
 7267.35   3.1744e-18   2.2727e-19
 7271.96   2.9671e-18   2.8559e-19
 7276.58   3.5380e-18   3.1655e-19
 7281.19   3.3109e-18   3.0954e-19
 7285.81   3.7409e-18   2.6207e-19
 7290.42   3.4900e-18   2.2387e-19
 7295.04   3.6001e-18   2.0817e-19
 7299.65   3.6620e-18   2.1312e-19
 7304.27   3.7561e-18   2.1870e-19
 7308.88   3.3387e-18   2.5477e-19
 7313.50   3.8641e-18   2.7482e-19
 7318.11   3.5290e-18   2.7643e-19
 7322.72   3.8064e-18   2.6340e-19
 7327.34   3.3036e-18   2.3260e-19
 7331.95   3.8344e-18   2.5878e-19
 7336.57   3.3384e-18   2.9191e-19
 7341.18   2.6274e-18   2.9424e-19
 7345.80   2.8192e-18   2.7064e-19
 7350.41   3.6768e-18   2.3193e-19
 7355.03   3.3161e-18   2.1591e-19
 7359.64   3.5807e-18   2.4162e-19
 7364.25   3.5829e-18   2.7543e-19
 7368.87   3.6933e-18   2.7428e-19
 7373.48   3.6278e-18   2.5742e-19
 7378.10   3.6436e-18   2.1071e-19
 7382.71   3.0492e-18   1.8295e-19
 7387.33   3.5796e-18   1.9862e-19
 7391.94   2.9683e-18   2.1717e-19
 7396.56   3.8204e-18   2.4409e-19
 7401.17   3.2387e-18   2.4210e-19
 7405.79   3.2153e-18   2.2671e-19
 7410.40   3.3803e-18   1.9805e-19
 7415.01   3.5782e-18   1.7151e-19
 7419.63   3.6319e-18   1.7336e-19
 7424.24   3.4411e-18   1.8236e-19
 7428.86   3.5242e-18   1.9683e-19
 7433.47   3.0566e-18   2.1179e-19
 7438.09   3.6409e-18   2.1119e-19
 7442.70   3.5967e-18   2.0003e-19
 7447.32   3.6743e-18   1.8018e-19
 7451.93   3.3764e-18   1.6956e-19
 7456.54   3.4978e-18   1.7839e-19
 7461.16   3.4671e-18   1.9449e-19
 7465.77   3.8836e-18   2.1631e-19
 7470.39   3.3420e-18   2.3169e-19
 7475.00   3.2150e-18   2.4617e-19
 7479.62   3.7481e-18   2.4663e-19
 7484.23   3.3168e-18   2.3306e-19
 7488.85   2.9763e-18   2.1279e-19
 7493.46   3.2984e-18   1.9033e-19
 7498.08   3.0512e-18   1.7824e-19
 7502.69   3.3952e-18   1.7153e-19
 7507.30   3.6396e-18   1.6828e-19
 7511.92   3.7006e-18   1.8223e-19
 7516.53   3.6205e-18   2.3037e-19
 7521.15   3.1793e-18   2.7011e-19
 7525.76   3.5847e-18   2.8452e-19
 7530.38   3.9889e-18   2.6030e-19
 7534.99   3.7263e-18   2.1836e-19
 7539.61   3.2350e-18   1.8878e-19
 7544.22   3.4164e-18   1.7990e-19
 7548.84   3.6292e-18   1.8414e-19
 7553.45   3.6291e-18   1.9114e-19
 7558.06   3.6704e-18   1.9611e-19
 7562.68   3.5259e-18   2.1461e-19
 7567.29   3.4080e-18   2.3971e-19
 7571.91   3.1507e-18   2.4513e-19
 7576.52   3.1246e-18   2.3883e-19
 7581.14   3.2666e-18   2.1425e-19
 7585.75   3.8679e-18   1.9731e-19
 7590.37   2.9888e-18   1.9507e-19
 7594.98   3.2992e-18   1.7930e-19
 7599.60   3.3472e-18   1.5704e-19
 7604.21   3.3375e-18   1.3729e-19
 7608.82   3.3453e-18   1.3228e-19
 7613.44   3.3766e-18   1.4915e-19
 7618.05   3.4442e-18   1.7175e-19
 7622.67   3.4724e-18   1.8251e-19
 7627.28   3.2037e-18   1.7853e-19
 7631.90   3.4620e-18   1.6402e-19
 7636.51   3.4870e-18   1.5258e-19
 7641.13   3.5155e-18   1.4275e-19
 7645.74   3.5673e-18   1.5220e-19
 7650.35   3.2742e-18   1.6309e-19
 7654.97   3.3026e-18   1.8119e-19
 7659.58   3.8275e-18   1.9045e-19
 7664.20   3.1058e-18   1.8815e-19
 7668.81   3.8358e-18   1.8009e-19
 7673.43   3.5650e-18   1.7070e-19
 7678.04   4.0784e-18   1.7563e-19
 7682.66   3.9057e-18   1.8869e-19
 7687.27   3.7282e-18   1.9788e-19
 7691.89   3.8925e-18   2.0427e-19
 7696.50   4.2571e-18   2.0158e-19
 7701.11   4.2628e-18   2.0859e-19
 7705.73   4.0232e-18   2.7160e-19
 7710.34   3.9342e-18   3.5135e-19
 7714.96   3.7076e-18   3.8424e-19
 7719.57   4.2953e-18   3.7190e-19
 7724.19   4.2687e-18   3.0107e-19
 7728.80   3.8912e-18   2.4097e-19
 7733.42   4.2305e-18   2.1267e-19
 7738.03   3.3585e-18   2.0470e-19
 7742.65   3.5764e-18   2.7438e-19
 7747.26   4.0144e-18   3.3665e-19
 7751.87   4.5132e-18   3.6186e-19
 7756.49   4.2929e-18   3.4536e-19
 7761.10   4.0437e-18   2.8507e-19
 7765.72   3.4642e-18   2.8918e-19
 7770.33   3.6261e-18   3.1202e-19
 7774.95   3.7693e-18   3.2468e-19
 7779.56   4.6873e-18   3.0542e-19
 7784.18   3.6005e-18   2.7469e-19
 7788.79   3.7330e-18   2.9955e-19
 7793.41   3.8851e-18   3.1016e-19
 7798.02   3.4384e-18   3.0129e-19
 7802.63   3.3042e-18   2.7130e-19
 7807.25   4.1713e-18   2.4330e-19
 7811.86   4.4604e-18   2.7654e-19
 7816.48   3.8725e-18   3.2178e-19
 7821.09   4.4488e-18   3.3130e-19
 7825.71   3.5374e-18   3.1140e-19
 7830.32   3.8003e-18   2.4992e-19
 7834.94   3.4252e-18   2.2021e-19
 7839.55   3.5920e-18   2.3576e-19
 7844.17   3.6244e-18   2.8745e-19
 7848.78   3.6791e-18   3.4709e-19
 7853.39   3.4127e-18   3.8040e-19
 7858.01   3.7269e-18   3.7548e-19
 7862.62   3.5186e-18   3.4698e-19
 7867.24   3.3905e-18   3.1802e-19
 7871.85   3.8818e-18   3.1109e-19
 7876.47   3.4821e-18   3.0307e-19
 7881.08   4.0454e-18   2.9164e-19
 7885.70   4.0415e-18   3.0242e-19
 7890.31   3.9175e-18   2.8484e-19
 7894.92   3.5085e-18   2.5738e-19
 7899.54   3.7805e-18   2.1184e-19
 7904.15   3.7950e-18   2.5033e-19
 7908.77   3.9002e-18   3.5074e-19
 7913.38   3.0387e-18   4.0677e-19
 7918.00   3.6004e-18   4.0901e-19
 7922.61   3.9989e-18   3.5760e-19
 7927.23   3.9998e-18   2.9825e-19
 7931.84   3.9076e-18   2.6430e-19
 7936.46   3.5927e-18   2.3494e-19
 7941.07   3.1877e-18   2.2173e-19
 7945.68   3.5903e-18   2.3138e-19
 7950.30   3.4030e-18   2.3361e-19
 7954.91   3.4356e-18   2.5251e-19
 7959.53   3.7353e-18   3.1014e-19
 7964.14   3.7286e-18   3.3141e-19
 7968.76   4.0548e-18   3.3361e-19
 7973.37   4.1314e-18   2.9890e-19
 7977.99   3.9485e-18   2.6506e-19
 7982.60   3.8983e-18   2.8219e-19
 7987.21   4.3292e-18   3.2705e-19
 7991.83   3.7306e-18   3.5054e-19
 7996.44   3.8807e-18   3.3804e-19
 8001.06   4.3466e-18   2.8295e-19
 8005.67   3.8298e-18   2.1087e-19
 8010.29   3.4328e-18   2.3116e-19
 8014.90   2.9402e-18   2.5073e-19
 8019.52   2.9190e-18   3.0684e-19
 8024.13   3.5421e-18   3.1820e-19
 8028.75   3.6311e-18   3.1039e-19
 8033.36   3.4759e-18   2.5741e-19
 8037.97   3.8677e-18   1.9178e-19
 8042.59   3.7463e-18   1.8467e-19
 8047.20   3.6661e-18   2.0267e-19
 8051.82   3.5272e-18   2.2449e-19
 8056.43   3.7230e-18   2.5227e-19
 8061.05   3.2597e-18   2.5619e-19
 8065.66   3.1396e-18   2.4133e-19
 8070.28   3.6023e-18   2.1167e-19
 8074.89   3.0764e-18   1.7816e-19
 8079.51   3.3703e-18   1.7732e-19
 8084.12   3.6658e-18   1.8196e-19
 8088.73   3.7758e-18   1.8881e-19
 8093.35   3.4155e-18   2.0041e-19
 8097.96   3.3390e-18   2.1339e-19
 8102.58   3.5938e-18   2.1442e-19
 8107.19   3.2701e-18   2.0170e-19
 8111.81   3.1396e-18   1.8369e-19
 8116.42   3.1344e-18   1.6921e-19
 8121.04   3.1331e-18   1.6859e-19
 8125.65   3.1837e-18   1.6937e-19
 8130.27   3.2376e-18   1.7420e-19
 8134.88   3.1916e-18   1.8052e-19
 8139.49   2.9812e-18   1.8789e-19
 8144.11   2.9463e-18   1.8980e-19
 8148.72   3.0097e-18   1.8406e-19
 8153.34   3.3120e-18   1.7475e-19
 8157.95   3.3793e-18   1.6575e-19
 8162.57   3.0293e-18   1.6122e-19
 8167.18   3.1166e-18   1.6166e-19
 8171.80   3.2973e-18   1.6393e-19
 8176.41   2.8160e-18   1.6945e-19
 8181.02   3.0371e-18   1.7720e-19
 8185.64   2.9556e-18   1.8582e-19
 8190.25   3.3521e-18   1.9608e-19
 8194.87   3.2028e-18   1.9356e-19
 8199.48   2.9207e-18   1.8766e-19
 8204.10   2.9945e-18   1.7803e-19
 8208.71   3.3894e-18   1.7262e-19
 8213.33   3.2327e-18   1.7115e-19
 8217.94   3.3079e-18   1.6965e-19
 8222.56   3.6529e-18   1.6772e-19
 8227.17   3.2408e-18   1.6383e-19
 8231.78   3.1246e-18   1.6341e-19
 8236.40   3.1579e-18   1.6845e-19
 8241.01   3.3449e-18   1.7449e-19
 8245.63   3.0899e-18   1.7641e-19
 8250.24   3.4323e-18   1.7751e-19
 8254.86   3.4913e-18   1.7386e-19
 8259.47   3.5852e-18   1.7189e-19
 8264.09   3.6852e-18   1.7040e-19
 8268.70   3.7466e-18   1.9058e-19
 8273.32   4.0745e-18   2.5185e-19
 8277.93   3.2930e-18   3.3216e-19
 8282.54   3.0641e-18   3.9162e-19
 8287.16   3.4841e-18   4.1403e-19
 8291.77   3.3165e-18   4.2510e-19
 8296.39   3.5714e-18   4.1401e-19
 8301.00   3.3673e-18   3.8054e-19
 8305.62   4.5245e-18   3.3640e-19
 8310.23   3.9334e-18   2.6943e-19
 8314.85   4.1792e-18   2.3861e-19
 8319.46   4.1687e-18   2.0987e-19
 8324.08   4.0083e-18   1.8115e-19
 8328.69   3.9889e-18   1.6615e-19
 8333.30   3.9306e-18   2.4031e-19
 8337.92   4.6811e-18   4.0503e-19
 8342.53   3.5587e-18   5.1325e-19
 8347.15   4.7804e-18   5.5094e-19
 8351.76   5.1289e-18   4.8646e-19
 8356.38   3.8154e-18   3.7033e-19
 8360.99   4.0606e-18   2.9857e-19
 8365.61   4.4463e-18   2.6108e-19
 8370.22   4.2855e-18   2.3728e-19
 8374.83   3.7193e-18   2.5760e-19
 8379.45   3.5188e-18   2.9062e-19
 8384.06   3.7433e-18   2.8996e-19
 8388.68   4.5144e-18   3.1077e-19
 8393.29   4.2443e-18   3.9398e-19
 8397.91   5.0655e-18   4.4615e-19
 8402.52   4.6214e-18   4.4235e-19
 8407.14   4.6088e-18   3.7170e-19
 8411.75   4.1615e-18   3.2022e-19
 8416.37   4.5638e-18   3.1024e-19
 8420.98   4.1119e-18   3.7666e-19
 8425.59   3.4717e-18   4.5363e-19
 8430.21   3.5034e-18   4.8578e-19
 8434.82   4.9420e-18   4.5064e-19
 8439.44   4.9548e-18   3.4653e-19
 8444.05   3.5029e-18   2.8252e-19
 8448.67   3.6578e-18   3.3399e-19
 8453.28   3.9521e-18   3.3611e-19
 8457.90   4.0056e-18   3.9196e-19
 8462.51   3.9234e-18   4.1954e-19
 8467.12   4.1422e-18   4.2411e-19
 8471.74   4.9613e-18   3.6436e-19
 8476.35   4.3058e-18   2.4919e-19
 8480.97   4.0405e-18   1.8293e-19
 8485.58   3.6039e-18   2.2609e-19
 8490.20   3.9785e-18   2.6136e-19
 8494.81   3.8629e-18   2.9570e-19
 8499.43   3.1391e-18   3.5301e-19
 8504.04   4.4923e-18   3.4786e-19
 8508.66   3.9994e-18   3.3217e-19
 8513.27   3.8856e-18   2.5814e-19
 8517.88   3.8476e-18   1.9612e-19
 8522.50   3.5909e-18   1.8488e-19
 8527.11   3.8626e-18   1.8760e-19
 8531.73   3.9935e-18   2.0691e-19
 8536.34   4.0453e-18   2.2729e-19
 8540.96   3.8067e-18   2.5589e-19
 8545.57   3.9920e-18   2.8113e-19
 8550.19   3.5732e-18   2.6622e-19
 8554.80   3.8989e-18   2.4920e-19
 8559.42   3.8733e-18   2.0008e-19
 8564.03   4.1343e-18   1.8606e-19
 8568.64   4.0567e-18   1.9074e-19
 8573.26   4.0210e-18   1.9291e-19
 8577.87   4.0558e-18   1.9829e-19
 8582.49   4.0119e-18   2.0776e-19
 8587.10   4.3756e-18   2.2247e-19
 8591.72   4.4467e-18   2.3749e-19
 8596.33   4.2972e-18   2.3906e-19
 8600.95   4.4907e-18   2.2793e-19
 8605.56   4.1342e-18   2.2571e-19
 8610.17   4.1389e-18   2.4361e-19
 8614.79   4.1519e-18   2.8674e-19
 8619.40   4.1490e-18   3.3343e-19
 8624.02   4.9264e-18   3.7356e-19
 8628.63   4.8464e-18   3.9258e-19
 8633.25   5.1620e-18   3.8585e-19
 8637.86   4.1252e-18   3.5483e-19
 8642.48   4.3737e-18   3.3003e-19
 8647.09   4.7810e-18   3.4230e-19
 8651.71   4.9602e-18   3.7140e-19
 8656.32   4.1646e-18   3.9857e-19
 8660.93   4.4284e-18   3.9893e-19
 8665.55   3.8152e-18   3.8194e-19
 8670.16   3.6801e-18   3.5621e-19
 8674.78   3.7950e-18   3.2491e-19
 8679.39   3.9935e-18   2.9396e-19
 8684.01   4.1994e-18   2.6720e-19
 8688.62   3.9835e-18   2.4560e-19
 8693.24   3.8888e-18   2.3269e-19
 8697.85   3.8754e-18   2.3072e-19
 8702.47   3.5532e-18   2.3223e-19
 8707.08   3.4205e-18   2.2688e-19
 8711.69   3.8900e-18   2.1888e-19
 8716.31   4.1609e-18   2.0902e-19
 8720.92   3.7438e-18   2.0536e-19
 8725.54   3.6116e-18   2.0474e-19
 8730.15   3.8421e-18   2.0657e-19
 8734.77   3.9123e-18   2.0741e-19
 8739.38   4.0672e-18   2.1193e-19
 8744.00   3.9360e-18   2.1042e-19
 8748.61   3.4003e-18   2.3590e-19
 8753.23   3.5960e-18   3.4399e-19
 8757.84   2.9333e-18   4.8327e-19
 8762.45   3.1108e-18   6.0042e-19
 8767.07   2.4080e-18   6.1407e-19
 8771.68   2.9896e-18   6.3778e-19
 8776.30   3.0137e-18   5.8363e-19
 8780.91   3.9201e-18   5.3140e-19
 8785.53   3.8863e-18   4.5827e-19
 8790.14   4.2468e-18   3.4981e-19
 8794.76   3.5805e-18   3.1804e-19
 8799.37   4.1184e-18   2.7408e-19
 8803.99   3.7428e-18   2.1785e-19
 8808.60   3.9428e-18   2.2001e-19
 8813.21   4.0034e-18   2.2693e-19
 8817.83   4.1391e-18   3.9927e-19
 8822.44   4.7093e-18   6.2743e-19
 8827.06   4.1631e-18   7.3554e-19
 8831.67   4.9991e-18   7.3978e-19
 8836.29   4.1483e-18   6.1155e-19
 8840.90   4.0146e-18   4.4018e-19
 8845.52   4.0736e-18   3.8765e-19
 8850.13   3.7693e-18   3.0421e-19
 8854.75   4.0716e-18   3.0271e-19
 8859.36   3.2523e-18   3.1180e-19
 8863.97   3.8002e-18   3.7455e-19
 8868.59   3.4651e-18   3.9136e-19
 8873.20   3.8687e-18   3.4707e-19
 8877.82   3.2938e-18   4.4234e-19
 8882.43   3.4935e-18   5.5561e-19
 8887.05   4.2923e-18   5.9572e-19
 8891.66   3.4819e-18   5.4173e-19
 8896.28   3.8772e-18   4.1664e-19
 8900.89   3.1996e-18   4.1058e-19
 8905.50   3.6076e-18   4.1108e-19
 8910.12   2.4490e-18   4.3337e-19
 8914.73   3.3747e-18   5.6830e-19
 8919.35   2.9143e-18   6.1302e-19
 8923.96   2.7069e-18   5.9220e-19
 8928.58   3.3036e-18   4.2411e-19
 8933.19   2.6845e-18   2.5839e-19
 8937.81   2.7882e-18   3.4241e-19
 8942.42   2.8113e-18   3.7152e-19
 8947.04   3.2276e-18   3.9133e-19
 8951.65   2.7064e-18   4.8348e-19
 8956.26   3.6984e-18   5.2731e-19
 8960.88   3.1287e-18   5.3441e-19
 8965.49   3.0602e-18   4.2635e-19
 8970.11   3.3119e-18   2.6595e-19
 8974.72   3.0405e-18   2.0059e-19
 8979.34   2.5609e-18   2.5318e-19
 8983.95   2.2583e-18   3.0377e-19
 8988.57   2.3091e-18   3.2912e-19
 8993.18   2.3456e-18   3.7026e-19
 8997.79   3.0381e-18   4.2361e-19
 9002.41   2.7258e-18   4.0966e-19
 9007.02   2.7730e-18   3.7961e-19
 9011.64   2.9913e-18   2.4707e-19
 9016.25   2.8183e-18   1.7908e-19
 9020.87   2.9491e-18   1.9162e-19
 9025.48   3.5414e-18   1.9192e-19
 9030.10   3.2841e-18   2.2354e-19
 9034.71   3.1998e-18   2.5325e-19
 9039.33   3.0468e-18   2.7837e-19
 9043.94   1.9744e-18   3.2364e-19
 9048.55   3.2647e-18   3.2110e-19
 9053.17   2.2872e-18   3.0917e-19
 9057.78   2.5324e-18   2.5380e-19
 9062.40   2.7904e-18   2.0573e-19
 9067.01   2.7854e-18   1.9438e-19
 9071.63   2.9726e-18   1.9235e-19
 9076.24   3.0752e-18   1.8404e-19
 9080.86   2.3632e-18   1.7988e-19
 9085.47   2.9163e-18   1.9478e-19
 9090.08   2.6624e-18   2.1889e-19
 9094.70   2.9114e-18   2.3723e-19
 9099.31   3.0946e-18   2.5775e-19
 9103.93   2.5510e-18   2.4156e-19
 9108.54   2.8812e-18   2.2332e-19
 9113.16   3.0277e-18   1.8926e-19
 9117.77   3.0931e-18   1.7060e-19
 9122.39   3.1630e-18   1.7033e-19
 9127.00   2.5034e-18   1.6534e-19
 9131.62   2.6458e-18   1.6711e-19
 9136.23   3.0828e-18   1.6976e-19
 9140.84   2.9138e-18   1.7367e-19
 9145.46   3.1904e-18   1.8987e-19
 9150.07   2.8539e-18   2.0102e-19
 9154.69   2.7551e-18   2.2141e-19
 9159.30   2.8342e-18   2.2161e-19
 9163.92   2.6827e-18   2.0859e-19
 9168.53   2.7993e-18   1.8789e-19
 9173.15   3.0239e-18   1.6887e-19
 9177.76   2.5473e-18   1.6452e-19
 9182.38   2.3806e-18   1.6280e-19
 9186.99   2.6579e-18   1.6372e-19
 9191.60   2.5421e-18   1.6122e-19
 9196.22   2.2378e-18   1.6072e-19
