 
TRANSIENT_NAME:     DES15S2max 
SNID:               1334087    
OBS_DATE:           2015-11-13
MJD:                57339. 
PHASE:              +2.    
MJD_MAX:            57337.0
TYPE:               1  
SPEC_EVAL:          SNIa
REDSHIFT:           0.2700  
REDSHIFT_ERR:       0.0050  
REDSHIFT_SOURCE:    Z_SN
TELESCOPE:          SALT
INSTRUMENT:         RSS
 
======================================
 
# WAVE  FLUX  FLUX_ERR
 3836.13   2.2665e-19   1.9740e-19
 3839.20   7.6596e-20   9.4576e-20
 3842.26  -8.8128e-20   1.1112e-19
 3845.32   9.2984e-21   3.2300e-20
 3848.39   4.5149e-19   2.1927e-19
 3851.45  -3.9339e-20   7.0736e-20
 3854.52   1.4250e-19   1.8529e-19
 3857.58   2.3744e-19   1.7330e-19
 3860.65   1.3182e-19   1.7216e-19
 3863.71   2.7675e-19   2.3196e-19
 3866.78   3.4471e-19   2.4969e-19
 3869.84   2.4788e-19   1.8545e-19
 3872.90   1.7861e-19   1.3117e-19
 3875.97   2.2193e-19   2.0808e-19
 3879.03   4.0426e-19   2.3051e-19
 3882.10   3.4876e-19   2.3017e-19
 3885.16   2.1040e-19   1.7993e-19
 3888.23   2.9643e-19   2.2920e-19
 3891.29   4.0480e-19   2.1534e-19
 3894.36   2.5241e-19   2.0419e-19
 3897.42   2.7822e-19   2.3356e-19
 3900.48  -1.5108e-19   1.3132e-19
 3903.55  -6.1051e-20   8.5341e-20
 3906.61  -6.5017e-19   2.3258e-19
 3909.68  -7.4945e-19   2.2356e-19
 3912.74  -9.8923e-19   2.2890e-19
 3915.81  -1.9485e-19   1.3269e-19
 3918.87   2.5971e-19   2.0843e-19
 3921.94   1.6309e-19   2.1183e-19
 3925.00   2.3458e-19   2.0988e-19
 3928.06   3.2173e-19   1.9931e-19
 3931.13   4.3280e-19   1.9153e-19
 3934.19   4.2324e-19   2.0159e-19
 3937.26   6.4661e-19   2.3800e-19
 3940.32   3.9924e-19   2.0276e-19
 3943.39   3.6998e-19   2.2905e-19
 3946.45   3.0005e-19   2.2264e-19
 3949.52   3.8286e-19   2.0292e-19
 3952.58   3.2858e-19   1.9795e-19
 3955.64   6.2391e-19   2.2747e-19
 3958.71   2.9750e-19   1.7332e-19
 3961.77   4.7171e-19   2.3042e-19
 3964.84   4.3724e-19   2.0764e-19
 3967.90   3.9339e-19   1.9695e-19
 3970.97   3.2894e-19   1.9957e-19
 3974.03   4.5401e-19   2.1972e-19
 3977.10   4.5954e-19   1.9860e-19
 3980.16   4.5767e-19   1.9836e-19
 3983.22   4.7581e-19   2.1891e-19
 3986.29   3.5948e-19   1.9795e-19
 3989.35   4.1570e-19   2.2603e-19
 3992.42   3.8949e-19   2.2191e-19
 3995.48   4.2038e-19   2.1147e-19
 3998.55   3.8097e-19   2.0764e-19
 4001.61   3.3656e-19   2.0821e-19
 4004.68   3.0175e-19   2.0771e-19
 4007.74   4.0222e-19   2.0362e-19
 4010.80   4.2056e-19   2.0621e-19
 4013.87   4.3230e-19   2.2892e-19
 4016.93   4.3949e-19   2.2058e-19
 4020.00   3.9673e-19   2.1049e-19
 4023.06   5.4189e-19   2.2772e-19
 4026.13   4.3450e-19   1.8680e-19
 4029.19   2.1477e-19   1.4648e-19
 4032.26   2.9711e-19   1.8425e-19
 4035.32   4.1136e-19   2.4431e-19
 4038.38   4.9729e-19   2.2530e-19
 4041.45   4.7841e-19   2.2562e-19
 4044.51   5.0856e-19   2.5483e-19
 4047.58   6.3643e-19   2.2231e-19
 4050.64   4.0768e-19   2.1095e-19
 4053.71   4.6185e-19   2.0959e-19
 4056.77   3.2558e-19   2.1119e-19
 4059.84   2.0338e-19   2.0207e-19
 4062.90   3.2569e-19   2.3445e-19
 4065.96   4.2546e-19   2.1205e-19
 4069.03   4.5535e-19   2.0369e-19
 4072.09   2.9160e-19   2.1137e-19
 4075.16   4.1949e-19   2.6650e-19
 4078.22   3.9714e-19   1.9940e-19
 4081.29   3.4283e-19   1.9016e-19
 4084.35   3.8918e-19   2.3706e-19
 4087.42   4.9142e-19   2.0808e-19
 4090.48   3.8414e-19   2.1619e-19
 4093.54   3.2282e-19   1.9457e-19
 4096.61   4.7002e-19   2.0289e-19
 4099.67   4.0401e-19   1.9597e-19
 4102.74   4.6103e-19   2.1118e-19
 4105.80   5.6897e-19   2.5510e-19
 4108.87   3.9261e-19   1.9721e-19
 4111.93   4.0699e-19   1.9394e-19
 4115.00   4.4567e-19   2.0085e-19
 4118.06   5.5426e-19   2.0465e-19
 4121.12   5.4271e-19   2.0497e-19
 4124.19   5.4313e-19   2.0023e-19
 4127.25   5.1524e-19   2.3282e-19
 4130.32   4.6707e-19   2.1142e-19
 4133.38   4.5717e-19   1.9716e-19
 4136.45   4.1235e-19   2.1226e-19
 4139.51   4.9745e-19   2.1000e-19
 4142.58   6.0880e-19   1.9842e-19
 4145.64   4.6465e-19   2.0547e-19
 4148.70   4.1178e-19   2.0332e-19
 4151.77   5.1519e-19   2.2023e-19
 4154.83   4.6559e-19   2.1900e-19
 4157.90   4.1529e-19   2.5205e-19
 4160.96   3.6696e-19   2.3972e-19
 4164.03   4.6739e-19   2.1358e-19
 4167.09   5.3034e-19   2.2766e-19
 4170.16   4.7241e-19   2.3573e-19
 4173.22   4.8433e-19   2.1104e-19
 4176.28   5.2522e-19   2.0877e-19
 4179.35   5.9888e-19   1.9942e-19
 4182.41   5.6898e-19   1.9493e-19
 4185.48   5.3548e-19   1.9392e-19
 4188.54   5.2505e-19   1.9566e-19
 4191.61   5.5772e-19   1.9743e-19
 4194.67   5.0965e-19   1.9618e-19
 4197.74   5.4249e-19   2.3479e-19
 4200.80   5.3910e-19   2.0755e-19
 4203.86   4.8966e-19   1.8865e-19
 4206.93   5.3527e-19   2.0130e-19
 4209.99   6.4358e-19   2.0127e-19
 4213.06   6.3052e-19   1.8666e-19
 4216.12   5.6268e-19   1.9783e-19
 4219.19   7.0850e-19   1.9754e-19
 4222.25   7.1661e-19   1.9695e-19
 4225.32   7.8120e-19   2.1478e-19
 4228.38   6.4604e-19   1.9633e-19
 4231.44   6.5053e-19   1.8096e-19
 4234.51   6.1227e-19   1.8237e-19
 4237.57   4.8728e-19   1.8380e-19
 4240.64   4.3269e-19   1.8692e-19
 4243.70   4.9313e-19   1.7226e-19
 4246.77   5.8640e-19   1.8040e-19
 4249.83   5.6250e-19   1.8247e-19
 4252.90   3.9752e-19   1.7291e-19
 4255.96   4.6772e-19   1.8119e-19
 4259.02   6.2376e-19   2.0066e-19
 4262.09   5.2369e-19   1.8645e-19
 4265.15   5.4838e-19   1.8892e-19
 4268.22   5.5960e-19   1.9126e-19
 4271.28   5.0227e-19   1.8003e-19
 4274.35   4.8034e-19   1.7979e-19
 4277.41   5.5514e-19   1.7863e-19
 4280.48   6.6972e-19   1.7993e-19
 4283.54   5.8136e-19   1.8575e-19
 4286.60   5.1571e-19   1.8237e-19
 4289.67   5.5046e-19   1.7885e-19
 4292.73   5.9939e-19   1.7442e-19
 4295.80   4.8626e-19   1.7318e-19
 4298.86   5.8654e-19   1.7286e-19
 4301.93   6.5638e-19   1.7629e-19
 4304.99   6.2371e-19   1.7876e-19
 4308.06   4.8502e-19   1.6832e-19
 4311.12   5.4770e-19   1.8609e-19
 4314.18   5.0176e-19   1.7166e-19
 4317.25   4.6213e-19   1.8148e-19
 4320.31   6.2691e-19   2.1902e-19
 4323.38   6.3987e-19   1.7250e-19
 4326.44   5.2456e-19   1.7331e-19
 4329.51   4.3991e-19   1.7128e-19
 4332.57   5.8792e-19   1.7997e-19
 4335.64   5.4467e-19   1.6502e-19
 4338.70   4.8551e-19   1.6464e-19
 4341.76   4.8628e-19   1.7773e-19
 4344.83   4.1606e-19   1.6666e-19
 4347.89   5.5548e-19   1.6555e-19
 4350.96   6.8791e-19   1.6351e-19
 4354.02   6.1986e-19   1.6395e-19
 4357.09   4.7975e-19   1.5941e-19
 4360.15   4.2445e-19   1.8208e-19
 4363.22   3.9348e-19   1.6322e-19
 4366.28   5.9321e-19   1.6642e-19
 4369.34   6.1588e-19   1.7079e-19
 4372.41   5.9872e-19   1.6895e-19
 4375.47   4.7935e-19   1.6992e-19
 4378.54   5.2447e-19   1.6894e-19
 4381.60   5.3581e-19   1.7237e-19
 4384.67   4.9574e-19   1.6889e-19
 4387.73   5.6733e-19   1.6273e-19
 4390.80   5.5943e-19   1.6365e-19
 4393.86   7.3857e-19   1.8640e-19
 4396.92   6.3230e-19   1.7744e-19
 4399.99   7.4462e-19   1.8044e-19
 4403.05   6.8181e-19   1.8050e-19
 4406.12   6.0964e-19   1.7371e-19
 4409.18   7.1650e-19   1.8681e-19
 4412.25   6.9633e-19   1.6959e-19
 4415.31   6.7215e-19   1.7340e-19
 4418.38   6.6388e-19   1.9697e-19
 4421.44   6.3003e-19   1.8344e-19
 4424.50   5.2978e-19   1.7187e-19
 4427.57   5.4065e-19   1.6621e-19
 4430.63   5.0653e-19   1.7401e-19
 4433.70   4.9386e-19   1.7444e-19
 4436.76   5.8573e-19   1.9215e-19
 4439.83   5.0449e-19   1.7872e-19
 4442.89   4.3476e-19   2.0498e-19
 4445.96   4.8162e-19   1.7860e-19
 4449.02   5.0994e-19   1.7638e-19
 4452.08   4.3797e-19   1.6802e-19
 4455.15   5.4131e-19   1.6441e-19
 4458.21   5.1746e-19   1.5833e-19
 4461.28   4.5112e-19   1.5681e-19
 4464.34   5.1662e-19   1.5611e-19
 4467.41   5.3787e-19   1.6491e-19
 4470.47   6.3078e-19   1.5882e-19
 4473.54   6.4351e-19   1.6712e-19
 4476.60   6.1866e-19   1.6089e-19
 4479.67   6.5603e-19   1.5752e-19
 4482.73   7.4392e-19   1.5968e-19
 4485.79   6.2181e-19   1.6044e-19
 4488.86   4.8057e-19   1.6650e-19
 4491.92   4.9587e-19   1.6094e-19
 4494.99   5.7168e-19   1.5882e-19
 4498.05   6.5808e-19   1.5839e-19
 4501.12   5.8739e-19   1.5865e-19
 4504.18   6.6608e-19   1.5615e-19
 4507.25   7.0557e-19   1.6403e-19
 4510.31   5.9805e-19   1.7631e-19
 4513.37   5.5955e-19   1.9387e-19
 4516.44   6.4008e-19   1.6488e-19
 4519.50   4.4747e-19   1.6822e-19
 4522.57   4.8472e-19   1.5964e-19
 4525.63   5.3638e-19   1.6024e-19
 4528.70   5.4472e-19   1.7803e-19
 4531.76   5.5003e-19   1.6297e-19
 4534.83   5.4909e-19   1.5861e-19
 4537.89   5.9894e-19   1.6450e-19
 4540.95   5.9796e-19   1.6653e-19
 4544.02   5.4733e-19   1.6527e-19
 4547.08   5.8298e-19   1.6411e-19
 4550.15   6.9285e-19   1.6596e-19
 4553.21   6.5845e-19   1.6032e-19
 4556.28   7.7676e-19   1.5927e-19
 4559.34   6.7624e-19   1.5921e-19
 4562.41   6.0084e-19   1.6450e-19
 4565.47   6.0762e-19   1.6260e-19
 4568.53   6.8561e-19   1.5954e-19
 4571.60   6.9191e-19   1.7006e-19
 4574.66   6.5344e-19   1.5170e-19
 4577.73   6.9064e-19   1.5667e-19
 4580.79   6.7272e-19   1.5646e-19
 4583.86   7.6122e-19   1.5455e-19
 4586.92   6.0883e-19   1.5618e-19
 4589.99   6.0548e-19   1.5502e-19
 4593.05   6.7397e-19   1.6123e-19
 4596.11   8.0413e-19   1.5741e-19
 4599.18   7.1432e-19   1.5880e-19
 4602.24   5.4843e-19   1.4942e-19
 4605.31   7.5764e-19   1.5745e-19
 4608.37   6.7384e-19   1.6525e-19
 4611.44   6.4633e-19   1.5089e-19
 4614.50   7.6248e-19   1.5283e-19
 4617.57   7.3465e-19   1.4854e-19
 4620.63   5.7093e-19   1.4741e-19
 4623.69   7.5942e-19   1.5486e-19
 4626.76   6.4866e-19   1.4717e-19
 4629.82   7.3667e-19   1.4988e-19
 4632.89   7.5613e-19   1.5820e-19
 4635.95   6.1050e-19   1.5522e-19
 4639.02   7.1469e-19   1.4930e-19
 4642.08   6.5869e-19   1.5115e-19
 4645.15   7.2011e-19   1.5366e-19
 4648.21   6.5367e-19   1.7081e-19
 4651.27   7.0488e-19   1.4935e-19
 4654.34   7.7147e-19   1.6047e-19
 4657.40   7.5175e-19   1.5443e-19
 4660.47   6.1828e-19   1.6017e-19
 4663.53   7.5949e-19   1.4894e-19
 4666.60   6.9952e-19   1.4986e-19
 4669.66   5.5972e-19   1.4771e-19
 4672.73   6.5593e-19   1.4438e-19
 4675.79   4.8900e-19   1.7464e-19
 4678.85   5.6272e-19   1.5152e-19
 4681.92   7.5860e-19   1.5098e-19
 4684.98   6.1987e-19   1.4664e-19
 4688.05   7.2019e-19   1.5611e-19
 4691.11   5.9511e-19   1.5104e-19
 4694.18   6.0421e-19   1.4725e-19
 4697.24   5.6829e-19   1.4479e-19
 4700.31   5.5608e-19   1.4232e-19
 4703.37   6.8194e-19   1.4783e-19
 4706.43   7.6967e-19   1.5567e-19
 4709.50   9.1839e-19   1.5228e-19
 4712.56   7.3177e-19   1.4768e-19
 4715.63   5.7841e-19   1.4270e-19
 4718.69   4.4125e-19   1.3868e-19
 4721.76   5.1928e-19   1.4786e-19
 4724.82   5.6714e-19   1.5166e-19
 4727.89   5.2875e-19   1.4374e-19
 4730.95   5.4211e-19   1.4616e-19
 4734.01   5.1479e-19   1.4496e-19
 4737.08   5.5668e-19   1.3996e-19
 4740.14   5.1630e-19   1.4131e-19
 4743.21   5.8028e-19   1.3566e-19
 4746.27   6.0947e-19   1.4324e-19
 4749.34   6.5400e-19   1.4199e-19
 4752.40   5.6650e-19   1.3864e-19
 4755.47   5.7582e-19   1.4298e-19
 4758.53   5.5574e-19   1.3884e-19
 4761.59   9.0810e-19   1.4290e-19
 4764.66   7.3262e-19   1.4362e-19
 4767.72   6.3298e-19   1.4025e-19
 4770.79   6.4834e-19   1.3872e-19
 4773.85   6.0550e-19   1.3674e-19
 4776.92   6.1929e-19   1.4716e-19
 4779.98   7.2277e-19   1.3776e-19
 4783.05   8.8700e-19   1.4284e-19
 4786.11   6.8519e-19   1.3561e-19
 4789.17   7.5716e-19   1.4104e-19
 4792.24   7.7558e-19   1.4215e-19
 4795.30   6.9256e-19   1.4045e-19
 4798.37   6.7123e-19   1.3493e-19
 4801.43   7.4679e-19   1.4243e-19
 4804.50   7.4958e-19   1.4321e-19
 4807.56   6.7751e-19   1.4495e-19
 4810.63   6.7924e-19   1.3756e-19
 4813.69   5.3606e-19   1.3603e-19
 4816.75   5.9767e-19   1.4169e-19
 4819.82   7.9318e-19   1.4504e-19
 4822.88   7.7740e-19   1.4414e-19
 4825.95   7.7340e-19   1.3984e-19
 4829.01   7.3792e-19   1.4322e-19
 4832.08   6.8263e-19   1.3987e-19
 4835.14   7.0999e-19   1.4546e-19
 4838.21   5.2324e-19   1.5079e-19
 4841.27   4.8916e-19   1.3611e-19
 4844.33   6.1161e-19   1.4036e-19
 4847.40   5.8531e-19   1.3346e-19
 4850.46   5.7504e-19   1.3930e-19
 4853.53   4.9384e-19   1.4548e-19
 4856.59   4.3672e-19   1.2478e-19
 4859.66   5.4040e-19   1.2998e-19
 4862.72   5.4259e-19   1.3647e-19
 4865.79   5.1601e-19   1.2968e-19
 4868.85   4.6906e-19   1.3033e-19
 4871.91   4.4508e-19   1.2765e-19
 4874.98   5.6169e-19   1.5119e-19
 4878.04   5.9643e-19   1.3474e-19
 4881.11   6.7023e-19   1.3551e-19
 4884.17   6.5433e-19   1.3639e-19
 4887.24   5.5840e-19   1.3106e-19
 4890.30   5.6682e-19   1.2823e-19
 4893.37   5.5643e-19   1.2703e-19
 4896.43   5.4992e-19   1.3519e-19
 4899.49   6.7075e-19   1.3145e-19
 4902.56   6.5774e-19   1.2793e-19
 4905.62   5.9181e-19   1.2854e-19
 4908.69   5.9978e-19   1.3190e-19
 4911.75   5.3181e-19   1.3213e-19
 4914.82   6.0076e-19   1.2945e-19
 4917.88   5.9476e-19   1.3017e-19
 4920.95   5.5649e-19   1.2586e-19
 4924.01   5.9791e-19   1.2419e-19
 4927.07   6.0918e-19   1.2539e-19
 4930.14   6.8381e-19   1.2839e-19
 4933.20   7.0040e-19   1.2724e-19
 5098.68   9.1156e-19   1.2091e-19
 5101.75   9.1349e-19   1.1894e-19
 5104.81   9.8928e-19   1.2119e-19
 5107.88   1.1698e-18   1.2810e-19
 5110.94   1.0166e-18   1.2196e-19
 5114.01   8.3206e-19   1.2133e-19
 5117.07   1.0104e-18   1.2205e-19
 5120.14   7.8552e-19   1.1921e-19
 5123.20   9.7519e-19   1.1935e-19
 5126.26   8.6322e-19   1.2022e-19
 5129.33   9.0336e-19   1.1932e-19
 5132.39   1.1071e-18   1.3112e-19
 5135.46   9.6681e-19   1.1987e-19
 5138.52   9.8844e-19   1.2108e-19
 5141.59   9.4682e-19   1.2509e-19
 5144.65   8.1289e-19   1.2084e-19
 5147.71   8.0892e-19   1.1823e-19
 5150.78   9.3751e-19   1.2210e-19
 5153.84   1.0878e-18   1.2750e-19
 5156.91   1.0375e-18   1.2569e-19
 5159.97   1.0211e-18   1.2327e-19
 5163.04   9.6388e-19   1.2055e-19
 5166.10   1.0017e-18   1.2549e-19
 5169.17   1.0123e-18   1.2180e-19
 5172.23   1.0443e-18   1.2332e-19
 5175.29   1.1616e-18   1.2191e-19
 5178.36   9.1648e-19   1.1651e-19
 5181.42   9.9769e-19   1.2292e-19
 5184.49   1.0230e-18   1.2344e-19
 5187.55   9.9442e-19   1.2071e-19
 5190.62   1.0358e-18   1.2396e-19
 5193.68   9.6619e-19   1.2444e-19
 5196.75   1.0416e-18   1.2577e-19
 5199.81   1.0642e-18   1.2490e-19
 5202.88   1.0323e-18   1.2589e-19
 5205.94   1.0429e-18   1.2602e-19
 5209.00   9.9804e-19   1.2602e-19
 5212.07   8.8600e-19   1.2225e-19
 5215.13   8.9817e-19   1.2083e-19
 5218.20   1.0189e-18   1.2201e-19
 5221.26   1.0176e-18   1.2031e-19
 5224.33   1.0482e-18   1.2056e-19
 5227.39   1.0129e-18   1.2003e-19
 5230.46   1.0604e-18   1.2083e-19
 5233.52   1.0867e-18   1.2013e-19
 5236.58   1.1874e-18   1.2102e-19
 5239.65   1.0878e-18   1.2277e-19
 5242.71   1.0080e-18   1.2429e-19
 5245.78   1.0589e-18   1.2302e-19
 5248.84   1.0845e-18   1.2168e-19
 5251.91   1.0541e-18   1.2380e-19
 5254.97   1.0028e-18   1.2169e-19
 5258.04   9.2439e-19   1.1620e-19
 5261.10   9.1852e-19   1.1479e-19
 5264.16   8.5312e-19   1.1570e-19
 5267.23   7.9602e-19   1.1833e-19
 5270.29   1.0227e-18   1.2066e-19
 5273.36   1.1507e-18   1.1912e-19
 5276.42   1.0519e-18   1.1874e-19
 5279.49   1.0072e-18   1.2033e-19
 5282.55   9.3975e-19   1.2040e-19
 5285.62   9.0172e-19   1.1741e-19
 5288.68   9.4812e-19   1.1896e-19
 5291.74   9.6306e-19   1.1816e-19
 5294.81   8.6534e-19   1.1844e-19
 5297.87   8.9751e-19   1.1903e-19
 5300.94   1.0013e-18   1.1846e-19
 5304.00   9.8250e-19   1.2185e-19
 5307.07   1.0188e-18   1.1990e-19
 5310.13   1.0214e-18   1.1739e-19
 5313.20   9.2969e-19   1.1955e-19
 5316.26   1.1196e-18   1.2331e-19
 5319.32   9.3375e-19   1.1907e-19
 5322.39   1.0012e-18   1.1984e-19
 5325.45   1.0853e-18   1.2078e-19
 5328.52   1.0377e-18   1.1873e-19
 5331.58   1.1177e-18   1.2100e-19
 5334.65   6.7480e-19   8.9283e-20
 5337.71   9.0666e-19   9.9474e-20
 5340.78   1.1399e-18   1.2325e-19
 5343.84   1.0021e-18   1.1854e-19
 5346.90   1.1535e-18   1.2292e-19
 5349.97   1.1166e-18   1.2155e-19
 5353.03   9.6288e-19   1.1825e-19
 5356.10   1.0198e-18   1.1720e-19
 5359.16   1.1614e-18   1.2245e-19
 5362.23   9.9974e-19   1.2297e-19
 5365.29   1.0547e-18   1.1689e-19
 5368.36   1.1601e-18   1.2045e-19
 5371.42   1.0586e-18   1.1805e-19
 5374.48   1.0150e-18   1.1644e-19
 5377.55   1.0019e-18   1.1742e-19
 5380.61   1.0035e-18   1.1548e-19
 5383.68   1.0307e-18   1.1620e-19
 5386.74   1.1560e-18   1.1790e-19
 5389.81   1.1074e-18   1.2001e-19
 5392.87   1.0851e-18   1.1847e-19
 5395.94   1.0312e-18   1.1818e-19
 5399.00   8.8134e-19   1.1635e-19
 5402.06   9.6555e-19   1.1485e-19
 5405.13   9.2258e-19   1.1813e-19
 5408.19   1.1552e-18   1.1827e-19
 5411.26   9.5394e-19   1.1666e-19
 5414.32   9.2295e-19   1.1600e-19
 5417.39   9.3060e-19   1.1570e-19
 5420.45   8.7048e-19   1.1315e-19
 5423.52   9.2667e-19   1.1571e-19
 5426.58   1.0465e-18   1.1807e-19
 5429.64   9.5148e-19   1.1581e-19
 5432.71   1.0298e-18   1.1863e-19
 5435.77   9.3410e-19   1.1704e-19
 5438.84   1.0897e-18   1.1930e-19
 5441.90   9.3143e-19   1.1672e-19
 5444.97   7.9252e-19   1.1588e-19
 5448.03   8.2492e-19   1.1320e-19
 5451.10   8.2656e-19   1.2197e-19
 5454.16   8.1044e-19   1.1589e-19
 5457.22   8.4563e-19   1.1457e-19
 5460.29   6.6073e-19   1.1524e-19
 5463.35   8.4807e-19   1.1725e-19
 5466.42   8.4293e-19   1.1483e-19
 5469.48   8.8044e-19   1.1947e-19
 5472.55   1.0023e-18   1.1974e-19
 5475.61   9.9970e-19   1.1662e-19
 5478.68   9.7090e-19   1.1494e-19
 5481.74   1.0304e-18   1.1639e-19
 5484.80   9.3472e-19   1.1432e-19
 5487.87   9.4596e-19   1.1548e-19
 5490.93   1.0509e-18   1.1683e-19
 5494.00   1.0252e-18   1.1774e-19
 5497.06   9.6186e-19   1.1692e-19
 5500.13   9.7042e-19   1.1686e-19
 5503.19   9.8375e-19   1.1629e-19
 5506.26   1.0011e-18   1.1642e-19
 5509.32   9.6835e-19   1.1617e-19
 5512.38   9.8681e-19   1.1645e-19
 5515.45   1.0094e-18   1.1759e-19
 5518.51   1.0827e-18   1.1939e-19
 5521.58   1.0199e-18   1.1853e-19
 5524.64   1.0231e-18   1.1867e-19
 5527.71   1.1240e-18   1.1992e-19
 5530.77   1.1276e-18   1.1877e-19
 5533.84   1.1349e-18   1.2103e-19
 5536.90   1.1830e-18   1.2365e-19
 5539.96   1.1067e-18   1.2456e-19
 5543.03   9.9903e-19   1.2481e-19
 5546.09   1.0965e-18   1.2476e-19
 5549.16   1.1010e-18   1.2600e-19
 5552.22   1.0380e-18   1.3013e-19
 5555.29   9.7128e-19   1.2689e-19
 5558.35   9.1584e-19   1.3005e-19
 5561.42   8.7448e-19   1.3445e-19
 5595.12   1.2169e-18   1.3553e-19
 5598.19   1.0729e-18   1.3081e-19
 5601.25   1.1243e-18   1.2921e-19
 5604.32   1.2302e-18   1.2583e-19
 5607.38   1.1227e-18   1.2400e-19
 5610.45   1.0090e-18   1.2376e-19
 5613.51   1.0333e-18   1.2239e-19
 5616.58   1.1849e-18   1.2126e-19
 5619.64   1.1144e-18   1.1977e-19
 5622.70   1.1652e-18   1.2086e-19
 5625.77   1.2405e-18   1.2125e-19
 5628.83   1.2085e-18   1.2003e-19
 5631.90   1.2999e-18   1.2207e-19
 5634.96   1.1924e-18   1.1971e-19
 5638.03   1.0561e-18   1.1453e-19
 5641.09   1.0377e-18   1.1760e-19
 5644.16   9.6755e-19   1.1303e-19
 5647.22   1.3032e-18   1.1899e-19
 5650.28   1.3140e-18   1.1898e-19
 5653.35   1.0493e-18   1.1400e-19
 5656.41   1.1159e-18   1.1506e-19
 5659.48   1.1732e-18   1.1361e-19
 5662.54   1.2073e-18   1.1455e-19
 5665.61   1.1875e-18   1.1525e-19
 5668.67   1.2369e-18   1.1452e-19
 5671.74   1.2748e-18   1.1654e-19
 5674.80   1.2408e-18   1.1602e-19
 5677.86   1.3080e-18   1.1644e-19
 5680.93   1.3178e-18   1.1517e-19
 5683.99   1.3479e-18   1.1663e-19
 5687.06   1.2413e-18   1.1402e-19
 5690.12   1.1577e-18   1.1636e-19
 5693.19   1.0649e-18   1.1614e-19
 5696.25   1.2215e-18   1.1657e-19
 5699.32   1.1520e-18   1.1433e-19
 5702.38   1.1170e-18   1.1520e-19
 5705.44   1.3036e-18   1.1485e-19
 5708.51   1.2869e-18   1.1387e-19
 5711.57   1.3307e-18   1.1501e-19
 5714.64   1.2835e-18   1.1415e-19
 5717.70   1.3240e-18   1.1455e-19
 5720.77   1.3318e-18   1.1506e-19
 5723.83   1.2758e-18   1.1547e-19
 5726.90   1.2024e-18   1.1340e-19
 5729.96   1.2550e-18   1.1226e-19
 5733.02   1.3108e-18   1.1295e-19
 5736.09   1.2305e-18   1.1152e-19
 5739.15   1.1411e-18   1.1151e-19
 5742.22   1.1495e-18   1.1121e-19
 5745.28   1.2360e-18   1.1148e-19
 5748.35   1.2653e-18   1.0970e-19
 5751.41   1.2544e-18   1.1060e-19
 5754.48   1.3004e-18   1.1123e-19
 5757.54   1.2445e-18   1.1035e-19
 5760.60   1.1513e-18   1.1059e-19
 5763.67   1.2732e-18   1.1138e-19
 5766.73   1.3496e-18   1.1141e-19
 5769.80   1.0875e-18   1.0870e-19
 5772.86   1.0948e-18   1.1014e-19
 5775.93   1.2449e-18   1.1140e-19
 5778.99   1.1868e-18   1.0855e-19
 5782.06   1.2031e-18   1.0936e-19
 5785.12   1.2212e-18   1.0938e-19
 5788.19   1.1100e-18   1.0883e-19
 5791.25   1.2221e-18   1.0946e-19
 5794.31   1.3319e-18   1.1184e-19
 5797.38   1.2905e-18   1.1043e-19
 5800.44   1.2834e-18   1.0864e-19
 5803.51   1.1765e-18   1.0847e-19
 5806.57   1.1163e-18   1.0675e-19
 5809.64   1.2146e-18   1.0748e-19
 5812.70   1.2089e-18   1.0788e-19
 5815.77   1.1959e-18   1.0685e-19
 5818.83   1.1185e-18   1.0718e-19
 5821.89   1.1124e-18   1.0888e-19
 5824.96   1.2761e-18   1.0935e-19
 5828.02   1.2825e-18   1.0921e-19
 5831.09   1.3120e-18   1.1011e-19
 5834.15   1.1568e-18   1.0902e-19
 5837.22   1.1767e-18   1.0807e-19
 5840.28   1.3317e-18   1.1162e-19
 5843.35   1.2193e-18   1.1058e-19
 5846.41   1.4422e-18   1.1243e-19
 5849.47   1.2804e-18   1.0992e-19
 5852.54   1.2503e-18   1.0954e-19
 5855.60   1.1860e-18   1.1009e-19
 5858.67   1.2866e-18   1.1647e-19
 5861.73   1.1766e-18   1.1525e-19
 5864.80   1.4248e-18   1.2250e-19
 5867.86   1.2823e-18   1.1755e-19
 5870.93   1.3056e-18   1.1805e-19
 5873.99   1.2346e-18   1.2088e-19
 5877.05   1.2998e-18   1.2030e-19
 5880.12   1.1479e-18   1.3107e-19
 5883.18   1.1029e-18   1.3895e-19
 5886.25   1.2144e-18   1.5417e-19
 5889.31   1.0316e-18   1.5200e-19
 5892.38   1.1365e-18   1.5419e-19
 5895.44   1.2301e-18   1.5751e-19
 5898.51   1.0871e-18   1.4920e-19
 5901.57   1.0569e-18   1.3808e-19
 5904.63   1.0785e-18   1.2873e-19
 5907.70   1.0819e-18   1.2016e-19
 5910.76   1.0155e-18   1.1587e-19
 5913.83   1.0800e-18   1.1599e-19
 5916.89   1.0209e-18   1.1586e-19
 5919.96   1.1786e-18   1.1858e-19
 5923.02   1.1258e-18   1.1818e-19
 5926.09   1.0506e-18   1.1817e-19
 5929.15   9.0690e-19   1.1367e-19
 5932.21   1.1266e-18   1.1584e-19
 5935.28   1.1695e-18   1.1587e-19
 5938.34   1.0973e-18   1.1541e-19
 5941.41   1.1828e-18   1.1555e-19
 5944.47   1.1177e-18   1.1311e-19
 5947.54   1.1356e-18   1.1464e-19
 5950.60   1.1241e-18   1.1385e-19
 5953.67   1.1315e-18   1.1322e-19
 5956.73   1.0712e-18   1.1283e-19
 5959.79   1.0721e-18   1.1302e-19
 5962.86   1.1673e-18   1.1257e-19
 5965.92   1.1429e-18   1.1204e-19
 5968.99   1.0481e-18   1.1014e-19
 5972.05   1.0109e-18   1.1085e-19
 5975.12   1.1369e-18   1.1142e-19
 5978.18   1.1550e-18   1.1101e-19
 5981.25   1.1494e-18   1.0925e-19
 5984.31   1.2538e-18   1.1055e-19
 5987.37   1.2211e-18   1.0847e-19
 5990.44   1.1723e-18   1.0659e-19
 5993.50   1.2504e-18   1.0902e-19
 5996.57   1.2013e-18   1.0908e-19
 5999.63   1.1422e-18   1.0676e-19
 6002.70   1.2326e-18   1.0935e-19
 6005.76   1.0924e-18   1.0526e-19
 6008.83   1.1197e-18   1.0444e-19
 6011.89   1.2471e-18   1.0548e-19
 6014.95   1.1921e-18   1.0519e-19
 6018.02   1.1655e-18   1.0262e-19
 6021.08   1.1622e-18   1.0245e-19
 6024.15   1.1752e-18   1.0410e-19
 6027.21   1.1858e-18   1.0540e-19
 6030.28   1.0604e-18   1.0420e-19
 6033.34   1.1577e-18   1.0578e-19
 6036.41   1.3353e-18   1.0637e-19
 6039.47   1.0405e-18   1.0356e-19
 6042.53   1.2993e-18   1.0580e-19
 6045.60   1.2323e-18   1.0363e-19
 6048.66   1.2710e-18   1.0267e-19
 6051.73   1.2639e-18   1.0242e-19
 6054.79   1.2128e-18   1.0243e-19
 6057.86   1.2456e-18   1.0696e-19
 6060.92   1.2422e-18   1.0726e-19
 6063.99   1.1947e-18   1.0339e-19
 6067.05   1.0825e-18   1.0163e-19
 6070.11   1.1979e-18   1.0264e-19
 6073.18   1.2472e-18   1.0601e-19
 6076.24   1.3633e-18   1.0564e-19
 6079.31   1.0666e-18   9.9316e-20
 6082.37   1.1789e-18   1.0196e-19
 6085.44   1.2034e-18   1.0130e-19
 6088.50   1.3083e-18   1.0367e-19
 6091.57   1.1789e-18   1.0098e-19
 6094.63   1.0939e-18   9.9912e-20
 6097.69   1.1825e-18   1.0109e-19
 6100.76   1.2292e-18   1.0212e-19
 6103.82   1.2222e-18   1.0230e-19
 6106.89   1.1909e-18   1.0168e-19
 6109.95   1.2273e-18   1.0050e-19
 6113.02   1.2804e-18   1.0082e-19
 6116.08   1.1963e-18   1.0181e-19
 6119.15   1.1780e-18   1.0141e-19
 6122.21   1.1599e-18   1.0092e-19
 6125.27   1.1881e-18   1.0070e-19
 6128.34   1.2289e-18   1.0108e-19
 6131.40   1.1844e-18   1.0060e-19
 6134.47   1.1334e-18   1.0212e-19
 6137.53   1.1190e-18   1.0247e-19
 6140.60   1.1738e-18   1.0387e-19
 6143.66   1.1403e-18   1.0391e-19
 6146.73   1.1029e-18   1.0184e-19
 6149.79   1.1362e-18   1.0161e-19
 6152.85   1.1175e-18   1.0098e-19
 6155.92   1.1822e-18   1.0237e-19
 6158.98   1.0702e-18   1.0141e-19
 6162.05   9.8844e-19   1.0003e-19
 6165.11   1.0474e-18   1.0093e-19
 6168.18   9.7169e-19   1.0085e-19
 6171.24   1.0585e-18   1.0209e-19
 6174.31   1.1998e-18   1.0458e-19
 6177.37   1.0674e-18   1.0193e-19
 6180.43   1.0600e-18   1.0050e-19
 6183.50   1.1123e-18   1.0176e-19
 6186.56   1.0743e-18   1.0149e-19
 6189.63   1.1026e-18   1.0151e-19
 6192.69   1.2089e-18   1.0417e-19
 6195.76   1.0903e-18   1.0115e-19
 6198.82   1.1637e-18   1.0112e-19
 6201.89   1.1852e-18   1.0138e-19
 6204.95   1.1223e-18   1.0221e-19
 6208.01   1.1767e-18   1.0355e-19
 6211.08   1.1116e-18   1.0220e-19
 6214.14   1.0458e-18   1.0155e-19
 6217.21   1.2498e-18   1.0575e-19
 6220.27   1.1281e-18   1.0357e-19
 6223.34   1.1942e-18   1.0573e-19
 6226.40   1.2274e-18   1.1240e-19
 6229.47   1.1249e-18   1.1548e-19
 6232.53   1.0258e-18   1.1619e-19
 6235.59   1.1408e-18   1.1643e-19
 6238.66   1.0965e-18   1.1839e-19
 6241.72   1.2673e-18   1.1938e-19
 6244.79   1.2721e-18   1.1533e-19
 6247.85   1.1808e-18   1.1270e-19
 6250.92   1.2140e-18   1.1547e-19
 6253.98   1.2781e-18   1.1546e-19
 6257.05   1.3470e-18   1.1803e-19
 6260.11   1.1126e-18   1.1492e-19
 6263.17   1.1141e-18   1.1355e-19
 6266.24   1.2273e-18   1.1408e-19
 6269.30   1.1321e-18   1.0822e-19
 6272.37   1.1211e-18   1.0675e-19
 6275.43   1.1744e-18   1.0839e-19
 6278.50   1.2233e-18   1.1308e-19
 6281.56   1.1719e-18   1.1324e-19
 6284.63   1.0679e-18   1.1422e-19
 6318.33   1.1493e-18   1.0980e-19
 6321.40   1.1062e-18   1.0918e-19
 6324.46   1.0309e-18   1.0923e-19
 6327.53   1.1191e-18   1.1043e-19
 6330.59   1.1302e-18   1.0992e-19
 6333.66   1.0527e-18   1.0791e-19
 6336.72   1.0797e-18   1.0716e-19
 6339.79   1.1111e-18   1.0510e-19
 6342.85   1.0398e-18   1.0291e-19
 6345.92   9.8165e-19   1.0210e-19
 6348.98   1.0078e-18   1.0683e-19
 6382.69   1.0354e-18   1.0067e-19
 6385.75   1.0275e-18   1.0205e-19
 6388.82   1.1219e-18   1.0011e-19
 6391.88   1.1775e-18   1.0144e-19
 6394.95   1.1548e-18   9.7913e-20
 6398.01   1.1210e-18   9.6293e-20
 6401.07   1.1397e-18   9.5780e-20
 6404.14   1.1533e-18   9.6120e-20
 6407.20   1.1455e-18   9.7130e-20
 6410.27   1.2703e-18   9.7417e-20
 6413.33   1.2140e-18   9.5865e-20
 6416.40   1.2616e-18   9.6535e-20
 6419.46   1.1363e-18   9.6759e-20
 6422.53   1.0134e-18   9.5359e-20
 6425.59   1.1185e-18   9.6027e-20
 6428.65   1.2068e-18   9.6341e-20
 6431.72   1.1611e-18   9.4205e-20
 6434.78   1.1251e-18   9.4815e-20
 6437.85   1.2065e-18   9.4878e-20
 6440.91   1.2093e-18   9.5856e-20
 6443.98   1.1388e-18   9.4765e-20
 6447.04   1.3297e-18   9.6847e-20
 6450.11   1.2623e-18   9.8020e-20
 6453.17   1.1227e-18   9.7089e-20
 6456.23   1.2207e-18   1.0229e-19
 6459.30   1.1484e-18   1.0399e-19
 6462.36   1.0242e-18   1.0340e-19
 6465.43   1.0494e-18   1.0719e-19
 6468.49   1.0717e-18   1.0666e-19
 6471.56   1.0494e-18   1.0644e-19
 6474.62   1.0869e-18   1.0230e-19
 6477.69   1.1850e-18   9.9426e-20
 6480.75   1.2919e-18   9.8695e-20
 6483.81   1.2186e-18   9.6657e-20
 6486.88   1.1902e-18   9.7794e-20
 6489.94   1.2237e-18   1.0227e-19
 6493.01   1.1819e-18   1.0686e-19
 6496.07   1.2626e-18   1.0755e-19
 6499.14   1.1287e-18   1.0651e-19
 6502.20   1.2353e-18   1.0951e-19
 6505.27   1.2722e-18   1.0952e-19
 6508.33   1.1893e-18   1.0411e-19
 6511.40   1.1658e-18   9.9458e-20
 6514.46   1.2114e-18   9.8244e-20
 6517.52   1.1808e-18   9.6845e-20
 6520.59   1.1637e-18   9.8142e-20
 6523.65   1.2198e-18   1.0325e-19
 6526.72   1.1676e-18   1.0410e-19
 6529.78   1.0792e-18   1.0279e-19
 6532.85   1.1407e-18   1.0384e-19
 6535.91   1.1229e-18   1.0524e-19
 6538.98   1.0218e-18   1.0423e-19
 6542.04   9.7460e-19   1.0364e-19
 6545.10   1.1050e-18   1.0695e-19
 6548.17   1.0966e-18   1.0669e-19
 6551.23   1.0266e-18   1.0902e-19
 6554.30   1.0358e-18   1.0921e-19
 6557.36   8.5210e-19   1.0707e-19
 6560.43   9.4917e-19   1.0605e-19
 6563.49   1.0367e-18   1.0394e-19
 6566.56   9.7534e-19   1.0312e-19
 6569.62   1.0607e-18   1.0513e-19
 6572.68   1.1376e-18   1.0550e-19
 6575.75   1.1831e-18   1.0369e-19
 6578.81   1.1480e-18   1.0140e-19
 6581.88   1.2807e-18   1.0175e-19
 6584.94   9.9105e-19   9.6819e-20
 6588.01   1.0878e-18   9.4029e-20
 6591.07   1.0969e-18   9.4709e-20
 6594.14   1.0459e-18   9.6361e-20
 6597.20   1.2865e-18   9.8896e-20
 6600.26   1.1855e-18   9.7125e-20
 6603.33   1.0716e-18   9.5273e-20
 6606.39   1.3303e-18   9.7694e-20
 6609.46   1.1680e-18   9.4399e-20
 6612.52   1.2368e-18   9.5861e-20
 6615.59   1.1686e-18   9.1411e-20
 6618.65   1.2518e-18   9.2420e-20
 6621.72   1.0738e-18   9.1575e-20
 6624.78   1.1707e-18   9.3920e-20
 6627.84   1.1495e-18   9.2249e-20
 6630.91   1.2795e-18   9.5127e-20
 6633.97   1.2439e-18   9.3377e-20
 6637.04   1.3159e-18   9.4680e-20
 6640.10   1.2512e-18   9.1348e-20
 6643.17   1.1660e-18   8.9608e-20
 6646.23   1.1495e-18   8.9555e-20
 6649.30   1.2281e-18   9.0068e-20
 6652.36   1.1454e-18   8.9804e-20
 6655.42   1.1048e-18   9.0080e-20
 6658.49   1.1926e-18   9.3166e-20
 6661.55   1.1392e-18   9.0907e-20
 6664.62   1.1110e-18   9.1116e-20
 6667.68   1.0737e-18   9.1090e-20
 6670.75   1.0326e-18   9.0260e-20
 6673.81   1.0910e-18   9.1594e-20
 6676.88   1.0687e-18   9.2636e-20
 6679.94   1.0418e-18   9.1901e-20
 6683.00   1.0923e-18   9.2034e-20
 6686.07   1.1626e-18   9.3514e-20
 6689.13   1.1725e-18   9.3946e-20
 6692.20   1.1347e-18   9.2943e-20
 6695.26   1.1332e-18   9.2609e-20
 6698.33   1.1761e-18   9.3205e-20
 6701.39   1.1356e-18   9.2162e-20
 6704.46   1.0685e-18   9.0565e-20
 6707.52   1.1191e-18   9.1170e-20
 6710.58   1.1199e-18   8.9836e-20
 6713.65   1.1348e-18   8.9528e-20
 6716.71   1.0827e-18   8.9085e-20
 6719.78   1.0749e-18   8.7858e-20
 6722.84   1.1274e-18   8.8767e-20
 6725.91   1.1124e-18   8.9185e-20
 6728.97   1.1638e-18   8.8457e-20
 6732.04   1.1889e-18   8.9281e-20
 6735.10   1.1985e-18   8.6412e-20
 6738.16   1.1284e-18   8.5757e-20
 6741.23   1.0793e-18   8.5398e-20
 6744.29   1.2063e-18   8.6793e-20
 6747.36   1.1244e-18   8.5980e-20
 6750.42   1.0581e-18   8.6815e-20
 6753.49   1.0612e-18   8.5804e-20
 6756.55   1.1452e-18   8.8905e-20
 6759.62   9.9847e-19   8.5739e-20
 6762.68   1.0689e-18   8.7567e-20
 6765.74   1.1636e-18   8.7582e-20
 6768.81   1.0698e-18   8.5903e-20
 6771.87   1.1670e-18   8.7005e-20
 6774.94   1.0932e-18   8.5452e-20
 6778.00   1.2350e-18   8.9639e-20
 6781.07   1.1226e-18   8.6275e-20
 6784.13   1.1770e-18   8.7322e-20
 6787.20   1.1727e-18   8.7716e-20
 6790.26   1.1691e-18   8.5532e-20
 6793.32   1.0858e-18   8.5081e-20
 6796.39   1.0405e-18   8.5719e-20
 6799.45   1.1061e-18   8.5315e-20
 6802.52   1.1063e-18   8.5645e-20
 6805.58   1.1944e-18   8.7808e-20
 6808.65   1.0511e-18   8.5721e-20
 6811.71   1.1143e-18   8.7705e-20
 6814.78   1.1020e-18   8.7348e-20
 6817.84   1.0163e-18   9.4198e-20
 6820.90   1.0237e-18   1.0338e-19
 6823.97   1.0424e-18   1.0947e-19
 6827.03   1.0542e-18   1.1609e-19
 6830.10   1.0335e-18   1.1823e-19
 6833.16   1.0364e-18   1.1838e-19
 6836.23   1.0289e-18   1.1547e-19
 6839.29   1.0333e-18   1.0721e-19
 6842.36   1.0329e-18   9.9266e-20
 6845.42   1.0589e-18   9.5528e-20
 6848.48   9.2613e-19   9.2160e-20
 6851.55   8.4052e-19   9.6906e-20
 6854.61   8.7080e-19   1.0436e-19
 6857.68   1.0390e-18   1.0710e-19
 6860.74   9.3932e-19   1.0831e-19
 6863.81   9.4311e-19   1.0887e-19
 6866.87   1.0047e-18   1.0928e-19
 6869.94   9.3966e-19   1.0854e-19
 6873.00   8.3110e-19   9.9745e-20
 6876.06   6.8659e-19   8.9425e-20
 6879.13   7.8029e-19   9.0042e-20
 6882.19   8.4068e-19   9.1121e-20
 6885.26   8.3883e-19   9.1386e-20
 6888.32   9.4659e-19   9.2434e-20
 6891.39   9.8948e-19   9.3405e-20
 6894.45   9.7065e-19   9.3995e-20
 6897.52   1.0342e-18   9.3123e-20
 6900.58   1.0103e-18   9.3644e-20
 6903.64   9.6248e-19   9.4719e-20
 6906.71   1.0572e-18   9.8254e-20
 6909.77   9.3516e-19   9.6040e-20
 6912.84   9.9782e-19   1.0227e-19
 6915.90   1.0597e-18   1.0495e-19
 6918.97   1.0113e-18   1.0531e-19
 6922.03   9.1973e-19   1.0108e-19
 6925.10   1.1370e-18   9.9973e-20
 6928.16   9.4960e-19   1.0143e-19
 6931.22   1.0074e-18   1.0198e-19
 6934.29   9.6229e-19   9.4897e-20
 6937.35   1.0661e-18   9.9985e-20
 6940.42   1.0350e-18   1.0618e-19
 6943.48   1.0095e-18   1.0635e-19
 6946.55   9.4098e-19   1.0657e-19
 6949.61   8.6722e-19   1.0199e-19
 6952.68   1.1427e-18   1.0341e-19
 6955.74   1.0408e-18   1.0232e-19
 6958.80   9.2267e-19   9.4520e-20
 6961.87   9.2993e-19   9.1337e-20
 6964.93   8.5729e-19   8.9220e-20
 6968.00   9.3955e-19   9.4101e-20
 6971.06   1.0142e-18   9.9188e-20
 6974.13   9.4266e-19   9.7562e-20
 6977.19   1.0782e-18   9.9167e-20
 6980.26   1.0158e-18   9.7632e-20
 6983.32   8.5031e-19   9.3928e-20
 6986.38   9.1335e-19   9.1813e-20
 6989.45   1.0059e-18   8.8198e-20
 6992.51   1.0108e-18   8.5765e-20
 6995.58   1.0292e-18   8.6609e-20
 6998.64   1.0984e-18   8.9098e-20
 7001.71   1.1043e-18   8.9907e-20
 7004.77   9.8543e-19   8.9312e-20
 7007.84   9.8819e-19   8.9801e-20
 7010.90   1.0829e-18   8.9303e-20
 7013.96   1.0708e-18   8.8810e-20
 7017.03   1.0582e-18   8.7577e-20
 7020.09   1.0481e-18   8.5216e-20
 7023.16   1.0546e-18   8.2943e-20
 7026.22   1.1208e-18   8.4154e-20
 7029.29   1.1507e-18   8.4231e-20
 7032.35   1.0769e-18   8.3138e-20
 7035.42   1.0344e-18   8.5403e-20
 7038.48   1.0190e-18   8.7283e-20
 7041.54   1.0570e-18   8.8672e-20
 7044.61   1.0388e-18   8.9642e-20
 7047.67   1.0040e-18   8.9434e-20
 7050.74   9.8294e-19   8.8930e-20
 7053.80   9.9088e-19   8.9560e-20
 7056.87   1.1445e-18   9.0802e-20
 7059.93   1.1138e-18   8.8667e-20
 7063.00   1.0585e-18   8.6625e-20
 7066.06   1.0906e-18   8.6805e-20
 7069.12   1.0988e-18   8.7842e-20
 7072.19   9.7655e-19   8.8024e-20
 7075.25   9.4804e-19   8.6729e-20
 7078.32   1.0654e-18   8.8072e-20
 7081.38   1.0034e-18   8.7382e-20
 7084.45   9.4227e-19   8.6690e-20
 7087.51   9.6810e-19   8.5945e-20
 7090.58   1.0094e-18   8.5749e-20
 7093.64   1.1581e-18   8.7525e-20
 7096.71   1.0501e-18   8.4143e-20
 7099.77   1.0291e-18   8.3911e-20
 7102.83   1.0276e-18   8.3210e-20
 7105.90   9.3810e-19   8.2828e-20
 7108.96   1.0676e-18   8.4483e-20
 7112.03   1.0104e-18   8.3183e-20
 7115.09   1.0762e-18   8.3839e-20
 7118.16   1.1362e-18   8.4854e-20
 7121.22   1.0080e-18   8.4268e-20
 7124.29   1.0801e-18   8.4907e-20
 7127.35   1.1489e-18   8.5666e-20
 7130.41   1.0402e-18   8.4959e-20
 7133.48   1.0571e-18   8.6674e-20
 7136.54   1.0688e-18   8.6771e-20
 7139.61   9.7577e-19   8.6357e-20
 7142.67   1.0941e-18   8.7626e-20
 7145.74   1.1565e-18   8.8936e-20
 7148.80   1.0851e-18   8.7141e-20
 7151.87   1.0772e-18   8.7341e-20
 7154.93   1.0027e-18   8.5636e-20
 7157.99   8.6881e-19   8.3498e-20
 7161.06   1.0566e-18   8.6675e-20
 7164.12   1.0513e-18   8.7262e-20
 7167.19   1.0053e-18   8.6462e-20
 7170.25   1.0143e-18   8.7458e-20
 7173.32   9.7662e-19   8.6828e-20
 7176.38   9.5462e-19   8.3801e-20
 7179.45   1.0135e-18   8.4300e-20
 7182.51   1.0121e-18   8.2900e-20
 7185.57   9.9351e-19   8.2480e-20
 7188.64   9.7564e-19   8.2312e-20
 7191.70   9.4941e-19   8.1261e-20
 7194.77   1.0084e-18   8.2177e-20
 7197.83   1.0270e-18   8.2655e-20
 7200.90   9.6422e-19   8.2554e-20
 7203.96   9.7329e-19   8.2926e-20
 7207.02   1.0432e-18   8.2822e-20
 7210.09   1.0311e-18   8.3011e-20
 7213.15   1.0079e-18   8.4234e-20
 7216.22   9.7469e-19   8.4102e-20
 7219.28   1.0126e-18   8.6578e-20
 7222.35   1.0499e-18   8.8769e-20
 7225.41   1.0019e-18   9.2779e-20
 7228.48   9.5278e-19   1.0572e-19
 7231.54   8.4782e-19   1.2018e-19
 7234.60   8.3291e-19   1.3893e-19
 7237.67   8.1005e-19   1.4477e-19
 7240.73   7.4302e-19   1.4427e-19
 7243.80   8.6861e-19   1.4632e-19
 7246.86   8.9657e-19   1.4298e-19
 7249.93   9.0296e-19   1.3658e-19
 7252.99   9.1420e-19   1.2143e-19
 7256.06   1.0085e-18   1.0664e-19
 7259.12   1.0919e-18   1.0200e-19
 7262.19   1.0455e-18   1.0417e-19
 7265.25   9.3069e-19   1.1816e-19
 7268.31   7.8304e-19   1.4110e-19
 7271.38   8.8299e-19   1.4257e-19
 7274.44   7.4582e-19   1.4358e-19
 7277.51   9.6034e-19   1.4535e-19
 7280.57   9.1411e-19   1.4482e-19
 7283.64   8.5348e-19   1.3953e-19
 7286.70   7.9753e-19   1.2681e-19
 7289.77   7.6649e-19   1.1889e-19
 7292.83   9.5591e-19   1.1239e-19
 7295.89   9.4199e-19   1.0959e-19
 7298.96   9.5951e-19   1.0545e-19
 7302.02   1.0874e-18   1.1360e-19
 7305.09   8.6843e-19   1.2292e-19
 7308.15   9.2475e-19   1.3080e-19
 7311.22   9.1833e-19   1.3483e-19
 7314.28   8.8995e-19   1.3474e-19
 7317.35   8.2799e-19   1.2687e-19
 7320.41   9.5158e-19   1.3034e-19
 7323.47   9.3196e-19   1.3032e-19
 7326.54   8.3808e-19   1.1778e-19
 7329.60   8.5843e-19   1.2370e-19
 7332.67   8.8800e-19   1.3928e-19
 7335.73   8.1366e-19   1.3446e-19
 7338.80   7.0093e-19   1.3022e-19
 7341.86   8.8043e-19   1.2968e-19
 7344.93   8.9210e-19   1.3191e-19
 7347.99   9.4417e-19   1.3197e-19
 7351.05   1.0540e-18   1.2404e-19
 7354.12   1.0087e-18   1.0934e-19
 7357.18   9.3170e-19   1.1595e-19
 7360.25   9.7736e-19   1.3103e-19
 7363.31   1.2316e-18   1.4260e-19
 7366.38   1.1099e-18   1.3389e-19
 7369.44   9.8729e-19   1.2240e-19
 7372.51   9.5371e-19   1.1889e-19
 7375.57   8.9011e-19   1.1673e-19
 7378.63   9.5401e-19   1.0737e-19
 7381.70   1.0540e-18   9.9520e-20
 7384.76   1.0679e-18   9.9659e-20
 7387.83   9.7297e-19   1.0200e-19
 7390.89   1.0201e-18   1.0994e-19
 7393.96   9.5778e-19   1.1411e-19
 7397.02   9.9364e-19   1.1618e-19
 7400.09   9.6398e-19   1.1239e-19
 7403.15   1.0134e-18   1.1225e-19
 7406.21   1.0370e-18   1.0827e-19
 7409.28   1.0276e-18   1.0549e-19
 7412.34   1.0055e-18   9.5126e-20
 7415.41   1.0332e-18   8.8041e-20
 7418.47   1.1186e-18   9.0640e-20
 7421.54   1.0306e-18   9.2301e-20
 7424.60   1.0133e-18   9.4483e-20
 7427.67   1.0846e-18   9.8429e-20
 7430.73   1.1785e-18   1.0288e-19
 7433.79   1.1198e-18   1.0096e-19
 7436.86   1.0273e-18   9.8737e-20
 7439.92   9.7279e-19   9.4405e-20
 7442.99   1.0207e-18   9.3769e-20
 7446.05   1.0875e-18   9.4174e-20
 7449.12   1.1032e-18   8.7806e-20
 7452.18   1.0745e-18   8.6313e-20
 7455.25   9.7946e-19   9.0318e-20
 7458.31   1.0415e-18   9.5233e-20
 7461.37   9.1243e-19   9.7956e-20
 7464.44   9.2476e-19   1.0207e-19
 7467.50   8.1384e-19   1.0542e-19
 7470.57   8.6300e-19   1.1087e-19
 7473.63   7.4796e-19   1.1654e-19
 7476.70   8.8072e-19   1.1972e-19
 7479.76   9.0675e-19   1.1378e-19
 7482.83   8.2476e-19   1.0848e-19
 7485.89   9.4933e-19   1.0638e-19
 7488.95   8.8381e-19   1.0159e-19
 7492.02   9.2792e-19   9.7507e-20
 7495.08   1.1672e-18   9.5248e-20
 7498.15   1.0865e-18   9.2725e-20
 7501.21   9.7595e-19   8.9560e-20
 7504.28   9.5848e-19   8.7550e-20
 7507.34   9.1563e-19   8.6592e-20
 7510.41   8.8638e-19   9.0853e-20
 7513.47   9.0753e-19   1.0477e-19
 7516.53   9.0819e-19   1.1819e-19
 7519.60   9.6210e-19   1.2172e-19
 7522.66   8.7999e-19   1.2124e-19
 7525.73   8.7583e-19   1.1977e-19
 7528.79   8.8641e-19   1.1915e-19
 7531.86   8.0317e-19   1.1536e-19
 7534.92   9.8443e-19   1.0680e-19
 7537.99   1.0023e-18   9.7477e-20
 7541.05   8.8703e-19   9.3101e-20
 7544.11   9.9287e-19   8.8100e-20
 7547.18   1.0133e-18   8.9512e-20
 7550.24   9.7566e-19   9.0362e-20
 7553.31   1.0371e-18   9.0968e-20
 7556.37   9.9528e-19   9.1156e-20
 7559.44   9.1754e-19   9.7035e-20
 7562.50   9.2001e-19   1.0709e-19
 7565.57   9.5729e-19   1.1110e-19
 7568.63   9.1586e-19   1.1036e-19
 7571.69   8.8453e-19   1.0930e-19
 7574.76   8.5616e-19   1.1125e-19
 7577.82   9.5239e-19   1.1678e-19
 7580.89   9.6403e-19   1.0872e-19
 7583.95   9.3579e-19   9.6502e-20
 7669.76   9.2168e-19   9.2264e-20
 7672.82   9.7460e-19   9.3722e-20
 7675.89   9.3272e-19   9.0131e-20
 7678.95   1.0541e-18   9.2682e-20
 7682.01   1.0700e-18   9.6343e-20
 7685.08   1.0010e-18   9.6035e-20
 7688.14   9.8901e-19   9.7408e-20
 7691.21   9.7158e-19   9.6761e-20
 7694.27   1.1186e-18   1.0066e-19
 7697.34   1.0262e-18   1.0011e-19
 7700.40   9.3083e-19   1.0596e-19
 7703.47   8.1154e-19   1.1905e-19
 7706.53   7.9497e-19   1.4516e-19
 7709.59   7.5250e-19   1.5954e-19
 7712.66   8.2557e-19   1.6550e-19
 7715.72   8.2848e-19   1.7071e-19
 7718.79   8.2290e-19   1.6914e-19
 7721.85   8.1713e-19   1.6067e-19
 7724.92   6.6282e-19   1.5136e-19
 7727.98   7.8961e-19   1.4018e-19
 7731.05   8.8006e-19   1.1688e-19
 7734.11   8.5086e-19   1.1166e-19
 7737.17   7.8310e-19   1.1355e-19
 7740.24   7.4242e-19   1.2484e-19
 7743.30   6.7802e-19   1.3815e-19
 7746.37   6.8052e-19   1.5842e-19
 7749.43   6.0838e-19   1.5679e-19
 7752.50   7.2281e-19   1.6394e-19
 7755.56   8.6739e-19   1.7467e-19
 7758.63   8.0614e-19   1.6198e-19
 7761.69   8.0982e-19   1.4191e-19
 7764.75   8.4316e-19   1.2744e-19
 7767.82   8.4055e-19   1.2484e-19
 7770.88   8.3357e-19   1.2121e-19
 7773.95   9.2638e-19   1.2778e-19
 7777.01   8.6075e-19   1.2158e-19
 7780.08   7.8418e-19   1.2466e-19
 7783.14   7.6056e-19   1.3165e-19
 7786.21   8.9849e-19   1.4403e-19
 7789.27   1.0162e-18   1.5733e-19
 7792.33   7.4146e-19   1.4773e-19
 7795.40   7.8538e-19   1.4421e-19
 7798.46   6.2776e-19   1.4486e-19
 7801.53   5.0319e-19   1.4009e-19
 7804.59   6.4803e-19   1.4309e-19
 7807.66   5.9847e-19   1.2872e-19
 7810.72   5.7462e-19   1.3454e-19
 7813.79   8.0079e-19   1.5384e-19
 7816.85   7.3125e-19   1.6649e-19
 7819.92   8.4686e-19   1.5038e-19
 7822.98   8.6459e-19   1.4789e-19
 7826.04   8.8411e-19   1.4725e-19
 7829.11   9.5108e-19   1.5264e-19
 7832.17   1.0653e-18   1.4674e-19
 7835.24   1.0095e-18   1.2431e-19
 7838.30   1.0006e-18   1.1891e-19
 7841.37   7.1457e-19   1.2488e-19
 7844.43   3.9310e-19   1.3938e-19
 7847.50   5.7400e-19   1.6312e-19
 7850.56   5.4504e-19   1.6385e-19
 7853.62   6.6873e-19   1.7080e-19
 7856.69   7.5781e-19   1.8688e-19
 7859.75   5.7812e-19   1.7746e-19
 7862.82   6.1790e-19   1.6746e-19
 7865.88   7.3838e-19   1.6180e-19
 7868.95   8.2924e-19   1.5490e-19
 7872.01   7.9244e-19   1.5017e-19
 7875.08   7.9094e-19   1.4651e-19
 7878.14   7.2108e-19   1.4611e-19
 7881.20   6.7905e-19   1.4882e-19
 7884.27   6.4778e-19   1.4769e-19
 7887.33   8.0901e-19   1.5390e-19
 7890.40   6.9332e-19   1.4217e-19
 7893.46   6.0739e-19   1.3153e-19
 7896.53   8.8454e-19   1.3610e-19
 7899.59   7.7669e-19   1.2887e-19
 7902.66   7.5295e-19   1.3580e-19
 7905.72   6.7252e-19   1.4972e-19
 7908.78   5.6829e-19   1.6555e-19
 7911.85   4.9063e-19   1.8128e-19
 7914.91   5.1062e-19   2.0843e-19
 7917.98   5.8694e-19   1.9158e-19
 7921.04   6.2386e-19   1.6685e-19
 7924.11   4.3183e-19   1.5779e-19
 7927.17   4.7066e-19   1.4503e-19
 7930.24   7.4232e-19   1.4680e-19
 7933.30   8.0436e-19   1.3206e-19
 7936.36   7.8695e-19   1.2711e-19
 7939.43   7.4346e-19   1.3023e-19
 7942.49   8.0071e-19   1.2740e-19
 7945.56   8.3805e-19   1.2140e-19
 7948.62   9.0269e-19   1.1700e-19
 7951.69   9.3664e-19   1.1833e-19
 7954.75   8.5996e-19   1.2809e-19
 7957.82   5.5117e-19   1.5892e-19
 7960.88   5.8018e-19   1.6931e-19
 7963.94   7.8796e-19   1.6337e-19
 7967.01   7.1290e-19   1.5343e-19
 7970.07   6.0097e-19   1.5283e-19
 7973.14   6.3019e-19   1.5026e-19
 7976.20   6.5715e-19   1.3676e-19
 7979.27   8.2167e-19   1.3168e-19
 7982.33   1.1418e-18   1.3668e-19
 7985.40   1.0142e-18   1.4572e-19
 7988.46   9.0673e-19   1.6081e-19
 7991.52   7.9720e-19   1.5294e-19
 7994.59   9.0695e-19   1.5029e-19
 7997.65   1.2110e-18   1.5783e-19
 8000.72   8.4885e-19   1.4443e-19
 8003.78   7.8811e-19   1.4655e-19
 8006.85   7.7982e-19   1.3805e-19
 8009.91   7.1170e-19   1.1744e-19
 8012.98   8.5763e-19   1.1971e-19
 8016.04   7.5880e-19   1.2411e-19
 8019.10   6.8873e-19   1.3248e-19
 8022.17   8.5499e-19   1.5721e-19
 8025.23   6.5207e-19   1.5228e-19
 8028.30   7.0628e-19   1.4819e-19
 8031.36   5.6109e-19   1.3816e-19
 8034.43   7.6569e-19   1.3742e-19
 8037.49   6.6783e-19   1.2643e-19
 8040.56   7.6563e-19   1.1073e-19
 8043.62   8.8354e-19   1.0196e-19
 8046.68   9.5428e-19   1.0719e-19
 8049.75   9.1425e-19   1.0768e-19
 8052.81   9.0035e-19   1.1048e-19
 8055.88   9.6339e-19   1.2239e-19
 8058.94   9.5998e-19   1.2365e-19
 8062.01   9.2674e-19   1.2330e-19
 8065.07   1.0082e-18   1.2091e-19
 8068.14   9.8157e-19   1.1592e-19
 8071.20   9.6646e-19   1.1185e-19
 8074.26   9.1632e-19   1.0899e-19
 8077.33   8.5413e-19   1.0005e-19
 8080.39   9.1293e-19   9.6106e-20
 8083.46   9.0684e-19   9.8573e-20
 8086.52   9.0597e-19   9.8804e-20
 8089.59   9.3970e-19   9.8298e-20
 8092.65   8.9682e-19   1.0301e-19
 8095.72   7.6428e-19   1.0334e-19
 8098.78   8.5479e-19   1.0658e-19
 8101.84   9.4914e-19   1.0916e-19
 8104.91   1.0387e-18   1.0954e-19
 8107.97   9.6707e-19   1.0515e-19
 8111.04   8.7486e-19   1.0250e-19
 8114.10   9.1391e-19   1.0228e-19
 8117.17   8.9492e-19   9.7670e-20
 8120.23   9.0588e-19   9.3983e-20
 8123.30   9.2372e-19   9.2470e-20
 8126.36   9.1001e-19   9.1900e-20
 8129.42   8.7309e-19   9.3993e-20
 8132.49   8.4318e-19   9.5004e-20
 8135.55   8.2711e-19   9.6042e-20
 8138.62   8.7216e-19   9.9890e-20
 8141.68   8.6345e-19   9.9955e-20
 8144.75   8.3245e-19   9.9803e-20
 8147.81   8.0116e-19   9.9272e-20
 8150.88   8.7016e-19   9.6921e-20
 8153.94   9.3552e-19   9.6160e-20
 8157.00   8.5111e-19   9.3942e-20
 8160.07   8.7901e-19   9.4900e-20
 8163.13   9.0440e-19   9.0193e-20
 8166.20   8.9239e-19   9.0150e-20
 8169.26   9.2045e-19   8.8590e-20
 8172.33   8.5783e-19   8.9191e-20
 8175.39   8.9007e-19   9.0180e-20
 8178.46   8.4569e-19   8.9375e-20
 8181.52   8.8483e-19   8.8855e-20
