 
TRANSIENT_NAME:     DES14E1rph 
SNID:               1317612    
OBS_DATE:           2014-12-30
MJD:                57021. 
PHASE:              +6.    
MJD_MAX:            57014.3
TYPE:               1  
SPEC_EVAL:          SNIa
REDSHIFT:           0.1110  
REDSHIFT_ERR:       0.0050  
REDSHIFT_SOURCE:    Z_SN
TELESCOPE:          SALT
INSTRUMENT:         RSS
 
======================================
 
# WAVE  FLUX  FLUX_ERR
 3836.89  -5.0010e-19   4.8231e-19
 3839.97  -5.4737e-19   5.5094e-19
 3843.04   3.0078e-19   3.0100e-19
 3846.11   4.8458e-19   5.0068e-19
 3849.19   5.3767e-19   5.1868e-19
 3852.26   9.1569e-19   7.3390e-19
 3855.33   7.9454e-19   6.0199e-19
 3858.41   1.0471e-18   6.9231e-19
 3861.48   2.6609e-19   3.6399e-19
 3864.55   7.9297e-19   5.5164e-19
 3867.63   9.1576e-19   6.2699e-19
 3870.70   8.1808e-19   5.6126e-19
 3873.77  -3.4758e-19   5.2151e-19
 3876.85   6.3243e-19   5.7447e-19
 3879.92  -9.1493e-19   7.7126e-19
 3882.99   4.4365e-19   4.1695e-19
 3886.07   3.5293e-19   3.9385e-19
 3889.14   2.9800e-19   3.8305e-19
 3892.22   6.8770e-19   6.2748e-19
 3895.29   2.5107e-19   3.7723e-19
 3898.36   3.7119e-19   5.1535e-19
 3901.44  -1.1339e-18   7.3553e-19
 3904.51  -2.4071e-19   4.3499e-19
 3907.58   9.8559e-19   7.1649e-19
 3910.66  -4.1100e-20   1.6896e-19
 3913.73   6.2197e-19   5.5169e-19
 3916.80   1.2020e-18   6.4471e-19
 3919.88   1.8605e-19   3.1294e-19
 3922.95   9.1369e-19   6.1190e-19
 3926.02   7.2680e-19   5.5075e-19
 3929.10   7.2027e-19   5.8175e-19
 3932.17   9.5930e-19   5.8862e-19
 3935.24   1.3357e-18   6.9743e-19
 3938.32   1.9696e-18   7.5189e-19
 3941.39   1.8382e-18   7.7983e-19
 3944.47   1.4416e-18   6.6485e-19
 3947.54   1.1334e-18   7.4824e-19
 3950.61   7.9780e-19   6.1525e-19
 3953.69   1.1576e-18   6.3670e-19
 3956.76   1.3571e-18   6.4311e-19
 3959.83   1.1822e-18   6.4717e-19
 3962.91   1.6788e-18   6.4897e-19
 3965.98   1.1101e-18   5.6380e-19
 3969.05   1.6305e-18   7.0087e-19
 3972.13   1.2618e-18   7.3115e-19
 3975.20   1.1202e-18   7.4606e-19
 3978.27   1.5101e-18   8.0919e-19
 3981.35  -2.9662e-21   4.8798e-20
 3984.42   1.2201e-18   8.9423e-19
 3987.49   1.2214e-19   2.6874e-19
 3990.57   1.4684e-18   7.5914e-19
 3993.64  -1.0711e-18   6.4558e-19
 3996.72   1.1810e-18   6.6496e-19
 3999.79   1.8315e-18   7.9568e-19
 4002.86   7.2939e-19   8.3461e-19
 4005.94   9.1342e-19   9.2323e-19
 4009.01   1.2727e-18   8.1806e-19
 4012.08   1.4018e-18   7.7947e-19
 4015.16   8.7793e-19   7.1518e-19
 4018.23   1.1341e-18   7.3666e-19
 4021.30   4.4984e-19   5.0481e-19
 4024.38   1.3349e-18   7.5127e-19
 4027.45   1.3935e-18   6.8444e-19
 4030.52   1.2076e-18   7.1470e-19
 4033.60   1.2756e-18   7.9256e-19
 4036.67   1.4051e-18   7.1779e-19
 4039.74   1.8080e-18   7.9656e-19
 4042.82   1.4619e-18   6.6521e-19
 4045.89   1.5707e-18   7.0473e-19
 4048.97   1.6211e-18   7.8081e-19
 4052.04   1.8158e-18   7.5465e-19
 4055.11   1.5817e-18   7.1934e-19
 4058.19   1.5457e-18   8.0060e-19
 4061.26   1.9156e-18   7.3133e-19
 4064.33   2.0009e-18   7.5398e-19
 4067.41   1.6326e-18   7.1347e-19
 4070.48   2.2004e-18   8.6068e-19
 4073.55   1.0957e-18   8.2458e-19
 4076.63   5.3920e-19   7.5014e-19
 4079.70   4.5275e-19   5.1957e-19
 4082.77   1.1162e-18   8.5533e-19
 4085.85   7.2307e-19   6.1777e-19
 4088.92   1.2182e-18   7.6972e-19
 4091.99   1.0530e-18   8.1907e-19
 4095.07   9.1349e-19   8.7115e-19
 4098.14   1.3500e-18   7.6603e-19
 4101.22   1.4177e-18   8.1369e-19
 4104.29   1.3365e-18   6.8132e-19
 4107.36   1.1578e-18   7.3464e-19
 4110.44   4.4801e-19   5.3029e-19
 4113.51   8.3894e-19   5.9496e-19
 4116.58   5.1857e-19   4.9459e-19
 4119.66   1.4336e-18   7.6559e-19
 4122.73   6.6099e-19   6.7142e-19
 4125.80   1.3449e-18   8.5453e-19
 4128.88   9.5033e-19   6.0538e-19
 4131.95  -3.5628e-19   3.7569e-19
 4135.02  -8.2179e-19   5.5519e-19
 4138.10  -4.5108e-19   4.9952e-19
 4141.17  -8.4390e-19   4.6518e-19
 4144.24   4.5678e-19   4.6153e-19
 4147.32   1.1286e-18   8.0606e-19
 4150.39   9.7493e-19   7.4072e-19
 4153.47  -2.1248e-19   3.2242e-19
 4156.54   5.7223e-21   5.2074e-20
 4159.61  -1.0916e-18   7.4942e-19
 4162.69   6.1418e-20   1.8695e-19
 4165.76   5.4514e-19   5.8869e-19
 4168.83   8.7303e-19   6.4297e-19
 4171.91   1.0487e-18   6.8463e-19
 4174.98   6.7179e-19   5.2920e-19
 4178.05   9.3100e-19   7.1417e-19
 4181.13   1.0319e-18   6.3946e-19
 4184.20   9.5106e-19   5.8913e-19
 4187.27   8.2610e-19   5.7279e-19
 4190.35   9.4630e-20   2.1970e-19
 4193.42   7.4455e-19   5.7405e-19
 4196.49   5.9452e-19   5.9166e-19
 4199.57   3.0548e-19   3.8987e-19
 4202.64  -4.8676e-19   4.5567e-19
 4205.72   1.3174e-18   8.5061e-19
 4208.79   1.8606e-18   7.8464e-19
 4211.86   1.0589e-18   6.7389e-19
 4214.94   4.8778e-19   4.3404e-19
 4218.01   1.1618e-18   6.4687e-19
 4221.08   1.0161e-18   6.6913e-19
 4224.16   8.3870e-19   5.9917e-19
 4227.23   1.2790e-18   6.5675e-19
 4230.30   1.6285e-18   7.3124e-19
 4233.38   1.7709e-18   7.0496e-19
 4236.45   1.6923e-18   6.4867e-19
 4239.52   1.5412e-18   6.6091e-19
 4242.60   1.2688e-18   5.7494e-19
 4245.67   1.8986e-18   6.7713e-19
 4248.74   1.9283e-18   7.3007e-19
 4251.82   1.6709e-18   7.3210e-19
 4254.89   1.6796e-18   7.7660e-19
 4257.97   2.6095e-18   7.1440e-19
 4261.04   2.8636e-18   7.4245e-19
 4264.11   2.4072e-18   7.1616e-19
 4267.19   3.0955e-18   6.6852e-19
 4270.26   2.8585e-18   7.0470e-19
 4273.33   3.0323e-18   6.5437e-19
 4276.41   3.4209e-18   6.6693e-19
 4279.48   3.5407e-18   6.5730e-19
 4282.55   3.9745e-18   6.9275e-19
 4285.63   3.2836e-18   6.8007e-19
 4288.70   3.1625e-18   6.3384e-19
 4291.77   3.5225e-18   6.1667e-19
 4294.85   3.7412e-18   6.1896e-19
 4297.92   4.0421e-18   6.3148e-19
 4300.99   4.1902e-18   6.2713e-19
 4304.07   4.2496e-18   6.0947e-19
 4307.14   4.4331e-18   6.3369e-19
 4310.22   4.4341e-18   6.9037e-19
 4313.29   4.2407e-18   6.5874e-19
 4316.36   5.2383e-18   6.8410e-19
 4319.44   5.1164e-18   6.6323e-19
 4322.51   4.2557e-18   6.8388e-19
 4325.58   4.0079e-18   6.6007e-19
 4328.66   4.8095e-18   6.5439e-19
 4331.73   4.6073e-18   6.5863e-19
 4334.80   4.1927e-18   6.4244e-19
 4337.88   4.5982e-18   6.5370e-19
 4340.95   3.9115e-18   6.5529e-19
 4344.02   4.0115e-18   6.4821e-19
 4347.10   4.2336e-18   6.5244e-19
 4350.17   3.7648e-18   6.6342e-19
 4353.24   2.9627e-18   6.1149e-19
 4356.32   3.2076e-18   6.5503e-19
 4359.39   3.3103e-18   6.6298e-19
 4362.47   4.2235e-18   6.6079e-19
 4365.54   4.3022e-18   6.6732e-19
 4368.61   4.0295e-18   6.4387e-19
 4371.69   4.0753e-18   6.2995e-19
 4374.76   4.0390e-18   6.4889e-19
 4377.83   3.4443e-18   6.2991e-19
 4380.91   3.7208e-18   6.5993e-19
 4383.98   3.9367e-18   6.1166e-19
 4387.05   3.9999e-18   6.1651e-19
 4390.13   3.6960e-18   6.1114e-19
 4393.20   3.1091e-18   6.2157e-19
 4396.27   3.3624e-18   6.5479e-19
 4399.35   3.6892e-18   6.3237e-19
 4402.42   3.4995e-18   6.4529e-19
 4405.49   3.3049e-18   6.3953e-19
 4408.57   3.1921e-18   6.5847e-19
 4411.64   3.3239e-18   6.2970e-19
 4414.72   3.0504e-18   6.2997e-19
 4417.79   3.1169e-18   6.3623e-19
 4420.86   3.1884e-18   6.6041e-19
 4423.94   2.9351e-18   6.3383e-19
 4427.01   3.1840e-18   6.2984e-19
 4430.08   2.4302e-18   5.9894e-19
 4433.16   2.5911e-18   6.1373e-19
 4436.23   2.9485e-18   6.3936e-19
 4439.30   3.0451e-18   6.4510e-19
 4442.38   3.0925e-18   6.0860e-19
 4445.45   4.2121e-18   6.6572e-19
 4448.52   3.3462e-18   6.2323e-19
 4451.60   2.7538e-18   6.0053e-19
 4454.67   2.6910e-18   6.2619e-19
 4457.74   3.1183e-18   6.0318e-19
 4460.82   3.5339e-18   5.9350e-19
 4463.89   3.2729e-18   6.4110e-19
 4466.97   3.2887e-18   6.2088e-19
 4470.04   3.9142e-18   6.3602e-19
 4473.11   2.8407e-18   6.0011e-19
 4476.19   3.8562e-18   6.2793e-19
 4479.26   2.8304e-18   6.3195e-19
 4482.33   2.6024e-18   5.8112e-19
 4485.41   3.2444e-18   5.9423e-19
 4488.48   3.1680e-18   6.0253e-19
 4491.55   3.5129e-18   6.2074e-19
 4494.63   2.6971e-18   5.7201e-19
 4497.70   3.2260e-18   5.9855e-19
 4500.77   3.5985e-18   6.3373e-19
 4503.85   3.1139e-18   5.9718e-19
 4506.92   3.3717e-18   6.1001e-19
 4509.99   2.9047e-18   6.2813e-19
 4513.07   2.9856e-18   5.7996e-19
 4516.14   2.2090e-18   5.8790e-19
 4519.22   3.9409e-18   5.9330e-19
 4522.29   2.8440e-18   5.8980e-19
 4525.36   3.3177e-18   5.6769e-19
 4528.44   3.3168e-18   5.7978e-19
 4531.51   3.5956e-18   5.6751e-19
 4534.58   3.1732e-18   6.0166e-19
 4537.66   3.3288e-18   5.9888e-19
 4540.73   4.3453e-18   6.0113e-19
 4543.80   2.4815e-18   5.5877e-19
 4546.88   3.4629e-18   6.1520e-19
 4549.95   3.2368e-18   5.9800e-19
 4553.02   3.5737e-18   5.8025e-19
 4556.10   4.1175e-18   5.9789e-19
 4559.17   3.4079e-18   5.9039e-19
 4562.24   3.8392e-18   6.0110e-19
 4565.32   3.5643e-18   6.2387e-19
 4568.39   3.1135e-18   5.5021e-19
 4571.47   2.5630e-18   5.4828e-19
 4574.54   3.4392e-18   5.7759e-19
 4577.61   3.4780e-18   5.7634e-19
 4580.69   3.9821e-18   5.5779e-19
 4583.76   3.8342e-18   5.6081e-19
 4586.83   4.1426e-18   5.7482e-19
 4589.91   3.5327e-18   5.5614e-19
 4592.98   3.8426e-18   5.5496e-19
 4596.05   4.0604e-18   5.6040e-19
 4599.13   3.8336e-18   5.4857e-19
 4602.20   4.1523e-18   5.8883e-19
 4605.27   4.7816e-18   5.7855e-19
 4608.35   4.4913e-18   5.6479e-19
 4611.42   3.7335e-18   5.6636e-19
 4614.49   3.5556e-18   5.4913e-19
 4617.57   4.4490e-18   5.6435e-19
 4620.64   3.7020e-18   5.5452e-19
 4623.71   3.8255e-18   5.5755e-19
 4626.79   4.1065e-18   5.7992e-19
 4629.86   3.7705e-18   5.6173e-19
 4632.94   3.9661e-18   5.5763e-19
 4636.01   3.7672e-18   5.6105e-19
 4639.08   3.9719e-18   5.6310e-19
 4642.16   3.7919e-18   5.3603e-19
 4645.23   4.3598e-18   5.5347e-19
 4648.30   4.1994e-18   5.4923e-19
 4651.38   3.6565e-18   5.4238e-19
 4654.45   3.6840e-18   5.3432e-19
 4657.52   3.5279e-18   5.3110e-19
 4660.60   3.6125e-18   5.3048e-19
 4663.67   4.0991e-18   5.4425e-19
 4666.74   3.9580e-18   5.4012e-19
 4669.82   4.3330e-18   5.3983e-19
 4672.89   4.0459e-18   5.2830e-19
 4675.96   3.7683e-18   5.3369e-19
 4679.04   3.6479e-18   5.4097e-19
 4682.11   4.0214e-18   5.3795e-19
 4685.19   4.0250e-18   5.3382e-19
 4688.26   4.2349e-18   5.3793e-19
 4691.33   4.3012e-18   5.4222e-19
 4694.41   3.0955e-18   5.2034e-19
 4697.48   3.2482e-18   5.1119e-19
 4700.55   3.5931e-18   5.0758e-19
 4703.63   3.8761e-18   5.2963e-19
 4706.70   4.0150e-18   5.1482e-19
 4709.77   3.4549e-18   4.9863e-19
 4712.85   3.7250e-18   5.0728e-19
 4715.92   3.3302e-18   5.1100e-19
 4718.99   2.8215e-18   5.1652e-19
 4722.07   3.1941e-18   5.1874e-19
 4725.14   3.2472e-18   5.1792e-19
 4728.21   3.2570e-18   5.1613e-19
 4731.29   3.2337e-18   5.1497e-19
 4734.36   3.2688e-18   4.9892e-19
 4737.44   3.6404e-18   5.1971e-19
 4740.51   3.1643e-18   5.1183e-19
 4743.58   3.0789e-18   5.0175e-19
 4746.66   2.9610e-18   5.0298e-19
 4749.73   2.8202e-18   4.9981e-19
 4752.80   2.3576e-18   4.7903e-19
 4755.88   2.5167e-18   4.8784e-19
 4758.95   2.4870e-18   4.7618e-19
 4762.02   2.6697e-18   4.9898e-19
 4765.10   2.5920e-18   5.0576e-19
 4768.17   2.3865e-18   4.9713e-19
 4771.24   2.1286e-18   4.9772e-19
 4774.32   2.5148e-18   5.0588e-19
 4777.39   2.8137e-18   4.9754e-19
 4780.46   2.7188e-18   4.8410e-19
 4783.54   2.6612e-18   4.8016e-19
 4786.61   2.9113e-18   4.7913e-19
 4789.69   2.7003e-18   4.8970e-19
 4792.76   2.2958e-18   4.8661e-19
 4795.83   1.9831e-18   4.8388e-19
 4798.91   1.7838e-18   4.9072e-19
 4801.98   2.1999e-18   4.6928e-19
 4805.05   2.5415e-18   4.7230e-19
 4808.13   2.6251e-18   4.6597e-19
 4811.20   2.3794e-18   4.7572e-19
 4814.27   2.4819e-18   5.1850e-19
 4817.35   2.7149e-18   5.1858e-19
 4820.42   2.9403e-18   4.9237e-19
 4823.49   2.5104e-18   4.8156e-19
 4826.57   2.2243e-18   4.6907e-19
 4829.64   1.8714e-18   4.3203e-19
 4832.71   2.3462e-18   4.6825e-19
 4835.79   2.4056e-18   4.6974e-19
 4838.86   1.9895e-18   4.4522e-19
 4841.94   1.9627e-18   4.5693e-19
 4845.01   2.1042e-18   4.5164e-19
 4848.08   2.5410e-18   4.4475e-19
 4851.16   2.4511e-18   4.5549e-19
 4854.23   2.2107e-18   4.5475e-19
 4857.30   2.1950e-18   4.3677e-19
 4860.38   2.6088e-18   4.4098e-19
 4863.45   2.4896e-18   4.2793e-19
 4866.52   2.1430e-18   4.2166e-19
 4869.60   2.5870e-18   4.3282e-19
 4872.67   2.6111e-18   4.4059e-19
 4875.74   2.4271e-18   4.5306e-19
 4878.82   2.4106e-18   4.4406e-19
 4881.89   2.8831e-18   4.3006e-19
 4884.96   3.0466e-18   4.4046e-19
 4888.04   2.5605e-18   4.3926e-19
 4891.11   2.1580e-18   4.3396e-19
 4894.19   2.2866e-18   4.2614e-19
 4897.26   3.0193e-18   4.4812e-19
 4900.33   2.6063e-18   4.4563e-19
 4903.41   2.8149e-18   4.7182e-19
 4906.48   2.6244e-18   4.4297e-19
 4909.55   2.5735e-18   4.2841e-19
 4912.63   2.5402e-18   4.2787e-19
 4915.70   2.7547e-18   4.2495e-19
 4918.77   3.0022e-18   4.2291e-19
 4921.85   2.6132e-18   4.2339e-19
 4924.92   2.5637e-18   4.3184e-19
 4927.99   2.6788e-18   4.1227e-19
 4931.07   2.6293e-18   4.2467e-19
 4934.14   2.6138e-18   4.1963e-19
 4937.21   2.7566e-18   3.9874e-19
 4940.29   4.0670e-19   1.4147e-19
 4943.36   9.3350e-20   2.2646e-20
 5100.11   4.5729e-18   3.7949e-19
 5103.19   4.4423e-18   3.8591e-19
 5106.26   4.3897e-18   3.8357e-19
 5109.33   4.7645e-18   3.9600e-19
 5112.41   5.0323e-18   3.9598e-19
 5115.48   4.5072e-18   3.8688e-19
 5118.55   4.5931e-18   3.8629e-19
 5121.63   4.8381e-18   3.8985e-19
 5124.70   4.4488e-18   3.8311e-19
 5127.77   4.4263e-18   3.8124e-19
 5130.85   4.5962e-18   3.7938e-19
 5133.92   4.5773e-18   3.8340e-19
 5136.99   4.0354e-18   3.7802e-19
 5140.07   4.0928e-18   3.8118e-19
 5143.14   4.1756e-18   3.7636e-19
 5146.21   4.0199e-18   3.7581e-19
 5149.29   4.1830e-18   3.7764e-19
 5152.36   4.3408e-18   3.7404e-19
 5155.44   3.8260e-18   3.7043e-19
 5158.51   3.4970e-18   3.6362e-19
 5161.58   4.1203e-18   3.6271e-19
 5164.66   3.8005e-18   3.6704e-19
 5167.73   3.6401e-18   3.6574e-19
 5170.80   3.5356e-18   3.6410e-19
 5173.88   3.4878e-18   3.6828e-19
 5176.95   3.6546e-18   3.6562e-19
 5180.02   3.7624e-18   3.6337e-19
 5183.10   3.7187e-18   3.6414e-19
 5186.17   4.2310e-18   3.7548e-19
 5189.24   3.9534e-18   3.7607e-19
 5192.32   3.9810e-18   3.8376e-19
 5195.39   3.6408e-18   3.9170e-19
 5198.46   3.1815e-18   3.9427e-19
 5201.54   3.3091e-18   3.9043e-19
 5204.61   3.2165e-18   3.8314e-19
 5207.69   3.0501e-18   3.7920e-19
 5210.76   3.3379e-18   3.8858e-19
 5213.83   3.6388e-18   3.7049e-19
 5216.91   3.3649e-18   3.6619e-19
 5219.98   2.8405e-18   3.5589e-19
 5223.05   2.7659e-18   3.5963e-19
 5226.13   2.9397e-18   3.6355e-19
 5229.20   3.1021e-18   3.6184e-19
 5232.27   2.9345e-18   3.7704e-19
 5235.35   2.9756e-18   3.6534e-19
 5238.42   2.8104e-18   3.6921e-19
 5241.49   2.9877e-18   3.6322e-19
 5244.57   3.1335e-18   3.6922e-19
 5247.64   3.1247e-18   3.7213e-19
 5250.71   2.9119e-18   3.6122e-19
 5253.79   2.9865e-18   3.5881e-19
 5256.86   2.9539e-18   3.6028e-19
 5259.94   2.7138e-18   3.5143e-19
 5263.01   2.5012e-18   3.5708e-19
 5266.08   3.2014e-18   3.7080e-19
 5269.16   2.8949e-18   3.7374e-19
 5272.23   2.5673e-18   3.5977e-19
 5275.30   2.7468e-18   3.5172e-19
 5278.38   2.9675e-18   3.5919e-19
 5281.45   3.1485e-18   3.6486e-19
 5284.52   2.9656e-18   3.6260e-19
 5287.60   3.2745e-18   3.6365e-19
 5290.67   3.2579e-18   3.5396e-19
 5293.74   3.0005e-18   3.6385e-19
 5296.82   3.1046e-18   3.7887e-19
 5299.89   3.5346e-18   3.6965e-19
 5302.96   3.1351e-18   3.7661e-19
 5306.04   3.0756e-18   3.6337e-19
 5309.11   3.2447e-18   3.6432e-19
 5312.19   3.5692e-18   3.6368e-19
 5315.26   2.9888e-18   3.6125e-19
 5318.33   3.0379e-18   3.5500e-19
 5321.41   3.1313e-18   3.5812e-19
 5324.48   2.9632e-18   3.6228e-19
 5327.55   3.2543e-18   3.5254e-19
 5330.63   3.0295e-18   3.4954e-19
 5333.70   3.0225e-18   3.4992e-19
 5336.77   3.3086e-18   3.4816e-19
 5339.85   3.2099e-18   3.4945e-19
 5342.92   3.2458e-18   3.4975e-19
 5345.99   2.9826e-18   3.5259e-19
 5349.07   2.8326e-18   3.5305e-19
 5352.14   2.6192e-18   3.5074e-19
 5355.21   2.5377e-18   3.5827e-19
 5358.29   2.8534e-18   3.6069e-19
 5361.36   2.6363e-18   3.5716e-19
 5364.44   2.3742e-18   3.5940e-19
 5367.51   2.4622e-18   3.4529e-19
 5370.58   2.5841e-18   3.4635e-19
 5373.66   2.7284e-18   3.4602e-19
 5376.73   2.9065e-18   3.4827e-19
 5379.80   2.8434e-18   3.4451e-19
 5382.88   2.6424e-18   3.4279e-19
 5385.95   2.5010e-18   3.6062e-19
 5389.02   2.6884e-18   3.4772e-19
 5392.10   2.9911e-18   3.4844e-19
 5395.17   3.0026e-18   3.5548e-19
 5398.24   3.0100e-18   3.5818e-19
 5401.32   2.8771e-18   3.3783e-19
 5404.39   2.8187e-18   3.3423e-19
 5407.46   2.7069e-18   3.3564e-19
 5410.54   3.2194e-18   3.4165e-19
 5413.61   3.4111e-18   3.4039e-19
 5416.69   3.3671e-18   3.3926e-19
 5419.76   3.1460e-18   3.3348e-19
 5422.83   3.2537e-18   3.4425e-19
 5425.91   3.6604e-18   3.4265e-19
 5428.98   3.6490e-18   3.4421e-19
 5432.05   3.1737e-18   3.4100e-19
 5435.13   3.7568e-18   3.4393e-19
 5438.20   3.7287e-18   3.3802e-19
 5441.27   3.6612e-18   3.4727e-19
 5444.35   3.9287e-18   3.4524e-19
 5447.42   4.0164e-18   3.4648e-19
 5450.49   3.9649e-18   3.4514e-19
 5453.57   3.9651e-18   3.4075e-19
 5456.64   3.8391e-18   3.3358e-19
 5459.71   3.7769e-18   3.4303e-19
 5462.79   3.8059e-18   3.4285e-19
 5465.86   3.5268e-18   3.3840e-19
 5468.94   3.5690e-18   3.3522e-19
 5472.01   3.4458e-18   3.3558e-19
 5475.08   3.9056e-18   3.4319e-19
 5478.16   3.6100e-18   3.3651e-19
 5481.23   3.8997e-18   3.4244e-19
 5484.30   3.6565e-18   3.4456e-19
 5487.38   3.3960e-18   3.3722e-19
 5490.45   3.4570e-18   3.3222e-19
 5493.52   2.9417e-18   3.3980e-19
 5496.60   3.3820e-18   3.3982e-19
 5499.67   3.4741e-18   3.4008e-19
 5502.74   3.5780e-18   3.4357e-19
 5505.82   2.9963e-18   3.3903e-19
 5508.89   2.6115e-18   3.3906e-19
 5511.96   3.3395e-18   3.2949e-19
 5515.04   3.1798e-18   3.3242e-19
 5518.11   3.0926e-18   3.3106e-19
 5521.19   3.0251e-18   3.2130e-19
 5524.26   2.6902e-18   3.2878e-19
 5527.33   3.5097e-18   3.4017e-19
 5530.41   3.0624e-18   3.3505e-19
 5533.48   3.4241e-18   3.3669e-19
 5536.55   3.0117e-18   3.3178e-19
 5539.63   3.1700e-18   3.4345e-19
 5542.70   3.3917e-18   3.3814e-19
 5545.77   3.4622e-18   3.4818e-19
 5548.85   3.2029e-18   3.3321e-19
 5551.92   3.1814e-18   3.3848e-19
 5554.99   3.0395e-18   3.3987e-19
 5558.07   2.8039e-18   3.3528e-19
 5561.14   2.8998e-18   3.3725e-19
 5594.95   3.4829e-18   3.2514e-19
 5598.02   3.5593e-18   3.2101e-19
 5601.10   3.5070e-18   3.2348e-19
 5604.17   3.6273e-18   3.3297e-19
 5607.24   3.1947e-18   3.1768e-19
 5610.32   3.1034e-18   3.2291e-19
 5613.39   3.1675e-18   3.2283e-19
 5616.46   3.1796e-18   3.1780e-19
 5619.54   3.4007e-18   3.1744e-19
 5622.61   3.2641e-18   3.1332e-19
 5625.69   3.2159e-18   3.1429e-19
 5628.76   3.5474e-18   3.2016e-19
 5631.83   3.6744e-18   3.1999e-19
 5634.91   3.4214e-18   3.1439e-19
 5637.98   3.3971e-18   3.1304e-19
 5641.05   3.4501e-18   3.1304e-19
 5644.13   3.3946e-18   3.1867e-19
 5647.20   3.3554e-18   3.0783e-19
 5650.27   3.4185e-18   3.0648e-19
 5653.35   3.1927e-18   3.0635e-19
 5656.42   3.1994e-18   3.0541e-19
 5659.49   3.2123e-18   3.0450e-19
 5662.57   3.4634e-18   3.0693e-19
 5665.64   3.9933e-18   3.1218e-19
 5668.71   4.1365e-18   3.1580e-19
 5671.79   3.7735e-18   3.1267e-19
 5674.86   3.3764e-18   3.0817e-19
 5677.94   3.8241e-18   3.0847e-19
 5681.01   3.7635e-18   3.0595e-19
 5684.08   3.9183e-18   3.1195e-19
 5687.16   4.0870e-18   3.0290e-19
 5690.23   4.2522e-18   2.9974e-19
 5693.30   4.5713e-18   3.0217e-19
 5696.38   4.0189e-18   2.9422e-19
 5699.45   3.8029e-18   2.9147e-19
 5702.52   3.8080e-18   2.9200e-19
 5705.60   3.2154e-18   3.0506e-19
 5708.67   3.4509e-18   3.0806e-19
 5711.74   3.1489e-18   3.1234e-19
 5714.82   3.9740e-18   3.0628e-19
 5717.89   4.0642e-18   3.0024e-19
 5720.96   3.4185e-18   2.9709e-19
 5724.04   3.9548e-18   2.9916e-19
 5727.11   4.1670e-18   3.0443e-19
 5730.19   3.5804e-18   2.9182e-19
 5733.26   4.0672e-18   3.0504e-19
 5736.33   4.4216e-18   3.0825e-19
 5739.41   3.7692e-18   2.9719e-19
 5742.48   4.0298e-18   3.0561e-19
 5745.55   4.4295e-18   2.9869e-19
 5748.63   4.1270e-18   3.0026e-19
 5751.70   4.4545e-18   2.9902e-19
 5754.77   4.6122e-18   2.9476e-19
 5757.85   4.5737e-18   2.9760e-19
 5760.92   4.3709e-18   2.9899e-19
 5763.99   4.5080e-18   2.9952e-19
 5767.07   4.2227e-18   2.9890e-19
 5770.14   3.7678e-18   3.0062e-19
 5773.21   3.5458e-18   2.9577e-19
 5776.29   3.6072e-18   2.9992e-19
 5779.36   3.6366e-18   3.0389e-19
 5782.44   4.1057e-18   3.0065e-19
 5785.51   4.0033e-18   2.9049e-19
 5788.58   4.0326e-18   2.9095e-19
 5791.66   4.3736e-18   2.9507e-19
 5794.73   4.8556e-18   3.0392e-19
 5797.80   4.3187e-18   2.9612e-19
 5800.88   4.3968e-18   2.9870e-19
 5803.95   4.1551e-18   2.9152e-19
 5807.02   4.3822e-18   2.9356e-19
 5810.10   4.3012e-18   2.9252e-19
 5813.17   4.3852e-18   2.9105e-19
 5816.24   4.2973e-18   2.9034e-19
 5819.32   3.9144e-18   2.8889e-19
 5822.39   3.7214e-18   2.9034e-19
 5825.46   3.6577e-18   2.9203e-19
 5828.54   3.6777e-18   2.9192e-19
 5831.61   4.0261e-18   2.9015e-19
 5834.69   4.2375e-18   2.9349e-19
 5837.76   4.2436e-18   2.9334e-19
 5840.83   4.1433e-18   2.9024e-19
 5843.91   3.8941e-18   2.8652e-19
 5846.98   3.6656e-18   2.8408e-19
 5850.05   3.7693e-18   2.8652e-19
 5853.13   3.7447e-18   2.8528e-19
 5856.20   3.4395e-18   2.8421e-19
 5859.27   3.2586e-18   2.8719e-19
 5862.35   3.5148e-18   2.8990e-19
 5865.42   3.8546e-18   2.9229e-19
 5868.49   3.7448e-18   2.9311e-19
 5871.57   3.5007e-18   2.9197e-19
 5874.64   3.6218e-18   2.8846e-19
 5877.71   3.6456e-18   2.9327e-19
 5880.79   3.5293e-18   2.9240e-19
 5883.86   3.3863e-18   2.9391e-19
 5886.94   3.6057e-18   3.0156e-19
 5890.01   3.6709e-18   3.0286e-19
 5893.08   3.3353e-18   3.0223e-19
 5896.16   3.1856e-18   2.9775e-19
 5899.23   3.2803e-18   2.9752e-19
 5902.30   3.1175e-18   2.8381e-19
 5905.38   3.3130e-18   2.8186e-19
 5908.45   3.5368e-18   2.7887e-19
 5911.52   3.5836e-18   2.8429e-19
 5914.60   3.7209e-18   2.8711e-19
 5917.67   3.7066e-18   2.8420e-19
 5920.74   4.2711e-18   2.9437e-19
 5923.82   3.5659e-18   2.8806e-19
 5926.89   3.4578e-18   2.8326e-19
 5929.96   4.0366e-18   2.8301e-19
 5933.04   3.2733e-18   2.8268e-19
 5936.11   3.8534e-18   2.8340e-19
 5939.18   3.5427e-18   2.7409e-19
 5942.26   3.3154e-18   2.7922e-19
 5945.33   3.7974e-18   2.7961e-19
 5948.41   3.7267e-18   2.7802e-19
 5951.48   3.6002e-18   2.7717e-19
 5954.55   3.7164e-18   2.7613e-19
 5957.63   3.7626e-18   2.7710e-19
 5960.70   3.5732e-18   2.7718e-19
 5963.77   3.6218e-18   2.7550e-19
 5966.85   4.0111e-18   2.7681e-19
 5969.92   3.4534e-18   2.7369e-19
 5972.99   3.7147e-18   2.7704e-19
 5976.07   3.4251e-18   2.7101e-19
 5979.14   3.5258e-18   2.6822e-19
 5982.21   3.4853e-18   2.6658e-19
 5985.29   3.7387e-18   2.6889e-19
 5988.36   3.6722e-18   2.6801e-19
 5991.43   3.5390e-18   2.6834e-19
 5994.51   3.8220e-18   2.6963e-19
 5997.58   3.4789e-18   2.6712e-19
 6000.66   3.6022e-18   2.6958e-19
 6003.73   3.6932e-18   2.6884e-19
 6006.80   3.5653e-18   2.6655e-19
 6009.88   3.5223e-18   2.6314e-19
 6012.95   3.5228e-18   2.6459e-19
 6016.02   3.3372e-18   2.6185e-19
 6019.10   3.3993e-18   2.5989e-19
 6022.17   3.4551e-18   2.6154e-19
 6025.24   3.3395e-18   2.6034e-19
 6028.32   3.2702e-18   2.6160e-19
 6031.39   3.3376e-18   2.6348e-19
 6034.46   3.2685e-18   2.6048e-19
 6037.54   3.1932e-18   2.6201e-19
 6040.61   3.2365e-18   2.6461e-19
 6043.68   3.4169e-18   2.6743e-19
 6046.76   3.4021e-18   2.6637e-19
 6049.83   3.3219e-18   2.6133e-19
 6052.91   3.3934e-18   2.6710e-19
 6055.98   3.0654e-18   2.5980e-19
 6059.05   3.2206e-18   2.6033e-19
 6062.13   3.0112e-18   2.5667e-19
 6065.20   3.2620e-18   2.6019e-19
 6068.27   3.0381e-18   2.5652e-19
 6071.35   3.1444e-18   2.5395e-19
 6074.42   3.1819e-18   2.5559e-19
 6077.49   3.1476e-18   2.5289e-19
 6080.57   2.9887e-18   2.5132e-19
 6083.64   3.0178e-18   2.5418e-19
 6086.71   3.5038e-18   2.5782e-19
 6089.79   3.1242e-18   2.5811e-19
 6092.86   3.2933e-18   2.5719e-19
 6095.93   3.4205e-18   2.5282e-19
 6099.01   3.4762e-18   2.5410e-19
 6102.08   3.4675e-18   2.5826e-19
 6105.16   3.3257e-18   2.5488e-19
 6108.23   3.6359e-18   2.5763e-19
 6111.30   3.5833e-18   2.5034e-19
 6114.38   3.3899e-18   2.5506e-19
 6117.45   3.3378e-18   2.5095e-19
 6120.52   3.6679e-18   2.5783e-19
 6123.60   3.3940e-18   2.5574e-19
 6126.67   3.6751e-18   2.5457e-19
 6129.74   3.4700e-18   2.5406e-19
 6132.82   3.7691e-18   2.5574e-19
 6135.89   3.7459e-18   2.5789e-19
 6138.96   3.8725e-18   2.6298e-19
 6142.04   3.8102e-18   2.5707e-19
 6145.11   3.5760e-18   2.5333e-19
 6148.18   3.6672e-18   2.5810e-19
 6151.26   3.7234e-18   2.5438e-19
 6154.33   3.5688e-18   2.5030e-19
 6157.41   3.4748e-18   2.4647e-19
 6160.48   3.8057e-18   2.5201e-19
 6163.55   4.0280e-18   2.5298e-19
 6166.63   3.9024e-18   2.5284e-19
 6169.70   3.7121e-18   2.5286e-19
 6172.77   3.7891e-18   2.5509e-19
 6175.85   3.6140e-18   2.5315e-19
 6178.92   3.7171e-18   2.5440e-19
 6181.99   3.7153e-18   2.5322e-19
 6185.07   3.8271e-18   2.4913e-19
 6188.14   3.8786e-18   2.5076e-19
 6191.21   4.0606e-18   2.5597e-19
 6194.29   3.8821e-18   2.5261e-19
 6197.36   3.7851e-18   2.5252e-19
 6200.43   3.6183e-18   2.5207e-19
 6203.51   3.6787e-18   2.5042e-19
 6206.58   3.9984e-18   2.5457e-19
 6209.66   3.8767e-18   2.5216e-19
 6212.73   3.6909e-18   2.5034e-19
 6215.80   3.5434e-18   2.4909e-19
 6218.88   3.6196e-18   2.4799e-19
 6221.95   3.8472e-18   2.5356e-19
 6225.02   3.8961e-18   2.5859e-19
 6228.10   3.7636e-18   2.6297e-19
 6231.17   3.6862e-18   2.6417e-19
 6234.24   3.7005e-18   2.6442e-19
 6237.32   3.6990e-18   2.6186e-19
 6240.39   4.0761e-18   2.6725e-19
 6243.46   3.7923e-18   2.6467e-19
 6246.54   3.6541e-18   2.6154e-19
 6249.61   3.7046e-18   2.6094e-19
 6252.68   3.6982e-18   2.6121e-19
 6255.76   3.8259e-18   2.6288e-19
 6258.83   3.7148e-18   2.5695e-19
 6261.91   3.5823e-18   2.5478e-19
 6264.98   3.7170e-18   2.5509e-19
 6268.05   3.7900e-18   2.5190e-19
 6271.13   3.6989e-18   2.4643e-19
 6274.20   3.8644e-18   2.5131e-19
 6277.27   3.8092e-18   2.5764e-19
 6280.35   3.6274e-18   2.5878e-19
 6283.42   3.5208e-18   2.6512e-19
 6320.30   3.4125e-18   2.5651e-19
 6323.38   3.2696e-18   2.5481e-19
 6326.45   3.4110e-18   2.5374e-19
 6329.52   3.3087e-18   2.5277e-19
 6332.60   3.6433e-18   2.5242e-19
 6335.67   3.2778e-18   2.4632e-19
 6338.74   3.3830e-18   2.4554e-19
 6341.82   3.5321e-18   2.4728e-19
 6344.89   3.4607e-18   2.4635e-19
 6347.96   3.6917e-18   2.5411e-19
 6381.77   3.1176e-18   2.3795e-19
 6384.85   3.0443e-18   2.3611e-19
 6387.92   3.4700e-18   2.3997e-19
 6390.99   3.5100e-18   2.3875e-19
 6394.07   3.1644e-18   2.3237e-19
 6397.14   3.1963e-18   2.2931e-19
 6400.21   3.1460e-18   2.2916e-19
 6403.29   3.3470e-18   2.2956e-19
 6406.36   3.6624e-18   2.2937e-19
 6409.43   3.6273e-18   2.3034e-19
 6412.51   3.3705e-18   2.3014e-19
 6415.58   3.4147e-18   2.3193e-19
 6418.66   3.5532e-18   2.3062e-19
 6421.73   3.3226e-18   2.2763e-19
 6424.80   3.7252e-18   2.3073e-19
 6427.88   3.5390e-18   2.3047e-19
 6430.95   3.6292e-18   2.2905e-19
 6434.02   3.6517e-18   2.2619e-19
 6437.10   3.9913e-18   2.2862e-19
 6440.17   3.7309e-18   2.2645e-19
 6443.24   4.1140e-18   2.3326e-19
 6446.32   3.6169e-18   2.2748e-19
 6449.39   3.6145e-18   2.2788e-19
 6452.46   3.5171e-18   2.2756e-19
 6455.54   3.8446e-18   2.3922e-19
 6458.61   4.0601e-18   2.4040e-19
 6461.68   3.7170e-18   2.4011e-19
 6464.76   3.5775e-18   2.4105e-19
 6467.83   3.7725e-18   2.3971e-19
 6470.91   3.5631e-18   2.3853e-19
 6473.98   3.6032e-18   2.3479e-19
 6477.05   3.7731e-18   2.3308e-19
 6480.13   3.9810e-18   2.2726e-19
 6483.20   4.0692e-18   2.3104e-19
 6486.27   3.9041e-18   2.3249e-19
 6489.35   3.7772e-18   2.3497e-19
 6492.42   3.6086e-18   2.3521e-19
 6495.49   3.6978e-18   2.3952e-19
 6498.57   3.5032e-18   2.3783e-19
 6501.64   3.8279e-18   2.4090e-19
 6504.71   3.0759e-18   2.3577e-19
 6507.79   3.2621e-18   2.3381e-19
 6510.86   2.9662e-18   2.2934e-19
 6513.93   2.9760e-18   2.2449e-19
 6517.01   2.9464e-18   2.2325e-19
 6520.08   3.4744e-18   2.3179e-19
 6523.15   3.3786e-18   2.3417e-19
 6526.23   3.4870e-18   2.3394e-19
 6529.30   3.6664e-18   2.3384e-19
 6532.38   3.6863e-18   2.3468e-19
 6535.45   3.5390e-18   2.3420e-19
 6538.52   3.6065e-18   2.3449e-19
 6541.60   3.6335e-18   2.3650e-19
 6544.67   3.4638e-18   2.3377e-19
 6547.74   3.5639e-18   2.3276e-19
 6550.82   3.7878e-18   2.3621e-19
 6553.89   3.8145e-18   2.3668e-19
 6556.96   3.7119e-18   2.3422e-19
 6560.04   3.6476e-18   2.3164e-19
 6563.11   3.6787e-18   2.2832e-19
 6566.18   3.7278e-18   2.2608e-19
 6569.26   3.4530e-18   2.2606e-19
 6572.33   3.4899e-18   2.2661e-19
 6575.40   3.6795e-18   2.2637e-19
 6578.48   3.4933e-18   2.2515e-19
 6581.55   3.6711e-18   2.2536e-19
 6584.63   3.5756e-18   2.2257e-19
 6587.70   3.3541e-18   2.1679e-19
 6590.77   3.6256e-18   2.1927e-19
 6593.85   3.5448e-18   2.2109e-19
 6596.92   3.4156e-18   2.2256e-19
 6599.99   3.6504e-18   2.2360e-19
 6603.07   3.3629e-18   2.2002e-19
 6606.14   3.4438e-18   2.2058e-19
 6609.21   3.4137e-18   2.1823e-19
 6612.29   3.6348e-18   2.1720e-19
 6615.36   3.7949e-18   2.1769e-19
 6618.43   3.4650e-18   2.1429e-19
 6621.51   3.6928e-18   2.1691e-19
 6624.58   3.4525e-18   2.1642e-19
 6627.65   3.5823e-18   2.1539e-19
 6630.73   3.6862e-18   2.2013e-19
 6633.80   3.4103e-18   2.1611e-19
 6636.88   3.4321e-18   2.1412e-19
 6639.95   3.7312e-18   2.1958e-19
 6643.02   3.7131e-18   2.1676e-19
 6646.10   3.4028e-18   2.1424e-19
 6649.17   2.9115e-18   2.0557e-19
 6652.24   3.6631e-18   2.1315e-19
 6655.32   3.1682e-18   2.0508e-19
 6658.39   3.2968e-18   2.0856e-19
 6661.46   3.0693e-18   2.0431e-19
 6664.54   3.3245e-18   2.0876e-19
 6667.61   3.2412e-18   2.0525e-19
 6670.68   3.4514e-18   2.0884e-19
 6673.76   2.9508e-18   2.0340e-19
 6676.83   3.2110e-18   2.0715e-19
 6679.90   3.1639e-18   2.0330e-19
 6682.98   3.0062e-18   2.0314e-19
 6686.05   2.8241e-18   2.0572e-19
 6689.13   3.0859e-18   2.0747e-19
 6692.20   2.9568e-18   2.0950e-19
 6695.27   2.5450e-18   2.0451e-19
 6698.35   2.6174e-18   2.0260e-19
 6701.42   2.6915e-18   2.0361e-19
 6704.49   2.7679e-18   2.0515e-19
 6707.57   2.6462e-18   2.0462e-19
 6710.64   2.5343e-18   2.0125e-19
 6713.71   2.4152e-18   1.9886e-19
 6716.79   2.4515e-18   1.9759e-19
 6719.86   2.3785e-18   1.9698e-19
 6722.93   2.5072e-18   2.0011e-19
 6726.01   2.2663e-18   1.9676e-19
 6729.08   2.2593e-18   1.9735e-19
 6732.15   2.3312e-18   1.9774e-19
 6735.23   2.4782e-18   1.9805e-19
 6738.30   2.3676e-18   1.9822e-19
 6741.38   2.2466e-18   1.9647e-19
 6744.45   2.3720e-18   1.9789e-19
 6747.52   2.2770e-18   1.9499e-19
 6750.60   2.1304e-18   1.9354e-19
 6753.67   2.2842e-18   1.9510e-19
 6756.74   2.3813e-18   1.9694e-19
 6759.82   2.3117e-18   2.0842e-19
 6762.89   1.8480e-18   2.1870e-19
 6765.96   1.2731e-18   2.2907e-19
 6769.04   1.0817e-18   2.0901e-19
 6772.11   1.7107e-18   1.9987e-19
 6775.18   2.2849e-18   1.9707e-19
 6778.26   2.1180e-18   1.9251e-19
 6781.33   2.2202e-18   1.9199e-19
 6784.40   2.1039e-18   1.9371e-19
 6787.48   1.9916e-18   1.9568e-19
 6790.55   2.1077e-18   1.9184e-19
 6793.63   2.3155e-18   1.9508e-19
 6796.70   2.3209e-18   1.9406e-19
 6799.77   2.2592e-18   1.9156e-19
 6802.85   2.2053e-18   1.9344e-19
 6805.92   2.2307e-18   1.9282e-19
 6808.99   2.2930e-18   1.9092e-19
 6812.07   2.0043e-18   1.9193e-19
 6815.14   2.1879e-18   1.9747e-19
 6818.21   2.1490e-18   2.1177e-19
 6821.29   2.2394e-18   2.2147e-19
 6824.36   2.0779e-18   2.2312e-19
 6827.43   1.7852e-18   2.2353e-19
 6830.51   2.3151e-18   2.3725e-19
 6833.58   2.3720e-18   2.4222e-19
 6836.65   2.0131e-18   2.2458e-19
 6839.73   2.1770e-18   2.1582e-19
 6842.80   2.2489e-18   2.0678e-19
 6845.88   2.3745e-18   1.9839e-19
 6848.95   2.4123e-18   2.0144e-19
 6852.02   2.4548e-18   2.1493e-19
 6855.10   2.3016e-18   2.1559e-19
 6858.17   2.4689e-18   2.2429e-19
 6861.24   2.5083e-18   2.2447e-19
 6864.32   2.2169e-18   2.1266e-19
 6867.39   2.0297e-18   2.1055e-19
 6870.46   1.8961e-18   2.0337e-19
 6873.54   2.0284e-18   1.9342e-19
 6876.61   2.2456e-18   1.8807e-19
 6879.68   2.2001e-18   1.8850e-19
 6882.76   2.1153e-18   1.8813e-19
 6885.83   2.2038e-18   1.9022e-19
 6888.90   2.2554e-18   1.9144e-19
 6891.98   2.2501e-18   1.9277e-19
 6895.05   2.3246e-18   1.9103e-19
 6898.13   2.5734e-18   1.9323e-19
 6901.20   2.6194e-18   1.9492e-19
 6904.27   2.6599e-18   1.9595e-19
 6907.35   2.7899e-18   1.9829e-19
 6910.42   2.6745e-18   2.0309e-19
 6913.49   2.6610e-18   2.0597e-19
 6916.57   2.6692e-18   2.0853e-19
 6919.64   2.6456e-18   2.0749e-19
 6922.71   2.6770e-18   2.0432e-19
 6925.79   2.7131e-18   2.0521e-19
 6928.86   2.7512e-18   2.0546e-19
 6931.93   2.6910e-18   1.9848e-19
 6935.01   2.9699e-18   1.9113e-19
 6938.08   3.0211e-18   1.9947e-19
 6941.15   2.8750e-18   2.0181e-19
 6944.23   2.6805e-18   2.0158e-19
 6947.30   2.6957e-18   2.0239e-19
 6950.38   2.6990e-18   2.0013e-19
 6953.45   2.8692e-18   2.0158e-19
 6956.52   2.7423e-18   1.9614e-19
 6959.60   2.9343e-18   1.9338e-19
 6962.67   2.9527e-18   1.9247e-19
 6965.74   2.8274e-18   1.9449e-19
 6968.82   2.9605e-18   2.0204e-19
 6971.89   3.0659e-18   2.0261e-19
 6974.96   2.9011e-18   2.0202e-19
 6978.04   3.2242e-18   2.0101e-19
 6981.11   2.9409e-18   1.9255e-19
 6984.18   2.9320e-18   1.9358e-19
 6987.26   2.8334e-18   1.8851e-19
 6990.33   2.9861e-18   1.8227e-19
 6993.40   2.6856e-18   1.8122e-19
 6996.48   2.9975e-18   1.8627e-19
 6999.55   2.9332e-18   1.8721e-19
 7002.63   2.7287e-18   1.8672e-19
 7005.70   3.1431e-18   1.8946e-19
 7008.77   3.0886e-18   1.8934e-19
 7011.85   2.7610e-18   1.8443e-19
 7014.92   2.9423e-18   1.8572e-19
 7017.99   3.0131e-18   1.8466e-19
 7021.07   2.8729e-18   1.7903e-19
 7024.14   3.0398e-18   1.7825e-19
 7027.21   2.7420e-18   1.7404e-19
 7030.29   2.9962e-18   1.7964e-19
 7033.36   3.0173e-18   1.8308e-19
 7036.43   2.7899e-18   1.8206e-19
 7039.51   2.8754e-18   1.8598e-19
 7042.58   2.9586e-18   1.8641e-19
 7045.65   3.0952e-18   1.8769e-19
 7048.73   3.0187e-18   1.8754e-19
 7051.80   3.1174e-18   1.8819e-19
 7054.88   3.0622e-18   1.8601e-19
 7057.95   3.0032e-18   1.8453e-19
 7061.02   3.0696e-18   1.8503e-19
 7064.10   3.0895e-18   1.8525e-19
 7067.17   3.0355e-18   1.8456e-19
 7070.24   2.9065e-18   1.8391e-19
 7073.32   3.0669e-18   1.8505e-19
 7076.39   3.3151e-18   1.8646e-19
 7079.46   3.0317e-18   1.8491e-19
 7082.54   2.8005e-18   1.8188e-19
 7085.61   2.8748e-18   1.8179e-19
 7088.68   3.0454e-18   1.8252e-19
 7091.76   3.0333e-18   1.8119e-19
 7094.83   2.8715e-18   1.7881e-19
 7097.90   2.8934e-18   1.7763e-19
 7100.98   3.0089e-18   1.7898e-19
 7104.05   2.9712e-18   1.7838e-19
 7107.12   2.9839e-18   1.7860e-19
 7110.20   2.9257e-18   1.7697e-19
 7113.27   2.9028e-18   1.7682e-19
 7116.35   2.8019e-18   1.7643e-19
 7119.42   2.8276e-18   1.7673e-19
 7122.49   2.7032e-18   1.7635e-19
 7125.57   2.9136e-18   1.7777e-19
 7128.64   3.0848e-18   1.7881e-19
 7131.71   3.1555e-18   1.8202e-19
 7134.79   2.9696e-18   1.8030e-19
 7137.86   2.8755e-18   1.8184e-19
 7140.93   3.1210e-18   1.8403e-19
 7144.01   2.8213e-18   1.7996e-19
 7147.08   2.9111e-18   1.8015e-19
 7150.15   2.8182e-18   1.7830e-19
 7153.23   2.7773e-18   1.7762e-19
 7156.30   2.5217e-18   1.7280e-19
 7159.38   2.5358e-18   1.7049e-19
 7162.45   2.7699e-18   1.7329e-19
 7165.52   2.6531e-18   1.7101e-19
 7168.60   2.5784e-18   1.6804e-19
 7171.67   2.4305e-18   1.6590e-19
 7174.74   2.2925e-18   1.6131e-19
 7177.82   2.1343e-18   1.5926e-19
 7180.89   2.2847e-18   1.5934e-19
 7183.96   2.2294e-18   1.5934e-19
 7187.04   2.3364e-18   1.5815e-19
 7190.11   2.1521e-18   1.5659e-19
 7193.18   2.3109e-18   1.5739e-19
 7196.26   2.4128e-18   1.5929e-19
 7199.33   2.3158e-18   1.5919e-19
 7202.40   2.3506e-18   1.5939e-19
 7205.48   2.3453e-18   1.6279e-19
 7208.55   2.2252e-18   1.6369e-19
 7211.62   2.2350e-18   1.6458e-19
 7214.70   2.4352e-18   1.6931e-19
 7217.77   2.5976e-18   1.7146e-19
 7220.85   2.5362e-18   1.7228e-19
 7223.92   2.5102e-18   1.7412e-19
 7226.99   2.4779e-18   1.8846e-19
 7230.07   2.5414e-18   2.1370e-19
 7233.14   2.2746e-18   2.3416e-19
 7236.21   2.2166e-18   2.4179e-19
 7239.29   2.2012e-18   2.4403e-19
 7242.36   2.2659e-18   2.4858e-19
 7245.43   2.1487e-18   2.4349e-19
 7248.51   1.8846e-18   2.2939e-19
 7251.58   2.1459e-18   2.1485e-19
 7254.65   2.3180e-18   1.9263e-19
 7257.73   2.3199e-18   1.8180e-19
 7260.80   2.3278e-18   1.8233e-19
 7263.88   2.4282e-18   1.9823e-19
 7266.95   2.2314e-18   2.1545e-19
 7270.02   2.1179e-18   2.2201e-19
 7273.10   2.4608e-18   2.3287e-19
 7276.17   2.6633e-18   2.4297e-19
 7279.24   2.2695e-18   2.4044e-19
 7282.32   2.0867e-18   2.3790e-19
 7285.39   2.4893e-18   2.2201e-19
 7288.46   2.1809e-18   2.0768e-19
 7291.54   2.3439e-18   2.0340e-19
 7294.61   2.0641e-18   1.9267e-19
 7297.68   2.2051e-18   1.9179e-19
 7300.76   2.0806e-18   1.9350e-19
 7303.83   2.0930e-18   2.0873e-19
 7306.90   2.1204e-18   2.2627e-19
 7309.98   2.2637e-18   2.2999e-19
 7313.05   2.2386e-18   2.2417e-19
 7316.12   2.0739e-18   2.2499e-19
 7319.20   2.3446e-18   2.3823e-19
 7322.27   2.4402e-18   2.3498e-19
 7325.35   2.0146e-18   2.1676e-19
 7328.42   2.2915e-18   2.2123e-19
 7331.49   2.4547e-18   2.4707e-19
 7334.57   2.3842e-18   2.4703e-19
 7337.64   2.4760e-18   2.4960e-19
 7340.71   2.2028e-18   2.3682e-19
 7343.79   2.2640e-18   2.3031e-19
 7346.86   2.1975e-18   2.3763e-19
 7349.93   1.8682e-18   2.1531e-19
 7353.01   2.2551e-18   1.9718e-19
 7356.08   2.4930e-18   2.0654e-19
 7359.15   2.4626e-18   2.2643e-19
 7362.23   2.4190e-18   2.3155e-19
 7365.30   2.4057e-18   2.2622e-19
 7368.38   2.2545e-18   2.1724e-19
 7371.45   2.3531e-18   2.0871e-19
 7374.52   2.2950e-18   2.0677e-19
 7377.60   2.2580e-18   1.9518e-19
 7380.67   2.3934e-18   1.8392e-19
 7383.74   2.4899e-18   1.8816e-19
 7386.82   2.4706e-18   1.8942e-19
 7389.89   2.4167e-18   1.9857e-19
 7392.96   2.5131e-18   2.1268e-19
 7396.04   2.4233e-18   2.1323e-19
 7399.11   2.1762e-18   2.0757e-19
 7402.18   2.1146e-18   2.0094e-19
 7405.26   2.3561e-18   2.0097e-19
 7408.33   2.3094e-18   1.9473e-19
 7411.40   2.1836e-18   1.8198e-19
 7414.48   2.3531e-18   1.7075e-19
 7417.55   2.4556e-18   1.7386e-19
 7420.62   2.5620e-18   1.7903e-19
 7423.70   2.6935e-18   1.7981e-19
 7426.77   2.5288e-18   1.8509e-19
 7429.85   2.4261e-18   1.9256e-19
 7432.92   2.3610e-18   1.9242e-19
 7435.99   2.3636e-18   1.8998e-19
 7439.07   2.1545e-18   1.8530e-19
 7442.14   2.2015e-18   1.8196e-19
 7445.21   2.2637e-18   1.7818e-19
 7448.29   2.2709e-18   1.7181e-19
 7451.36   2.4882e-18   1.7332e-19
 7454.43   2.4801e-18   1.7743e-19
 7457.51   2.3203e-18   1.7930e-19
 7460.58   2.2970e-18   1.8446e-19
 7463.65   2.3389e-18   1.9103e-19
 7466.73   2.2469e-18   1.9626e-19
 7469.80   2.4688e-18   2.0248e-19
 7472.88   2.3999e-18   2.0919e-19
 7475.95   2.0454e-18   2.0661e-19
 7479.02   2.0743e-18   2.0354e-19
 7482.10   2.1677e-18   1.9917e-19
 7485.17   2.3473e-18   1.9418e-19
 7488.24   2.1036e-18   1.8802e-19
 7491.32   2.1167e-18   1.8089e-19
 7494.39   2.3951e-18   1.7651e-19
 7497.46   2.2414e-18   1.7504e-19
 7500.54   2.2509e-18   1.7107e-19
 7503.61   2.5519e-18   1.6944e-19
 7506.68   2.1869e-18   1.7218e-19
 7509.76   2.4450e-18   1.7369e-19
 7512.83   2.3162e-18   1.9039e-19
 7515.90   2.6261e-18   2.1122e-19
 7518.98   2.5557e-18   2.1407e-19
 7522.05   2.5632e-18   2.2137e-19
 7525.12   2.4557e-18   2.1314e-19
 7528.20   2.6953e-18   2.1994e-19
 7531.27   2.3037e-18   2.0998e-19
 7534.35   2.2929e-18   1.9233e-19
 7537.42   2.2174e-18   1.8085e-19
 7540.49   2.4811e-18   1.7673e-19
 7543.57   2.4895e-18   1.7311e-19
 7546.64   2.3069e-18   1.7462e-19
 7549.71   2.4089e-18   1.7780e-19
 7552.79   2.4280e-18   1.7533e-19
 7555.86   2.6165e-18   1.7966e-19
 7558.93   2.3284e-18   1.8150e-19
 7562.01   2.2383e-18   1.9410e-19
 7565.08   2.1142e-18   2.0002e-19
 7568.15   2.3471e-18   1.9833e-19
 7571.23   2.2509e-18   1.9702e-19
 7574.30   2.3225e-18   1.9861e-19
 7577.38   2.3405e-18   2.0129e-19
 7580.45   2.1782e-18   1.9171e-19
 7583.52   2.1191e-18   1.7489e-19
 7586.60   2.0224e-18   1.7168e-19
 7589.67   1.7561e-18   1.6962e-19
 7592.74   1.5614e-18   1.6271e-19
 7595.82   1.3831e-18   1.5153e-19
 7598.89   1.1134e-18   1.3968e-19
 7601.96   8.7721e-19   1.3267e-19
 7605.04   8.4316e-19   1.3152e-19
 7608.11   8.7955e-19   1.3502e-19
 7611.18   1.0164e-18   1.3895e-19
 7614.26   1.1240e-18   1.4285e-19
 7617.33   1.2845e-18   1.5191e-19
 7620.40   1.2407e-18   1.5721e-19
 7623.48   1.3677e-18   1.5727e-19
 7626.55   1.2776e-18   1.5286e-19
 7629.62   1.2643e-18   1.4923e-19
 7632.70   1.4044e-18   1.4973e-19
 7635.77   1.2739e-18   1.4382e-19
 7638.85   1.2638e-18   1.4284e-19
 7641.92   1.4844e-18   1.4717e-19
 7644.99   1.6064e-18   1.4729e-19
 7648.07   1.6231e-18   1.5168e-19
 7651.14   1.7733e-18   1.6169e-19
 7654.21   1.8046e-18   1.6671e-19
 7657.29   1.8676e-18   1.6693e-19
 7660.36   1.6952e-18   1.6516e-19
 7663.43   1.7981e-18   1.6510e-19
 7666.51   1.8357e-18   1.6715e-19
 7669.58   1.4805e-18   1.4777e-19
 7672.65   1.7886e-18   1.6490e-19
 7675.73   2.0855e-18   1.6896e-19
 7678.80   2.3577e-18   1.7533e-19
 7681.88   2.2423e-18   1.7887e-19
 7684.95   2.4571e-18   1.8124e-19
 7688.02   2.2995e-18   1.8469e-19
 7691.10   2.2959e-18   1.8912e-19
 7694.17   2.4986e-18   1.8906e-19
 7697.24   2.0398e-18   1.8937e-19
 7700.32   2.2088e-18   2.0645e-19
 7703.39   2.3695e-18   2.3227e-19
 7706.46   2.0768e-18   2.6868e-19
 7709.54   2.0199e-18   2.7716e-19
 7712.61   2.3996e-18   2.9506e-19
 7715.68   2.1774e-18   2.9150e-19
 7718.76   1.9765e-18   2.9723e-19
 7721.83   1.9604e-18   2.9205e-19
 7724.90   1.9570e-18   2.5919e-19
 7727.98   2.0016e-18   2.2468e-19
 7731.05   2.3697e-18   2.0756e-19
 7734.12   2.2158e-18   2.0341e-19
 7737.20   1.7659e-18   1.9878e-19
 7740.27   1.8802e-18   2.2906e-19
 7743.35   2.0807e-18   2.6075e-19
 7746.42   2.0949e-18   2.7503e-19
 7749.49   2.3880e-18   2.9216e-19
 7752.57   1.9470e-18   2.8209e-19
 7755.64   1.8579e-18   2.8218e-19
 7758.71   1.8823e-18   2.7565e-19
 7761.79   2.1848e-18   2.4830e-19
 7764.86   2.2625e-18   2.3963e-19
 7767.93   2.0080e-18   2.4028e-19
 7771.01   1.9019e-18   2.2965e-19
 7774.08   1.9003e-18   2.1301e-19
 7777.15   2.1827e-18   2.1943e-19
 7780.23   2.0949e-18   2.2015e-19
 7783.30   2.0376e-18   2.3512e-19
 7786.38   2.2174e-18   2.5416e-19
 7789.45   2.2175e-18   2.5554e-19
 7792.52   2.3699e-18   2.5404e-19
 7795.60   2.3987e-18   2.4922e-19
 7798.67   2.4818e-18   2.5728e-19
 7801.74   2.3923e-18   2.6000e-19
 7804.82   2.3125e-18   2.4643e-19
 7807.89   2.2792e-18   2.3227e-19
 7810.96   2.3360e-18   2.5133e-19
 7814.04   2.0463e-18   2.7979e-19
 7817.11   1.8751e-18   2.8421e-19
 7820.18   1.9807e-18   2.6859e-19
 7823.26   2.0550e-18   2.6390e-19
 7826.33   2.1595e-18   2.5686e-19
 7829.40   1.9062e-18   2.4952e-19
 7832.48   1.8115e-18   2.3266e-19
 7835.55   2.2999e-18   2.1551e-19
 7838.62   2.2631e-18   2.1632e-19
 7841.70   2.3590e-18   2.3528e-19
 7844.77   2.2939e-18   2.6990e-19
 7847.85   2.6671e-18   2.8515e-19
 7850.92   2.3264e-18   2.9572e-19
 7853.99   2.2468e-18   2.9259e-19
 7857.07   2.7155e-18   3.0717e-19
 7860.14   2.1433e-18   3.0891e-19
 7863.21   2.1507e-18   2.9992e-19
 7866.29   2.0598e-18   2.8126e-19
 7869.36   2.4002e-18   2.6600e-19
 7872.43   2.0283e-18   2.6457e-19
 7875.51   2.1515e-18   2.6862e-19
 7878.58   1.9218e-18   2.6001e-19
 7881.65   2.0733e-18   2.5964e-19
 7884.73   2.4115e-18   2.5737e-19
 7887.80   2.1682e-18   2.6147e-19
 7890.87   1.7576e-18   2.3902e-19
 7893.95   2.1299e-18   2.3722e-19
 7897.02   2.2100e-18   2.3576e-19
 7900.10   1.7040e-18   2.2197e-19
 7903.17   2.1091e-18   2.3435e-19
 7906.24   2.7978e-18   2.7473e-19
 7909.32   2.4584e-18   2.9251e-19
 7912.39   2.4626e-18   2.9824e-19
 7915.46   2.6058e-18   3.1402e-19
 7918.54   2.0263e-18   3.0392e-19
 7921.61   2.5875e-18   3.1457e-19
 7924.68   2.2618e-18   2.9721e-19
 7927.76   2.2209e-18   2.6359e-19
 7930.83   2.0679e-18   2.4133e-19
 7933.90   2.1930e-18   2.2688e-19
 7936.98   2.1661e-18   2.1493e-19
 7940.05   1.8791e-18   2.1643e-19
 7943.12   2.1097e-18   2.1593e-19
 7946.20   2.2625e-18   2.0689e-19
 7949.27   2.1327e-18   2.0644e-19
 7952.35   2.2115e-18   2.1512e-19
 7955.42   2.2173e-18   2.3697e-19
 7958.49   2.3620e-18   2.5730e-19
 7961.57   2.4001e-18   2.5984e-19
 7964.64   2.4913e-18   2.5713e-19
 7967.71   2.3941e-18   2.6104e-19
 7970.79   2.1010e-18   2.7327e-19
 7973.86   1.8825e-18   2.7649e-19
 7976.93   2.0176e-18   2.5774e-19
 7980.01   2.1758e-18   2.3732e-19
 7983.08   1.9734e-18   2.4128e-19
 7986.15   1.8626e-18   2.6542e-19
 7989.23   1.6603e-18   2.7216e-19
 7992.30   1.7364e-18   2.6682e-19
 7995.37   1.8495e-18   2.6236e-19
 7998.45   1.4921e-18   2.5232e-19
 8001.52   1.7189e-18   2.5707e-19
 8004.60   1.9218e-18   2.5392e-19
 8007.67   2.2228e-18   2.1793e-19
 8010.74   2.2455e-18   2.1044e-19
 8013.82   2.0604e-18   2.1456e-19
 8016.89   1.9185e-18   2.3531e-19
 8019.96   1.9573e-18   2.5919e-19
 8023.04   1.9852e-18   2.5945e-19
 8026.11   1.9824e-18   2.5231e-19
 8029.18   2.0010e-18   2.5627e-19
 8032.26   1.8371e-18   2.4927e-19
 8035.33   2.0619e-18   2.4457e-19
 8038.40   2.1576e-18   2.1598e-19
 8041.48   2.0380e-18   1.9470e-19
 8044.55   2.1926e-18   1.9765e-19
 8047.62   1.8781e-18   1.9825e-19
 8050.70   2.2123e-18   2.0174e-19
 8053.77   2.0693e-18   2.1205e-19
 8056.85   2.1655e-18   2.2656e-19
 8059.92   1.9170e-18   2.2305e-19
 8062.99   2.2724e-18   2.2450e-19
 8066.07   2.2706e-18   2.1745e-19
 8069.14   2.3142e-18   2.1157e-19
 8072.21   2.1707e-18   2.1356e-19
 8075.29   1.7835e-18   1.9644e-19
 8078.36   2.1849e-18   1.8599e-19
 8081.43   2.1595e-18   1.8596e-19
 8084.51   2.1683e-18   1.8477e-19
 8087.58   2.3725e-18   1.9248e-19
 8090.65   2.2402e-18   1.9047e-19
 8093.73   2.3033e-18   1.9518e-19
 8096.80   2.1802e-18   1.9920e-19
 8099.87   2.5116e-18   2.0126e-19
 8102.95   2.1054e-18   1.9934e-19
 8106.02   2.2932e-18   1.9820e-19
 8109.10   1.9423e-18   1.8978e-19
 8112.17   2.2287e-18   1.9243e-19
 8115.24   2.3775e-18   1.8877e-19
 8118.32   2.1065e-18   1.7661e-19
 8121.39   2.1245e-18   1.7429e-19
 8124.46   2.0852e-18   1.7665e-19
 8127.54   2.0108e-18   1.7537e-19
 8130.61   2.0039e-18   1.7581e-19
 8133.68   2.0143e-18   1.7894e-19
 8136.76   2.1887e-18   1.8108e-19
 8139.83   2.1504e-18   1.8133e-19
 8142.90   1.9462e-18   1.7929e-19
 8145.98   2.0192e-18   1.8083e-19
 8149.05   1.8985e-18   1.7666e-19
 8152.12   1.9042e-18   1.7245e-19
 8155.20   1.8892e-18   1.7122e-19
 8158.27   1.7983e-18   1.6787e-19
 8161.35   1.7065e-18   1.6577e-19
 8164.42   1.8192e-18   1.6796e-19
 8167.49   1.7674e-18   1.6743e-19
 8170.57   1.7364e-18   1.6680e-19
 8173.64   1.7620e-18   1.6575e-19
 8176.71   1.7682e-18   1.6487e-19
 8179.79   1.7523e-18   1.6807e-19
 8182.86   1.8158e-18   1.7070e-19
 8185.93   1.8770e-18   1.6981e-19
 8189.01   1.7568e-18   1.6957e-19
 8192.08   1.7463e-18   1.6729e-19
