 
TRANSIENT_NAME:     DES14S2boa 
SNID:               1296273    
OBS_DATE:           2014-09-28
MJD:                56928. 
PHASE:              +2.    
MJD_MAX:            56924.8
TYPE:               1  
SPEC_EVAL:          SNIa
REDSHIFT:           0.3980  
REDSHIFT_ERR:       0.0050  
REDSHIFT_SOURCE:    Z_SN
TELESCOPE:          GTC
INSTRUMENT:         OSIRIS
 
======================================
 
# WAVE  FLUX  FLUX_ERR
 4801.81   4.1314e-18   2.7765e-18
 4806.41   2.7917e-18   2.5304e-18
 4811.02   2.8356e-18   2.2363e-18
 4815.62   1.2015e-17   2.1182e-18
 4820.23   8.7401e-18   1.9279e-18
 4824.84   8.4591e-18   1.7721e-18
 4829.44   4.1651e-18   1.5677e-18
 4834.05   3.2682e-18   1.4438e-18
 4838.66   4.4078e-18   1.3387e-18
 4843.26   4.6803e-18   1.2426e-18
 4847.87   4.9016e-18   1.1723e-18
 4852.48   5.7797e-18   1.1015e-18
 4857.08   6.2132e-18   1.0012e-18
 4861.69   5.6106e-18   9.4203e-19
 4866.30   7.5822e-18   9.1141e-19
 4870.90   4.3350e-18   8.3507e-19
 4875.51   5.9842e-18   8.1069e-19
 4880.11   3.4223e-18   7.3409e-19
 4884.72   5.7033e-18   7.3342e-19
 4889.33   5.2865e-18   7.0331e-19
 4893.93   4.3236e-18   6.4603e-19
 4898.54   4.0198e-18   6.2209e-19
 4903.15   5.1382e-18   6.0571e-19
 4907.75   3.3727e-18   5.5971e-19
 4912.36   4.3719e-18   5.4266e-19
 4916.97   3.8986e-18   5.2187e-19
 4921.57   4.3513e-18   5.0414e-19
 4926.18   3.6146e-18   4.9340e-19
 4930.78   3.3100e-18   4.7153e-19
 4935.39   4.9766e-18   4.6988e-19
 4940.00   3.7341e-18   4.4869e-19
 4944.60   3.6413e-18   4.3444e-19
 4949.21   3.7834e-18   4.2460e-19
 4953.82   4.7699e-18   4.2160e-19
 4958.42   4.0014e-18   4.0727e-19
 4963.03   3.9321e-18   3.9739e-19
 4967.64   4.7375e-18   4.0029e-19
 4972.24   3.7101e-18   3.8641e-19
 4976.85   3.3981e-18   3.7247e-19
 4981.46   4.7830e-18   3.7576e-19
 4986.06   4.0400e-18   3.6124e-19
 4990.67   3.4938e-18   3.5609e-19
 4995.27   4.3991e-18   3.4318e-19
 4999.88   4.4138e-18   3.4739e-19
 5004.49   4.2774e-18   3.4152e-19
 5009.09   3.7605e-18   3.3445e-19
 5013.70   4.0671e-18   3.3017e-19
 5018.31   3.7720e-18   3.2352e-19
 5022.91   3.7785e-18   3.1945e-19
 5027.52   4.2449e-18   3.1774e-19
 5032.13   4.2230e-18   3.1556e-19
 5036.73   3.7249e-18   3.0762e-19
 5041.34   4.4368e-18   3.1190e-19
 5045.94   4.8470e-18   3.0893e-19
 5050.55   4.4154e-18   3.0643e-19
 5055.16   4.5677e-18   3.0775e-19
 5059.76   4.4513e-18   3.0387e-19
 5064.37   4.3115e-18   2.9898e-19
 5068.98   4.0631e-18   2.9394e-19
 5073.58   3.7709e-18   2.8851e-19
 5078.19   4.4815e-18   2.9366e-19
 5082.80   4.1769e-18   2.9323e-19
 5087.40   4.3246e-18   2.9028e-19
 5092.01   3.8944e-18   2.8654e-19
 5096.61   4.6502e-18   2.9014e-19
 5101.22   4.4444e-18   2.8772e-19
 5105.83   4.7874e-18   2.8899e-19
 5110.43   3.7809e-18   2.8253e-19
 5115.04   4.5823e-18   2.8714e-19
 5119.65   4.1310e-18   2.8241e-19
 5124.25   4.8000e-18   2.8328e-19
 5128.86   4.0221e-18   2.8193e-19
 5133.47   4.1249e-18   2.8475e-19
 5138.07   4.6426e-18   2.9053e-19
 5142.68   4.4776e-18   2.8936e-19
 5147.29   4.3762e-18   2.8796e-19
 5151.89   4.1970e-18   2.8495e-19
 5156.50   3.9531e-18   2.8114e-19
 5161.10   5.0240e-18   2.8680e-19
 5165.71   4.6484e-18   2.7863e-19
 5170.32   4.4865e-18   2.7528e-19
 5174.92   3.8645e-18   2.6975e-19
 5179.53   3.7788e-18   2.6947e-19
 5184.14   4.2815e-18   2.7656e-19
 5188.74   4.4474e-18   2.7601e-19
 5193.35   4.0370e-18   2.8345e-19
 5197.96   4.2240e-18   2.9266e-19
 5202.56   4.1624e-18   2.8910e-19
 5207.17   3.7166e-18   2.7949e-19
 5211.77   3.8856e-18   2.7373e-19
 5216.38   3.8709e-18   2.7549e-19
 5220.99   4.1795e-18   2.7659e-19
 5225.59   4.3336e-18   2.7684e-19
 5230.20   4.7881e-18   2.8161e-19
 5234.81   4.3155e-18   2.7856e-19
 5239.41   4.8361e-18   2.8195e-19
 5244.02   4.5453e-18   2.8331e-19
 5248.63   4.7357e-18   2.7934e-19
 5253.23   4.6733e-18   2.7968e-19
 5257.84   4.5821e-18   2.7686e-19
 5262.44   4.4118e-18   2.6936e-19
 5267.05   4.3491e-18   2.6370e-19
 5271.66   4.5320e-18   2.6959e-19
 5276.26   4.4808e-18   2.7008e-19
 5280.87   4.1452e-18   2.6672e-19
 5285.48   4.0292e-18   2.6353e-19
 5290.08   4.1470e-18   2.6516e-19
 5294.69   3.8608e-18   2.6551e-19
 5299.30   3.9711e-18   2.6352e-19
 5303.90   4.2064e-18   2.6852e-19
 5308.51   4.2654e-18   2.6590e-19
 5313.12   3.9485e-18   2.6016e-19
 5317.72   4.3113e-18   2.6254e-19
 5322.33   3.8731e-18   2.6394e-19
 5326.93   3.9476e-18   2.6570e-19
 5331.54   3.7716e-18   2.6305e-19
 5336.15   3.7339e-18   2.6019e-19
 5340.75   3.9792e-18   2.6006e-19
 5345.36   4.3650e-18   2.6284e-19
 5349.97   4.1216e-18   2.5665e-19
 5354.57   3.5591e-18   2.5598e-19
 5359.18   3.5291e-18   2.5331e-19
 5363.79   3.6416e-18   2.5056e-19
 5368.39   4.2952e-18   2.5519e-19
 5373.00   4.3690e-18   2.5595e-19
 5377.60   4.2040e-18   2.5351e-19
 5382.21   4.9535e-18   2.5652e-19
 5386.82   4.5940e-18   2.5190e-19
 5391.42   4.6569e-18   2.5167e-19
 5396.03   5.0702e-18   2.5023e-19
 5400.64   4.5973e-18   2.4872e-19
 5405.24   5.4256e-18   2.5114e-19
 5409.85   5.3030e-18   2.5160e-19
 5414.46   5.0945e-18   2.5246e-19
 5419.06   5.5391e-18   2.5646e-19
 5423.67   5.4184e-18   2.5522e-19
 5428.27   5.1391e-18   2.5369e-19
 5432.88   5.6016e-18   2.5504e-19
 5437.49   5.3325e-18   2.5434e-19
 5442.09   5.7742e-18   2.5491e-19
 5446.70   5.3249e-18   2.5064e-19
 5451.31   5.4770e-18   2.5162e-19
 5455.91   5.3136e-18   2.5507e-19
 5460.52   5.2973e-18   2.5515e-19
 5465.13   5.0817e-18   2.5048e-19
 5469.73   5.7720e-18   2.4773e-19
 5474.34   5.8516e-18   2.4500e-19
 5478.95   5.3895e-18   2.4315e-19
 5483.55   5.8541e-18   2.4376e-19
 5488.16   5.9551e-18   2.4452e-19
 5492.76   6.2081e-18   2.4513e-19
 5497.37   5.6131e-18   2.4169e-19
 5501.98   5.4037e-18   2.4139e-19
 5506.58   5.4080e-18   2.3998e-19
 5511.19   5.5546e-18   2.3831e-19
 5515.80   5.4107e-18   2.3667e-19
 5520.40   5.1105e-18   2.3201e-19
 5525.01   4.6432e-18   2.3088e-19
 5529.62   4.6433e-18   2.2882e-19
 5534.22   5.2004e-18   2.3340e-19
 5538.83   5.1158e-18   2.3804e-19
 5543.43   4.7492e-18   2.3841e-19
 5548.04   5.2083e-18   2.4017e-19
 5552.65   5.0211e-18   2.2786e-19
 5557.25   5.0228e-18   2.3189e-19
 5561.86   4.9622e-18   2.2739e-19
 5566.47   4.9137e-18   3.4781e-19
 5571.07   2.7150e-18   6.1977e-19
 5575.68   6.0995e-18   7.6937e-19
 5580.29   2.0310e-18   7.3753e-19
 5584.89   5.8168e-18   5.5187e-19
 5589.50   4.8466e-18   2.7115e-19
 5594.10   5.3756e-18   2.3081e-19
 5598.71   4.6708e-18   2.2374e-19
 5603.32   4.9035e-18   2.2764e-19
 5607.92   4.7463e-18   2.2504e-19
 5612.53   4.2886e-18   2.2125e-19
 5617.14   4.5595e-18   2.2107e-19
 5621.74   4.7405e-18   2.2061e-19
 5626.35   4.3616e-18   2.1784e-19
 5630.96   4.5628e-18   2.1579e-19
 5635.56   4.8487e-18   2.1489e-19
 5640.17   4.7206e-18   2.1669e-19
 5644.77   5.0321e-18   2.1864e-19
 5649.38   5.2746e-18   2.1746e-19
 5653.99   4.7463e-18   2.1239e-19
 5658.59   4.7784e-18   2.1176e-19
 5663.20   5.0476e-18   2.1555e-19
 5667.81   4.5992e-18   2.1352e-19
 5672.41   5.1283e-18   2.1626e-19
 5677.02   4.7296e-18   2.1646e-19
 5681.63   5.4254e-18   2.1922e-19
 5686.23   4.9448e-18   2.2135e-19
 5690.84   5.0603e-18   2.2017e-19
 5695.45   4.6844e-18   2.1693e-19
 5700.05   5.1365e-18   2.1593e-19
 5704.66   4.7927e-18   2.1197e-19
 5709.26   5.2584e-18   2.1347e-19
 5713.87   4.9866e-18   2.1193e-19
 5718.48   4.6881e-18   2.1048e-19
 5723.08   4.8576e-18   2.1059e-19
 5727.69   4.8460e-18   2.0894e-19
 5732.30   4.3140e-18   2.0551e-19
 5736.90   4.2785e-18   2.0299e-19
 5741.51   4.3035e-18   2.0282e-19
 5746.12   4.2436e-18   2.0167e-19
 5750.72   4.3999e-18   2.0111e-19
 5755.33   3.7385e-18   1.9814e-19
 5759.94   4.2962e-18   1.9972e-19
 5764.54   4.1559e-18   2.0094e-19
 5769.15   4.4904e-18   2.0119e-19
 5773.75   4.5045e-18   2.0168e-19
 5778.36   4.3328e-18   1.9801e-19
 5782.97   4.4803e-18   1.9874e-19
 5787.57   4.0288e-18   1.9709e-19
 5792.18   4.0349e-18   1.9818e-19
 5796.79   4.0122e-18   1.9708e-19
 5801.39   4.3897e-18   1.9909e-19
 5806.00   3.9387e-18   1.9690e-19
 5810.60   4.0612e-18   1.9700e-19
 5815.21   4.1668e-18   1.9804e-19
 5819.82   4.2537e-18   1.9841e-19
 5824.42   4.3025e-18   1.9882e-19
 5829.03   4.1409e-18   1.9859e-19
 5833.64   4.4695e-18   1.9969e-19
 5838.24   3.8880e-18   1.9684e-19
 5842.85   3.9359e-18   1.9510e-19
 5847.46   4.0087e-18   1.9576e-19
 5852.06   3.9687e-18   1.9577e-19
 5856.67   3.7483e-18   1.9905e-19
 5861.28   3.7206e-18   2.1482e-19
 5865.88   3.7632e-18   2.2573e-19
 5870.49   3.6642e-18   2.2789e-19
 5875.09   3.2995e-18   2.1708e-19
 5879.70   3.6318e-18   2.6199e-19
 5884.31   3.2041e-18   3.9141e-19
 5888.91   3.2695e-18   4.9231e-19
 5893.52   4.3532e-18   5.2257e-19
 5898.13   3.5365e-18   4.4983e-19
 5902.73   2.6883e-18   3.2801e-19
 5907.34   4.3633e-18   2.4051e-19
 5911.95   3.3592e-18   2.2027e-19
 5916.55   3.0991e-18   2.2002e-19
 5921.16   3.2123e-18   2.1770e-19
 5925.77   3.6180e-18   2.2053e-19
 5930.37   3.6847e-18   2.2230e-19
 5934.98   3.5005e-18   2.1890e-19
 5939.58   3.3548e-18   2.1226e-19
 5944.19   3.6988e-18   2.1045e-19
 5948.80   3.4031e-18   2.1628e-19
 5953.40   3.6853e-18   2.1704e-19
 5958.01   3.2356e-18   2.1116e-19
 5962.62   3.3689e-18   2.0500e-19
 5967.22   3.4284e-18   2.0414e-19
 5971.83   3.3843e-18   2.0975e-19
 5976.44   2.9722e-18   2.0976e-19
 5981.04   2.9925e-18   2.0536e-19
 5985.65   3.1203e-18   1.9870e-19
 5990.25   3.0755e-18   1.9471e-19
 5994.86   3.3849e-18   1.9835e-19
 5999.47   3.4383e-18   2.0161e-19
 6004.07   3.0897e-18   1.9848e-19
 6008.68   3.0785e-18   1.9522e-19
 6013.29   3.2507e-18   1.9105e-19
 6017.89   3.3500e-18   1.8798e-19
 6022.50   3.6434e-18   1.8987e-19
 6027.11   3.1432e-18   1.8990e-19
 6031.71   3.1205e-18   1.9031e-19
 6036.32   3.4464e-18   1.9004e-19
 6040.92   3.3881e-18   1.8730e-19
 6045.53   3.6048e-18   1.8447e-19
 6050.14   3.4621e-18   1.8364e-19
 6054.74   3.5113e-18   1.8371e-19
 6059.35   3.5273e-18   1.8409e-19
 6063.96   3.5208e-18   1.8389e-19
 6068.56   3.5756e-18   1.8515e-19
 6073.17   3.8982e-18   1.8505e-19
 6077.78   3.6371e-18   1.8150e-19
 6082.38   3.9750e-18   1.8136e-19
 6086.99   3.8619e-18   1.8076e-19
 6091.59   3.9046e-18   1.8244e-19
 6096.20   3.8217e-18   1.8475e-19
 6100.81   3.9484e-18   1.8675e-19
 6105.41   4.1052e-18   1.8697e-19
 6110.02   3.9380e-18   1.8663e-19
 6114.63   3.6579e-18   1.8733e-19
 6119.23   3.6813e-18   1.8092e-19
 6123.84   3.4196e-18   1.7906e-19
 6128.45   3.7054e-18   1.8134e-19
 6133.05   3.2489e-18   1.8271e-19
 6137.66   3.9331e-18   1.9064e-19
 6142.27   3.4347e-18   1.9005e-19
 6146.87   3.3145e-18   1.8650e-19
 6151.48   3.3038e-18   1.8237e-19
 6156.08   3.7504e-18   1.8125e-19
 6160.69   3.9830e-18   1.8226e-19
 6165.30   3.5370e-18   1.8260e-19
 6169.90   3.6007e-18   1.8638e-19
 6174.51   3.2132e-18   1.8514e-19
 6179.12   3.2743e-18   1.8122e-19
 6183.72   3.3825e-18   1.7846e-19
 6188.33   3.7647e-18   1.7330e-19
 6192.94   3.5755e-18   1.7934e-19
 6197.54   3.6196e-18   1.8256e-19
 6202.15   3.8327e-18   1.8092e-19
 6206.75   3.8765e-18   1.8424e-19
 6211.36   3.9185e-18   1.8339e-19
 6215.97   4.0368e-18   1.8679e-19
 6220.57   3.8827e-18   1.8794e-19
 6225.18   4.0211e-18   1.9404e-19
 6229.79   3.6930e-18   2.1398e-19
 6234.39   3.6881e-18   2.3087e-19
 6239.00   4.0002e-18   2.3624e-19
 6243.61   4.2931e-18   2.2117e-19
 6248.21   4.6018e-18   2.0671e-19
 6252.82   4.0660e-18   2.1204e-19
 6257.42   4.1120e-18   2.2313e-19
 6262.03   4.1987e-18   2.2448e-19
 6266.64   4.4396e-18   2.1270e-19
 6271.24   4.0900e-18   1.9998e-19
 6275.85   4.2312e-18   1.9389e-19
 6280.46   4.1738e-18   2.0205e-19
 6285.06   4.1457e-18   2.1017e-19
 6289.67   3.9860e-18   2.3663e-19
 6294.28   4.7166e-18   2.9980e-19
 6298.88   4.7206e-18   3.3725e-19
 6303.49   4.2876e-18   3.3476e-19
 6308.10   3.7668e-18   2.8146e-19
 6312.70   3.7477e-18   2.1484e-19
 6317.31   4.0738e-18   1.9622e-19
 6321.91   3.8489e-18   2.0175e-19
 6326.52   3.7597e-18   2.1326e-19
 6331.13   3.4789e-18   2.0689e-19
 6335.73   4.0200e-18   1.9777e-19
 6340.34   4.1217e-18   1.8434e-19
 6344.95   3.9716e-18   1.8560e-19
 6349.55   4.3759e-18   1.9782e-19
 6354.16   4.4911e-18   2.1486e-19
 6358.77   4.0789e-18   2.3657e-19
 6363.37   3.8669e-18   2.3726e-19
 6367.98   4.1529e-18   2.2560e-19
 6372.58   4.1819e-18   1.9636e-19
 6377.19   4.0363e-18   1.8191e-19
 6381.80   3.9269e-18   1.8542e-19
 6386.40   3.8607e-18   1.8410e-19
 6391.01   4.2733e-18   1.7989e-19
 6395.62   4.1742e-18   1.7137e-19
 6400.22   4.0323e-18   1.6602e-19
 6404.83   4.2460e-18   1.6623e-19
 6409.44   4.1233e-18   1.6886e-19
 6414.04   4.1564e-18   1.7104e-19
 6418.65   3.9895e-18   1.7280e-19
 6423.25   4.0974e-18   1.6998e-19
 6427.86   3.8523e-18   1.6436e-19
 6432.47   4.2016e-18   1.6170e-19
 6437.07   3.9832e-18   1.5983e-19
 6441.68   4.0124e-18   1.6080e-19
 6446.29   4.0686e-18   2.5670e-19
 6450.89   4.4704e-18   2.7020e-19
 6455.50   4.2459e-18   2.7579e-19
 6460.11   3.9533e-18   1.8782e-19
 6464.71   3.6152e-18   1.9833e-19
 6469.32   3.8972e-18   2.0113e-19
 6473.93   3.7890e-18   1.8849e-19
 6478.53   3.6337e-18   1.7028e-19
 6483.14   3.4570e-18   1.5617e-19
 6487.74   3.7457e-18   1.5740e-19
 6492.35   3.6097e-18   1.7610e-19
 6496.96   3.4437e-18   1.9329e-19
 6501.56   3.1971e-18   1.9613e-19
 6506.17   3.4222e-18   1.8233e-19
 6510.78   3.4857e-18   1.6551e-19
 6515.38   3.4524e-18   1.5862e-19
 6519.99   3.4856e-18   1.5931e-19
 6524.60   3.2595e-18   1.7004e-19
 6529.20   3.1608e-18   1.7855e-19
 6533.81   3.1653e-18   1.8206e-19
 6538.41   3.7513e-18   1.8162e-19
 6543.02   3.6758e-18   1.7729e-19
 6547.63   3.4341e-18   1.8363e-19
 6552.23   3.9243e-18   1.9018e-19
 6556.84   3.4119e-18   1.8588e-19
 6561.45   3.3771e-18   1.7808e-19
 6566.05   3.7579e-18   1.7287e-19
 6570.66   3.5455e-18   1.7924e-19
 6575.27   3.3890e-18   1.8147e-19
 6579.87   3.7297e-18   1.7602e-19
 6584.48   3.5168e-18   1.6385e-19
 6589.08   3.0463e-18   1.5175e-19
 6593.69   3.5436e-18   1.5657e-19
 6598.30   3.3770e-18   1.6350e-19
 6602.90   3.4308e-18   1.6572e-19
 6607.51   3.1295e-18   1.5821e-19
 6612.12   3.1536e-18   1.4950e-19
 6616.72   3.1478e-18   1.4340e-19
 6621.33   3.4791e-18   1.4596e-19
 6625.94   3.2242e-18   1.4946e-19
 6630.54   3.4795e-18   1.5379e-19
 6635.15   3.4769e-18   1.5291e-19
 6639.76   3.0971e-18   1.4716e-19
 6644.36   2.9768e-18   1.4196e-19
 6648.97   3.0256e-18   1.4016e-19
 6653.57   3.2354e-18   1.4121e-19
 6658.18   3.1328e-18   1.4306e-19
 6662.79   3.2782e-18   1.4516e-19
 6667.39   3.4486e-18   1.4557e-19
 6672.00   3.4227e-18   1.4350e-19
 6676.61   3.4480e-18   1.4131e-19
 6681.21   3.4344e-18   1.3953e-19
 6685.82   3.1769e-18   1.3791e-19
 6690.43   3.1806e-18   1.3850e-19
 6695.03   3.1669e-18   1.3983e-19
 6699.64   3.0182e-18   1.4070e-19
 6704.24   3.3616e-18   1.4232e-19
 6708.85   2.9797e-18   1.3941e-19
 6713.46   3.1690e-18   1.3863e-19
 6718.06   3.2787e-18   1.3835e-19
 6722.67   2.9191e-18   1.3606e-19
 6727.28   3.1922e-18   1.3653e-19
 6731.88   3.3654e-18   1.3698e-19
 6736.49   2.9165e-18   1.3585e-19
 6741.10   2.7676e-18   1.3514e-19
 6745.70   2.8103e-18   1.3515e-19
 6750.31   2.7409e-18   1.3330e-19
 6754.92   2.4482e-18   1.3017e-19
 6759.52   2.5327e-18   1.2931e-19
 6764.13   2.8132e-18   1.2941e-19
 6768.73   2.7242e-18   1.2904e-19
 6773.34   2.6000e-18   1.2826e-19
 6777.95   2.6017e-18   1.2722e-19
 6782.55   2.3045e-18   1.2774e-19
 6787.16   2.5316e-18   1.2826e-19
 6791.77   2.5016e-18   1.2641e-19
 6796.37   2.5080e-18   1.2497e-19
 6800.98   2.6250e-18   1.2498e-19
 6805.59   2.3970e-18   1.2486e-19
 6810.19   2.1185e-18   1.2412e-19
 6814.80   2.4132e-18   1.2636e-19
 6819.40   2.2891e-18   1.4515e-19
 6824.01   2.1640e-18   1.8441e-19
 6828.62   2.2520e-18   2.1519e-19
 6833.22   2.5389e-18   2.2178e-19
 6837.83   2.5118e-18   1.9987e-19
 6842.44   2.7280e-18   1.6582e-19
 6847.04   2.6635e-18   1.4313e-19
 6851.65   2.6892e-18   1.3882e-19
 6856.26   2.6922e-18   1.6709e-19
 6860.86   2.5715e-18   1.9626e-19
 6865.47   2.5780e-18   2.0173e-19
 6870.07   2.2454e-18   1.8202e-19
 6874.68   2.0851e-18   1.4881e-19
 6879.29   2.5034e-18   1.4012e-19
 6883.89   2.5607e-18   1.4737e-19
 6888.50   2.7551e-18   1.5039e-19
 6893.11   2.5458e-18   1.4876e-19
 6897.71   2.4701e-18   1.4712e-19
 6902.32   2.3676e-18   1.4466e-19
 6906.93   2.6267e-18   1.5311e-19
 6911.53   2.4812e-18   1.5503e-19
 6916.14   2.8246e-18   1.7131e-19
 6920.75   2.6101e-18   1.7544e-19
 6925.35   2.4276e-18   1.6759e-19
 6929.96   2.5954e-18   1.5645e-19
 6934.56   2.5551e-18   1.4691e-19
 6939.17   2.4059e-18   1.5622e-19
 6943.78   2.5707e-18   1.7612e-19
 6948.38   2.4888e-18   1.7865e-19
 6952.99   2.4974e-18   1.6629e-19
 6957.60   2.4876e-18   1.4748e-19
 6962.20   2.5338e-18   1.3509e-19
 6966.81   2.8557e-18   1.4584e-19
 6971.42   2.5970e-18   1.6008e-19
 6976.02   2.6912e-18   1.6873e-19
 6980.63   2.3853e-18   1.6074e-19
 6985.23   2.4839e-18   1.4672e-19
 6989.84   2.3140e-18   1.2753e-19
 6994.45   2.4908e-18   1.2624e-19
 6999.05   2.4715e-18   1.3195e-19
 7003.66   2.6581e-18   1.4074e-19
 7008.27   2.5096e-18   1.4485e-19
 7012.87   2.3906e-18   1.3994e-19
 7017.48   2.6937e-18   1.3187e-19
 7022.09   2.5713e-18   1.2143e-19
 7026.69   2.5921e-18   1.1793e-19
 7031.30   2.6812e-18   1.1982e-19
 7035.90   2.5414e-18   1.2395e-19
 7040.51   2.5820e-18   1.3425e-19
 7045.12   2.5876e-18   1.4360e-19
 7049.72   2.7127e-18   1.4551e-19
 7054.33   2.6857e-18   1.4033e-19
 7058.94   2.3412e-18   1.3175e-19
 7063.54   2.6830e-18   1.3107e-19
 7068.15   2.5849e-18   1.3242e-19
 7072.76   2.6188e-18   1.3324e-19
 7077.36   2.8948e-18   1.3432e-19
 7081.97   2.8346e-18   1.3655e-19
 7086.58   2.8498e-18   1.3664e-19
 7091.18   2.9634e-18   1.3380e-19
 7095.79   3.1043e-18   1.2941e-19
 7100.39   3.0005e-18   1.2429e-19
 7105.00   3.0244e-18   1.2336e-19
 7109.61   2.9579e-18   1.2354e-19
 7114.21   2.7571e-18   1.2205e-19
 7118.82   2.9838e-18   1.2357e-19
 7123.43   2.8299e-18   1.2573e-19
 7128.03   2.7495e-18   1.2738e-19
 7132.64   3.0937e-18   1.3037e-19
 7137.25   2.7745e-18   1.3264e-19
 7141.85   3.0228e-18   1.3626e-19
 7146.46   2.7725e-18   1.3613e-19
 7151.06   2.9430e-18   1.3441e-19
 7155.67   2.9552e-18   1.3096e-19
 7160.28   2.6966e-18   1.2915e-19
 7164.88   2.6334e-18   1.2891e-19
 7169.49   2.3779e-18   1.2661e-19
 7174.10   2.5275e-18   1.2616e-19
 7178.70   2.4773e-18   1.2409e-19
 7183.31   2.4112e-18   1.2034e-19
 7187.92   2.6412e-18   1.1707e-19
 7192.52   2.4014e-18   1.1363e-19
 7197.13   2.2132e-18   1.1282e-19
 7201.73   2.3896e-18   1.1409e-19
 7206.34   2.4641e-18   1.1544e-19
 7210.95   2.4951e-18   1.1745e-19
 7215.55   2.2039e-18   1.2007e-19
 7220.16   2.5049e-18   1.2445e-19
 7224.77   2.5683e-18   1.2799e-19
 7229.37   2.2573e-18   1.5095e-19
 7233.98   2.4021e-18   2.1462e-19
 7238.59   2.7089e-18   2.7524e-19
 7243.19   2.5566e-18   2.9396e-19
 7247.80   2.4196e-18   2.7179e-19
 7252.41   2.5805e-18   2.1560e-19
 7257.01   2.8238e-18   1.6747e-19
 7261.62   2.5433e-18   1.4522e-19
 7266.22   2.3626e-18   1.7169e-19
 7270.83   2.3650e-18   2.2686e-19
 7275.44   2.5656e-18   2.6592e-19
 7280.04   2.1513e-18   2.7261e-19
 7284.65   2.6141e-18   2.4268e-19
 7289.26   2.1695e-18   1.9811e-19
 7293.86   2.4425e-18   1.7827e-19
 7298.47   2.5262e-18   1.7631e-19
 7303.08   2.3601e-18   1.8057e-19
 7307.68   2.3424e-18   2.0639e-19
 7312.29   2.3985e-18   2.3721e-19
 7316.89   1.9834e-18   2.3919e-19
 7321.50   2.3250e-18   2.3638e-19
 7326.11   2.9249e-18   2.0967e-19
 7330.71   2.2747e-18   2.1450e-19
 7335.32   1.9523e-18   2.5403e-19
 7339.93   2.2954e-18   2.6589e-19
 7344.53   1.9522e-18   2.4855e-19
 7349.14   2.3249e-18   2.1611e-19
 7353.75   2.1410e-18   1.8632e-19
 7358.35   2.0376e-18   2.0357e-19
 7362.96   2.0349e-18   2.3481e-19
 7367.56   2.1968e-18   2.4384e-19
 7372.17   2.3525e-18   2.2920e-19
 7376.78   2.1128e-18   1.9267e-19
 7381.38   2.1603e-18   1.4953e-19
 7385.99   2.1435e-18   1.6226e-19
 7390.60   2.1215e-18   1.8290e-19
 7395.20   2.1635e-18   2.1622e-19
 7399.81   1.9287e-18   2.2359e-19
 7404.42   2.2221e-18   2.1163e-19
 7409.02   2.4089e-18   1.8213e-19
 7413.63   2.5425e-18   1.4550e-19
 7418.23   2.2724e-18   1.3616e-19
 7422.84   2.2419e-18   1.4657e-19
 7427.45   2.3853e-18   1.6411e-19
 7432.05   2.0804e-18   1.8444e-19
 7436.66   2.5432e-18   1.9331e-19
 7441.27   2.1733e-18   1.7985e-19
 7445.87   2.1675e-18   1.5781e-19
 7450.48   2.4761e-18   1.3540e-19
 7455.09   2.4363e-18   1.3750e-19
 7459.69   2.3549e-18   1.5255e-19
 7464.30   2.3982e-18   1.7529e-19
 7468.91   2.3662e-18   1.9495e-19
 7473.51   2.3827e-18   2.1130e-19
 7478.12   2.3050e-18   2.1545e-19
 7482.72   2.1181e-18   2.0383e-19
 7487.33   2.2432e-18   1.8454e-19
 7491.94   2.6566e-18   1.6216e-19
 7496.54   2.3391e-18   1.4450e-19
 7501.15   2.1448e-18   1.3771e-19
 7505.76   2.4818e-18   1.3291e-19
 7510.36   2.6673e-18   1.4030e-19
 7514.97   2.3819e-18   1.7277e-19
 7519.58   2.2930e-18   2.1635e-19
 7524.18   3.0873e-18   2.3738e-19
 7528.79   2.7910e-18   2.2736e-19
 7533.40   2.3462e-18   1.9082e-19
 7538.00   2.3278e-18   1.5905e-19
 7542.61   2.4437e-18   1.4563e-19
 7547.21   2.4442e-18   1.4394e-19
 7551.82   2.2869e-18   1.5116e-19
 7556.43   2.2532e-18   1.5681e-19
 7561.03   2.3171e-18   1.6857e-19
 7565.64   2.3251e-18   1.9241e-19
 7570.25   2.1101e-18   2.0388e-19
 7574.85   2.0603e-18   2.0045e-19
 7579.46   1.9504e-18   1.8469e-19
 7584.06   2.0548e-18   1.6326e-19
 7588.67   2.1680e-18   1.6082e-19
 7593.28   1.8337e-18   1.5808e-19
 7597.88   2.1565e-18   1.4593e-19
 7602.49   2.1550e-18   1.3424e-19
 7607.10   2.1546e-18   1.2363e-19
 7611.70   2.1511e-18   1.3094e-19
 7616.31   2.1524e-18   1.5021e-19
 7620.92   2.1540e-18   1.6437e-19
 7625.52   2.1529e-18   1.6861e-19
 7630.13   2.1532e-18   1.5747e-19
 7634.74   2.1551e-18   1.4689e-19
 7639.34   2.1597e-18   1.2931e-19
 7643.95   2.1568e-18   1.3019e-19
 7648.55   1.6562e-18   1.3949e-19
 7653.16   1.9492e-18   1.4984e-19
 7657.77   1.8984e-18   1.6197e-19
 7662.37   2.1650e-18   1.6218e-19
 7666.98   2.2883e-18   1.5456e-19
 7671.59   2.4225e-18   1.4226e-19
 7676.19   2.3779e-18   1.3717e-19
 7680.80   2.4985e-18   1.4588e-19
 7685.41   2.7209e-18   1.5403e-19
 7690.01   2.3589e-18   1.6089e-19
 7694.62   2.5191e-18   1.6635e-19
 7699.23   2.5501e-18   1.6855e-19
 7703.83   2.6066e-18   2.1810e-19
 7708.44   2.8329e-18   3.1583e-19
 7713.04   3.1574e-18   3.7536e-19
 7717.65   2.5588e-18   3.8390e-19
 7722.26   2.3112e-18   3.2872e-19
 7726.86   3.3118e-18   2.5081e-19
 7731.47   2.6128e-18   2.0146e-19
 7736.08   2.5657e-18   1.7436e-19
 7740.68   2.7579e-18   2.1853e-19
 7745.29   2.7141e-18   2.9689e-19
 7749.90   2.7094e-18   3.3974e-19
 7754.50   2.3456e-18   3.4411e-19
 7759.11   2.6840e-18   2.9166e-19
 7763.71   3.3164e-18   2.3549e-19
 7768.32   2.6594e-18   2.1835e-19
 7772.93   2.8845e-18   2.2239e-19
 7777.53   2.7110e-18   2.3290e-19
 7782.14   2.6095e-18   2.2936e-19
 7786.75   2.3092e-18   2.6666e-19
 7791.35   2.8462e-18   2.9160e-19
 7795.96   2.7540e-18   2.9028e-19
 7800.57   2.7736e-18   2.7078e-19
 7805.17   2.5000e-18   2.3470e-19
 7809.78   2.2980e-18   2.4113e-19
 7814.38   2.4755e-18   2.9295e-19
 7818.99   2.7871e-18   3.2026e-19
 7823.60   2.8722e-18   3.1134e-19
 7828.20   3.2408e-18   2.6781e-19
 7832.81   2.5006e-18   2.0390e-19
 7837.42   2.4541e-18   2.1094e-19
 7842.02   2.7071e-18   2.4673e-19
 7846.63   2.4084e-18   3.1774e-19
 7851.24   2.8530e-18   3.6109e-19
 7855.84   2.4598e-18   3.7023e-19
 7860.45   2.0954e-18   3.4341e-19
 7865.05   2.1410e-18   2.9882e-19
 7869.66   2.7771e-18   2.8546e-19
 7874.27   2.5784e-18   2.8407e-19
 7878.87   2.8959e-18   2.7834e-19
 7883.48   2.8242e-18   2.9250e-19
 7888.09   2.8359e-18   2.9048e-19
 7892.69   2.6098e-18   2.6651e-19
 7897.30   2.5237e-18   2.1906e-19
 7901.91   2.4483e-18   1.8972e-19
 7906.51   2.0778e-18   2.7170e-19
 7911.12   2.0778e-18   3.4289e-19
 7915.73   2.5933e-18   3.7386e-19
 7920.33   2.9949e-18   3.5218e-19
 7924.94   2.2517e-18   2.9874e-19
 7929.54   2.6553e-18   2.6608e-19
 7934.15   2.0794e-18   2.2855e-19
 7938.76   2.4629e-18   2.0840e-19
 7943.36   3.0305e-18   2.0034e-19
 7947.97   2.8379e-18   2.0539e-19
 7952.58   2.0794e-18   2.0323e-19
 7957.18   2.1846e-18   2.4431e-19
 7961.79   2.4022e-18   2.8031e-19
 7966.40   2.6680e-18   2.9191e-19
 7971.00   1.8232e-18   2.7953e-19
 7975.61   2.2263e-18   2.5213e-19
 7980.21   2.4566e-18   2.3969e-19
 7984.82   1.9630e-18   2.6906e-19
 7989.43   2.2915e-18   3.0165e-19
 7994.03   2.0753e-18   3.0162e-19
 7998.64   2.2856e-18   2.7765e-19
 8003.25   1.6892e-18   1.9713e-19
 8007.85   2.3339e-18   1.8922e-19
 8012.46   1.9248e-18   2.0264e-19
 8017.07   2.1182e-18   2.4815e-19
 8021.67   2.2372e-18   2.8228e-19
 8026.28   2.0654e-18   2.8343e-19
 8030.88   2.3077e-18   2.5406e-19
 8035.49   2.7352e-18   1.9247e-19
 8040.10   2.0892e-18   1.4412e-19
 8044.70   2.0335e-18   1.6151e-19
 8049.31   2.1840e-18   1.8228e-19
 8053.92   2.0186e-18   2.0608e-19
 8058.52   2.2746e-18   2.2742e-19
 8063.13   2.2434e-18   2.1533e-19
 8067.74   2.1938e-18   1.9566e-19
 8072.34   2.2710e-18   1.5533e-19
 8076.95   2.3270e-18   1.4066e-19
 8081.56   2.1842e-18   1.4361e-19
 8086.16   2.1778e-18   1.5077e-19
 8090.77   2.2187e-18   1.6035e-19
 8095.37   2.2305e-18   1.7557e-19
 8099.98   2.3873e-18   1.8716e-19
 8104.59   2.1139e-18   1.7839e-19
 8109.19   2.1846e-18   1.6600e-19
 8113.80   2.0586e-18   1.4240e-19
 8118.41   2.2121e-18   1.3502e-19
 8123.01   2.1439e-18   1.3180e-19
 8127.62   1.9977e-18   1.3171e-19
 8132.23   2.0452e-18   1.3899e-19
 8136.83   2.0801e-18   1.4612e-19
 8141.44   1.9741e-18   1.5050e-19
 8146.04   1.9751e-18   1.4694e-19
 8150.65   1.9526e-18   1.3648e-19
 8155.26   2.0767e-18   1.2595e-19
 8159.86   1.8810e-18   1.1602e-19
 8164.47   1.9251e-18   1.1395e-19
 8169.08   2.3382e-18   1.1711e-19
 8173.68   1.9114e-18   1.1695e-19
 8178.29   2.1170e-18   1.2321e-19
 8182.90   1.9463e-18   1.2785e-19
 8187.50   1.8940e-18   1.3735e-19
 8192.11   1.8371e-18   1.4006e-19
 8196.71   2.1101e-18   1.3852e-19
 8201.32   2.1622e-18   1.3529e-19
 8205.93   2.0613e-18   1.2946e-19
 8210.53   2.0658e-18   1.2656e-19
 8215.14   2.1352e-18   1.2481e-19
 8219.75   2.0382e-18   1.2048e-19
 8224.35   1.7380e-18   1.1445e-19
 8228.96   1.6466e-18   1.1161e-19
 8233.57   1.8263e-18   1.1465e-19
 8238.17   2.0875e-18   1.2208e-19
 8242.78   2.1609e-18   1.2938e-19
 8247.38   2.2906e-18   1.3205e-19
 8251.99   2.2735e-18   1.2951e-19
 8256.60   2.0066e-18   1.2539e-19
 8261.20   1.8774e-18   1.2280e-19
 8265.81   1.9492e-18   1.2632e-19
 8270.42   1.9642e-18   1.6683e-19
 8275.02   1.7672e-18   2.4352e-19
 8279.63   1.9654e-18   3.0711e-19
 8284.24   2.1368e-18   3.4825e-19
 8288.84   1.4675e-18   3.4978e-19
 8293.45   1.7472e-18   3.5538e-19
 8298.06   1.7847e-18   3.2733e-19
 8302.66   1.0548e-18   2.9551e-19
 8307.27   1.8988e-18   2.4804e-19
 8311.88   2.5090e-18   1.9618e-19
 8316.48   1.8595e-18   1.7765e-19
 8321.09   1.6977e-18   1.4008e-19
 8325.69   2.0547e-18   1.2373e-19
 8330.30   2.4201e-18   1.3474e-19
 8334.91   2.2823e-18   2.3643e-19
 8339.51   2.7033e-18   3.7294e-19
 8344.12   1.9605e-18   4.2635e-19
 8348.73   1.8409e-18   4.2700e-19
 8353.33   1.8578e-18   3.4317e-19
 8357.94   1.3068e-18   2.5970e-19
 8362.54   2.1292e-18   2.2721e-19
 8367.15   2.0035e-18   1.8819e-19
 8371.76   2.0594e-18   1.8836e-19
 8376.36   2.1156e-18   2.1259e-19
 8380.97   2.0532e-18   2.3122e-19
 8385.58   2.8723e-18   2.3323e-19
 8390.18   2.3815e-18   2.6293e-19
 8394.79   2.1366e-18   3.3210e-19
 8399.40   2.5637e-18   3.5143e-19
 8404.00   2.0863e-18   3.2380e-19
 8408.61   2.3689e-18   2.7169e-19
 8413.21   2.2237e-18   2.4175e-19
 8417.82   1.7642e-18   2.6316e-19
 8422.43   1.9425e-18   3.2550e-19
 8427.03   2.6844e-18   3.8188e-19
 8431.64   1.4070e-18   3.7620e-19
 8436.25   1.8747e-18   3.2398e-19
 8440.85   1.7745e-18   1.9292e-19
 8445.46   2.2762e-18   2.1398e-19
 8450.07   1.8946e-18   2.4034e-19
 8454.67   2.2678e-18   2.7587e-19
 8459.28   2.3140e-18   3.2810e-19
 8463.89   1.6773e-18   3.4390e-19
 8468.49   1.6899e-18   3.2416e-19
 8473.10   2.0054e-18   2.5510e-19
 8477.71   1.2747e-18   1.3259e-19
 8482.31   1.4386e-18   1.4091e-19
 8486.92   1.6727e-18   1.8766e-19
 8491.52   1.7842e-18   2.1540e-19
 8496.13   1.1711e-18   2.6505e-19
 8500.74   1.0094e-18   2.9061e-19
 8505.34   1.1663e-18   2.8227e-19
 8509.95   1.3523e-18   2.4557e-19
 8514.56   1.5374e-18   1.7528e-19
 8519.16   1.2180e-18   1.2135e-19
 8523.77   1.0085e-18   1.2510e-19
 8528.38   9.4320e-19   1.3317e-19
 8532.98   1.0677e-18   1.6055e-19
 8537.59   1.5000e-18   1.8328e-19
 8542.19   9.9760e-19   2.2307e-19
 8546.80   9.2556e-19   2.2378e-19
 8551.41   7.5091e-19   2.1236e-19
 8556.01   9.0271e-19   1.7226e-19
 8560.62   1.3244e-18   1.3124e-19
 8565.23   8.8197e-19   1.2290e-19
 8569.83   8.2382e-19   1.3031e-19
 8574.44   1.2827e-18   1.3580e-19
 8579.04   1.2363e-18   1.4310e-19
 8583.65   1.2095e-18   1.5794e-19
 8588.26   1.0331e-18   1.7198e-19
 8592.86   1.1166e-18   1.8986e-19
 8597.47   1.4531e-18   1.8285e-19
 8602.08   1.0251e-18   1.7666e-19
 8606.68   8.1843e-19   1.8185e-19
 8611.29   1.0645e-18   2.2755e-19
 8615.90   8.0192e-19   2.9677e-19
 8620.50   1.2147e-18   3.6216e-19
 8625.11   9.9197e-19   4.0481e-19
 8629.72   1.3702e-18   4.1698e-19
 8634.32   1.7926e-18   3.8961e-19
 8638.93   2.2994e-18   3.3941e-19
 8643.54   2.1903e-18   3.2270e-19
 8648.14   2.0618e-18   3.4974e-19
 8652.75   2.0003e-18   3.9918e-19
 8657.35   1.5420e-18   4.2552e-19
 8661.96   1.1462e-18   4.2228e-19
 8666.57   9.5072e-19   4.0073e-19
 8671.17   2.4111e-18   3.7000e-19
 8675.78   2.5020e-18   3.3101e-19
 8680.39   1.3733e-18   2.8797e-19
 8684.99   2.2796e-18   2.5323e-19
 8689.60   1.7154e-18   2.2062e-19
 8694.21   2.0873e-18   2.0427e-19
 8698.81   1.9902e-18   1.9500e-19
 8703.42   1.9662e-18   1.8873e-19
 8708.02   1.5869e-18   1.7562e-19
 8712.63   1.7525e-18   1.6045e-19
 8717.24   1.9721e-18   1.5108e-19
 8721.84   1.7832e-18   1.4766e-19
 8726.45   1.9448e-18   1.4950e-19
 8731.06   2.1489e-18   1.5378e-19
 8735.66   2.2588e-18   1.5808e-19
 8740.27   2.2286e-18   1.6165e-19
 8744.88   2.1690e-18   1.6574e-19
 8749.48   1.8655e-18   2.2237e-19
 8754.09   8.3608e-19   3.7420e-19
 8758.69   1.0180e-18   5.2129e-19
 8763.30   5.0012e-19   5.9163e-19
 8767.91   1.7338e-18   6.1177e-19
 8772.51   1.7827e-18   5.9352e-19
 8777.12   2.0790e-18   5.3533e-19
 8781.73   2.9183e-18   4.7760e-19
 8786.33   2.8590e-18   3.9035e-19
 8790.94   2.0733e-18   3.0677e-19
 8795.55   1.8858e-18   2.8330e-19
 8800.15   2.2482e-18   2.1374e-19
 8804.76   1.9135e-18   1.7731e-19
 8809.36   2.2639e-18   1.8806e-19
 8813.97   1.9412e-18   2.1550e-19
 8818.58   1.3985e-18   4.5454e-19
 8823.18   1.3011e-18   6.5237e-19
 8827.79  -2.2786e-19   7.1328e-19
 8832.40   1.8000e-18   7.1069e-19
 8837.00   1.7072e-18   5.1251e-19
 8841.61   2.7426e-18   4.3141e-19
 8846.22   2.4635e-18   3.3406e-19
 8850.82   1.8453e-18   2.9170e-19
 8855.43   2.0901e-18   2.8308e-19
 8860.04   2.8773e-18   3.3633e-19
 8864.64   2.9342e-18   3.9219e-19
 8869.25   2.5291e-18   3.7842e-19
 8873.85   2.6125e-18   3.7402e-19
 8878.46   2.0815e-18   4.7246e-19
 8883.07   2.0561e-18   5.9367e-19
 8887.67   2.0336e-18   5.9653e-19
 8892.28   2.0387e-18   5.0751e-19
 8896.89   3.0440e-18   4.3391e-19
 8901.49   1.9928e-18   4.3701e-19
 8906.10   9.9666e-19   4.3063e-19
 8910.71   1.9857e-18   5.1608e-19
 8915.31   2.0163e-18   6.2655e-19
 8919.92   1.0328e-18   6.5974e-19
 8924.52   2.1957e-18   6.0045e-19
 8929.13   1.8543e-18   3.5709e-19
 8933.74   2.1052e-18   2.9579e-19
 8938.34   1.3678e-18   4.0419e-19
 8942.95   1.2965e-18   4.2139e-19
 8947.56   1.5303e-18   4.7174e-19
 8952.16   3.9089e-18   5.5929e-19
 8956.77   1.9384e-18   6.0105e-19
 8961.38   1.8264e-18   5.6997e-19
 8965.98   1.8268e-18   4.2646e-19
 8970.59   1.4252e-18   1.9355e-19
 8975.19   1.8932e-18   2.2395e-19
 8979.80   1.1235e-18   2.8479e-19
 8984.41   8.7079e-19   3.5519e-19
 8989.01   1.6400e-18   3.6867e-19
 8993.62   2.0119e-18   4.6362e-19
 8998.23   2.1638e-18   4.9224e-19
 9002.83   1.4757e-18   4.8429e-19
 9007.44   2.1530e-18   4.0104e-19
 9012.05   1.9675e-18   2.2694e-19
 9016.65   1.5920e-18   1.8218e-19
 9021.26   1.7069e-18   1.8932e-19
 9025.87   2.1327e-18   2.0931e-19
 9030.47   1.6931e-18   2.7738e-19
 9035.08   1.6901e-18   3.1553e-19
 9039.68   1.3589e-18   3.7326e-19
 9044.29   1.5280e-18   4.1898e-19
 9048.90   1.8194e-18   4.2049e-19
 9053.50   2.3856e-18   3.8090e-19
 9058.11   1.7538e-18   2.9746e-19
 9062.72   1.6351e-18   2.1680e-19
 9067.32   1.8309e-18   2.2087e-19
 9071.93   1.4461e-18   2.0824e-19
 9076.54   1.6017e-18   1.9358e-19
 9081.14   1.7884e-18   1.9220e-19
 9085.75   1.0153e-18   2.2776e-19
 9090.35   1.2317e-18   2.5310e-19
 9094.96   1.6835e-18   3.0832e-19
 9099.57   1.7915e-18   3.3070e-19
 9104.17   1.8875e-18   3.1073e-19
 9108.78   1.9418e-18   2.7549e-19
 9113.39   1.8736e-18   2.0159e-19
 9117.99   1.8527e-18   1.9239e-19
 9122.60   1.8863e-18   1.8831e-19
 9127.21   1.7882e-18   1.8491e-19
 9131.81   1.3383e-18   1.8081e-19
 9136.42   1.7464e-18   1.8430e-19
 9141.02   1.9841e-18   1.9780e-19
 9145.63   1.9389e-18   2.1991e-19
 9150.24   1.8329e-18   2.5422e-19
 9154.84   1.6367e-18   2.8491e-19
 9159.45   1.8615e-18   2.8741e-19
 9164.06   1.4575e-18   2.6083e-19
 9168.66   1.3614e-18   2.1873e-19
 9173.27   1.5853e-18   1.8646e-19
 9177.88   1.6861e-18   1.8138e-19
 9182.48   1.4078e-18   1.8065e-19
 9187.09   1.6657e-18   1.8052e-19
 9191.70   1.8073e-18   1.8064e-19
 9196.30   1.7674e-18   1.8304e-19
