 
TRANSIENT_NAME:     DES15S2myz 
SNID:               1338387    
OBS_DATE:           2015-12-11
MJD:                57367. 
PHASE:              +2.    
MJD_MAX:            57364.0
TYPE:               1  
SPEC_EVAL:          SNIa
REDSHIFT:           0.5850  
REDSHIFT_ERR:       0.0050  
REDSHIFT_SOURCE:    Z_SN
TELESCOPE:          GTC
INSTRUMENT:         OSIRIS
 
======================================
 
# WAVE  FLUX  FLUX_ERR
 4801.84  -8.9682e-20   5.8336e-19
 4806.46  -2.3915e-19   5.1935e-19
 4811.07   1.3872e-18   5.1139e-19
 4815.69   1.7239e-19   4.2351e-19
 4820.30  -1.4790e-19   3.6839e-19
 4824.92  -9.0306e-19   3.4147e-19
 4829.54   3.3707e-18   1.5144e-18
 4834.15   1.9611e-18   1.4226e-18
 4838.77   8.6175e-19   1.1962e-18
 4843.38   7.9392e-19   1.1849e-18
 4848.00  -6.2186e-19   2.1746e-19
 4852.62  -9.8420e-20   1.9630e-19
 4857.23   5.2765e-20   1.9232e-19
 4861.85   3.7551e-20   1.7008e-19
 4866.46   1.8020e-19   1.6846e-19
 4871.08  -1.1961e-19   1.5749e-19
 4875.69   1.7878e-19   1.5312e-19
 4880.31   9.2684e-20   1.4557e-19
 4884.93  -1.2034e-19   1.3571e-19
 4889.54   1.6434e-20   1.3051e-19
 4894.16  -1.1815e-20   1.4360e-19
 4898.77   1.4645e-19   1.2666e-19
 4903.39   5.8502e-20   1.1775e-19
 4908.00   1.0369e-19   1.1374e-19
 4912.62  -5.9291e-20   1.0413e-19
 4917.24   1.8887e-19   1.0697e-19
 4921.85   1.9836e-20   9.9111e-20
 4926.47   1.0008e-20   9.6783e-20
 4931.08  -8.2500e-21   9.6620e-20
 4935.70   1.1581e-19   9.7072e-20
 4940.32   1.6890e-20   9.2516e-20
 4944.93   7.0430e-20   9.1485e-20
 4949.55   3.1608e-20   8.9872e-20
 4954.16  -1.1715e-19   4.8215e-19
 4958.78   1.2044e-18   4.8041e-19
 4963.39   6.2000e-20   8.6188e-20
 4968.01   1.2223e-19   8.9333e-20
 4972.63   1.4415e-20   8.7030e-20
 4977.24  -5.3651e-20   8.6751e-20
 4981.86   9.0568e-20   8.7480e-20
 4986.47  -1.0461e-19   8.5730e-20
 4991.09  -1.6938e-20   8.2742e-20
 4995.71   2.4167e-20   8.0203e-20
 5000.32   1.2840e-20   8.0992e-20
 5004.94   6.3518e-20   7.9382e-20
 5009.55   7.5134e-20   8.0488e-20
 5014.17   8.0046e-20   7.9516e-20
 5018.78   1.3224e-20   7.6990e-20
 5023.40  -3.1913e-20   7.7715e-20
 5028.02   1.8608e-20   7.8570e-20
 5032.63   7.8588e-20   7.8320e-20
 5037.25   8.0298e-20   7.9626e-20
 5041.86  -7.5050e-20   7.7308e-20
 5046.48   1.7954e-19   8.1547e-20
 5051.10   8.2102e-20   7.9935e-20
 5055.71  -3.4388e-20   7.8605e-20
 5060.33   1.7800e-19   8.2303e-20
 5064.94   2.5419e-19   8.6831e-20
 5069.56   5.5649e-20   7.8350e-20
 5074.17   2.4108e-20   7.8255e-20
 5078.79   1.3831e-19   8.1616e-20
 5083.41   1.5406e-19   8.0805e-20
 5088.02  -8.6031e-21   8.0146e-20
 5092.64   1.5085e-19   8.2089e-20
 5097.25   4.3974e-20   8.0025e-20
 5101.87  -3.2276e-20   7.9738e-20
 5106.48   1.0677e-19   8.2215e-20
 5111.10   8.8229e-20   8.1489e-20
 5115.72   1.0618e-19   8.1222e-20
 5120.33   1.3482e-19   8.2990e-20
 5124.95   3.8871e-20   8.0638e-20
 5129.56  -2.4740e-20   8.2257e-20
 5134.18  -1.0873e-19   8.2928e-20
 5138.80  -3.8366e-20   8.3243e-20
 5143.41  -2.5252e-20   8.3932e-20
 5148.03   2.1462e-19   8.8588e-20
 5152.64   5.7053e-20   8.4045e-20
 5157.26   1.5723e-19   8.6095e-20
 5161.87   6.0503e-20   8.4039e-20
 5166.49   5.3469e-22   8.4053e-20
 5171.11   7.5869e-20   8.3038e-20
 5175.72   1.8804e-19   8.6484e-20
 5180.34  -1.2371e-22   8.4046e-20
 5184.95   1.9655e-19   8.8986e-20
 5189.57   2.1858e-19   1.0286e-19
 5194.19  -5.3713e-20   1.1912e-19
 5198.80   2.4051e-19   1.2978e-19
 5203.42   3.7449e-19   1.2267e-19
 5208.03   5.7716e-20   9.8436e-20
 5212.65  -4.7707e-20   8.9991e-20
 5217.26   6.6180e-20   9.1714e-20
 5221.88   8.0468e-20   9.2620e-20
 5226.50   1.9599e-19   9.4240e-20
 5231.11   1.1719e-19   9.4149e-20
 5235.73   1.7171e-19   9.4159e-20
 5240.34   1.0373e-19   9.4754e-20
 5244.96   4.8087e-20   9.3157e-20
 5249.58   8.3333e-20   9.4675e-20
 5254.19   2.2483e-19   9.8014e-20
 5258.81   9.8716e-20   9.3790e-20
 5263.42  -2.3005e-20   9.0887e-20
 5268.04  -5.7901e-20   9.0200e-20
 5272.65   6.8875e-20   9.3506e-20
 5277.27   2.2306e-19   9.9007e-20
 5281.89   2.0643e-19   9.8041e-20
 5286.50   1.9155e-19   9.8776e-20
 5291.12   1.9948e-19   1.0070e-19
 5295.73   1.5989e-19   1.0179e-19
 5300.35   1.3936e-19   1.0172e-19
 5304.96   1.2099e-19   1.0149e-19
 5309.58   2.3625e-19   1.0445e-19
 5314.20   2.6283e-19   1.0497e-19
 5318.81   3.0730e-19   1.0496e-19
 5323.43   2.1881e-19   1.0473e-19
 5328.04   8.8505e-21   1.0567e-19
 5332.66   5.0046e-20   1.0604e-19
 5337.28   2.4558e-19   1.0980e-19
 5341.89   1.4470e-19   1.1166e-19
 5346.51   2.7405e-19   1.1967e-19
 5351.12   1.8591e-19   1.2811e-19
 5355.74   1.7872e-19   1.2954e-19
 5360.35   4.2208e-19   1.2812e-19
 5364.97   4.0380e-19   1.2271e-19
 5369.59   3.5339e-19   1.1975e-19
 5374.20   3.0798e-19   1.1985e-19
 5378.82   2.0772e-19   1.1825e-19
 5383.43   4.6848e-19   1.2174e-19
 5388.05   3.5747e-19   1.2093e-19
 5392.67   3.6873e-19   1.1786e-19
 5397.28   1.4417e-19   1.1697e-19
 5401.90   3.2613e-19   1.1761e-19
 5406.51   5.1614e-19   1.2100e-19
 5411.13   5.3218e-19   1.2371e-19
 5415.74   4.0974e-19   1.2482e-19
 5420.36   4.4664e-19   1.2709e-19
 5424.98   3.5379e-19   1.2566e-19
 5429.59   6.7338e-19   1.2790e-19
 5434.21   4.2534e-19   1.2699e-19
 5438.82   3.6169e-19   1.2917e-19
 5443.44   3.3735e-19   1.2841e-19
 5448.05   2.0894e-19   1.2761e-19
 5452.67   3.0809e-19   1.3439e-19
 5457.29   6.9452e-19   1.4825e-19
 5461.90   9.3807e-19   1.5149e-19
 5466.52   5.7689e-19   1.4382e-19
 5471.13   4.9364e-19   1.3394e-19
 5475.75   4.3521e-19   1.3186e-19
 5480.37   7.1962e-19   1.3347e-19
 5484.98   4.8147e-19   1.3206e-19
 5489.60   3.9612e-19   1.3219e-19
 5494.21   5.4523e-19   1.3377e-19
 5498.83   5.3695e-19   1.3440e-19
 5503.44   6.1949e-19   1.3583e-19
 5508.06   6.1808e-19   1.3616e-19
 5512.68   6.8062e-19   1.3634e-19
 5517.29   8.6919e-19   1.3823e-19
 5521.91   7.4036e-19   1.3668e-19
 5526.52   6.4636e-19   1.3625e-19
 5531.14   6.7736e-19   1.3840e-19
 5535.76   6.5380e-19   1.3968e-19
 5540.37   9.3074e-19   1.4521e-19
 5544.99   6.4321e-19   1.4595e-19
 5549.60   7.9491e-19   1.4379e-19
 5554.22   5.8378e-19   1.4299e-19
 5558.83   1.1496e-18   1.5261e-19
 5563.45   8.4231e-19   1.4904e-19
 5568.07   8.4962e-19   3.2858e-19
 5572.68   8.5591e-19   5.2251e-19
 5577.30   2.5989e-18   5.7660e-19
 5581.91   1.8230e-18   5.1659e-19
 5586.53   1.3531e-18   3.0697e-19
 5591.15   1.1247e-18   1.4956e-19
 5595.76   1.0848e-18   1.4949e-19
 5600.38   8.8565e-19   1.4828e-19
 5604.99   8.3518e-19   1.4885e-19
 5609.61   1.2369e-18   1.4920e-19
 5614.22   1.1033e-18   1.4761e-19
 5618.84   1.1552e-18   1.4839e-19
 5623.46   1.0847e-18   1.4735e-19
 5628.07   8.0716e-19   1.4538e-19
 5632.69   9.5343e-19   1.4487e-19
 5637.30   1.3245e-18   1.4648e-19
 5641.92   9.1385e-19   1.4512e-19
 5646.53   1.3305e-18   1.4817e-19
 5651.15   8.7831e-19   1.4379e-19
 5655.77   1.3411e-18   1.4483e-19
 5660.38   1.1248e-18   1.4423e-19
 5665.00   1.3083e-18   1.4772e-19
 5669.61   1.2112e-18   1.4860e-19
 5674.23   1.1369e-18   1.4980e-19
 5678.85   1.0704e-18   1.5446e-19
 5683.46   9.2852e-19   1.6017e-19
 5688.08   1.3326e-18   1.6480e-19
 5692.69   1.1612e-18   1.6058e-19
 5697.31   1.1549e-18   1.5281e-19
 5701.92   1.1001e-18   1.4723e-19
 5706.54   1.3751e-18   1.4631e-19
 5711.16   1.0470e-18   1.4410e-19
 5715.77   9.6971e-19   1.4393e-19
 5720.39   1.3251e-18   1.4464e-19
 5725.00   1.0032e-18   1.4280e-19
 5729.62   1.2193e-18   1.4230e-19
 5734.24   1.0813e-18   1.4079e-19
 5738.85   1.1840e-18   1.4090e-19
 5743.47   1.1229e-18   1.3950e-19
 5748.08   1.4530e-18   1.4090e-19
 5752.70   1.1344e-18   1.3895e-19
 5757.31   1.0077e-18   1.3867e-19
 5761.93   1.0715e-18   1.4038e-19
 5766.55   1.3595e-18   1.4351e-19
 5771.16   1.2627e-18   1.4300e-19
 5775.78   1.5389e-18   1.4120e-19
 5780.39   9.7045e-19   1.3715e-19
 5785.01   1.0324e-18   1.3811e-19
 5789.62   1.0701e-18   1.3924e-19
 5794.24   1.0220e-18   1.3982e-19
 5798.86   1.1788e-18   1.3875e-19
 5803.47   1.1393e-18   1.3792e-19
 5808.09   1.0241e-18   1.3782e-19
 5812.70   1.2082e-18   1.3834e-19
 5817.32   1.4027e-18   1.4037e-19
 5821.94   1.0084e-18   1.3902e-19
 5826.55   1.0432e-18   1.3843e-19
 5831.17   1.1370e-18   1.3905e-19
 5835.78   1.1302e-18   1.3828e-19
 5840.40   6.1410e-19   1.3554e-19
 5845.01   9.3469e-19   1.3733e-19
 5849.63   1.0419e-18   1.3758e-19
 5854.25   1.1294e-18   1.3840e-19
 5858.86   7.3760e-19   1.4300e-19
 5863.48   8.5087e-19   1.5234e-19
 5868.09   7.5860e-19   1.5581e-19
 5872.71   6.8425e-19   1.5227e-19
 5877.33   1.2624e-18   1.6160e-19
 5881.94   1.1112e-19   2.3613e-19
 5886.56   9.8713e-19   3.3564e-19
 5891.17   6.6513e-19   3.8633e-19
 5895.79   1.2840e-18   3.6623e-19
 5900.40   1.8280e-19   2.8175e-19
 5905.02   8.4329e-19   1.9526e-19
 5909.64   7.3890e-19   1.5644e-19
 5914.25   6.3472e-19   1.5442e-19
 5918.87   7.5420e-19   1.5382e-19
 5923.48   6.7416e-19   1.5078e-19
 5928.10   9.6732e-19   1.5512e-19
 5932.72   6.4422e-19   1.4944e-19
 5937.33   9.5950e-19   1.4893e-19
 5941.95   7.5506e-19   1.4369e-19
 5946.56   4.0047e-19   1.4307e-19
 5951.18   8.6044e-19   1.4739e-19
 5955.79   7.3125e-19   1.4600e-19
 5960.41   7.7595e-19   1.3983e-19
 5965.03   4.4355e-19   1.3447e-19
 5969.64   7.7967e-19   1.3844e-19
 5974.26   6.8325e-19   1.4028e-19
 5978.87   6.6599e-19   1.3601e-19
 5983.49   7.6142e-19   1.3444e-19
 5988.10   6.7544e-19   1.3071e-19
 5992.72   6.3144e-19   1.2955e-19
 5997.34   4.1662e-19   1.2958e-19
 6001.95   9.1689e-19   1.3167e-19
 6006.57   3.4058e-19   1.2687e-19
 6011.18   4.0291e-19   1.2430e-19
 6015.80   3.0534e-19   1.2124e-19
 6020.42   4.3926e-19   1.2088e-19
 6025.03   4.0516e-19   1.2108e-19
 6029.65   7.1271e-19   1.2355e-19
 6034.26   4.0357e-19   1.2026e-19
 6038.88   6.0546e-19   1.2076e-19
 6043.49   6.4434e-19   1.1924e-19
 6048.11   4.7897e-19   1.1798e-19
 6052.73   4.7991e-19   1.1607e-19
 6057.34   9.3914e-19   1.1833e-19
 6061.96   7.3332e-19   1.1822e-19
 6066.57   7.9772e-19   1.1659e-19
 6071.19   8.2090e-19   1.1686e-19
 6075.81   8.9490e-19   1.1413e-19
 6080.42   9.6631e-19   1.1518e-19
 6085.04   1.0926e-18   1.1497e-19
 6089.65   6.1202e-19   1.1355e-19
 6094.27   7.4998e-19   1.1454e-19
 6098.88   5.2340e-19   1.1538e-19
 6103.50   6.7245e-19   1.1872e-19
 6108.12   6.7195e-19   1.2062e-19
 6112.73   5.5826e-19   1.2099e-19
 6117.35   7.0172e-19   1.2008e-19
 6121.96   8.8972e-19   1.1803e-19
 6126.58   1.1622e-18   1.1627e-19
 6131.20   9.6756e-19   1.1577e-19
 6135.81   1.1997e-18   1.1853e-19
 6140.43   1.1553e-18   1.2047e-19
 6145.04   1.2496e-18   1.2049e-19
 6149.66   1.2696e-18   1.2095e-19
 6154.27   1.2651e-18   1.2120e-19
 6158.89   1.1567e-18   1.1993e-19
 6163.51   1.0682e-18   1.1936e-19
 6168.12   1.0847e-18   1.1852e-19
 6172.74   1.2615e-18   1.1754e-19
 6177.35   1.3670e-18   1.1589e-19
 6181.97   1.0969e-18   1.1146e-19
 6186.58   1.0517e-18   1.0987e-19
 6191.20   1.2674e-18   1.1043e-19
 6195.82   1.0957e-18   1.1141e-19
 6200.43   1.1803e-18   1.1317e-19
 6205.05   1.1892e-18   1.1359e-19
 6209.66   1.1623e-18   1.1316e-19
 6214.28   1.2090e-18   1.1195e-19
 6218.90   1.2824e-18   1.1372e-19
 6223.51   9.6560e-19   1.1374e-19
 6228.13   1.2134e-18   1.2293e-19
 6232.74   1.3151e-18   1.3203e-19
 6237.36   1.2189e-18   1.3609e-19
 6241.97   1.2161e-18   1.3025e-19
 6246.59   1.2769e-18   1.1997e-19
 6251.21   1.2028e-18   1.2220e-19
 6255.82   1.3321e-18   1.2840e-19
 6260.44   1.3279e-18   1.3183e-19
 6265.05   1.4808e-18   1.2710e-19
 6269.67   1.2502e-18   1.1818e-19
 6274.29   1.2126e-18   1.1451e-19
 6278.90   1.0578e-18   1.1652e-19
 6283.52   1.1673e-18   1.2497e-19
 6288.13   1.1426e-18   1.8332e-19
 6292.75   1.1467e-18   4.4626e-19
 6297.36   9.2921e-19   5.8421e-19
 6301.98   2.5721e-18   6.0016e-19
 6306.60   4.4772e-19   4.7331e-19
 6311.21   7.5142e-19   2.3071e-19
 6315.83   1.1655e-18   1.0440e-19
 6320.44   1.1726e-18   1.1966e-19
 6325.06   1.2561e-18   1.2029e-19
 6329.67   1.2407e-18   1.2147e-19
 6334.29   9.0380e-19   1.1449e-19
 6338.91   1.1655e-18   1.0830e-19
 6343.52   1.1234e-18   1.0833e-19
 6348.14   8.7663e-19   1.0791e-19
 6352.75   7.8995e-19   1.6980e-19
 6357.37   8.3071e-19   2.8995e-19
 6361.99   1.1494e-18   3.5043e-19
 6366.60   5.1533e-19   3.3499e-19
 6371.22   8.1691e-19   2.5361e-19
 6375.83   1.2652e-18   1.2044e-19
 6380.45   1.2813e-18   1.0868e-19
 6385.06   1.3586e-18   1.0666e-19
 6389.68   1.2571e-18   1.0439e-19
 6394.30   1.4702e-18   1.0171e-19
 6398.91   1.5141e-18   9.9466e-20
 6403.53   1.4560e-18   9.8559e-20
 6408.14   1.5202e-18   9.8507e-20
 6412.76   1.4114e-18   9.8950e-20
 6417.38   1.3262e-18   1.0009e-19
 6421.99   1.4078e-18   9.9439e-20
 6426.61   1.3652e-18   9.8079e-20
 6431.22   1.5611e-18   9.7213e-20
 6435.84   1.2712e-18   9.5809e-20
 6440.45   1.5742e-18   9.6306e-20
 6445.07   1.4392e-18   9.5761e-20
 6449.69   1.2534e-18   9.7407e-20
 6454.30   1.1916e-18   1.0008e-19
 6458.92   1.2926e-18   1.0763e-19
 6463.53   1.5276e-18   1.1567e-19
 6468.15   1.4112e-18   1.1815e-19
 6472.77   1.3252e-18   1.1234e-19
 6477.38   1.2844e-18   1.0336e-19
 6482.00   1.4996e-18   9.7246e-20
 6486.61   1.4067e-18   9.5575e-20
 6491.23   1.3146e-18   1.0496e-19
 6495.84   1.2129e-18   1.1574e-19
 6500.46   1.4736e-18   1.2009e-19
 6505.08   1.5360e-18   1.1450e-19
 6509.69   1.2276e-18   1.0219e-19
 6514.31   1.1821e-18   9.7838e-20
 6518.92   1.1341e-18   9.7899e-20
 6523.54   1.1360e-18   1.0204e-19
 6528.15   1.2864e-18   1.0984e-19
 6532.77   1.0867e-18   1.1066e-19
 6537.39   1.3907e-18   1.1174e-19
 6542.00   1.1099e-18   1.0588e-19
 6546.62   9.5816e-19   1.0962e-19
 6551.23   1.1623e-18   1.1593e-19
 6555.85   1.2192e-18   1.1826e-19
 6560.47   1.1649e-18   1.1613e-19
 6565.08   1.1991e-18   1.0986e-19
 6569.70   8.4003e-19   1.0971e-19
 6574.31   1.1528e-18   1.0870e-19
 6578.93   1.0105e-18   1.0658e-19
 6583.54   9.0277e-19   1.0045e-19
 6588.16   9.9367e-19   9.4167e-20
 6592.78   1.0724e-18   9.3783e-20
 6597.39   1.1240e-18   9.9048e-20
 6602.01   1.2483e-18   1.0148e-19
 6606.62   1.3233e-18   9.9698e-20
 6611.24   1.3076e-18   9.5332e-20
 6615.86   1.3724e-18   9.1808e-20
 6620.47   1.2184e-18   9.1208e-20
 6625.09   1.1589e-18   9.3354e-20
 6629.70   1.1906e-18   9.5238e-20
 6634.32   1.1611e-18   9.4369e-20
 6638.93   1.0880e-18   9.2137e-20
 6643.55   1.0762e-18   9.0034e-20
 6648.17   1.0421e-18   8.9244e-20
 6652.78   1.2766e-18   9.0608e-20
 6657.40   1.3148e-18   9.2168e-20
 6662.01   1.0493e-18   9.0776e-20
 6666.63   1.2442e-18   9.1958e-20
 6671.25   9.9757e-19   9.0165e-20
 6675.86   1.0665e-18   9.0285e-20
 6680.48   1.0713e-18   8.9397e-20
 6685.09   8.8261e-19   8.7928e-20
 6689.71   9.9883e-19   8.8557e-20
 6694.32   1.1643e-18   9.0018e-20
 6698.94   1.1257e-18   9.1199e-20
 6703.56   1.0882e-18   9.1577e-20
 6708.17   1.2086e-18   9.1793e-20
 6712.79   1.0715e-18   9.0988e-20
 6717.40   1.1979e-18   9.0175e-20
 6722.02   9.3688e-19   8.8276e-20
 6726.63   8.6595e-19   8.7551e-20
 6731.25   1.0598e-18   8.8216e-20
 6735.87   1.0109e-18   8.8163e-20
 6740.48   7.5223e-19   8.7527e-20
 6745.10   1.0017e-18   8.6157e-20
 6749.71   1.2097e-18   8.8330e-20
 6754.33   8.0551e-19   8.5952e-20
 6758.95   7.6036e-19   8.5544e-20
 6763.56   8.8907e-19   8.5320e-20
 6768.18   1.0083e-18   8.5924e-20
 6772.79   9.3677e-19   8.5679e-20
 6777.41   8.9937e-19   8.5851e-20
 6782.02   7.5561e-19   8.5729e-20
 6786.64   8.2540e-19   8.5517e-20
 6791.26   8.2770e-19   8.4922e-20
 6795.87   7.3436e-19   8.3307e-20
 6800.49   7.8022e-19   8.3410e-20
 6805.10   7.3778e-19   8.3816e-20
 6809.72   7.4136e-19   8.4025e-20
 6814.34   8.1881e-19   8.4134e-20
 6818.95   7.8451e-19   9.3706e-20
 6823.57   6.4092e-19   1.1549e-19
 6828.18   5.7050e-19   1.3414e-19
 6832.80   7.1945e-19   1.3948e-19
 6837.41   8.0622e-19   1.2766e-19
 6842.03   8.3846e-19   1.0678e-19
 6846.65   8.3680e-19   9.2140e-20
 6851.26   5.7284e-19   8.9609e-20
 6855.88   5.7008e-19   1.0856e-19
 6860.49   9.4294e-19   1.3104e-19
 6865.11   8.2311e-19   1.3307e-19
 6869.73   8.8112e-19   1.2264e-19
 6874.34   8.1250e-19   9.5574e-20
 6878.96   5.4415e-19   9.0962e-20
 6883.57   9.0654e-19   9.6683e-20
 6888.19   9.1686e-19   9.7009e-20
 6892.80   7.4348e-19   9.7162e-20
 6897.42   7.4753e-19   9.5711e-20
 6902.04   7.0201e-19   9.5004e-20
 6906.65   7.3972e-19   9.9610e-20
 6911.27   8.6295e-19   1.0177e-19
 6915.88   8.1550e-19   1.1177e-19
 6920.50   7.0857e-19   1.1537e-19
 6925.11   6.4212e-19   1.1067e-19
 6929.73   9.5723e-19   1.0426e-19
 6934.35   8.8946e-19   9.7474e-20
 6938.96   8.6402e-19   1.0376e-19
 6943.58   7.0706e-19   1.1725e-19
 6948.19   1.0981e-18   1.2063e-19
 6952.81   9.1624e-19   1.1316e-19
 6957.43   1.0163e-18   1.0005e-19
 6962.04   8.3205e-19   9.0139e-20
 6966.66   9.8208e-19   9.5860e-20
 6971.27   1.0388e-18   1.0465e-19
 6975.89   1.1049e-18   1.0925e-19
 6980.50   1.0812e-18   1.0512e-19
 6985.12   8.3253e-19   9.5416e-20
 6989.74   1.0247e-18   8.6602e-20
 6994.35   9.7618e-19   8.6158e-20
 6998.97   9.2227e-19   8.8676e-20
 7003.58   7.8543e-19   9.2971e-20
 7008.20   8.6336e-19   9.4896e-20
 7012.82   1.0882e-18   9.2825e-20
 7017.43   1.1218e-18   8.7552e-20
 7022.05   1.1862e-18   8.3181e-20
 7026.66   1.1145e-18   8.2794e-20
 7031.28   1.1949e-18   8.2455e-20
 7035.89   1.0382e-18   8.4251e-20
 7040.51   1.1019e-18   8.8899e-20
 7045.13   1.2482e-18   9.3134e-20
 7049.74   1.1289e-18   9.2726e-20
 7054.36   1.0396e-18   8.9857e-20
 7058.97   1.0216e-18   8.6435e-20
 7063.59   1.2112e-18   8.7126e-20
 7068.21   1.1844e-18   8.7688e-20
 7072.82   1.0036e-18   8.6520e-20
 7077.44   1.0851e-18   8.6778e-20
 7082.05   1.1358e-18   8.7308e-20
 7086.67   1.1499e-18   8.7534e-20
 7091.28   1.0062e-18   8.5787e-20
 7095.90   1.0714e-18   8.3430e-20
 7100.52   1.2250e-18   8.1909e-20
 7105.13   1.0537e-18   8.1082e-20
 7109.75   1.0928e-18   8.1128e-20
 7114.36   1.1092e-18   8.0953e-20
 7118.98   1.1016e-18   8.0947e-20
 7123.59   9.9761e-19   8.1702e-20
 7128.21   1.0941e-18   8.3066e-20
 7132.83   1.2503e-18   8.4330e-20
 7137.44   1.1151e-18   8.4518e-20
 7142.06   1.2437e-18   8.6628e-20
 7146.67   1.1684e-18   8.6003e-20
 7151.29   1.1624e-18   8.4489e-20
 7155.91   1.0989e-18   8.3420e-20
 7160.52   1.1028e-18   8.3226e-20
 7165.14   9.9450e-19   8.2436e-20
 7169.75   1.0459e-18   8.2359e-20
 7174.37   1.0779e-18   8.2185e-20
 7178.98   8.5438e-19   8.0050e-20
 7183.60   9.2565e-19   7.8073e-20
 7188.22   1.0578e-18   7.7087e-20
 7192.83   8.7429e-19   7.5647e-20
 7197.45   8.9260e-19   7.5145e-20
 7202.06   1.0183e-18   7.6267e-20
 7206.68   1.0747e-18   7.6870e-20
 7211.30   8.3043e-19   7.6044e-20
 7215.91   9.7780e-19   7.7761e-20
 7220.53   9.6221e-19   7.8965e-20
 7225.14   9.7559e-19   8.0716e-20
 7229.76   7.1027e-19   9.4617e-20
 7234.37   6.1835e-19   1.3395e-19
 7238.99   8.2133e-19   1.6530e-19
 7243.61   7.9558e-19   1.7314e-19
 7248.22   1.1241e-18   1.5651e-19
 7252.84   9.3574e-19   1.2237e-19
 7257.45   9.0516e-19   9.7471e-20
 7262.07   9.2385e-19   8.8455e-20
 7266.69   9.0825e-19   1.1083e-19
 7271.30   8.2284e-19   1.4731e-19
 7275.92   8.4843e-19   1.6539e-19
 7280.53   1.0319e-18   1.6741e-19
 7285.15   9.0900e-19   1.3789e-19
 7289.76   1.0913e-18   1.1645e-19
 7294.38   8.7762e-19   1.0314e-19
 7299.00   1.1649e-18   1.0805e-19
 7303.61   8.7459e-19   1.0868e-19
 7308.23   8.3326e-19   1.2850e-19
 7312.84   1.1121e-18   1.4235e-19
 7317.46   1.1240e-18   1.4361e-19
 7322.07   9.7756e-19   1.3709e-19
 7326.69   1.2524e-18   1.1849e-19
 7331.31   1.1829e-18   1.2843e-19
 7335.92   6.9703e-19   1.4946e-19
 7340.54   8.9354e-19   1.5232e-19
 7345.15   1.0093e-18   1.4173e-19
 7349.77   1.0188e-18   1.1647e-19
 7354.39   9.6492e-19   1.0586e-19
 7359.00   9.4688e-19   1.1680e-19
 7363.62   8.6619e-19   1.3848e-19
 7368.23   7.8488e-19   1.3730e-19
 7372.85   8.3471e-19   1.3064e-19
 7377.46   8.2904e-19   1.0307e-19
 7382.08   8.6734e-19   8.6298e-20
 7386.70   7.9843e-19   9.2889e-20
 7391.31   7.6464e-19   1.0391e-19
 7395.93   8.5865e-19   1.1877e-19
 7400.54   6.9646e-19   1.1977e-19
 7405.16   9.2656e-19   1.1165e-19
 7409.77   9.8173e-19   9.6590e-20
 7414.39   7.2941e-19   7.8099e-20
 7419.01   8.8116e-19   8.0077e-20
 7423.62   8.8359e-19   8.4627e-20
 7428.24   7.0015e-19   9.1059e-20
 7432.85   6.2949e-19   1.0080e-19
 7437.47   9.1465e-19   1.0102e-19
 7442.09   9.0040e-19   9.5613e-20
 7446.70   8.2883e-19   8.3818e-20
 7451.32   8.9272e-19   7.7762e-20
 7455.93   9.0426e-19   8.1989e-20
 7460.55   8.8877e-19   9.1053e-20
 7465.17   6.7978e-19   1.0259e-19
 7469.78   6.0950e-19   1.1137e-19
 7474.40   6.5258e-19   1.1991e-19
 7479.01   7.9024e-19   1.2124e-19
 7483.63   8.7581e-19   1.1386e-19
 7488.24   9.1120e-19   1.0377e-19
 7492.86   7.9395e-19   8.9342e-20
 7497.48   6.8653e-19   8.2857e-20
 7502.09   9.1933e-19   7.9192e-20
 7506.71   8.6097e-19   7.6492e-20
 7511.32   8.5864e-19   8.1362e-20
 7515.94   6.8017e-19   1.0908e-19
 7520.55   7.9442e-19   1.3287e-19
 7525.17   4.4756e-19   1.4080e-19
 7529.79   7.8847e-19   1.2937e-19
 7534.40   7.2550e-19   1.0512e-19
 7539.02   6.3110e-19   8.7635e-20
 7543.63   9.0383e-19   8.2354e-20
 7548.25   5.9264e-19   8.2892e-20
 7552.87   5.9247e-19   8.7968e-20
 7557.48   8.2570e-19   9.0810e-20
 7562.10   4.7210e-19   9.9081e-20
 7566.71   3.5452e-19   1.1528e-19
 7571.33   8.1934e-19   1.1903e-19
 7575.94   8.2378e-19   1.1649e-19
 7580.56   8.0336e-19   1.0227e-19
 7585.18   7.2412e-19   9.2249e-20
 7589.79   6.7999e-19   9.4797e-20
 7594.41   4.8450e-19   8.9037e-20
 7599.02   3.3956e-19   8.0309e-20
 7603.64   3.9501e-19   6.9853e-20
 7608.25   5.6800e-19   6.4503e-20
 7612.87   4.1841e-19   7.1788e-20
 7617.49   4.3750e-19   8.2494e-20
 7622.10   5.0733e-19   8.9145e-20
 7626.72   4.2133e-19   8.6698e-20
 7631.33   5.5017e-19   7.8113e-20
 7635.95   3.4339e-19   7.1412e-20
 7640.57   4.6854e-19   6.4267e-20
 7645.18   4.1249e-19   6.9010e-20
 7649.80   5.9239e-19   7.4877e-20
 7654.41   6.2792e-19   8.4972e-20
 7659.03   6.1175e-19   9.0147e-20
 7663.65   5.6872e-19   8.9183e-20
 7668.26   5.8576e-19   8.3557e-20
 7672.88   6.0560e-19   7.7707e-20
 7677.49   4.8238e-19   8.5016e-20
 7682.11   5.3110e-19   9.9805e-20
 7686.72   4.7916e-19   1.0870e-19
 7691.34   4.0758e-19   1.1185e-19
 7695.96   6.1569e-19   1.0672e-19
 7700.57   6.4075e-19   1.0327e-19
 7705.19   8.8626e-19   1.3359e-19
 7709.80   4.7618e-19   1.7457e-19
 7714.42   5.2749e-19   1.9339e-19
 7719.03   6.4127e-19   1.8797e-19
 7723.65   6.7805e-19   1.5282e-19
 7728.27   8.8071e-19   1.2068e-19
 7732.88   6.3263e-19   1.0664e-19
 7737.50   4.6892e-19   1.0107e-19
 7742.11   1.0270e-18   1.3874e-19
 7746.73   7.2494e-19   1.7332e-19
 7751.35   2.7814e-19   1.8387e-19
 7755.96   7.0867e-19   1.8031e-19
 7760.58   7.2928e-19   1.4123e-19
 7765.19   6.3521e-19   1.3744e-19
 7769.81   5.3363e-19   1.4019e-19
 7774.42   9.9099e-19   1.4977e-19
 7779.04   7.3234e-19   1.4195e-19
 7783.66   6.1493e-19   1.3472e-19
 7788.27   7.7159e-19   1.5218e-19
 7792.89   7.2101e-19   1.5871e-19
 7797.50   5.4386e-19   1.5321e-19
 7802.12   5.3901e-19   1.3710e-19
 7806.73   6.5619e-19   1.1829e-19
 7811.35   7.6454e-19   1.3708e-19
 7815.97   5.0825e-19   1.6464e-19
 7820.58   7.7423e-20   1.6646e-19
 7825.20   5.3936e-19   1.5924e-19
 7829.81   6.6549e-19   1.2291e-19
 7834.43   6.8907e-19   1.0961e-19
 7839.05   6.4472e-19   1.1543e-19
 7843.66   5.5904e-19   1.4579e-19
 7848.28   6.1957e-19   1.7713e-19
 7852.89   7.3735e-19   1.9718e-19
 7857.51   5.5228e-19   1.9497e-19
 7862.12   4.1230e-19   1.7979e-19
 7866.74   5.1040e-19   1.6431e-19
 7871.36   6.6815e-19   1.5907e-19
 7875.97   3.3725e-19   1.5652e-19
 7880.59   4.4711e-19   1.4565e-19
 7885.20   6.1186e-19   1.5524e-19
 7889.82   5.0627e-19   1.4235e-19
 7894.44   3.1609e-19   1.2939e-19
 7899.05   5.9761e-19   1.0230e-19
 7903.67   3.9010e-19   1.2672e-19
 7908.28   6.2123e-20   1.8386e-19
 7912.90   3.5315e-19   2.1755e-19
 7917.51   4.5829e-19   2.1706e-19
 7922.13   5.4225e-19   1.8798e-19
 7926.75   8.2562e-19   1.5339e-19
 7931.36   5.2875e-19   1.3379e-19
 7935.98   3.5338e-19   1.1870e-19
 7940.59   4.5438e-19   1.1116e-19
 7945.21   7.1789e-19   1.1908e-19
 7949.83   6.8105e-19   1.2029e-19
 7954.44   4.0523e-19   1.2964e-19
 7959.06   7.0841e-19   1.6535e-19
 7963.67   7.4060e-19   1.7726e-19
 7968.29   6.1075e-19   1.7689e-19
 7972.90   7.6380e-19   1.5739e-19
 7977.52   7.3855e-19   1.3610e-19
 7982.14   5.3588e-19   1.4732e-19
 7986.75   5.9756e-19   1.7382e-19
 7991.37   8.3877e-19   1.8799e-19
 7995.98   7.7590e-19   1.8101e-19
 8000.60   3.1120e-19   1.4694e-19
 8005.21   6.2938e-19   1.0535e-19
 8009.83   7.4605e-19   1.1922e-19
 8014.45   4.7486e-19   1.2963e-19
 8019.06   2.3721e-19   1.6300e-19
 8023.68   8.0212e-19   1.6956e-19
 8028.29   1.0140e-18   1.6518e-19
 8032.91   6.8633e-19   1.3428e-19
 8037.53   5.8055e-19   9.3963e-20
 8042.14   6.4445e-19   9.3087e-20
 8046.76   8.5678e-19   1.0448e-19
 8051.37   1.0536e-18   1.1711e-19
 8055.99   7.9301e-19   1.3441e-19
 8060.60   6.0928e-19   1.3404e-19
 8065.22   5.7982e-19   1.2701e-19
 8069.84   9.6798e-19   1.0813e-19
 8074.45   7.4142e-19   9.0234e-20
 8079.07   6.4343e-19   8.8981e-20
 8083.68   6.3901e-19   9.1722e-20
 8088.30   6.6634e-19   9.5168e-20
 8092.92   7.0930e-19   1.0378e-19
 8097.53   6.9395e-19   1.1121e-19
 8102.15   7.7323e-19   1.1140e-19
 8106.76   7.8561e-19   1.0406e-19
 8111.38   6.4774e-19   9.2331e-20
 8115.99   8.3852e-19   8.5369e-20
 8120.61   9.7210e-19   8.6080e-20
 8125.23   8.9798e-19   8.6169e-20
 8129.84   9.4246e-19   8.8975e-20
 8134.46   8.0151e-19   9.1377e-20
 8139.07   7.6340e-19   9.5996e-20
 8143.69   8.8520e-19   9.7460e-20
 8148.31   8.5633e-19   9.3320e-20
 8152.92   6.4887e-19   8.6408e-20
 8157.54   6.1305e-19   8.1260e-20
 8162.15   7.6231e-19   8.1000e-20
 8166.77   7.2396e-19   8.1648e-20
 8171.38   6.9054e-19   8.1236e-20
 8176.00   7.8359e-19   8.7402e-20
 8180.62   1.0274e-18   9.3978e-20
 8185.23   6.5128e-19   9.7987e-20
 8189.85   6.1140e-19   1.0410e-19
 8194.46   6.8516e-19   1.0207e-19
 8199.08   6.6892e-19   9.8353e-20
 8203.69   8.6150e-19   9.2741e-20
 8208.31   8.2167e-19   8.7659e-20
 8212.93   6.0490e-19   8.6089e-20
 8217.54   6.1042e-19   8.4650e-20
 8222.16   7.0029e-19   8.2884e-20
 8226.77   6.3672e-19   8.0820e-20
 8231.39   5.8401e-19   8.0926e-20
 8236.01   6.9081e-19   8.4232e-20
 8240.62   6.3252e-19   8.7056e-20
 8245.24   7.1113e-19   8.8766e-20
 8249.85   7.3621e-19   8.8275e-20
 8254.47   4.8085e-19   8.5467e-20
 8259.08   6.7076e-19   8.4709e-20
 8263.70   8.4346e-19   8.4310e-20
 8268.32   6.3569e-19   9.6082e-20
 8272.93   5.2780e-19   1.3042e-19
 8277.55   8.8585e-19   1.7488e-19
 8282.16   2.0938e-19   2.0603e-19
 8286.78   3.7617e-19   2.1420e-19
 8291.40   3.5497e-19   2.2527e-19
 8296.01   8.3992e-19   2.1352e-19
 8300.63   5.3224e-19   1.9890e-19
 8305.24   6.5050e-19   1.6990e-19
 8309.86   8.5143e-19   1.3570e-19
 8314.47   8.2313e-19   1.1932e-19
 8319.09   6.9517e-19   1.0205e-19
 8323.71   6.5227e-19   8.7033e-20
 8328.32   5.8909e-19   7.8489e-20
 8332.94   6.3901e-19   1.2426e-19
 8337.55   6.4851e-19   2.2017e-19
 8342.17   4.6579e-19   2.6950e-19
 8346.79   3.6510e-19   2.9017e-19
 8351.40   3.1203e-19   2.4358e-19
 8356.02   6.6185e-19   1.8765e-19
 8360.63   7.7344e-19   1.4773e-19
 8365.25   7.0318e-19   1.2708e-19
 8369.86   6.5244e-19   1.1738e-19
 8374.48   6.1542e-19   1.2839e-19
 8379.10   6.1869e-19   1.4773e-19
 8383.71   8.5540e-19   1.4499e-19
 8388.33   8.1629e-19   1.5778e-19
 8392.94   7.4602e-19   2.0847e-19
 8397.56   5.1888e-19   2.2770e-19
 8402.17   6.3737e-19   2.2508e-19
 8406.79   2.4273e-19   1.8172e-19
 8411.41   4.7339e-19   1.5702e-19
 8416.02   4.8228e-19   1.5346e-19
 8420.64   2.2561e-19   1.9374e-19
 8425.25   9.5868e-19   2.3362e-19
 8429.87   1.0461e-18   2.4660e-19
 8434.49   5.4379e-19   2.2313e-19
 8439.10   4.0379e-19   1.5521e-19
 8443.72   5.4898e-19   1.3326e-19
 8448.33   4.3053e-19   1.5920e-19
 8452.95   8.3413e-19   1.6069e-19
 8457.56   4.4503e-19   1.9800e-19
 8462.18   6.8451e-19   2.0905e-19
 8466.80   7.9597e-19   2.1028e-19
 8471.41   5.4170e-19   1.7253e-19
 8476.03   4.6265e-19   1.0967e-19
 8480.64   3.5302e-19   8.5474e-20
 8485.26   5.2734e-19   1.0788e-19
 8489.88   5.1345e-19   1.2778e-19
 8494.49   3.5445e-19   1.4403e-19
 8499.11   4.1869e-19   1.7532e-19
 8503.72   5.8213e-19   1.6664e-19
 8508.34   7.2262e-19   1.5967e-19
 8512.95   5.7726e-19   1.1709e-19
 8517.57   5.1906e-19   8.7376e-20
 8522.19   5.5591e-19   8.5715e-20
 8526.80   4.5416e-19   8.7024e-20
 8531.42   5.4667e-19   9.6961e-20
 8536.03   5.0303e-19   1.0841e-19
 8540.65   3.2534e-19   1.2289e-19
 8545.26   6.2126e-19   1.3592e-19
 8549.88   5.8874e-19   1.2641e-19
 8554.50   5.9072e-19   1.1570e-19
 8559.11   6.5544e-19   9.0166e-20
 8563.73   5.5137e-19   8.4100e-20
 8568.34   6.1062e-19   8.6979e-20
 8572.96   4.5699e-19   8.6632e-20
 8577.58   4.4412e-19   9.0512e-20
 8582.19   5.9389e-19   9.5881e-20
 8586.81   5.4565e-19   1.0295e-19
 8591.42   3.0533e-19   1.1002e-19
 8596.04   5.2171e-19   1.0967e-19
 8600.65   5.9302e-19   1.0459e-19
 8605.27   4.5117e-19   9.7693e-20
 8609.89   4.0652e-19   1.0296e-19
 8614.50   6.4949e-19   1.2201e-19
 8619.12   4.9706e-19   1.4348e-19
 8623.73   5.1204e-19   1.6161e-19
 8628.35   6.6958e-19   1.7088e-19
 8632.97   5.8294e-19   1.6662e-19
 8637.58   4.7940e-19   1.5290e-19
 8642.20   5.8085e-19   1.4611e-19
 8646.81   5.2471e-19   1.5373e-19
 8651.43   5.6346e-19   1.6562e-19
 8656.04   4.5943e-19   1.7681e-19
 8660.66   5.9534e-19   1.7545e-19
 8665.28   5.4825e-19   1.6624e-19
 8669.89   4.6117e-19   1.5493e-19
 8674.51   3.8747e-19   1.4214e-19
 8679.12   3.3747e-19   1.2915e-19
 8683.74   3.2153e-19   1.1825e-19
 8688.36   5.2479e-19   1.1164e-19
 8692.97   6.0863e-19   1.0917e-19
 8697.59   4.8152e-19   1.1019e-19
 8702.20   4.5681e-19   1.1340e-19
 8706.82   5.1782e-19   1.1129e-19
 8711.43   5.8549e-19   1.0774e-19
 8716.05   7.4286e-19   1.0257e-19
 8720.67   6.6623e-19   1.0191e-19
 8725.28   6.0213e-19   1.0140e-19
 8729.90   6.9942e-19   1.0285e-19
 8734.51   6.7036e-19   1.0296e-19
 8739.13   6.7228e-19   1.0410e-19
 8743.75   6.1299e-19   1.0338e-19
 8748.36   3.5319e-19   1.2194e-19
 8752.98   2.4973e-19   1.8728e-19
 8757.59   4.0116e-19   2.5452e-19
 8762.21   8.3800e-19   3.1061e-19
 8766.82   3.8080e-19   3.1326e-19
 8771.44   9.4197e-19   3.2492e-19
 8776.06   5.6311e-19   2.9545e-19
 8780.67   6.8968e-19   2.6528e-19
 8785.29   8.4176e-19   2.2779e-19
 8789.90   9.1139e-19   1.6996e-19
 8794.52   9.8413e-19   1.6257e-19
 8799.13   6.4466e-19   1.3175e-19
 8803.75   5.9098e-19   1.1087e-19
 8808.37   4.2974e-19   1.1162e-19
 8812.98   3.0370e-19   1.1408e-19
 8817.60  -2.1779e-19   2.4130e-19
 8822.21   1.8242e-19   3.4050e-19
 8826.83   9.1158e-19   3.9579e-19
 8831.45   8.2739e-19   3.8236e-19
 8836.06   1.0272e-18   3.0500e-19
 8840.68   1.1960e-18   2.2857e-19
 8845.29   8.2879e-19   1.9319e-19
 8849.91   6.7340e-19   1.6018e-19
 8854.52   3.9489e-19   1.5749e-19
 8859.14   4.0597e-19   1.7324e-19
 8863.76   5.5264e-19   2.0065e-19
 8868.37   4.2211e-19   2.0815e-19
 8872.99   4.8453e-19   1.8406e-19
 8877.60   8.8158e-19   2.5335e-19
 8882.22   9.0209e-19   3.1575e-19
 8886.83   1.1929e-18   3.2282e-19
 8891.45   1.3607e-18   2.8850e-19
 8896.07   7.6148e-19   2.1634e-19
 8900.68   1.1048e-18   2.2626e-19
 8905.30   7.6728e-19   2.2654e-19
 8909.91   1.8421e-19   2.5459e-19
 8914.53  -1.5887e-20   3.2428e-19
 8919.15  -9.3148e-20   3.4550e-19
 8923.76  -9.1877e-20   3.1635e-19
 8928.38   4.0597e-19   2.1606e-19
 8932.99   5.4368e-19   1.4381e-19
 8937.61   2.3681e-19   2.0000e-19
 8942.22   3.4217e-19   2.0929e-19
 8946.84   4.0034e-19   2.2722e-19
 8951.46   8.0937e-19   2.8606e-19
 8956.07   9.6711e-19   3.0056e-19
 8960.69   7.7671e-19   2.9862e-19
 8965.30   8.4403e-19   2.1813e-19
 8969.92   8.9395e-19   1.3359e-19
 8974.54   6.8954e-19   1.1789e-19
 8979.15   3.9875e-19   1.4830e-19
 8983.77   2.2554e-19   1.7604e-19
 8988.38   2.1552e-19   1.9124e-19
 8993.00   4.0755e-19   2.2319e-19
 8997.61   9.1312e-19   2.4380e-19
 9002.23   6.9284e-19   2.3606e-19
 9006.85   7.4130e-19   2.0554e-19
 9011.46   7.8148e-19   1.3253e-19
 9016.08   8.2114e-19   1.0178e-19
 9020.69   5.8705e-19   1.0925e-19
 9025.31   4.3758e-19   1.1119e-19
 9029.92   6.3431e-19   1.3329e-19
 9034.54   7.5281e-19   1.5233e-19
 9039.16   6.6691e-19   1.6854e-19
 9043.77   4.1900e-19   1.9684e-19
 9048.39   8.6477e-19   1.8897e-19
 9053.00   7.5608e-19   1.8091e-19
 9057.62   8.1419e-19   1.4145e-19
 9062.24   6.2027e-19   1.1626e-19
 9066.85   5.3585e-19   1.1406e-19
 9071.47   6.6874e-19   1.1160e-19
 9076.08   4.2563e-19   1.0593e-19
 9080.70   4.9694e-19   1.0741e-19
 9085.32   4.4410e-19   1.1962e-19
 9089.93   3.9251e-19   1.3197e-19
 9094.55   9.0167e-19   1.4851e-19
 9099.16   5.5574e-19   1.5270e-19
 9103.78   2.4192e-19   1.4403e-19
 9108.39   3.5410e-19   1.2871e-19
 9113.01   4.4892e-19   1.0898e-19
 9117.63   5.3107e-19   1.0041e-19
 9122.24   7.1515e-19   1.0184e-19
 9126.86   6.8912e-19   1.0082e-19
 9131.47   5.1149e-19   1.0065e-19
 9136.09   4.5102e-19   1.0192e-19
 9140.71   5.3179e-19   1.0583e-19
 9145.32   6.3241e-19   1.1729e-19
 9149.94   2.6148e-19   1.2415e-19
 9154.55   5.6957e-19   1.3637e-19
 9159.17   9.0212e-19   1.3484e-19
 9163.78   5.3289e-19   1.2597e-19
 9168.40   6.5689e-19   1.1276e-19
 9173.02   4.6742e-19   1.0016e-19
 9177.63   4.4697e-19   1.0038e-19
 9182.25   5.1604e-19   1.0064e-19
 9186.86   6.2211e-19   1.0047e-19
 9191.48   4.2574e-19   9.7819e-20
 9196.09   5.7153e-19   9.9137e-20
