 
TRANSIENT_NAME:     DES13C2acmj
SNID:               1262128    
OBS_DATE:           2014-02-02
MJD:                56690. 
PHASE:              +33.   
MJD_MAX:            56653.1
TYPE:               1  
SPEC_EVAL:          SNIa
REDSHIFT:           0.1150  
REDSHIFT_ERR:       0.0050  
REDSHIFT_SOURCE:    Z_SN
TELESCOPE:          SALT
INSTRUMENT:         RSS
 
======================================
 
# WAVE  FLUX  FLUX_ERR
 3856.90   5.1304e-18   4.9195e-21
 3859.83   3.4546e-18   4.8811e-21
 3862.75   1.7778e-18   4.8431e-21
 3865.68   4.0242e-18   4.8055e-21
 3868.61   4.3363e-18   4.7683e-21
 3956.44   3.6047e-18   3.8111e-21
 3959.36   4.0695e-18   3.7838e-21
 3962.29   3.2906e-18   3.7569e-21
 3965.22   3.4343e-18   3.7301e-21
 3968.15   2.1704e-18   3.7036e-21
 3971.07   6.1486e-20   3.6774e-21
 3974.00   1.6561e-18   3.6514e-21
 3976.93   2.6723e-18   3.6257e-21
 3979.86   1.0670e-18   3.6002e-21
 3982.78   6.8982e-19   3.5749e-21
 3985.71   5.3158e-18   3.5499e-21
 3988.64   1.3035e-18   3.5251e-21
 3991.57   3.4701e-18   3.5006e-21
 3994.50   4.0965e-18   3.4763e-21
 3997.42   6.0583e-18   3.4522e-21
 4000.35   2.7779e-18   3.4287e-21
 4003.28   2.3257e-18   3.4079e-21
 4006.21   2.6001e-18   3.3874e-21
 4009.13   4.9762e-19   3.3670e-21
 4012.06   1.4648e-18   3.3469e-21
 4014.99   3.5626e-18   3.3268e-21
 4017.92   5.1535e-18   3.3070e-21
 4020.84   5.2442e-18   3.2874e-21
 4023.77   5.3961e-18   3.2679e-21
 4026.70   4.4316e-18   3.2485e-21
 4029.63   2.6557e-18   3.2294e-21
 4032.55   1.4053e-18   3.2104e-21
 4035.48   1.5369e-18   3.1916e-21
 4038.41   2.5063e-18   3.1729e-21
 4041.34   3.2569e-18   3.1544e-21
 4044.26   3.7602e-18   3.1360e-21
 4047.19   3.5219e-18   3.1178e-21
 4050.12   3.3450e-18   3.0998e-21
 4053.05   5.3728e-18   3.0819e-21
 4055.98   6.4576e-18   3.0641e-21
 4058.90   3.7375e-18   3.0466e-21
 4061.83   3.1459e-18   3.0291e-21
 4064.76   2.7586e-18   3.0118e-21
 4067.69   4.0709e-18   2.9947e-21
 4070.61   4.8413e-18   2.9776e-21
 4073.54   8.1101e-19   2.9608e-21
 4076.47   2.1001e-18   2.9440e-21
 4079.40   1.5280e-18   2.9275e-21
 4082.32   3.8702e-18   2.9110e-21
 4085.25   4.0638e-18   2.8947e-21
 4088.18   5.5712e-18   2.8785e-21
 4091.11   2.1551e-18   2.8624e-21
 4094.03   4.2683e-18   2.8465e-21
 4096.96   3.0301e-18   2.8307e-21
 4099.89   1.9657e-18   2.8151e-21
 4102.82   3.7736e-18   2.7995e-21
 4105.74   4.1999e-18   2.7841e-21
 4108.67   3.7088e-18   2.7688e-21
 4111.60   5.3071e-18   2.7537e-21
 4114.53   6.0385e-18   2.7387e-21
 4117.45   4.3547e-18   2.7237e-21
 4120.38   3.9799e-18   2.7089e-21
 4123.31   3.5670e-18   2.6943e-21
 4126.24   3.2409e-18   2.6797e-21
 4129.16   3.8073e-18   2.6653e-21
 4132.09   4.9256e-18   2.6509e-21
 4135.02   3.8514e-18   2.6367e-21
 4137.95   2.8349e-18   2.6226e-21
 4140.87   4.7242e-18   2.6086e-21
 4143.80   5.3651e-18   2.5947e-21
 4146.73   3.9800e-18   2.5810e-21
 4149.66   3.7153e-18   2.5673e-21
 4152.58   2.9320e-18   2.5538e-21
 4155.51   1.5388e-18   2.5403e-21
 4158.44   9.3146e-19   2.5270e-21
 4161.37   7.8250e-19   2.5137e-21
 4164.29   1.1529e-18   2.5006e-21
 4167.22   3.5083e-18   2.4876e-21
 4170.15   3.5721e-18   2.4746e-21
 4173.08   4.6458e-18   2.4618e-21
 4176.00   5.1788e-18   2.4491e-21
 4178.93   2.9501e-18   2.4364e-21
 4181.86   4.0707e-18   2.4239e-21
 4184.79   3.1425e-18   2.4114e-21
 4187.72   3.4395e-18   2.3991e-21
 4190.64   2.8319e-18   2.3868e-21
 4193.57   3.3201e-18   2.3747e-21
 4196.50   3.4566e-18   2.3626e-21
 4199.43   2.3276e-18   2.3506e-21
 4202.35   3.6136e-18   2.3388e-21
 4205.28   2.5440e-18   2.3270e-21
 4208.21   4.3892e-18   2.3153e-21
 4211.14   3.8390e-18   2.3037e-21
 4214.06   2.1142e-18   2.2921e-21
 4216.99   2.8880e-18   2.2807e-21
 4219.92   4.1025e-18   2.2693e-21
 4222.85   3.7523e-18   2.2581e-21
 4225.77   3.6224e-18   2.2469e-21
 4228.70   3.0610e-18   2.2358e-21
 4231.63   2.0323e-18   2.2248e-21
 4234.56   1.7527e-18   2.2138e-21
 4237.48   2.2287e-18   2.2030e-21
 4240.41   2.6304e-18   2.1922e-21
 4243.34   1.9428e-18   2.1815e-21
 4246.27   1.6134e-18   2.1709e-21
 4249.19   2.0028e-18   2.1603e-21
 4252.12   2.3591e-18   2.1499e-21
 4255.05   3.5043e-18   2.1395e-21
 4257.98   2.6824e-18   2.1292e-21
 4260.90   1.7851e-18   2.1189e-21
 4263.83   6.6382e-19   2.1088e-21
 4266.76   3.1329e-18   2.0987e-21
 4269.69   2.6190e-18   2.0887e-21
 4272.62   2.4833e-18   2.0787e-21
 4275.54   2.3753e-18   2.0689e-21
 4278.47   2.7909e-18   2.0591e-21
 4281.40   2.6520e-18   2.0494e-21
 4284.33   2.2546e-18   2.0397e-21
 4287.25   2.7210e-18   2.0301e-21
 4290.18   2.2745e-18   2.0206e-21
 4293.11   3.2798e-18   2.0112e-21
 4296.04   1.2566e-18   2.0018e-21
 4298.96   5.9856e-19   1.9925e-21
 4301.89   2.9260e-18   1.9832e-21
 4304.82   2.6962e-18   1.9740e-21
 4307.75   3.0830e-18   1.9649e-21
 4310.67   3.6040e-18   1.9559e-21
 4313.60   2.3615e-18   1.9469e-21
 4316.53   1.8965e-18   1.9380e-21
 4319.46   2.7906e-18   1.9291e-21
 4322.38   3.3675e-18   1.9203e-21
 4325.31   3.8877e-18   1.9116e-21
 4328.24   3.5316e-18   1.9029e-21
 4331.17   3.0808e-18   1.8943e-21
 4334.10   3.3052e-18   1.8857e-21
 4337.02   2.9407e-18   1.8772e-21
 4339.95   2.6855e-18   1.8688e-21
 4342.88   2.6013e-18   1.8604e-21
 4345.81   3.3380e-18   1.8521e-21
 4348.73   3.6485e-18   1.8438e-21
 4351.66   2.6170e-18   1.8356e-21
 4354.59   2.7135e-18   1.8275e-21
 4357.52   3.7993e-18   1.8194e-21
 4360.44   5.2695e-18   1.8114e-21
 4363.37   4.8638e-18   1.8034e-21
 4366.30   5.2250e-18   1.7955e-21
 4369.23   3.9361e-18   1.7876e-21
 4372.15   1.3218e-18   1.7798e-21
 4375.08   3.3484e-18   1.7720e-21
 4378.01   5.2939e-18   1.7643e-21
 4380.94   5.2033e-18   1.7566e-21
 4383.86   4.4304e-18   1.7490e-21
 4386.79   4.2429e-18   1.7415e-21
 4389.72   3.9193e-18   1.7340e-21
 4392.65   2.6433e-18   1.7265e-21
 4395.57   3.3654e-18   1.7191e-21
 4398.50   3.9716e-18   1.7118e-21
 4401.43   3.2613e-18   1.7045e-21
 4404.36   3.0399e-18   1.6972e-21
 4407.28   3.5363e-18   1.6900e-21
 4410.21   3.5730e-18   1.6829e-21
 4413.14   2.8382e-18   1.6758e-21
 4416.07   3.7649e-18   1.6687e-21
 4419.00   4.7831e-18   1.6617e-21
 4421.92   3.8928e-18   1.6547e-21
 4424.85   3.3671e-18   1.6478e-21
 4427.78   3.1059e-18   1.6409e-21
 4465.84   1.1735e-18   1.5556e-21
 4468.76   3.7632e-18   1.5493e-21
 4471.69   3.8707e-18   1.5431e-21
 4474.62   2.2816e-18   1.5369e-21
 4477.55   2.0442e-18   1.5307e-21
 4480.47   2.7979e-18   1.5246e-21
 4483.40   2.9578e-18   1.5186e-21
 4486.33   2.9165e-18   1.5125e-21
 4489.26   3.4987e-18   1.5065e-21
 4492.18   2.9809e-18   1.5006e-21
 4495.11   3.9818e-18   1.4947e-21
 4498.04   3.6328e-18   1.4888e-21
 4500.97   3.3484e-18   1.4832e-21
 4503.90   3.1747e-18   1.4781e-21
 4506.82   2.7328e-18   1.4730e-21
 4509.75   3.2017e-18   1.4680e-21
 4512.68   3.8671e-18   1.4629e-21
 4515.60   3.8661e-18   1.4580e-21
 4518.53   3.8257e-18   1.4530e-21
 4521.46   2.7507e-18   1.4481e-21
 4524.39   2.5867e-18   1.4432e-21
 4527.31   2.2537e-18   1.4383e-21
 4530.24   2.0114e-18   1.4335e-21
 4533.17   2.7563e-18   1.4287e-21
 4536.10   2.3699e-18   1.4239e-21
 4539.03   2.8694e-18   1.4192e-21
 4541.95   4.0234e-18   1.4145e-21
 4544.88   2.4517e-18   1.4098e-21
 4547.81   3.0022e-18   1.4052e-21
 4550.74   3.8969e-18   1.4005e-21
 4553.66   2.5743e-18   1.3959e-21
 4556.59   1.8991e-18   1.3914e-21
 4559.52   2.6153e-18   1.3868e-21
 4562.45   3.5590e-18   1.3823e-21
 4565.37   3.0971e-18   1.3778e-21
 4568.30   1.8552e-18   1.3734e-21
 4571.23   2.4855e-18   1.3689e-21
 4574.16   2.7471e-18   1.3645e-21
 4577.08   2.6959e-18   1.3601e-21
 4580.01   2.0449e-18   1.3558e-21
 4582.94   2.2770e-18   1.3515e-21
 4585.87   3.0585e-18   1.3472e-21
 4588.79   4.0245e-18   1.3429e-21
 4591.72   2.8778e-18   1.3386e-21
 4594.65   2.3690e-18   1.3344e-21
 4597.58   2.8422e-18   1.3302e-21
 4600.50   2.7574e-18   1.3261e-21
 4603.43   2.3122e-18   1.3219e-21
 4606.36   2.9752e-18   1.3178e-21
 4609.29   2.7270e-18   1.3137e-21
 4612.21   2.5574e-18   1.3096e-21
 4615.14   3.4571e-18   1.3056e-21
 4618.07   3.0353e-18   1.3015e-21
 4621.00   2.6156e-18   1.2975e-21
 4623.93   2.9184e-18   1.2936e-21
 4626.85   3.7305e-18   1.2896e-21
 4629.78   3.4602e-18   1.2857e-21
 4632.71   2.9257e-18   1.2818e-21
 4635.64   2.7170e-18   1.2779e-21
 4638.56   3.1209e-18   1.2740e-21
 4641.49   3.8671e-18   1.2702e-21
 4644.42   2.9328e-18   1.2664e-21
 4647.35   3.0697e-18   1.2626e-21
 4650.27   3.0260e-18   1.2588e-21
 4653.20   2.1460e-18   1.2551e-21
 4656.13   2.6369e-18   1.2513e-21
 4659.06   4.0017e-18   1.2476e-21
 4661.98   3.1813e-18   1.2440e-21
 4664.91   3.0776e-18   1.2403e-21
 4667.84   3.4581e-18   1.2367e-21
 4670.77   2.6103e-18   1.2330e-21
 4673.69   2.4027e-18   1.2294e-21
 4676.62   2.7673e-18   1.2259e-21
 4679.55   4.2971e-18   1.2223e-21
 4682.48   4.3452e-18   1.2188e-21
 4685.40   2.7763e-18   1.2153e-21
 4688.33   2.0043e-18   1.2118e-21
 4691.26   2.5516e-18   1.2083e-21
 4694.19   2.8559e-18   1.2049e-21
 4697.12   2.4339e-18   1.2014e-21
 4700.04   2.3885e-18   1.1980e-21
 4702.97   2.3264e-18   1.1946e-21
 4705.90   1.9915e-18   1.1912e-21
 4708.83   2.1011e-18   1.1879e-21
 4711.75   2.5548e-18   1.1846e-21
 4714.68   4.2945e-18   1.1812e-21
 4717.61   3.0615e-18   1.1779e-21
 4720.54   3.0675e-18   1.1747e-21
 4723.46   2.8103e-18   1.1714e-21
 4726.39   1.7323e-18   1.1682e-21
 4729.32   2.3075e-18   1.1649e-21
 4732.25   1.1822e-18   1.1617e-21
 4735.17   2.2511e-18   1.1586e-21
 4738.10   2.6266e-18   1.1554e-21
 4741.03   2.0754e-18   1.1522e-21
 4743.96   2.7088e-18   1.1491e-21
 4746.88   3.1996e-18   1.1460e-21
 4749.81   3.8519e-18   1.1429e-21
 4752.74   3.5527e-18   1.1398e-21
 4755.67   3.9841e-18   1.1368e-21
 4758.60   3.6732e-18   1.1337e-21
 4761.52   2.3579e-18   1.1307e-21
 4764.45   2.3916e-18   1.1277e-21
 4767.38   2.6019e-18   1.1247e-21
 4770.31   2.8289e-18   1.1217e-21
 4773.23   3.2553e-18   1.1188e-21
 4776.16   3.0328e-18   1.1158e-21
 4779.09   2.9388e-18   1.1129e-21
 4782.02   2.0608e-18   1.1100e-21
 4784.94   1.6484e-18   1.1071e-21
 4787.87   1.8858e-18   1.1042e-21
 4790.80   2.6207e-18   1.1014e-21
 4793.73   1.8804e-18   1.0985e-21
 4796.65   3.1704e-18   1.0957e-21
 4799.58   3.5508e-18   1.0929e-21
 4802.51   2.8901e-18   1.0901e-21
 4805.44   2.5696e-18   1.0873e-21
 4808.36   2.0786e-18   1.0846e-21
 4811.29   2.6161e-18   1.0818e-21
 4814.22   2.1900e-18   1.0791e-21
 4817.15   2.8838e-18   1.0764e-21
 4820.07   3.9165e-18   1.0737e-21
 4823.00   2.8952e-18   1.0710e-21
 4825.93   2.1844e-18   1.0683e-21
 4828.86   2.7947e-18   1.0657e-21
 4831.78   2.7495e-18   1.0630e-21
 4834.71   3.2128e-18   1.0604e-21
 4837.64   3.7322e-18   1.0578e-21
 4840.57   2.6891e-18   1.0552e-21
 4843.50   2.1394e-18   1.0526e-21
 4846.42   3.2982e-18   1.0500e-21
 4849.35   4.3245e-18   1.0475e-21
 4852.28   4.3722e-18   1.0449e-21
 4855.21   4.4249e-18   1.0424e-21
 4858.13   3.4809e-18   1.0399e-21
 4861.06   2.3924e-18   1.0374e-21
 4863.99   3.1321e-18   1.0349e-21
 4866.92   2.8589e-18   1.0324e-21
 4869.84   2.4600e-18   1.0300e-21
 4872.77   2.6910e-18   1.0275e-21
 4875.70   1.9550e-18   1.0251e-21
 4878.63   2.3856e-18   1.0227e-21
 4881.55   2.6398e-18   1.0203e-21
 4884.48   2.0750e-18   1.0179e-21
 4887.41   2.3964e-18   1.0155e-21
 4890.34   3.3889e-18   1.0132e-21
 4893.26   2.1148e-18   1.0108e-21
 4896.19   1.7180e-18   1.0085e-21
 4899.12   1.6040e-18   1.0062e-21
 4902.05   2.2907e-18   1.0038e-21
 4904.97   2.3421e-18   1.0015e-21
 4907.90   2.4255e-18   9.9926e-22
 4910.83   3.1141e-18   9.9699e-22
 4913.76   2.8886e-18   9.9473e-22
 4916.68   2.1215e-18   9.9248e-22
 4919.61   1.2220e-18   9.9024e-22
 4922.54   1.5046e-18   9.8802e-22
 5115.76   3.8287e-18   8.7437e-22
 5118.69   4.3195e-18   8.7305e-22
 5121.62   3.2795e-18   8.7173e-22
 5124.54   3.3732e-18   8.7042e-22
 5127.47   4.0195e-18   8.6912e-22
 5130.40   3.9403e-18   8.6782e-22
 5133.33   2.9691e-18   8.6654e-22
 5136.25   3.7016e-18   8.6526e-22
 5139.18   4.5125e-18   8.6399e-22
 5142.11   4.5466e-18   8.6272e-22
 5145.04   3.5265e-18   8.6146e-22
 5147.96   3.5574e-18   8.6021e-22
 5150.89   3.4118e-18   8.5897e-22
 5153.82   3.3917e-18   8.5774e-22
 5156.75   3.8429e-18   8.5651e-22
 5159.67   3.6681e-18   8.5529e-22
 5162.60   4.1520e-18   8.5407e-22
 5165.53   4.3433e-18   8.5287e-22
 5168.46   4.3426e-18   8.5167e-22
 5171.38   4.0773e-18   8.5048e-22
 5174.31   3.2585e-18   8.4929e-22
 5177.24   3.0848e-18   8.4811e-22
 5180.17   4.0720e-18   8.4694e-22
 5183.10   4.6873e-18   8.4578e-22
 5186.02   4.6914e-18   8.4462e-22
 5188.95   3.2531e-18   8.4347e-22
 5191.88   3.7201e-18   8.4232e-22
 5194.81   4.2039e-18   8.4119e-22
 5197.73   3.3336e-18   8.4006e-22
 5200.66   2.9382e-18   8.3893e-22
 5203.59   2.1389e-18   8.3782e-22
 5206.52   3.9370e-18   8.3671e-22
 5209.44   4.1885e-18   8.3560e-22
 5212.37   2.8972e-18   8.3451e-22
 5215.30   3.4479e-18   8.3342e-22
 5218.23   2.4795e-18   8.3233e-22
 5221.15   4.0175e-18   8.3126e-22
 5224.08   2.5511e-18   8.3019e-22
 5227.01   3.4668e-18   8.2912e-22
 5229.94   2.0849e-18   8.2806e-22
 5232.86   2.3892e-18   8.2701e-22
 5235.79   3.1028e-18   8.2597e-22
 5238.72   2.9647e-18   8.2493e-22
 5241.65   2.6590e-18   8.2390e-22
 5244.58   1.5122e-18   8.2287e-22
 5247.50   2.1564e-18   8.2185e-22
 5250.43   2.2558e-18   8.2084e-22
 5253.36   2.7423e-18   8.1983e-22
 5256.29   3.1739e-18   8.1883e-22
 5259.21   3.3563e-18   8.1783e-22
 5262.14   2.8936e-18   8.1684e-22
 5265.07   2.7219e-18   8.1586e-22
 5268.00   3.5648e-18   8.1488e-22
 5270.92   4.0390e-18   8.1391e-22
 5273.85   2.2292e-18   8.1295e-22
 5276.78   2.3140e-18   8.1199e-22
 5279.71   3.1805e-18   8.1104e-22
 5282.63   3.1465e-18   8.1009e-22
 5285.56   3.8740e-18   8.0915e-22
 5288.49   3.6815e-18   8.0821e-22
 5291.42   3.7555e-18   8.0728e-22
 5294.34   3.6370e-18   8.0636e-22
 5297.27   2.2399e-18   8.0544e-22
 5300.20   2.6779e-18   8.0453e-22
 5303.13   2.8113e-18   8.0362e-22
 5306.05   3.0704e-18   8.0272e-22
 5308.98   2.0041e-18   8.0183e-22
 5311.91   4.2061e-18   8.0094e-22
 5314.84   4.6988e-18   8.0005e-22
 5317.76   2.1838e-18   7.9918e-22
 5320.69   1.5655e-18   7.9830e-22
 5323.62   3.2448e-18   7.9744e-22
 5326.55   3.4701e-18   7.9657e-22
 5329.48   3.3296e-18   7.9572e-22
 5332.40   2.5065e-18   7.9487e-22
 5335.33   3.4234e-18   7.9402e-22
 5338.26   3.0660e-18   7.9318e-22
 5341.19   2.7490e-18   7.9235e-22
 5344.11   2.6659e-18   7.9152e-22
 5347.04   2.6847e-18   7.9070e-22
 5349.97   2.6688e-18   7.8988e-22
 5352.90   2.4677e-18   7.8907e-22
 5355.82   3.0869e-18   7.8826e-22
 5358.75   3.6277e-18   7.8746e-22
 5361.68   2.9681e-18   7.8666e-22
 5364.61   3.3299e-18   7.8587e-22
 5367.53   2.7407e-18   7.8508e-22
 5370.46   3.1333e-18   7.8430e-22
 5373.39   4.4146e-18   7.8352e-22
 5376.32   3.1646e-18   7.8275e-22
 5379.24   4.2648e-18   7.8198e-22
 5382.17   2.5296e-18   7.8122e-22
 5385.10   3.8520e-18   7.8047e-22
 5388.03   2.3596e-18   7.7972e-22
 5390.95   4.8124e-18   7.7897e-22
 5393.88   4.1871e-18   7.7823e-22
 5396.81   3.1327e-18   7.7749e-22
 5399.74   1.9566e-18   7.7676e-22
 5402.67   2.4829e-18   7.7604e-22
 5405.59   3.0666e-18   7.7532e-22
 5408.52   3.5042e-18   7.7460e-22
 5411.45   3.6230e-18   7.7389e-22
 5414.38   3.8031e-18   7.7318e-22
 5417.30   3.1500e-18   7.7248e-22
 5420.23   3.4066e-18   7.7178e-22
 5423.16   3.8700e-18   7.7109e-22
 5426.08   3.1406e-18   7.7040e-22
 5429.01   3.4783e-18   7.6972e-22
 5431.94   3.4634e-18   7.6904e-22
 5434.87   4.0421e-18   7.6837e-22
 5437.80   2.7280e-18   7.6770e-22
 5440.72   3.8487e-18   7.6704e-22
 5443.65   3.2107e-18   7.6638e-22
 5446.58   2.5300e-18   7.6572e-22
 5449.51   3.7328e-18   7.6507e-22
 5452.43   2.9234e-18   7.6443e-22
 5455.36   3.7464e-18   7.6379e-22
 5458.29   3.2333e-18   7.6315e-22
 5461.22   4.0519e-18   7.6252e-22
 5464.14   4.8829e-18   7.6189e-22
 5467.07   3.0474e-18   7.6127e-22
 5470.00   4.1264e-18   7.6065e-22
 5472.93   3.7679e-18   7.6003e-22
 5475.85   4.7030e-18   7.5943e-22
 5478.78   3.3141e-18   7.5882e-22
 5481.71   2.8584e-18   7.5822e-22
 5484.64   3.5686e-18   7.5762e-22
 5487.56   4.0247e-18   7.5703e-22
 5490.49   4.5553e-18   7.5644e-22
 5493.42   4.1038e-18   7.5586e-22
 5496.35   4.5183e-18   7.5528e-22
 5499.27   4.2402e-18   7.5471e-22
 5502.20   4.8056e-18   7.5418e-22
 5505.13   4.0313e-18   7.5366e-22
 5508.06   4.2421e-18   7.5315e-22
 5510.99   4.0707e-18   7.5264e-22
 5513.91   3.2680e-18   7.5214e-22
 5516.84   3.6026e-18   7.5164e-22
 5519.77   3.7281e-18   7.5114e-22
 5522.70   4.2257e-18   7.5065e-22
 5525.62   4.4744e-18   7.5017e-22
 5528.55   3.6556e-18   7.4968e-22
 5531.48   4.5513e-18   7.4920e-22
 5534.41   3.2864e-18   7.4873e-22
 5537.33   3.0723e-18   7.4826e-22
 5540.26   2.8395e-18   7.4779e-22
 5543.19   4.2550e-18   7.4733e-22
 5546.12   2.7773e-18   7.4687e-22
 5549.04   3.0256e-18   7.4642e-22
 5551.97   2.5473e-18   7.4596e-22
 5554.90   4.6616e-18   7.4552e-22
 5604.67   4.0894e-18   7.3850e-22
 5607.60   3.5453e-18   7.3812e-22
 5610.52   2.4452e-18   7.3774e-22
 5613.45   3.2495e-18   7.3737e-22
 5616.38   3.5530e-18   7.3700e-22
 5619.31   2.9659e-18   7.3663e-22
 5622.23   3.2075e-18   7.3627e-22
 5625.16   4.1912e-18   7.3592e-22
 5628.09   3.8077e-18   7.3556e-22
 5631.02   3.8892e-18   7.3521e-22
 5633.94   3.0825e-18   7.3486e-22
 5636.87   2.2565e-18   7.3452e-22
 5639.80   3.4862e-18   7.3418e-22
 5642.73   1.8790e-18   7.3384e-22
 5645.65   4.1769e-18   7.3351e-22
 5648.58   3.3163e-18   7.3318e-22
 5651.51   2.5337e-18   7.3285e-22
 5654.44   3.0989e-18   7.3252e-22
 5657.37   3.7856e-18   7.3220e-22
 5660.29   2.9092e-18   7.3189e-22
 5663.22   2.7200e-18   7.3157e-22
 5666.15   2.5179e-18   7.3126e-22
 5669.08   2.8218e-18   7.3096e-22
 5672.00   2.2302e-18   7.3065e-22
 5674.93   1.9735e-18   7.3035e-22
 5677.86   1.7908e-18   7.3006e-22
 5680.79   3.3772e-18   7.2976e-22
 5683.71   3.3644e-18   7.2947e-22
 5686.64   3.0144e-18   7.2918e-22
 5689.57   4.3209e-18   7.2890e-22
 5692.50   4.2245e-18   7.2862e-22
 5695.42   2.5837e-18   7.2834e-22
 5698.35   3.3460e-18   7.2807e-22
 5701.28   3.2030e-18   7.2780e-22
 5704.21   1.8144e-18   7.2753e-22
 5707.13   2.1966e-18   7.2726e-22
 5710.06   3.0994e-18   7.2700e-22
 5712.99   3.4253e-18   7.2674e-22
 5715.92   1.9159e-18   7.2649e-22
 5718.85   2.8025e-18   7.2624e-22
 5721.77   3.1949e-18   7.2599e-22
 5724.70   3.3746e-18   7.2574e-22
 5727.63   1.8150e-18   7.2550e-22
 5730.56   1.9337e-18   7.2526e-22
 5733.48   2.8212e-18   7.2502e-22
 5736.41   4.1280e-18   7.2479e-22
 5739.34   3.0791e-18   7.2455e-22
 5742.27   3.4243e-18   7.2433e-22
 5745.19   3.3159e-18   7.2410e-22
 5748.12   3.2578e-18   7.2388e-22
 5751.05   2.3655e-18   7.2366e-22
 5753.98   1.9023e-18   7.2344e-22
 5756.90   2.6335e-18   7.2323e-22
 5759.83   1.8439e-18   7.2302e-22
 5762.76   2.0076e-18   7.2281e-22
 5765.69   2.5565e-18   7.2261e-22
 5768.61   1.7090e-18   7.2240e-22
 5771.54   3.2502e-18   7.2221e-22
 5774.47   2.1080e-18   7.2201e-22
 5777.40   2.7623e-18   7.2182e-22
 5780.32   3.0563e-18   7.2163e-22
 5783.25   2.4934e-18   7.2144e-22
 5786.18   3.6256e-18   7.2125e-22
 5789.11   2.8365e-18   7.2107e-22
 5792.04   2.5657e-18   7.2089e-22
 5794.96   2.5633e-18   7.2071e-22
 5797.89   3.0803e-18   7.2054e-22
 5800.82   3.4807e-18   7.2037e-22
 5803.75   3.1366e-18   7.2020e-22
 5806.67   3.7387e-18   7.2004e-22
 5809.60   3.8738e-18   7.1987e-22
 5812.53   3.0236e-18   7.1971e-22
 5815.46   3.6335e-18   7.1955e-22
 5818.38   3.4136e-18   7.1940e-22
 5821.31   3.3480e-18   7.1925e-22
 5824.24   2.3902e-18   7.1910e-22
 5827.17   3.3261e-18   7.1895e-22
 5830.09   3.4794e-18   7.1881e-22
 5833.02   3.2828e-18   7.1866e-22
 5835.95   3.2438e-18   7.1852e-22
 5838.88   3.3018e-18   7.1839e-22
 5841.80   2.9387e-18   7.1825e-22
 5844.73   2.8806e-18   7.1812e-22
 5847.66   2.6576e-18   7.1799e-22
 5850.59   3.8138e-18   7.1787e-22
 5853.51   2.7330e-18   7.1774e-22
 5856.44   2.7030e-18   7.1762e-22
 5859.37   3.9488e-18   7.1750e-22
 5862.30   4.8107e-18   7.1738e-22
 5865.23   4.3362e-18   7.1727e-22
 5868.15   4.4196e-18   7.1716e-22
 5871.08   3.4275e-18   7.1705e-22
 5874.01   2.9927e-18   7.1694e-22
 5876.94   2.9521e-18   7.1684e-22
 5879.86   4.8111e-18   7.1673e-22
 5882.79   4.0871e-18   7.1663e-22
 5885.72   5.5371e-18   7.1654e-22
 5888.65   5.1949e-18   7.1644e-22
 5891.57   6.3664e-18   7.1635e-22
 5894.50   4.4447e-18   7.1626e-22
 5897.43   2.7310e-18   7.1617e-22
 5900.36   3.3445e-18   7.1608e-22
 5903.28   3.0563e-18   7.1600e-22
 5906.21   3.4644e-18   7.1592e-22
 5909.14   3.8459e-18   7.1584e-22
 5912.07   4.1093e-18   7.1576e-22
 5914.99   3.3751e-18   7.1569e-22
 5917.92   3.8362e-18   7.1562e-22
 5920.85   4.2480e-18   7.1555e-22
 5923.78   3.4262e-18   7.1548e-22
 5926.70   3.6387e-18   7.1541e-22
 5929.63   3.1071e-18   7.1535e-22
 5932.56   4.1126e-18   7.1529e-22
 5935.49   3.6695e-18   7.1523e-22
 5938.41   3.7166e-18   7.1517e-22
 5941.34   4.0310e-18   7.1512e-22
 5944.27   5.2091e-18   7.1506e-22
 5947.20   5.1463e-18   7.1501e-22
 5950.12   6.2788e-18   7.1496e-22
 5953.05   5.3214e-18   7.1492e-22
 5955.98   4.4179e-18   7.1487e-22
 5958.91   2.9398e-18   7.1483e-22
 5961.83   3.9401e-18   7.1479e-22
 5964.76   3.4200e-18   7.1475e-22
 5967.69   3.2464e-18   7.1471e-22
 5970.62   3.8477e-18   7.1468e-22
 5973.55   3.3976e-18   7.1465e-22
 5976.47   3.2104e-18   7.1462e-22
 5979.40   3.6407e-18   7.1459e-22
 5982.33   3.4218e-18   7.1456e-22
 5985.26   2.4007e-18   7.1454e-22
 5988.18   1.7074e-18   7.1451e-22
 5991.11   2.8951e-18   7.1449e-22
 5994.04   3.8266e-18   7.1447e-22
 5996.97   3.2165e-18   7.1446e-22
 5999.89   3.5574e-18   7.1444e-22
 6002.82   3.9461e-18   7.1432e-22
 6005.75   3.9874e-18   7.1419e-22
 6008.68   3.4831e-18   7.1406e-22
 6011.60   3.8316e-18   7.1393e-22
 6014.53   3.4438e-18   7.1381e-22
 6017.46   2.6813e-18   7.1369e-22
 6020.39   2.7582e-18   7.1357e-22
 6023.31   3.2904e-18   7.1345e-22
 6026.24   3.5603e-18   7.1334e-22
 6029.17   3.2624e-18   7.1322e-22
 6032.10   3.5121e-18   7.1311e-22
 6035.02   3.7711e-18   7.1300e-22
 6037.95   4.9456e-18   7.1289e-22
 6040.88   4.4268e-18   7.1278e-22
 6043.81   4.3827e-18   7.1267e-22
 6046.74   4.2328e-18   7.1257e-22
 6049.66   4.0719e-18   7.1247e-22
 6052.59   3.5016e-18   7.1237e-22
 6055.52   3.5014e-18   7.1227e-22
 6058.45   4.3477e-18   7.1217e-22
 6061.37   3.7553e-18   7.1207e-22
 6064.30   4.6012e-18   7.1198e-22
 6067.23   6.2297e-18   7.1189e-22
 6070.16   5.0304e-18   7.1179e-22
 6073.08   4.3917e-18   7.1170e-22
 6076.01   4.8524e-18   7.1162e-22
 6078.94   4.6532e-18   7.1153e-22
 6081.87   4.2746e-18   7.1144e-22
 6084.79   4.5828e-18   7.1136e-22
 6087.72   4.9390e-18   7.1128e-22
 6090.65   5.1528e-18   7.1120e-22
 6093.58   4.7258e-18   7.1112e-22
 6096.50   4.8560e-18   7.1104e-22
 6099.43   4.9879e-18   7.1096e-22
 6102.36   4.8544e-18   7.1089e-22
 6105.29   4.7640e-18   7.1081e-22
 6108.21   4.4684e-18   7.1074e-22
 6111.14   4.1522e-18   7.1067e-22
 6114.07   5.3476e-18   7.1060e-22
 6117.00   4.8471e-18   7.1053e-22
 6119.92   5.6094e-18   7.1046e-22
 6122.85   5.0518e-18   7.1040e-22
 6125.78   4.6433e-18   7.1033e-22
 6128.71   5.4929e-18   7.1027e-22
 6131.64   6.0153e-18   7.1020e-22
 6134.56   5.5848e-18   7.1014e-22
 6137.49   4.1329e-18   7.1008e-22
 6140.42   4.4272e-18   7.1003e-22
 6143.35   6.3234e-18   7.0997e-22
 6146.27   5.2748e-18   7.0991e-22
 6149.20   5.5755e-18   7.0986e-22
 6152.13   6.0339e-18   7.0980e-22
 6155.06   6.1718e-18   7.0975e-22
 6157.98   4.7122e-18   7.0970e-22
 6160.91   4.5073e-18   7.0965e-22
 6163.84   5.1135e-18   7.0960e-22
 6166.77   4.8044e-18   7.0955e-22
 6169.69   4.7253e-18   7.0950e-22
 6172.62   4.1013e-18   7.0946e-22
 6175.55   3.6313e-18   7.0941e-22
 6178.48   4.3820e-18   7.0937e-22
 6181.40   5.0926e-18   7.0932e-22
 6184.33   5.0471e-18   7.0928e-22
 6187.26   5.7050e-18   7.0924e-22
 6190.19   5.8714e-18   7.0920e-22
 6193.12   4.4850e-18   7.0916e-22
 6196.04   4.8495e-18   7.0912e-22
 6198.97   4.5109e-18   7.0908e-22
 6201.90   3.9557e-18   7.0905e-22
 6204.83   4.1502e-18   7.0901e-22
 6207.75   4.4358e-18   7.0898e-22
 6210.68   4.7589e-18   7.0894e-22
 6213.61   3.7555e-18   7.0891e-22
 6216.54   4.4574e-18   7.0888e-22
 6219.46   4.5726e-18   7.0884e-22
 6222.39   4.6264e-18   7.0881e-22
 6225.32   4.8476e-18   7.0878e-22
 6228.25   5.2016e-18   7.0875e-22
 6231.17   6.1355e-18   7.0872e-22
 6234.10   4.6858e-18   7.0870e-22
 6237.03   5.1636e-18   7.0867e-22
 6239.96   5.0242e-18   7.0864e-22
 6242.88   4.0990e-18   7.0862e-22
 6245.81   4.7702e-18   7.0859e-22
 6248.74   4.9774e-18   7.0857e-22
 6251.67   4.6310e-18   7.0854e-22
 6254.60   6.1984e-18   7.0852e-22
 6257.52   4.6984e-18   7.0850e-22
 6260.45   3.7924e-18   7.0847e-22
 6263.38   4.5941e-18   7.0845e-22
 6266.31   3.5336e-18   7.0843e-22
 6269.23   4.4673e-18   7.0841e-22
 6272.16   4.0534e-18   7.0839e-22
 6275.09   3.9592e-18   7.0837e-22
 6278.02   2.8413e-18   7.0835e-22
 6330.71   3.5289e-18   7.0808e-22
 6333.64   2.8424e-18   7.0807e-22
 6336.57   2.3570e-18   7.0806e-22
 6339.50   2.4234e-18   7.0804e-22
 6342.42   5.2034e-18   7.0803e-22
 6395.12   4.1057e-18   7.0783e-22
 6398.05   2.8482e-18   7.0782e-22
 6400.98   2.7129e-18   7.0780e-22
 6403.90   3.4177e-18   7.0779e-22
 6406.83   3.7743e-18   7.0778e-22
 6409.76   2.9155e-18   7.0777e-22
 6412.69   3.0901e-18   7.0775e-22
 6415.61   3.6909e-18   7.0774e-22
 6418.54   4.5944e-18   7.0773e-22
 6421.47   4.7888e-18   7.0771e-22
 6424.40   4.1091e-18   7.0770e-22
 6427.32   3.8384e-18   7.0768e-22
 6430.25   3.6316e-18   7.0767e-22
 6433.18   3.7399e-18   7.0766e-22
 6436.11   3.2844e-18   7.0764e-22
 6439.03   3.8973e-18   7.0762e-22
 6441.96   5.0536e-18   7.0761e-22
 6444.89   4.1904e-18   7.0759e-22
 6447.82   3.7700e-18   7.0758e-22
 6450.74   3.3171e-18   7.0756e-22
 6453.67   4.8867e-18   7.0754e-22
 6456.60   5.5671e-18   7.0752e-22
 6459.53   4.5098e-18   7.0751e-22
 6462.45   5.7885e-18   7.0749e-22
 6465.38   4.4635e-18   7.0747e-22
 6468.31   4.9974e-18   7.0745e-22
 6471.24   6.0124e-18   7.0743e-22
 6474.17   4.9805e-18   7.0741e-22
 6477.09   3.1123e-18   7.0738e-22
 6480.02   3.0120e-18   7.0736e-22
 6482.95   4.0936e-18   7.0734e-22
 6485.88   3.9347e-18   7.0732e-22
 6488.80   4.6995e-18   7.0729e-22
 6491.73   4.5673e-18   7.0727e-22
 6494.66   4.7034e-18   7.0724e-22
 6497.59   5.5717e-18   7.0722e-22
 6500.51   5.9708e-18   7.0720e-22
 6503.44   6.0796e-18   7.0723e-22
 6506.37   3.5889e-18   7.0726e-22
 6509.30   3.2574e-18   7.0729e-22
 6512.22   5.2996e-18   7.0732e-22
 6515.15   3.4596e-18   7.0735e-22
 6518.08   3.8199e-18   7.0737e-22
 6521.01   4.5693e-18   7.0740e-22
 6523.93   4.0958e-18   7.0743e-22
 6526.86   4.7840e-18   7.0745e-22
 6529.79   5.1643e-18   7.0747e-22
 6532.72   4.7957e-18   7.0750e-22
 6535.64   4.8441e-18   7.0752e-22
 6538.57   5.1487e-18   7.0754e-22
 6541.50   5.1633e-18   7.0756e-22
 6544.43   4.0441e-18   7.0758e-22
 6547.35   5.9060e-18   7.0760e-22
 6550.28   5.0364e-18   7.0762e-22
 6553.21   5.3661e-18   7.0763e-22
 6556.14   5.2480e-18   7.0765e-22
 6559.06   4.7323e-18   7.0766e-22
 6561.99   5.5740e-18   7.0768e-22
 6564.92   3.5192e-18   7.0769e-22
 6567.85   5.2297e-18   7.0770e-22
 6570.78   5.8511e-18   7.0771e-22
 6573.70   4.1887e-18   7.0772e-22
 6576.63   3.9091e-18   7.0773e-22
 6579.56   5.1534e-18   7.0774e-22
 6582.49   3.7613e-18   7.0775e-22
 6585.41   5.1172e-18   7.0775e-22
 6588.34   4.4690e-18   7.0776e-22
 6591.27   4.4195e-18   7.0776e-22
 6594.20   4.3039e-18   7.0776e-22
 6597.12   4.3153e-18   7.0776e-22
 6600.05   5.2646e-18   7.0776e-22
 6602.98   4.2924e-18   7.0776e-22
 6605.91   3.6404e-18   7.0776e-22
 6608.83   3.5500e-18   7.0775e-22
 6611.76   3.8373e-18   7.0775e-22
 6614.69   4.4593e-18   7.0774e-22
 6617.62   5.8650e-18   7.0774e-22
 6620.54   4.9253e-18   7.0773e-22
 6623.47   4.4086e-18   7.0772e-22
 6626.40   3.6616e-18   7.0771e-22
 6629.33   3.4440e-18   7.0769e-22
 6632.25   2.7435e-18   7.0768e-22
 6635.18   3.2662e-18   7.0766e-22
 6638.11   3.9044e-18   7.0765e-22
 6641.04   3.2562e-18   7.0763e-22
 6643.97   3.1029e-18   7.0761e-22
 6646.89   3.6857e-18   7.0759e-22
 6649.82   3.8048e-18   7.0757e-22
 6652.75   3.1901e-18   7.0754e-22
 6655.68   2.2992e-18   7.0752e-22
 6658.60   3.0143e-18   7.0749e-22
 6661.53   3.4723e-18   7.0746e-22
 6664.46   4.0335e-18   7.0743e-22
 6667.39   3.7145e-18   7.0740e-22
 6670.31   4.1964e-18   7.0737e-22
 6673.24   3.6200e-18   7.0734e-22
 6676.17   3.0316e-18   7.0730e-22
 6679.10   3.4450e-18   7.0727e-22
 6682.02   2.4875e-18   7.0723e-22
 6684.95   3.3194e-18   7.0719e-22
 6687.88   3.3377e-18   7.0715e-22
 6690.81   3.1798e-18   7.0710e-22
 6693.73   3.6655e-18   7.0706e-22
 6696.66   3.4975e-18   7.0701e-22
 6699.59   3.1476e-18   7.0696e-22
 6702.52   4.3869e-18   7.0692e-22
 6705.44   4.4347e-18   7.0686e-22
 6708.37   3.6900e-18   7.0681e-22
 6711.30   3.4718e-18   7.0676e-22
 6714.23   3.0947e-18   7.0670e-22
 6717.16   3.0780e-18   7.0664e-22
 6720.08   1.9437e-18   7.0659e-22
 6723.01   2.9855e-18   7.0652e-22
 6725.94   3.5746e-18   7.0646e-22
 6728.87   3.1805e-18   7.0640e-22
 6731.79   3.9484e-18   7.0633e-22
 6734.72   2.1168e-18   7.0626e-22
 6737.65   4.0546e-18   7.0619e-22
 6740.58   5.4200e-18   7.0612e-22
 6743.50   3.9320e-18   7.0605e-22
 6746.43   2.2399e-18   7.0598e-22
 6749.36   3.8391e-18   7.0590e-22
 6752.29   2.0234e-18   7.0582e-22
 6755.21   4.0684e-18   7.0574e-22
 6758.14   3.9632e-18   7.0566e-22
 6761.07   3.1494e-18   7.0558e-22
 6764.00   3.7317e-18   7.0549e-22
 6766.92   4.2569e-18   7.0540e-22
 6769.85   2.7570e-18   7.0532e-22
 6772.78   3.6218e-18   7.0522e-22
 6775.71   5.1279e-18   7.0513e-22
 6778.63   5.0967e-18   7.0504e-22
 6781.56   4.8901e-18   7.0494e-22
 6784.49   3.5115e-18   7.0484e-22
 6787.42   2.8214e-18   7.0474e-22
 6790.35   3.1241e-18   7.0464e-22
 6793.27   3.3789e-18   7.0454e-22
 6796.20   3.8144e-18   7.0443e-22
 6799.13   4.3099e-18   7.0432e-22
 6802.06   3.7358e-18   7.0421e-22
 6804.98   3.3691e-18   7.0410e-22
 6807.91   3.4438e-18   7.0399e-22
 6810.84   3.9585e-18   7.0387e-22
 6813.77   4.3302e-18   7.0376e-22
 6816.69   4.1448e-18   7.0364e-22
 6819.62   4.2165e-18   7.0351e-22
 6822.55   4.5777e-18   7.0339e-22
 6825.48   3.4002e-18   7.0327e-22
 6828.40   4.1652e-18   7.0314e-22
 6869.39   3.1871e-18   7.0115e-22
 6872.32   3.8219e-18   7.0099e-22
 6875.25   2.1189e-18   7.0083e-22
 6878.17   4.7731e-18   7.0067e-22
 6881.10   3.1333e-18   7.0050e-22
 6884.03   2.5718e-18   7.0034e-22
 6886.96   2.5877e-18   7.0017e-22
 6889.88   2.6791e-18   7.0000e-22
 6892.81   2.4677e-18   6.9983e-22
 6895.74   3.7919e-18   6.9965e-22
 6898.67   3.2857e-18   6.9948e-22
 6901.59   3.4151e-18   6.9930e-22
 6904.52   2.9832e-18   6.9912e-22
 6907.45   2.6622e-18   6.9894e-22
 6910.38   2.4868e-18   6.9875e-22
 6913.31   2.8437e-18   6.9856e-22
 6916.23   2.1709e-18   6.9838e-22
 6919.16   4.1606e-18   6.9818e-22
 6922.09   2.6128e-18   6.9799e-22
 6925.02   2.4445e-18   6.9780e-22
 6927.94   2.9471e-18   6.9760e-22
 6930.87   3.5902e-18   6.9740e-22
 6933.80   2.4177e-18   6.9720e-22
 6936.73   3.2345e-18   6.9699e-22
 6939.65   2.7414e-18   6.9679e-22
 6942.58   5.7533e-18   6.9658e-22
 6945.51   4.4993e-18   6.9637e-22
 6948.44   4.6424e-18   6.9616e-22
 6951.36   3.3429e-18   6.9594e-22
 6954.29   4.8391e-18   6.9573e-22
 6957.22   4.3723e-18   6.9551e-22
 6960.15   2.6902e-18   6.9529e-22
 6963.07   2.6795e-18   6.9507e-22
 6966.00   2.9999e-18   6.9484e-22
 6968.93   3.0228e-18   6.9462e-22
 6971.86   4.9585e-18   6.9439e-22
 6974.78   3.5419e-18   6.9415e-22
 6977.71   4.2876e-18   6.9392e-22
 6980.64   4.7857e-18   6.9369e-22
 6983.57   3.5128e-18   6.9345e-22
 6986.50   2.8346e-18   6.9321e-22
 6989.42   2.5006e-18   6.9297e-22
 6992.35   3.9271e-18   6.9272e-22
 6995.28   3.7064e-18   6.9248e-22
 6998.21   3.6366e-18   6.9223e-22
 7001.13   4.1594e-18   6.9201e-22
 7004.06   4.0840e-18   6.9184e-22
 7006.99   3.7882e-18   6.9167e-22
 7009.92   4.0032e-18   6.9150e-22
 7012.84   3.3108e-18   6.9132e-22
 7015.77   2.7416e-18   6.9114e-22
 7018.70   3.0170e-18   6.9096e-22
 7021.63   3.3982e-18   6.9078e-22
 7024.55   5.2359e-18   6.9060e-22
 7027.48   4.0848e-18   6.9041e-22
 7030.41   3.6734e-18   6.9022e-22
 7033.34   3.8448e-18   6.9003e-22
 7036.26   3.0899e-18   6.8984e-22
 7039.19   2.8551e-18   6.8964e-22
 7042.12   2.9745e-18   6.8944e-22
 7045.05   2.7773e-18   6.8925e-22
 7047.97   3.1681e-18   6.8904e-22
 7050.90   3.4736e-18   6.8884e-22
 7053.83   3.3910e-18   6.8863e-22
 7056.76   4.8658e-18   6.8843e-22
 7059.69   3.2746e-18   6.8822e-22
 7062.61   3.5108e-18   6.8801e-22
 7065.54   3.1135e-18   6.8779e-22
 7068.47   4.5364e-18   6.8758e-22
 7071.40   4.0775e-18   6.8736e-22
 7074.32   3.9964e-18   6.8714e-22
 7077.25   2.8993e-18   6.8691e-22
 7080.18   3.9274e-18   6.8669e-22
 7083.11   4.0189e-18   6.8646e-22
 7086.03   3.7776e-18   6.8624e-22
 7088.96   3.0618e-18   6.8601e-22
 7091.89   3.1592e-18   6.8577e-22
 7094.82   3.0718e-18   6.8554e-22
 7097.74   2.5275e-18   6.8530e-22
 7100.67   2.4524e-18   6.8506e-22
 7103.60   2.4001e-18   6.8482e-22
 7106.53   2.9897e-18   6.8458e-22
 7109.45   4.0356e-18   6.8434e-22
 7112.38   3.0969e-18   6.8409e-22
 7115.31   3.2915e-18   6.8384e-22
 7118.24   3.3922e-18   6.8359e-22
 7121.16   3.6214e-18   6.8334e-22
 7124.09   3.0123e-18   6.8308e-22
 7127.02   3.3454e-18   6.8283e-22
 7129.95   3.9052e-18   6.8257e-22
 7132.88   4.0022e-18   6.8231e-22
 7135.80   3.1120e-18   6.8205e-22
 7138.73   2.8712e-18   6.8178e-22
 7141.66   3.6288e-18   6.8152e-22
 7144.58   3.6520e-18   6.8125e-22
 7147.51   3.6574e-18   6.8098e-22
 7150.44   3.3567e-18   6.8071e-22
 7153.37   4.1095e-18   6.8044e-22
 7156.30   4.9702e-18   6.8016e-22
 7159.22   4.6697e-18   6.7988e-22
 7162.15   3.0763e-18   6.7960e-22
 7165.08   3.4934e-18   6.7932e-22
 7168.01   4.0346e-18   6.7904e-22
 7170.93   4.1205e-18   6.7876e-22
 7173.86   3.7367e-18   6.7847e-22
 7176.79   2.5237e-18   6.7818e-22
 7179.72   2.7366e-18   6.7789e-22
 7182.64   3.5803e-18   6.7760e-22
 7185.57   3.4796e-18   6.7731e-22
 7188.50   3.8570e-18   6.7701e-22
 7191.43   3.4935e-18   6.7671e-22
 7194.35   2.8529e-18   6.7642e-22
 7197.28   2.9678e-18   6.7612e-22
 7200.21   3.7294e-18   6.7581e-22
 7203.14   3.2553e-18   6.7551e-22
 7206.06   2.1315e-18   6.7520e-22
 7208.99   3.2614e-18   6.7490e-22
 7211.92   3.9948e-18   6.7459e-22
 7214.85   3.5651e-18   6.7428e-22
 7217.77   3.7969e-18   6.7397e-22
 7220.70   3.1797e-18   6.7365e-22
 7223.63   4.2895e-18   6.7334e-22
 7226.56   4.2357e-18   6.7302e-22
 7229.49   5.8345e-18   6.7270e-22
 7232.41   2.2133e-18   6.7238e-22
 7235.34   3.6211e-18   6.7206e-22
 7238.27   4.1219e-18   6.7174e-22
 7241.20   8.0139e-18   6.7141e-22
 7244.12   8.4825e-18   6.7108e-22
 7247.05   7.1479e-18   6.7076e-22
 7249.98   5.5944e-18   6.7043e-22
 7252.91   6.0286e-18   6.7010e-22
 7255.83   6.2473e-18   6.6976e-22
 7258.76   3.1313e-18   6.6943e-22
 7261.69   2.4510e-18   6.6909e-22
 7264.62   3.1928e-18   6.6876e-22
 7267.54   3.4104e-18   6.6842e-22
 7270.47   1.0987e-17   6.6808e-22
 7273.40   9.0213e-18   6.6774e-22
 7276.33   7.4332e-18   6.6740e-22
 7279.25   8.3549e-18   6.6705e-22
 7282.18   7.7004e-18   6.6671e-22
 7285.11   1.3259e-17   6.6636e-22
 7288.04   6.7576e-18   6.6601e-22
 7290.96   3.4850e-18   6.6566e-22
 7293.89   5.2927e-18   6.6531e-22
 7296.82   4.1451e-18   6.6496e-22
 7299.75   3.8925e-18   6.6461e-22
 7302.68   3.9290e-18   6.6425e-22
 7305.60   1.5021e-18   6.6390e-22
 7308.53   6.9337e-18   6.6354e-22
 7311.46   4.3090e-18   6.6318e-22
 7314.39   3.8000e-18   6.6282e-22
 7317.31   4.4573e-18   6.6246e-22
 7320.24   5.7898e-18   6.6210e-22
 7323.17   4.2483e-18   6.6174e-22
 7326.10   4.9175e-18   6.6137e-22
 7329.02   7.0743e-18   6.6101e-22
 7331.95   6.5127e-18   6.6064e-22
 7334.88   2.0625e-18   6.6027e-22
 7337.81   4.2468e-18   6.5990e-22
 7340.73   6.2332e-18   6.5953e-22
 7343.66   7.7089e-18   6.5916e-22
 7346.59   5.0598e-18   6.5879e-22
 7349.52   1.7834e-18   6.5842e-22
 7352.44   5.5927e-18   6.5804e-22
 7355.37   8.5313e-18   6.5767e-22
 7358.30   4.0382e-18   6.5729e-22
 7361.23   1.9334e-18   6.5691e-22
 7364.15   4.1334e-18   6.5654e-22
 7367.08   3.0235e-18   6.5616e-22
 7370.01   5.6084e-18   6.5578e-22
 7372.94   3.8758e-18   6.5540e-22
 7375.87   3.8306e-18   6.5502e-22
 7378.79   3.4905e-18   6.5463e-22
 7381.72   4.2175e-18   6.5425e-22
 7384.65   3.0238e-18   6.5386e-22
 7387.58   3.2901e-18   6.5348e-22
 7390.50   2.5281e-18   6.5309e-22
 7393.43   4.3225e-18   6.5271e-22
 7396.36   5.7935e-18   6.5232e-22
 7399.29   2.9258e-18   6.5193e-22
 7402.21   5.6320e-18   6.5154e-22
 7405.14   4.8087e-18   6.5115e-22
 7408.07   3.8453e-18   6.5076e-22
 7411.00   4.5027e-18   6.5037e-22
 7413.92   2.4180e-18   6.4998e-22
 7416.85   1.1085e-18   6.4958e-22
 7419.78   2.5456e-18   6.4919e-22
 7422.71   6.7496e-18   6.4880e-22
 7425.63   5.6870e-18   6.4840e-22
 7428.56   5.3490e-18   6.4801e-22
 7431.49   4.8028e-18   6.4761e-22
 7434.42   2.7756e-18   6.4721e-22
 7437.35   3.3149e-18   6.4682e-22
 7440.27   2.8657e-18   6.4642e-22
 7443.20   3.6544e-18   6.4602e-22
 7446.13   4.0362e-18   6.4562e-22
 7449.06   2.4280e-18   6.4522e-22
 7451.98   2.0125e-18   6.4482e-22
 7454.91   8.9575e-19   6.4442e-22
 7457.84   1.6586e-18   6.4402e-22
 7460.77   2.5176e-18   6.4362e-22
 7463.69   3.3174e-18   6.4322e-22
 7466.62   3.0807e-18   6.4282e-22
 7469.55   4.3309e-18   6.4241e-22
 7472.48   3.7804e-18   6.4201e-22
 7475.40   4.2083e-18   6.4161e-22
 7478.33   4.0269e-18   6.4121e-22
 7481.26   2.8288e-18   6.4080e-22
 7484.19   3.2586e-18   6.4040e-22
 7487.12   2.4602e-18   6.3999e-22
 7490.04   1.4505e-18   6.3959e-22
 7492.97   2.7644e-18   6.3918e-22
