 
TRANSIENT_NAME:     DES14E2slo 
SNID:               1320166    
OBS_DATE:           2014-12-30
MJD:                57021. 
PHASE:              -1.    
MJD_MAX:            57021.8
TYPE:               1  
SPEC_EVAL:          SNIa
REDSHIFT:           0.4500  
REDSHIFT_ERR:       0.0050  
REDSHIFT_SOURCE:    Z_SN
TELESCOPE:          VLT
INSTRUMENT:         X-SHOOTER
 
======================================
 
# WAVE  FLUX  FLUX_ERR
 3400.00  -2.8378e-18   9.9999e+04
 3405.00  -2.8378e-18   1.7652e-18
 3410.00  -1.3253e-18   1.7859e-18
 3415.00   5.5355e-19   1.7412e-18
 3420.00  -5.2561e-18   1.8691e-18
 3425.00   9.3630e-19   1.8436e-18
 3430.00  -1.0620e-18   1.9683e-18
 3435.00  -1.4155e-18   1.9191e-18
 3440.00  -2.4707e-18   1.8235e-18
 3445.00   1.9878e-19   1.8804e-18
 3450.00   1.9015e-18   2.0507e-18
 3455.00  -1.2837e-18   2.0551e-18
 3460.00  -1.8054e-18   1.9512e-18
 3465.00  -9.2500e-19   2.0192e-18
 3470.00   6.7263e-20   2.0545e-18
 3475.00  -2.6570e-18   1.8837e-18
 3480.00  -8.4145e-19   1.9362e-18
 3485.00  -1.5550e-18   1.8618e-18
 3490.00  -2.1593e-18   1.7595e-18
 3495.00   1.5916e-18   1.6820e-18
 3500.00  -3.9083e-18   1.6954e-18
 3505.00   1.1542e-18   1.6692e-18
 3510.00  -2.1510e-18   1.6246e-18
 3515.00   1.9324e-19   1.4957e-18
 3520.00  -2.3638e-19   1.4693e-18
 3525.00  -7.1444e-19   1.3109e-18
 3530.00  -6.1179e-19   1.4049e-18
 3535.00   1.3011e-18   1.3844e-18
 3540.00  -7.9673e-20   1.3572e-18
 3545.00   4.7286e-19   1.3975e-18
 3550.00  -8.3101e-20   1.3393e-18
 3555.00  -9.0354e-19   1.2634e-18
 3560.00   3.6290e-19   1.2544e-18
 3565.00   3.6879e-19   1.1742e-18
 3570.00  -6.6180e-20   1.0606e-18
 3575.00   3.9728e-19   1.1796e-18
 3580.00   1.6031e-18   1.0355e-18
 3585.00  -9.0324e-19   1.0253e-18
 3590.00   1.9383e-18   1.1840e-18
 3595.00  -3.4344e-18   1.3560e-18
 3600.00  -5.3697e-19   1.4209e-18
 3605.00   1.3649e-18   1.3775e-18
 3610.00   2.9203e-18   1.3648e-18
 3615.00   1.7668e-18   1.4807e-18
 3620.00   2.5286e-18   1.4044e-18
 3625.00  -4.7880e-18   1.5553e-18
 3630.00   2.1663e-18   1.5009e-18
 3635.00  -7.9128e-19   1.5035e-18
 3640.00  -2.8231e-19   1.5595e-18
 3645.00   5.6141e-19   1.4622e-18
 3650.00   1.0593e-18   1.3967e-18
 3655.00   2.4505e-18   1.4631e-18
 3660.00  -2.4244e-18   1.4327e-18
 3665.00   3.1203e-19   1.3181e-18
 3670.00   1.8650e-19   1.2625e-18
 3675.00  -1.0109e-18   1.2221e-18
 3680.00  -1.0882e-18   1.1331e-18
 3685.00  -1.0086e-18   1.0971e-18
 3690.00   9.1984e-19   1.0906e-18
 3695.00  -2.2180e-18   1.0432e-18
 3700.00  -4.0493e-19   1.0780e-18
 3705.00   4.7968e-19   9.4334e-19
 3710.00  -7.2864e-19   9.3613e-19
 3715.00  -1.3436e-19   1.0390e-18
 3720.00  -3.9750e-19   8.2229e-19
 3725.00  -7.3033e-19   9.2225e-19
 3730.00   1.3774e-18   9.1901e-19
 3735.00  -6.7796e-20   7.6490e-19
 3740.00   7.6222e-19   9.3075e-19
 3745.00   2.2589e-18   8.2205e-19
 3750.00  -9.1825e-19   7.8829e-19
 3755.00   2.6013e-20   9.8596e-19
 3760.00  -4.0452e-19   8.5319e-19
 3765.00   1.3463e-18   8.9898e-19
 3770.00  -1.6860e-18   9.5683e-19
 3775.00  -3.5861e-19   1.0593e-18
 3780.00  -5.7143e-19   1.0953e-18
 3785.00  -4.4228e-19   1.0906e-18
 3790.00   7.3133e-19   1.0517e-18
 3795.00  -2.0881e-19   1.0385e-18
 3800.00   2.4467e-19   1.0311e-18
 3805.00   1.5787e-18   1.1293e-18
 3810.00  -1.4207e-18   1.1405e-18
 3815.00   1.8520e-18   1.0440e-18
 3820.00  -2.2102e-19   1.0038e-18
 3825.00  -1.6849e-18   9.6529e-19
 3830.00  -1.7798e-18   9.5931e-19
 3835.00  -8.6851e-19   9.2436e-19
 3840.00  -3.1874e-19   8.9364e-19
 3845.00  -1.3909e-18   9.8593e-19
 3850.00  -4.8146e-19   9.6312e-19
 3855.00  -5.4794e-19   9.0924e-19
 3860.00  -1.1215e-18   8.4614e-19
 3865.00  -3.2521e-19   9.3255e-19
 3870.00   5.4261e-19   8.1689e-19
 3875.00   2.1220e-19   8.6026e-19
 3880.00  -1.7368e-18   7.6705e-19
 3885.00   1.4629e-18   7.6614e-19
 3890.00  -4.1290e-19   7.8243e-19
 3895.00   8.5505e-19   8.0624e-19
 3900.00  -1.0578e-18   7.8789e-19
 3905.00  -6.5368e-19   7.3257e-19
 3910.00  -1.2327e-18   8.0019e-19
 3915.00   7.7458e-20   8.0378e-19
 3920.00  -7.5432e-19   7.1003e-19
 3925.00   2.7807e-19   6.8836e-19
 3930.00  -5.3149e-20   5.4638e-19
 3935.00   3.0808e-19   5.2044e-19
 3940.00   1.3940e-18   6.4780e-19
 3945.00  -4.7194e-20   6.8585e-19
 3950.00  -1.3472e-18   7.4701e-19
 3955.00   8.8482e-19   7.3039e-19
 3960.00  -1.9303e-19   6.9891e-19
 3965.00   3.4551e-19   6.0117e-19
 3970.00  -1.8375e-19   5.6239e-19
 3975.00  -8.1186e-19   7.0241e-19
 3980.00   7.4892e-19   7.9605e-19
 3985.00   1.8832e-19   7.9516e-19
 3990.00  -2.6249e-19   8.4277e-19
 3995.00  -7.2570e-19   8.4203e-19
 4000.00  -1.3714e-18   8.5081e-19
 4005.00   1.0710e-19   8.3845e-19
 4010.00  -1.7155e-18   8.8436e-19
 4015.00  -2.6313e-20   8.8558e-19
 4020.00   2.2804e-18   8.8849e-19
 4025.00   5.4290e-19   8.9350e-19
 4030.00  -9.1483e-21   8.6769e-19
 4035.00  -1.1208e-19   8.5071e-19
 4040.00   9.5404e-21   8.9438e-19
 4045.00   5.0361e-19   7.9942e-19
 4050.00  -7.6080e-19   8.6553e-19
 4055.00   1.3714e-18   8.3729e-19
 4060.00  -1.4793e-18   8.2849e-19
 4065.00   7.3732e-19   8.2541e-19
 4070.00   1.2399e-18   8.2826e-19
 4075.00   8.8684e-20   8.2009e-19
 4080.00  -3.5642e-19   8.0249e-19
 4085.00   1.4728e-19   7.7985e-19
 4090.00   1.6067e-18   8.0679e-19
 4095.00   1.0320e-18   7.5419e-19
 4100.00  -1.0878e-19   6.6613e-19
 4105.00   1.8315e-19   7.0805e-19
 4110.00   3.1122e-19   7.1372e-19
 4115.00   3.0034e-18   7.4121e-19
 4120.00  -1.2554e-18   7.0294e-19
 4125.00   5.9346e-21   7.1049e-19
 4130.00   6.8216e-19   6.7700e-19
 4135.00   3.8698e-19   6.8152e-19
 4140.00  -6.0968e-19   7.0569e-19
 4145.00  -7.8529e-19   6.5717e-19
 4150.00   9.6246e-19   6.8063e-19
 4155.00   3.7767e-20   6.6632e-19
 4160.00   2.2264e-18   7.0129e-19
 4165.00  -7.1908e-19   7.0272e-19
 4170.00  -3.0569e-19   6.9275e-19
 4175.00  -3.9111e-19   6.6992e-19
 4180.00   1.5356e-18   6.8635e-19
 4185.00   1.2060e-18   6.8219e-19
 4190.00   1.0358e-18   6.8389e-19
 4195.00   1.7924e-18   7.1266e-19
 4200.00   1.3878e-18   6.7079e-19
 4205.00  -1.5679e-18   7.1164e-19
 4210.00   6.5223e-19   7.3265e-19
 4215.00   1.1576e-18   7.1503e-19
 4220.00   1.4862e-18   7.3988e-19
 4225.00   4.9565e-19   6.6862e-19
 4230.00   8.1488e-20   7.3827e-19
 4235.00   4.9706e-19   7.1149e-19
 4240.00  -6.7450e-19   7.2806e-19
 4245.00   2.0707e-18   7.3514e-19
 4250.00   4.4537e-19   7.1076e-19
 4255.00   1.9189e-18   7.3108e-19
 4260.00   1.8313e-18   6.9509e-19
 4265.00  -1.4326e-19   7.4809e-19
 4270.00   1.3182e-18   6.8083e-19
 4275.00   1.1081e-18   7.0037e-19
 4280.00   9.5862e-19   7.0328e-19
 4285.00   2.1254e-18   6.8707e-19
 4290.00  -3.8234e-19   7.0954e-19
 4295.00   4.6406e-19   7.1553e-19
 4300.00   2.4279e-18   6.1688e-19
 4305.00   5.2161e-20   6.0669e-19
 4310.00   6.3970e-19   5.7064e-19
 4315.00   1.5730e-19   6.6123e-19
 4320.00   1.1989e-18   6.8602e-19
 4325.00   1.8543e-18   5.6893e-19
 4330.00   1.6961e-18   6.4625e-19
 4335.00   1.1627e-18   6.2465e-19
 4340.00   1.7710e-18   5.3157e-19
 4345.00   8.2425e-19   5.9084e-19
 4350.00   1.6453e-18   5.8066e-19
 4355.00   2.4418e-18   5.8567e-19
 4360.00  -5.8968e-19   5.9208e-19
 4365.00   1.2397e-18   5.9272e-19
 4370.00   2.5543e-18   5.7989e-19
 4375.00   3.9901e-19   5.5787e-19
 4380.00   1.2901e-18   5.7843e-19
 4385.00   8.1859e-19   4.9911e-19
 4390.00   6.5222e-19   5.5008e-19
 4395.00   2.0696e-19   5.6370e-19
 4400.00   8.2649e-19   5.6664e-19
 4405.00   8.8422e-19   5.4974e-19
 4410.00   2.9655e-18   5.8753e-19
 4415.00   1.1366e-18   5.7841e-19
 4420.00   9.2353e-19   6.0740e-19
 4425.00   6.7519e-19   5.9557e-19
 4430.00   9.0813e-19   6.0174e-19
 4435.00   1.8734e-18   5.8904e-19
 4440.00   2.1049e-18   6.1543e-19
 4445.00   1.9373e-18   6.0907e-19
 4450.00   1.4701e-18   6.2039e-19
 4455.00   1.4395e-18   5.9441e-19
 4460.00   9.2931e-19   5.9513e-19
 4465.00   1.9824e-18   6.2885e-19
 4470.00   8.1738e-19   6.2488e-19
 4475.00   9.1694e-19   6.4651e-19
 4480.00  -6.7936e-19   6.3230e-19
 4485.00   2.1375e-19   6.5247e-19
 4490.00   7.5515e-19   6.4224e-19
 4495.00   1.4487e-18   6.4620e-19
 4500.00   1.9205e-18   6.6159e-19
 4505.00  -1.5821e-18   6.7105e-19
 4510.00  -3.4203e-21   6.6710e-19
 4515.00   1.5858e-18   6.5845e-19
 4520.00   1.7761e-19   6.5873e-19
 4525.00   9.2404e-19   6.4320e-19
 4530.00  -1.1817e-19   6.2681e-19
 4535.00   2.2109e-18   6.5568e-19
 4540.00   1.6539e-18   7.5532e-19
 4545.00   1.9436e-18   7.1869e-19
 4550.00   2.4101e-19   6.8038e-19
 4555.00   1.6943e-18   6.7058e-19
 4560.00  -3.0067e-19   6.6855e-19
 4565.00   1.7702e-18   6.3625e-19
 4570.00   7.5633e-20   6.2294e-19
 4575.00   1.8524e-18   6.2550e-19
 4580.00   2.7837e-18   5.9490e-19
 4585.00   1.3741e-18   5.8034e-19
 4590.00   1.2509e-18   5.7937e-19
 4595.00   2.3680e-18   5.6273e-19
 4600.00   2.3487e-18   5.5536e-19
 4605.00   1.6347e-18   5.4847e-19
 4610.00   3.0055e-18   5.5699e-19
 4615.00   1.9974e-18   5.4167e-19
 4620.00   6.7627e-19   5.3935e-19
 4625.00   1.6910e-18   5.3292e-19
 4630.00   2.6783e-18   5.3004e-19
 4635.00   2.8507e-18   5.1935e-19
 4640.00   1.4149e-18   5.1031e-19
 4645.00   8.1385e-19   5.0337e-19
 4650.00   1.5306e-18   5.0988e-19
 4655.00   2.4266e-18   5.0572e-19
 4660.00  -5.8815e-20   5.1277e-19
 4665.00   1.3332e-18   4.9057e-19
 4670.00   2.2851e-18   4.9170e-19
 4675.00   1.0028e-18   5.0373e-19
 4680.00   1.8161e-18   4.9527e-19
 4685.00   1.5846e-18   5.0923e-19
 4690.00   1.2465e-18   5.0230e-19
 4695.00   1.1471e-18   5.1392e-19
 4700.00   5.8606e-19   4.9964e-19
 4705.00   1.1740e-18   4.9900e-19
 4710.00   1.3495e-18   5.1131e-19
 4715.00   1.8158e-18   5.2047e-19
 4720.00   5.0977e-19   5.3097e-19
 4725.00   6.6732e-19   5.2175e-19
 4730.00   1.9488e-19   5.0361e-19
 4735.00   5.8629e-19   5.1581e-19
 4740.00   2.0633e-19   5.2075e-19
 4745.00  -2.2634e-19   5.2850e-19
 4750.00   8.9469e-19   5.2675e-19
 4755.00   1.1623e-18   5.2571e-19
 4760.00   1.1815e-18   5.3271e-19
 4765.00   8.2537e-19   5.2080e-19
 4770.00   1.1105e-18   5.3542e-19
 4775.00  -2.4089e-19   5.4109e-19
 4780.00   6.6454e-19   5.5036e-19
 4785.00   9.9022e-19   5.3765e-19
 4790.00   9.3718e-19   5.4305e-19
 4795.00   1.2445e-18   5.5411e-19
 4800.00   1.2664e-18   5.4632e-19
 4805.00  -6.8146e-19   5.4966e-19
 4810.00   1.1624e-18   5.5276e-19
 4815.00   1.8036e-18   5.6744e-19
 4820.00   1.0491e-18   6.8125e-19
 4825.00   2.8714e-18   6.5379e-19
 4830.00   1.0532e-18   6.2630e-19
 4835.00   1.1889e-18   6.1483e-19
 4840.00   2.5259e-18   5.8992e-19
 4845.00   1.7163e-18   5.7931e-19
 4850.00  -1.3506e-19   5.5729e-19
 4855.00   1.3453e-18   5.2949e-19
 4860.00   1.3493e-18   4.7580e-19
 4865.00   1.1808e-18   4.9994e-19
 4870.00   1.3963e-18   4.8847e-19
 4875.00   1.2423e-18   4.9467e-19
 4880.00   1.2108e-18   4.8916e-19
 4885.00   5.1336e-19   4.7334e-19
 4890.00   1.8538e-18   4.5651e-19
 4895.00   1.2683e-18   4.7611e-19
 4900.00   1.2434e-19   4.7586e-19
 4905.00   1.4155e-18   4.6037e-19
 4910.00   1.0229e-18   4.4354e-19
 4915.00   2.0305e-18   4.5374e-19
 4920.00   8.7606e-19   4.1807e-19
 4925.00   1.1076e-18   4.3345e-19
 4930.00   1.8204e-18   4.3846e-19
 4935.00   4.0120e-19   4.2178e-19
 4940.00   2.9710e-19   4.1613e-19
 4945.00   1.3844e-18   4.2803e-19
 4950.00   1.3425e-18   4.3045e-19
 4955.00   1.6660e-18   4.1603e-19
 4960.00   1.7169e-18   4.1455e-19
 4965.00   1.5883e-18   4.2351e-19
 4970.00   2.3640e-18   4.2375e-19
 4975.00   6.1487e-19   4.2772e-19
 4980.00   2.1482e-18   4.1450e-19
 4985.00   2.3805e-18   4.0601e-19
 4990.00   1.7621e-18   4.2352e-19
 4995.00   8.9163e-19   4.2172e-19
 5000.00   4.1214e-19   4.1553e-19
 5005.00   2.1970e-20   4.0762e-19
 5010.00   1.5036e-18   4.2569e-19
 5015.00   8.0088e-19   4.1783e-19
 5020.00   1.3475e-18   4.2174e-19
 5025.00   1.4703e-18   4.3277e-19
 5030.00   4.8867e-19   4.3812e-19
 5035.00   1.8472e-18   4.3466e-19
 5040.00   1.0293e-18   4.2547e-19
 5045.00   2.1300e-18   4.6399e-19
 5050.00   1.2175e-18   4.4739e-19
 5055.00   9.2531e-19   4.6747e-19
 5060.00   1.2151e-18   4.4783e-19
 5065.00   2.1640e-18   4.4048e-19
 5070.00   1.6253e-18   4.4105e-19
 5075.00   1.9928e-18   4.4227e-19
 5080.00   1.7708e-18   4.3261e-19
 5085.00   2.6851e-18   4.4787e-19
 5090.00   1.6488e-18   4.5159e-19
 5095.00   1.8707e-18   4.5315e-19
 5100.00   2.1716e-18   4.4450e-19
 5105.00   2.2608e-18   4.5585e-19
 5110.00   2.6846e-18   4.5241e-19
 5115.00   1.7208e-18   4.6299e-19
 5120.00   3.6202e-18   4.6630e-19
 5125.00   2.8567e-18   4.5649e-19
 5130.00   2.2308e-18   4.6201e-19
 5135.00   2.5545e-18   4.6351e-19
 5140.00   1.4317e-18   5.6903e-19
 5145.00   2.1937e-18   5.7452e-19
 5150.00   2.6976e-18   5.5929e-19
 5155.00   3.0805e-18   5.4779e-19
 5160.00   3.6480e-18   5.3766e-19
 5165.00   1.4262e-18   4.8709e-19
 5170.00   4.0773e-18   4.6823e-19
 5175.00   2.0839e-18   4.6667e-19
 5180.00   1.5167e-18   4.7878e-19
 5185.00   3.3145e-18   4.2695e-19
 5190.00   2.9661e-18   4.5554e-19
 5195.00   2.1280e-18   4.4964e-19
 5200.00   1.1380e-18   4.9248e-19
 5205.00   2.4720e-18   4.3066e-19
 5210.00   1.6170e-18   4.2431e-19
 5215.00   3.0455e-18   4.2399e-19
 5220.00   2.9047e-18   4.2254e-19
 5225.00   2.2286e-18   3.9827e-19
 5230.00   3.0523e-18   4.0635e-19
 5235.00   2.5275e-18   3.9221e-19
 5240.00   2.7316e-18   4.0601e-19
 5245.00   2.8806e-18   3.9613e-19
 5250.00   2.1652e-18   3.8910e-19
 5255.00   1.1532e-18   3.8650e-19
 5260.00   2.5596e-18   3.8144e-19
 5265.00   1.3788e-18   3.5156e-19
 5270.00   2.1657e-18   3.5498e-19
 5275.00   2.6772e-18   3.6687e-19
 5280.00   2.3215e-18   3.7214e-19
 5285.00   2.0566e-18   3.6754e-19
 5290.00   2.3982e-18   3.7724e-19
 5295.00   3.3379e-18   3.7250e-19
 5300.00   2.2163e-18   3.6661e-19
 5305.00   3.1167e-18   3.7591e-19
 5310.00   2.6842e-18   3.7501e-19
 5315.00   2.9875e-18   3.6833e-19
 5320.00   7.7033e-19   3.8637e-19
 5325.00   2.5937e-18   3.6148e-19
 5330.00   2.5409e-18   3.5582e-19
 5335.00   2.6396e-18   3.6797e-19
 5340.00   1.9741e-18   3.5958e-19
 5345.00   2.3156e-18   3.6993e-19
 5350.00   3.3326e-18   3.6894e-19
 5355.00   2.1473e-18   3.7277e-19
 5360.00   2.1854e-18   3.7291e-19
 5365.00   1.9597e-18   3.6976e-19
 5370.00   2.1803e-18   3.5652e-19
 5375.00   1.5642e-18   3.7674e-19
 5380.00   2.2705e-18   3.7527e-19
 5385.00   7.4194e-19   3.7716e-19
 5390.00   1.9407e-18   3.7853e-19
 5395.00   1.5583e-18   3.7456e-19
 5400.00   1.7174e-18   3.8022e-19
 5405.00   1.9389e-18   3.7934e-19
 5410.00   1.5376e-18   3.8613e-19
 5415.00   7.8949e-19   3.9686e-19
 5420.00   2.4124e-18   4.0463e-19
 5425.00   1.7144e-18   4.1013e-19
 5430.00   6.8928e-19   4.1417e-19
 5435.00   1.1414e-18   4.2431e-19
 5440.00   1.1717e-18   4.4827e-19
 5445.00   1.4693e-18   4.3326e-19
 5450.00   2.7897e-18   4.2000e-19
 5455.00   1.8881e-18   4.1825e-19
 5460.00   1.9296e-18   4.3880e-19
 5465.00   1.6884e-18   4.3905e-19
 5470.00   1.7549e-18   4.5205e-19
 5475.00   1.8943e-18   4.4330e-19
 5480.00   1.0896e-18   4.5491e-19
 5485.00   7.6812e-19   4.7090e-19
 5490.00   8.6167e-19   4.6043e-19
 5495.00   6.9687e-19   4.6644e-19
 5500.00   1.3074e-18   4.6118e-19
 5505.00   4.3410e-19   6.0352e-19
 5510.00   1.3414e-18   6.1332e-19
 5515.00   7.1538e-19   5.9590e-19
 5520.00   4.3606e-19   5.9068e-19
 5525.00   1.0569e-18   5.7989e-19
 5530.00   1.3514e-18   5.5876e-19
 5535.00   2.2387e-18   5.6098e-19
 5540.00   8.3997e-19   5.6163e-19
 5545.00   2.5726e-18   5.5781e-19
 5550.00   1.9893e-18   5.6780e-19
 5555.00   2.0280e-18   5.7786e-19
 5560.00   8.8960e-19   5.7720e-19
 5565.00   1.0345e-18   5.9445e-19
 5570.00   6.5331e-19   5.8115e-19
 5575.00   4.2459e-19   6.3880e-19
 5580.00   1.5244e-18   6.2151e-19
 5585.00   1.2425e-18   5.7359e-19
 5590.00   1.8438e-18   5.7825e-19
 5595.00   1.0711e-18   5.8888e-19
 5600.00   3.1224e-18   5.8490e-19
 5605.00   8.2841e-19   5.9054e-19
 5610.00  -1.4933e-19   6.7032e-19
 5615.00   3.9159e-18   7.4105e-19
 5620.00   2.3757e-18   7.2162e-19
 5625.00   3.8807e-18   6.9354e-19
 5630.00   5.6191e-18   6.6985e-19
 5635.00   2.8502e-18   6.5342e-19
 5640.00   2.8762e-18   6.2465e-19
 5645.00   2.9074e-18   6.1926e-19
 5650.00   1.0806e-18   6.1082e-19
 5655.00   3.2878e-18   5.8315e-19
 5660.00   3.1687e-18   5.6997e-19
 5665.00   1.7691e-18   5.6870e-19
 5670.00   4.1122e-18   5.7714e-19
 5675.00   2.7224e-18   5.7636e-19
 5680.00   3.5710e-18   5.7727e-19
 5685.00   3.3858e-18   5.8151e-19
 5690.00   3.3681e-18   5.9691e-19
 5695.00   1.9809e-18   6.1516e-19
 5700.00   3.2819e-18   6.3316e-19
 5705.00   2.3851e-18   6.5453e-19
 5710.00   2.2262e-18   6.2720e-19
 5715.00   1.8998e-18   6.4212e-19
 5720.00   3.4418e-18   6.6624e-19
 5725.00   1.5892e-18   6.7952e-19
 5730.00   2.8751e-18   6.9852e-19
 5735.00   4.4699e-18   7.3505e-19
 5740.00   3.4243e-18   8.2258e-19
 5745.00   3.6771e-18   6.5706e-19
 5750.00   3.7429e-18   6.3714e-19
 5755.00   3.2815e-18   6.1779e-19
 5760.00   2.6125e-18   6.0558e-19
 5765.00   2.6249e-18   5.9295e-19
 5770.00   3.2027e-18   5.8744e-19
 5775.00   3.9494e-18   5.7413e-19
 5780.00   4.8626e-18   5.6649e-19
 5785.00   1.6214e-18   5.5440e-19
 5790.00   2.2656e-18   5.4987e-19
 5795.00   1.1016e-18   5.4606e-19
 5800.00   8.6811e-19   5.3628e-19
 5805.00   2.0451e-18   5.3126e-19
 5810.00   2.3883e-18   5.2666e-19
 5815.00   1.8871e-18   5.2152e-19
 5820.00   3.1487e-18   5.2158e-19
 5825.00   2.3425e-18   5.1774e-19
 5830.00   3.3403e-18   5.1961e-19
 5835.00   2.8023e-18   5.1582e-19
 5840.00   3.6540e-18   5.2016e-19
 5845.00   2.1686e-18   5.1903e-19
 5850.00   2.9592e-18   5.2294e-19
 5855.00   1.3088e-18   5.1790e-19
 5860.00   2.9095e-18   5.2195e-19
 5865.00   2.5435e-18   5.4636e-19
 5870.00   3.4469e-18   5.5281e-19
 5875.00   3.9591e-18   5.4510e-19
 5880.00   9.7003e-19   5.4836e-19
 5885.00   1.2948e-18   5.5763e-19
 5890.00   1.1642e-18   6.2862e-19
 5895.00   2.0883e-18   5.9413e-19
 5900.00   4.9642e-19   5.9569e-19
 5905.00   2.8661e-18   6.2214e-19
 5910.00   1.8000e-18   6.0660e-19
 5915.00   2.8980e-18   6.0688e-19
 5920.00   2.5277e-18   5.5490e-19
 5925.00   3.4999e-18   5.6168e-19
 5930.00   1.4697e-18   5.6050e-19
 5935.00   2.6796e-18   5.6427e-19
 5940.00   1.7064e-18   5.4594e-19
 5945.00   3.2998e-18   6.4277e-19
 5950.00   3.3939e-18   7.7760e-19
 5955.00   1.3983e-18   7.5165e-19
 5960.00   1.7923e-18   7.0105e-19
 5965.00   2.9580e-18   6.7383e-19
 5970.00   1.5037e-18   6.3935e-19
 5975.00   2.6153e-18   6.3582e-19
 5980.00   2.1200e-18   6.0797e-19
 5985.00   3.7999e-18   5.8047e-19
 5990.00   3.3059e-18   5.6838e-19
 5995.00   2.4812e-18   5.5282e-19
 6000.00   2.6166e-18   5.4402e-19
 6005.00   3.0171e-18   5.3836e-19
 6010.00   3.0099e-18   5.4482e-19
 6015.00   2.9687e-18   5.0927e-19
 6020.00   2.8221e-18   4.9489e-19
 6025.00   2.6224e-18   4.9064e-19
 6030.00   3.3123e-18   4.8535e-19
 6035.00   2.4556e-18   4.8553e-19
 6040.00   3.2525e-18   4.6997e-19
 6045.00   3.2272e-18   4.6573e-19
 6050.00   1.9643e-18   4.5500e-19
 6055.00   2.9946e-18   4.4996e-19
 6060.00   1.7359e-18   4.4094e-19
 6065.00   2.2423e-18   4.3232e-19
 6070.00   2.6774e-18   4.3773e-19
 6075.00   2.5634e-18   4.3330e-19
 6080.00   2.1364e-18   4.2873e-19
 6085.00   1.8805e-18   4.3228e-19
 6090.00   2.5636e-18   4.3385e-19
 6095.00   1.8265e-18   4.3717e-19
 6100.00   3.4421e-18   4.4826e-19
 6105.00   3.5517e-18   4.4684e-19
 6110.00   7.9906e-19   4.5885e-19
 6115.00   1.9870e-18   4.6564e-19
 6120.00   2.5578e-18   4.7493e-19
 6125.00   1.9668e-18   4.8159e-19
 6130.00   2.4767e-18   4.9428e-19
 6135.00   8.9128e-19   4.9990e-19
 6140.00   4.3548e-18   4.5916e-19
 6145.00   2.3083e-18   4.6762e-19
 6150.00   1.5420e-18   4.6267e-19
 6155.00   1.8422e-18   4.6250e-19
 6160.00   1.7903e-18   4.5651e-19
 6165.00   2.4848e-18   4.5262e-19
 6170.00   1.0377e-18   5.6725e-19
 6175.00   5.2216e-19   6.2377e-19
 6180.00   3.2482e-18   5.9846e-19
 6185.00   1.2519e-18   5.6982e-19
 6190.00   8.3877e-19   5.3942e-19
 6195.00   5.3545e-19   5.2420e-19
 6200.00   1.8528e-18   5.0931e-19
 6205.00   4.2510e-19   4.9080e-19
 6210.00   2.0079e-18   4.7504e-19
 6215.00   1.8545e-18   4.6229e-19
 6220.00   1.5680e-18   4.5704e-19
 6225.00   1.4859e-18   4.3173e-19
 6230.00   3.4014e-18   4.2405e-19
 6235.00   2.2527e-18   4.5709e-19
 6240.00   1.0967e-18   4.2191e-19
 6245.00   2.3003e-18   4.0987e-19
 6250.00   2.0008e-18   3.9936e-19
 6255.00   1.0787e-18   3.8768e-19
 6260.00   2.0531e-18   4.1112e-19
 6265.00   1.5791e-18   3.9659e-19
 6270.00   5.0601e-19   3.7747e-19
 6275.00   1.4900e-18   3.7707e-19
 6280.00   2.0825e-18   3.6955e-19
 6285.00   2.6071e-18   3.8774e-19
 6290.00   8.2208e-19   3.8422e-19
 6295.00   1.2287e-18   3.7592e-19
 6300.00   8.2166e-19   4.5093e-19
 6305.00   2.7620e-18   4.0188e-19
 6310.00   1.6827e-18   3.7452e-19
 6315.00   1.6941e-18   3.7478e-19
 6320.00   1.8349e-18   3.8776e-19
 6325.00   9.7885e-19   3.8666e-19
 6330.00   4.3433e-19   4.1273e-19
 6335.00   3.3400e-18   3.9506e-19
 6340.00   1.3991e-18   4.0282e-19
 6345.00   1.8738e-18   4.1231e-19
 6350.00   1.9772e-18   4.3055e-19
 6355.00   3.9240e-18   4.4875e-19
 6360.00   1.8717e-18   4.3430e-19
 6365.00   3.5059e-18   4.9465e-19
 6370.00   5.9520e-19   4.6235e-19
 6375.00   1.6078e-18   4.3417e-19
 6380.00   1.4953e-18   4.0912e-19
 6385.00   1.7193e-18   4.2370e-19
 6390.00   3.3615e-18   4.0970e-19
 6395.00   2.3562e-18   4.1657e-19
 6400.00   1.8028e-18   4.5148e-19
 6405.00   1.4351e-18   4.2857e-19
 6410.00   3.1737e-19   4.3697e-19
 6415.00  -1.1979e-19   5.4109e-19
 6420.00   3.0595e-18   5.2416e-19
 6425.00   7.4073e-19   4.9635e-19
 6430.00   2.6180e-19   4.7666e-19
 6435.00   9.2182e-19   4.5968e-19
 6440.00   2.7899e-18   4.4660e-19
 6445.00   1.8758e-18   4.3077e-19
 6450.00   1.5943e-18   4.1800e-19
 6455.00   1.8475e-18   4.0698e-19
 6460.00   7.4660e-19   3.9684e-19
 6465.00   1.9721e-18   4.1069e-19
 6470.00   2.0193e-18   3.9205e-19
 6475.00   1.6640e-18   3.6422e-19
 6480.00   1.2245e-18   3.6218e-19
 6485.00   1.1661e-18   3.5148e-19
 6490.00   1.8117e-18   3.4448e-19
 6495.00   1.6755e-18   3.3473e-19
 6500.00   2.5685e-18   3.6601e-19
 6505.00   1.7306e-18   3.5102e-19
 6510.00   2.5670e-18   3.3347e-19
 6515.00   2.0892e-18   3.3172e-19
 6520.00   1.8719e-18   3.3200e-19
 6525.00   1.3279e-18   3.3078e-19
 6530.00   2.7111e-18   3.2650e-19
 6535.00   2.9499e-18   3.4580e-19
 6540.00   2.2653e-18   3.2813e-19
 6545.00   2.2416e-18   3.3778e-19
 6550.00   2.3970e-18   3.2515e-19
 6555.00   2.9493e-18   3.4473e-19
 6560.00   2.2563e-18   3.2352e-19
 6565.00   1.1596e-18   3.3191e-19
 6570.00   2.3868e-18   3.3435e-19
 6575.00   1.1581e-18   3.4560e-19
 6580.00   2.3582e-18   3.4209e-19
 6585.00   2.8322e-18   3.4259e-19
 6590.00   3.4860e-18   3.4455e-19
 6595.00   2.2708e-18   3.4839e-19
 6600.00   2.0982e-18   3.4907e-19
 6605.00   3.2254e-18   3.7031e-19
 6610.00   2.4477e-18   3.6037e-19
 6615.00   9.7042e-19   3.6476e-19
 6620.00   1.3386e-18   3.7665e-19
 6625.00   2.1642e-18   3.8001e-19
 6630.00   1.7748e-18   3.9110e-19
 6635.00   1.7778e-18   3.4823e-19
 6640.00   2.1433e-18   3.4197e-19
 6645.00   2.1329e-18   3.4086e-19
 6650.00   2.4587e-18   3.4401e-19
 6655.00   1.9942e-18   3.4224e-19
 6660.00   2.6917e-18   3.4652e-19
 6665.00   1.0778e-18   3.4155e-19
 6670.00   2.1721e-18   3.5922e-19
 6675.00   1.4920e-18   4.6831e-19
 6680.00   2.3710e-18   4.5180e-19
 6685.00   1.7035e-18   4.3902e-19
 6690.00   1.7581e-18   4.2205e-19
 6695.00   1.4074e-18   4.0864e-19
 6700.00   1.5364e-18   4.0295e-19
 6705.00   1.8220e-18   3.9005e-19
 6710.00   2.5709e-18   3.7737e-19
 6715.00   2.3223e-18   3.6637e-19
 6720.00   1.4892e-18   3.5780e-19
 6725.00   2.4332e-18   3.5217e-19
 6730.00   1.9493e-18   3.4408e-19
 6735.00   1.7176e-18   3.3549e-19
 6740.00   1.9498e-18   3.3291e-19
 6745.00   2.0548e-18   3.2732e-19
 6750.00   1.8095e-18   3.1999e-19
 6755.00   2.2053e-18   3.1622e-19
 6760.00   1.6449e-18   3.1138e-19
 6765.00   1.5656e-18   3.0951e-19
 6770.00   2.0020e-18   3.0354e-19
 6775.00   1.0774e-18   2.9975e-19
 6780.00   1.5030e-18   2.9775e-19
 6785.00   1.6524e-18   2.9553e-19
 6790.00   1.2382e-18   2.9274e-19
 6795.00   1.7298e-18   2.9117e-19
 6800.00   1.8451e-18   2.9061e-19
 6805.00   1.5676e-18   2.9119e-19
 6810.00   1.6524e-18   2.9140e-19
 6815.00   2.3450e-18   2.9065e-19
 6820.00   5.5468e-19   2.8678e-19
 6825.00   1.3588e-18   2.9737e-19
 6830.00   1.5467e-18   3.3482e-19
 6835.00   1.5132e-18   3.2335e-19
 6840.00   1.5671e-18   3.0621e-19
 6845.00   2.0315e-18   2.9530e-19
 6850.00   5.1787e-19   2.9809e-19
 6855.00   1.8446e-18   3.0247e-19
 6860.00   1.9442e-18   3.0505e-19
 6865.00   1.2927e-18   3.3756e-19
 6870.00   1.1829e-18   2.7779e-19
 6875.00   1.9494e-18   2.8018e-19
 6880.00   1.5302e-18   3.1551e-19
 6885.00   1.1633e-18   3.0436e-19
 6890.00   1.1993e-18   3.2945e-19
 6895.00   1.4450e-18   3.1368e-19
 6900.00   1.0993e-18   3.4468e-19
 6905.00   1.2102e-18   3.3308e-19
 6910.00   1.1902e-18   3.4696e-19
 6915.00   1.4133e-18   3.0598e-19
 6920.00   1.9762e-18   3.0061e-19
 6925.00   5.2651e-19   3.2969e-19
 6930.00   1.3137e-18   2.9857e-19
 6935.00   2.1362e-18   3.0114e-19
 6940.00   1.8329e-18   3.1263e-19
 6945.00   1.6335e-18   2.9791e-19
 6950.00   1.0975e-18   3.2368e-19
 6955.00   2.2470e-18   3.3977e-19
 6960.00   8.0248e-19   3.8229e-19
 6965.00   1.5981e-18   3.7823e-19
 6970.00   1.6837e-18   3.7880e-19
 6975.00   1.6862e-18   3.5234e-19
 6980.00   9.7828e-19   3.6556e-19
 6985.00   1.2344e-18   3.3515e-19
 6990.00   1.6620e-18   3.2291e-19
 6995.00   1.6345e-18   3.1854e-19
 7000.00   1.5994e-18   3.1312e-19
 7005.00   9.7806e-19   3.0362e-19
 7010.00   2.6733e-19   3.0908e-19
 7015.00   1.2030e-18   2.8629e-19
 7020.00   1.1246e-18   2.8758e-19
 7025.00   1.3393e-18   2.8005e-19
 7030.00   3.4465e-18   2.7937e-19
 7035.00   1.3576e-18   2.7356e-19
 7040.00   1.5618e-18   2.7110e-19
 7045.00   9.3557e-19   2.6911e-19
 7050.00   3.2781e-19   2.7631e-19
 7055.00   1.4230e-18   2.6059e-19
 7060.00   1.9221e-18   2.5951e-19
 7065.00   1.4153e-18   2.6077e-19
 7070.00   1.7995e-18   2.5590e-19
 7075.00   5.5950e-19   2.5232e-19
 7080.00   7.7957e-19   2.5184e-19
 7085.00   1.2235e-18   2.5467e-19
 7090.00   1.0977e-18   2.4970e-19
 7095.00   1.1951e-18   2.4318e-19
 7100.00   5.4850e-19   2.4338e-19
 7105.00   8.5456e-19   2.4360e-19
 7110.00   1.4839e-18   2.4547e-19
 7115.00   2.4708e-19   2.4820e-19
 7120.00   1.3462e-18   2.4320e-19
 7125.00   1.3093e-18   2.4859e-19
 7130.00   1.0374e-18   2.4538e-19
 7135.00   5.4643e-19   2.4841e-19
 7140.00   1.7777e-18   2.5380e-19
 7145.00   5.4784e-19   2.5592e-19
 7150.00   2.0945e-18   2.5006e-19
 7155.00   1.1491e-18   2.5325e-19
 7160.00   1.0886e-18   2.5761e-19
 7165.00   1.3345e-18   2.5786e-19
 7170.00   6.9150e-19   2.5522e-19
 7175.00   9.9305e-19   2.5920e-19
 7180.00   4.1732e-19   2.6177e-19
 7185.00   5.4902e-18   2.6531e-19
 7190.00   1.3086e-18   2.6846e-19
 7195.00   7.2485e-19   2.6950e-19
 7200.00   1.1314e-18   2.7493e-19
 7205.00   1.1788e-18   2.8108e-19
 7210.00   6.8233e-19   2.9196e-19
 7215.00   1.6702e-18   3.0604e-19
 7220.00   6.7498e-19   2.6066e-19
 7225.00   1.1046e-18   2.5983e-19
 7230.00   3.4768e-19   2.6452e-19
 7235.00   1.1129e-18   2.5680e-19
 7240.00   6.3921e-19   3.4937e-19
 7245.00   1.0476e-18   3.0348e-19
 7250.00   1.1105e-18   2.6232e-19
 7255.00   1.2128e-18   2.8076e-19
 7260.00   1.4333e-18   2.5503e-19
 7265.00   9.5002e-19   3.1507e-19
 7270.00   9.5583e-19   3.3336e-19
 7275.00   6.2179e-19   3.7392e-19
 7280.00  -3.1409e-19   3.0890e-19
 7285.00   8.7961e-19   3.3646e-19
 7290.00   1.8344e-18   2.8981e-19
 7295.00   1.3612e-18   2.9986e-19
 7300.00   1.7237e-18   2.7656e-19
 7305.00   9.2703e-19   2.9290e-19
 7310.00   1.0648e-18   2.6767e-19
 7315.00   1.6719e-18   2.9642e-19
 7320.00   7.9530e-19   2.7584e-19
 7325.00   1.0573e-18   2.5300e-19
 7330.00   1.5148e-18   2.9604e-19
 7335.00   1.3946e-18   2.4559e-19
 7340.00   1.5589e-18   2.8430e-19
 7345.00   1.9031e-18   2.4673e-19
 7350.00   2.4585e-18   2.3940e-19
 7355.00   1.1012e-18   2.3497e-19
 7360.00   1.2749e-18   2.5630e-19
 7365.00   8.7365e-19   2.3348e-19
 7370.00   2.1819e-18   2.6354e-19
 7375.00   1.0749e-18   2.3394e-19
 7380.00   9.7574e-19   2.2733e-19
 7385.00   1.5383e-18   2.2451e-19
 7390.00   2.5174e-18   2.4096e-19
 7395.00   1.1745e-18   2.2780e-19
 7400.00   2.2010e-18   2.5070e-19
 7405.00   1.1993e-18   2.2453e-19
 7410.00   9.9296e-19   2.2041e-19
 7415.00   1.0339e-18   2.2630e-19
 7420.00   5.6416e-19   2.2103e-19
 7425.00   1.7431e-18   2.2386e-19
 7430.00   1.7051e-18   2.4162e-19
 7435.00   1.0413e-18   2.2562e-19
 7440.00   2.2232e-18   2.4781e-19
 7445.00   1.0291e-18   2.2245e-19
 7450.00   1.4394e-18   2.2497e-19
 7455.00   1.5304e-18   2.2759e-19
 7460.00   2.0589e-18   2.3446e-19
 7465.00   1.3845e-18   2.4935e-19
 7470.00   7.9557e-19   2.4744e-19
 7475.00   1.5827e-18   2.5257e-19
 7480.00   1.0023e-18   2.6049e-19
 7485.00   9.6402e-19   2.6096e-19
 7490.00   1.3589e-18   2.4066e-19
 7495.00   1.0260e-18   2.5076e-19
 7500.00   1.2330e-18   2.4580e-19
 7505.00   1.2031e-18   2.4515e-19
 7510.00   1.0317e-18   2.4600e-19
 7515.00   1.6367e-18   2.6046e-19
 7520.00   1.2754e-18   2.6603e-19
 7525.00   2.1464e-18   3.0987e-19
 7530.00   9.5235e-19   2.9195e-19
 7535.00   1.7043e-18   2.7491e-19
 7540.00   1.2020e-18   2.8853e-19
 7545.00   1.6472e-18   2.8257e-19
 7550.00   1.5519e-18   2.6161e-19
 7555.00   6.9886e-19   2.4391e-19
 7560.00   1.1185e-18   2.4778e-19
 7565.00   1.0858e-18   2.4074e-19
 7570.00   1.8683e-18   2.7129e-19
 7575.00   1.3112e-18   2.4413e-19
 7580.00   1.0629e-18   2.3799e-19
 7585.00   1.5719e-18   2.4938e-19
 7590.00  -1.9398e-18   2.2789e-19
 7595.00   7.0968e-19   1.9623e-19
 7600.00   3.4485e-19   2.2400e-19
 7605.00  -3.9241e-19   2.2012e-19
 7610.00   1.4873e-19   2.2246e-19
 7615.00   4.0905e-19   2.3037e-19
 7620.00   1.4793e-18   2.6154e-19
 7625.00   7.6801e-19   2.1448e-19
 7630.00  -1.4748e-20   2.2993e-19
 7635.00   2.8155e-19   2.0458e-19
 7640.00   7.5957e-19   2.0502e-19
 7645.00   2.1628e-19   2.0333e-19
 7650.00   1.2008e-18   2.0552e-19
 7655.00  -2.4280e-20   2.1180e-19
 7660.00   8.3341e-19   2.1235e-19
 7665.00   8.3916e-19   2.1038e-19
 7670.00   3.5656e-19   2.0737e-19
 7675.00   8.8307e-19   2.1229e-19
 7680.00   1.1358e-18   2.1598e-19
 7685.00   1.1702e-18   2.1547e-19
 7690.00   5.5856e-19   2.1895e-19
 7695.00   1.4562e-18   2.1460e-19
 7700.00   1.8691e-19   2.2207e-19
 7705.00   6.5388e-19   2.0905e-19
 7710.00   1.1825e-18   2.2383e-19
 7715.00   7.6067e-19   3.1106e-19
 7720.00   1.0987e-18   2.2449e-19
 7725.00   1.3257e-18   2.4154e-19
 7730.00   7.1690e-19   2.0861e-19
 7735.00   1.2525e-18   2.1622e-19
 7740.00   2.0550e-20   2.0729e-19
 7745.00   1.0592e-18   2.0600e-19
 7750.00   1.0105e-18   2.6046e-19
 7755.00   1.4341e-18   2.1209e-19
 7760.00   1.2058e-18   2.2976e-19
 7765.00   1.2023e-18   2.0603e-19
 7770.00   9.5315e-19   2.2417e-19
 7775.00   6.2315e-19   2.5246e-19
 7780.00   1.1142e-18   2.2964e-19
 7785.00   1.1066e-18   2.1071e-19
 7790.00   1.8436e-19   2.1852e-19
 7795.00   1.4997e-18   2.4100e-19
 7800.00   8.0488e-19   2.0597e-19
 7805.00   8.0476e-19   2.1031e-19
 7810.00   3.6837e-19   2.3560e-19
 7815.00  -3.8682e-19   2.2115e-19
 7820.00   8.7253e-19   2.5471e-19
 7825.00   1.7175e-19   2.1259e-19
 7830.00   9.6580e-19   2.1559e-19
 7835.00   2.3770e-19   2.1861e-19
 7840.00   1.2750e-18   2.3988e-19
 7845.00   1.5236e-18   2.1760e-19
 7850.00   3.5523e-19   2.4963e-19
 7855.00   1.4755e-18   2.6235e-19
 7860.00   1.5027e-18   2.7366e-19
 7865.00   3.5816e-19   2.2687e-19
 7870.00   9.3818e-19   2.7551e-19
 7875.00   1.0312e-18   2.2766e-19
 7880.00   4.0002e-19   2.8745e-19
 7885.00   1.0187e-18   2.4184e-19
 7890.00   6.3794e-19   2.8397e-19
 7895.00   1.0781e-18   2.4827e-19
 7900.00   5.2976e-19   2.4801e-19
 7905.00   1.4287e-18   2.5793e-19
 7910.00   7.2199e-19   2.6905e-19
 7915.00   1.6836e-18   2.6631e-19
 7920.00  -8.9500e-20   2.5800e-19
 7925.00   3.4016e-19   2.1211e-19
 7930.00   3.9022e-20   2.5360e-19
 7935.00   9.6424e-19   2.1248e-19
 7940.00   1.0963e-18   2.1165e-19
 7945.00   1.8368e-19   2.1703e-19
 7950.00   7.3676e-19   2.3267e-19
 7955.00   4.6063e-19   2.0941e-19
 7960.00   7.7696e-19   2.0541e-19
 7965.00   9.0572e-19   2.4323e-19
 7970.00   5.5749e-19   2.4475e-19
 7975.00   7.6863e-19   2.7627e-19
 7980.00   1.1776e-18   3.0062e-19
 7985.00   6.9372e-19   2.5513e-19
 7990.00   4.6165e-19   2.5521e-19
 7995.00   4.4503e-19   2.9499e-19
 8000.00   1.0813e-18   2.4629e-19
 8005.00   1.4274e-18   2.3772e-19
 8010.00   5.8550e-19   2.3252e-19
 8015.00   1.7735e-18   2.5924e-19
 8020.00   8.6134e-19   2.3925e-19
 8025.00   1.3308e-18   2.6080e-19
 8030.00   1.0366e-18   2.4147e-19
 8035.00   8.5943e-19   2.1589e-19
 8040.00   9.5661e-19   2.1347e-19
 8045.00   1.3832e-18   2.0956e-19
 8050.00   1.2634e-18   2.3408e-19
 8055.00   8.8274e-19   2.0708e-19
 8060.00   1.1953e-18   2.2785e-19
 8065.00   1.0796e-18   2.1194e-19
 8070.00   1.4801e-18   1.9885e-19
 8075.00   1.4507e-18   2.0923e-19
 8080.00   1.2742e-18   1.9871e-19
 8085.00   1.0587e-18   2.0030e-19
 8090.00   1.0146e-18   1.9210e-19
 8095.00   8.5147e-19   2.0692e-19
 8100.00   7.9577e-19   1.9774e-19
 8105.00   9.3192e-19   1.9964e-19
 8110.00   9.9072e-19   1.8634e-19
 8115.00   1.1365e-18   1.8436e-19
 8120.00   1.0957e-18   1.8135e-19
 8125.00   1.2435e-18   1.8124e-19
 8130.00   9.1101e-19   1.8689e-19
 8135.00   1.2655e-18   1.7771e-19
 8140.00   1.2627e-18   1.8798e-19
 8145.00   1.0978e-18   1.8808e-19
 8150.00   9.3527e-19   1.7484e-19
 8155.00   7.6533e-19   1.7726e-19
 8160.00   1.0372e-18   1.7360e-19
 8165.00   1.3409e-18   1.7395e-19
 8170.00   1.2465e-18   1.7403e-19
 8175.00   1.2758e-18   1.7439e-19
 8180.00   1.1149e-18   1.7240e-19
 8185.00   4.7080e-19   1.7557e-19
 8190.00   1.0982e-18   1.8195e-19
 8195.00   7.5374e-19   1.9349e-19
 8200.00  -3.6027e-19   1.7298e-19
 8205.00   1.0641e-18   1.8880e-19
 8210.00   6.3192e-19   1.8483e-19
 8215.00   7.1799e-19   1.8714e-19
 8220.00   8.5536e-19   1.8493e-19
 8225.00   1.1822e-18   1.8506e-19
 8230.00   1.1075e-18   1.7574e-19
 8235.00   7.4716e-19   1.8902e-19
 8240.00   3.6831e-19   1.9903e-19
 8245.00   9.0862e-19   1.9797e-19
 8250.00   8.2314e-19   2.0481e-19
 8255.00   1.3272e-18   2.0126e-19
 8260.00   1.2787e-18   2.0145e-19
 8265.00   1.4792e-18   2.0652e-19
 8270.00   8.7902e-19   2.0895e-19
 8275.00   9.5804e-19   2.0749e-19
 8280.00   1.1299e-17   3.1118e-19
 8285.00   1.4460e-18   2.5275e-19
 8290.00   7.7960e-19   2.6263e-19
 8295.00   2.7807e-19   2.4198e-19
 8300.00   7.9069e-19   2.6938e-19
 8305.00   7.1818e-19   2.3448e-19
 8310.00   6.1898e-19   2.6161e-19
 8315.00   1.1080e-18   2.3429e-19
 8320.00   1.9257e-18   1.9657e-19
 8325.00   6.1237e-19   1.9394e-19
 8330.00   1.3909e-18   1.9196e-19
 8335.00   3.7408e-19   1.9136e-19
 8340.00   1.2385e-18   1.9877e-19
 8345.00   8.2799e-19   2.6739e-19
 8350.00   8.8079e-19   2.1353e-19
 8355.00   1.1518e-18   2.1957e-19
 8360.00   5.2167e-19   2.0388e-19
 8365.00   8.9761e-19   2.3122e-19
 8370.00   1.1441e-18   1.9538e-19
 8375.00   1.0678e-18   1.9453e-19
 8380.00   1.4197e-18   2.7172e-19
 8385.00   6.9178e-19   2.4866e-19
 8390.00   7.4241e-19   2.3747e-19
 8395.00   8.5500e-19   2.2883e-19
 8400.00   1.3197e-18   2.7617e-19
 8405.00   4.8212e-19   2.2007e-19
 8410.00   8.5709e-19   2.1728e-19
 8415.00   6.0743e-19   2.5044e-19
 8420.00   1.0355e-18   2.1109e-19
 8425.00   8.0174e-19   2.2144e-19
 8430.00   1.9958e-18   2.6595e-19
 8435.00   7.5157e-19   2.1284e-19
 8440.00   1.2729e-18   2.0139e-19
 8445.00   1.3041e-18   2.2274e-19
 8450.00   1.5011e-18   2.1895e-19
 8455.00   1.3148e-18   2.0949e-19
 8460.00   1.5855e-18   1.9802e-19
 8465.00   7.0716e-19   2.3606e-19
 8470.00   1.1996e-18   1.9042e-19
 8475.00   5.2673e-19   1.9811e-19
 8480.00   4.7907e-19   1.8858e-19
 8485.00   5.7014e-19   2.0726e-19
 8490.00   8.7334e-19   1.8306e-19
 8495.00   1.3828e-18   2.1533e-19
 8500.00   8.3174e-19   1.8040e-19
 8505.00   2.0198e-18   2.2456e-19
 8510.00   1.0033e-18   1.8352e-19
 8515.00   5.4188e-19   1.7613e-19
 8520.00   1.4503e-18   1.8187e-19
 8525.00   1.3736e-18   1.7639e-19
 8530.00   7.3315e-19   1.7564e-19
 8535.00   1.0958e-18   1.7257e-19
 8540.00   1.8694e-19   1.8132e-19
 8545.00   9.9816e-19   1.6660e-19
 8550.00   2.4943e-19   2.0401e-19
 8555.00   9.1410e-19   1.7183e-19
 8560.00   8.2782e-19   1.7459e-19
 8565.00   1.2697e-18   1.7284e-19
 8570.00   1.3912e-18   1.7470e-19
 8575.00   4.9191e-19   1.7314e-19
 8580.00   1.1758e-18   1.7105e-19
 8585.00   1.4769e-18   1.7207e-19
 8590.00   5.2862e-19   1.8512e-19
 8595.00   1.4056e-18   1.8302e-19
 8600.00   9.6216e-19   1.7376e-19
 8605.00   1.0507e-18   1.6849e-19
 8610.00   7.4897e-19   1.7177e-19
 8615.00   1.1883e-18   1.9007e-19
 8620.00   1.5864e-18   2.1126e-19
 8625.00   6.4332e-19   2.2360e-19
 8630.00   1.0584e-18   2.3512e-19
 8635.00   1.1439e-18   2.2651e-19
 8640.00   9.3782e-19   2.0682e-19
 8645.00   1.0036e-18   1.8682e-19
 8650.00   1.8973e-18   2.1605e-19
 8655.00   9.9732e-19   2.1809e-19
 8660.00   1.3001e-18   2.0731e-19
 8665.00   1.2033e-18   2.0790e-19
 8670.00   5.2529e-19   2.1826e-19
 8675.00   4.2090e-19   2.0750e-19
 8680.00   8.7757e-19   2.0149e-19
 8685.00   6.4906e-19   1.9319e-19
 8690.00   1.2145e-18   1.8954e-19
 8695.00   5.1160e-19   1.9215e-19
 8700.00   1.2538e-18   2.0188e-19
 8705.00   8.7144e-19   1.9979e-19
 8710.00   1.4633e-18   2.0197e-19
 8715.00   1.2900e-18   1.9718e-19
 8720.00   1.1348e-18   1.9880e-19
 8725.00   1.2012e-18   2.0783e-19
 8730.00   5.5991e-19   2.0323e-19
 8735.00   3.8549e-19   2.1015e-19
 8740.00   1.4244e-18   2.1799e-19
 8745.00   7.7385e-19   2.2092e-19
 8750.00   6.3099e-19   2.2214e-19
 8755.00   7.6291e-19   2.2371e-19
 8760.00   1.8360e-18   3.6466e-19
 8765.00   1.0559e-18   2.3012e-19
 8770.00   1.5165e-18   2.2303e-19
 8775.00   5.8417e-19   2.1785e-19
 8780.00   7.1884e-19   2.1999e-19
 8785.00   1.1311e-18   1.8601e-19
 8790.00   4.6987e-19   2.1979e-19
 8795.00   9.5667e-19   1.8495e-19
 8800.00   6.9708e-19   1.8568e-19
 8805.00   1.0650e-18   1.8100e-19
 8810.00   4.9151e-19   1.9878e-19
 8815.00   1.1804e-18   1.8669e-19
 8820.00   3.8267e-19   1.8445e-19
 8825.00   6.6456e-19   2.5632e-19
 8830.00   1.2561e-18   2.4652e-19
 8835.00   8.0385e-19   3.4149e-19
 8840.00  -2.2175e-19   2.2283e-19
 8845.00   1.3573e-19   2.2877e-19
 8850.00   5.6305e-19   2.5486e-19
 8855.00   3.8234e-19   2.1261e-19
 8860.00   8.1690e-19   2.1354e-19
 8865.00   1.0111e-18   2.3102e-19
 8870.00   2.0022e-19   2.1764e-19
 8875.00   1.7402e-19   1.9522e-19
 8880.00   7.8085e-19   1.9338e-19
 8885.00  -4.6554e-20   2.4783e-19
 8890.00   4.2826e-19   1.9842e-19
 8895.00   5.1337e-19   1.9456e-19
 8900.00   2.5371e-19   1.8957e-19
 8905.00   5.0580e-19   2.2320e-19
 8910.00   9.8153e-19   1.9312e-19
 8915.00   5.4873e-19   1.7964e-19
 8920.00  -5.1422e-19   2.3652e-19
 8925.00   1.0604e-19   1.8064e-19
 8930.00   7.0130e-19   1.8149e-19
 8935.00   5.5525e-19   1.7994e-19
 8940.00   2.7282e-19   1.7169e-19
 8945.00  -2.0208e-19   1.9411e-19
 8950.00   1.2954e-18   1.6139e-19
 8955.00  -1.6385e-19   1.6763e-19
 8960.00   1.1376e-19   1.9867e-19
 8965.00   4.7506e-19   1.5580e-19
 8970.00   1.3694e-19   1.6996e-19
 8975.00   6.0969e-19   1.5552e-19
 8980.00   3.0020e-19   1.6549e-19
 8985.00   6.6571e-19   1.6171e-19
 8990.00   6.5597e-19   1.8046e-19
 8995.00   3.6344e-19   1.6053e-19
 9000.00   9.4610e-20   1.9981e-19
 9005.00   3.3824e-19   1.5081e-19
 9010.00   9.2603e-19   1.4615e-19
 9015.00   1.6152e-18   1.4316e-19
 9020.00   8.5766e-19   1.5873e-19
 9025.00   1.8823e-19   1.4575e-19
 9030.00   7.7812e-19   1.5943e-19
 9035.00   3.7986e-19   1.5965e-19
 9040.00   9.4759e-19   1.7709e-19
 9045.00   3.1898e-19   1.6214e-19
 9050.00   7.5977e-19   1.9717e-19
 9055.00   1.1317e-18   1.6326e-19
 9060.00   5.0862e-19   1.5505e-19
 9065.00   7.2281e-19   1.6545e-19
 9070.00   3.2079e-19   1.6257e-19
 9075.00   8.6945e-19   1.6092e-19
 9080.00   5.1849e-19   1.5505e-19
 9085.00   9.5245e-19   1.6200e-19
 9090.00   9.4061e-19   1.6837e-19
 9095.00   5.3422e-19   1.7794e-19
 9100.00   7.5032e-19   1.6994e-19
 9105.00   8.1797e-19   1.8022e-19
 9110.00   5.1643e-19   1.6553e-19
 9115.00   7.4102e-19   1.7685e-19
 9120.00   6.7545e-19   1.6672e-19
 9125.00   1.1798e-18   1.7357e-19
 9130.00   5.0405e-19   1.6565e-19
 9135.00   1.1816e-18   1.7476e-19
 9140.00   7.6634e-19   1.7903e-19
 9145.00   8.3008e-19   1.8166e-19
 9150.00   7.3885e-19   1.9650e-19
 9155.00   9.9441e-19   1.8964e-19
 9160.00   1.1135e-18   2.2117e-19
 9165.00   9.2037e-19   1.8785e-19
 9170.00   9.2442e-19   1.9028e-19
 9175.00   5.6292e-19   1.8495e-19
 9180.00   1.7613e-20   1.9668e-19
 9185.00   7.5715e-19   1.9724e-19
 9190.00   9.0441e-19   2.0450e-19
 9195.00   5.7908e-19   1.9990e-19
 9200.00   1.0393e-18   2.1209e-19
 9205.00   2.7317e-19   2.1014e-19
 9210.00   7.7699e-19   2.1595e-19
 9215.00   1.6203e-19   2.3260e-19
 9220.00   7.9475e-19   2.2619e-19
 9225.00   1.3539e-18   2.5695e-19
 9230.00   1.8511e-19   2.2809e-19
 9235.00   8.6688e-19   2.3185e-19
 9240.00   1.4324e-18   2.3690e-19
 9245.00   1.1989e-18   2.4248e-19
 9250.00   8.7897e-19   2.6671e-19
 9255.00   5.4887e-19   2.5719e-19
 9260.00   1.0516e-18   2.1247e-19
 9265.00   1.0049e-18   2.2346e-19
 9270.00   3.6228e-19   2.0513e-19
 9275.00   2.2874e-19   1.9924e-19
 9280.00   8.2300e-19   1.9889e-19
 9285.00   1.8093e-19   2.1334e-19
 9290.00   4.9317e-19   2.0763e-19
 9295.00   1.0505e-18   2.1987e-19
 9300.00   9.6201e-19   2.0009e-19
 9305.00   6.8884e-19   2.7084e-19
 9310.00   1.3178e-18   3.4534e-19
 9315.00   4.2533e-19   2.7542e-19
 9320.00   1.3633e-18   2.4815e-19
 9325.00   6.5658e-19   2.7439e-19
 9330.00   4.5477e-19   2.4273e-19
 9335.00   3.6933e-19   2.4993e-19
 9340.00   1.4923e-20   2.7064e-19
 9345.00   1.4181e-19   2.2030e-19
 9350.00   8.4665e-19   2.8754e-19
 9355.00  -2.2810e-19   2.2429e-19
 9360.00   5.1655e-19   2.3425e-19
 9365.00   3.0513e-19   2.2585e-19
 9370.00   1.2604e-19   2.3187e-19
 9375.00  -1.0206e-18   5.0521e-19
 9380.00   7.5600e-19   2.3523e-19
 9385.00   3.3611e-19   2.9864e-19
 9390.00   6.1803e-19   2.3143e-19
 9395.00   9.7445e-19   2.4702e-19
 9400.00   5.3177e-20   2.6233e-19
 9405.00   9.5267e-19   2.4273e-19
 9410.00   4.5416e-19   2.1288e-19
 9415.00   1.1584e-18   2.2595e-19
 9420.00   7.2428e-19   3.1382e-19
 9425.00   5.1471e-19   2.2571e-19
 9430.00   8.6511e-19   2.0165e-19
 9435.00   8.3448e-19   2.2965e-19
 9440.00   7.6934e-19   3.6250e-19
 9445.00   9.6093e-19   2.2343e-19
 9450.00   8.1739e-19   2.4316e-19
 9455.00   9.5929e-19   2.1712e-19
 9460.00   2.9262e-19   2.7414e-19
 9465.00   1.1015e-21   2.1279e-19
 9470.00  -1.2246e-19   2.0647e-19
 9475.00  -1.7360e-19   2.8865e-19
 9480.00   4.8712e-19   2.3071e-19
 9485.00   7.3426e-19   2.1655e-19
 9490.00   6.0759e-19   2.2966e-19
 9495.00   7.5445e-19   1.9861e-19
 9500.00   1.0078e-18   2.1442e-19
 9505.00   7.2070e-19   2.5160e-19
 9510.00   6.6834e-19   2.1289e-19
 9515.00   1.1269e-18   2.1015e-19
 9520.00  -2.5366e-19   2.9851e-19
 9525.00   6.5970e-20   2.0409e-19
 9530.00   1.2003e-18   2.1972e-19
 9535.00   3.0098e-19   2.3254e-19
 9540.00   1.6761e-19   2.0199e-19
 9545.00   7.3343e-19   1.9182e-19
 9550.00   2.5389e-20   2.3144e-19
 9555.00   6.5736e-19   2.2368e-19
 9560.00   8.7870e-19   2.2553e-19
 9565.00   1.0343e-19   2.4638e-19
 9570.00  -2.6767e-19   2.5535e-19
 9575.00   9.7869e-19   2.1686e-19
 9580.00   3.6917e-19   1.9874e-19
 9585.00   3.2061e-19   2.0638e-19
 9590.00   5.1538e-19   2.0930e-19
 9595.00   2.3540e-19   2.1153e-19
 9600.00   3.6831e-19   2.0960e-19
 9605.00  -2.6766e-19   2.2793e-19
 9610.00   6.7467e-19   2.5014e-19
 9615.00  -5.7015e-19   2.3147e-19
 9620.00   8.3041e-19   2.9996e-19
 9625.00  -6.0167e-20   2.3320e-19
 9630.00   2.2029e-19   2.4765e-19
 9635.00  -1.9328e-19   2.2652e-19
 9640.00   6.7373e-19   2.2850e-19
 9645.00   5.8971e-20   2.2328e-19
 9650.00   1.4042e-19   2.4213e-19
 9655.00   3.9327e-19   2.6394e-19
 9660.00   2.6565e-19   2.6727e-19
 9665.00   8.8277e-19   2.5190e-19
 9670.00   6.5289e-19   3.3777e-19
 9675.00   7.0698e-19   2.8856e-19
 9680.00  -9.6365e-20   3.9653e-19
 9685.00   4.2869e-19   3.0378e-19
 9690.00   5.0191e-19   3.1703e-19
 9695.00   5.1918e-19   2.8446e-19
 9700.00   1.4003e-19   3.9378e-19
 9705.00   1.7800e-19   2.8925e-19
 9710.00  -4.7909e-19   3.4273e-19
 9715.00   7.4568e-19   3.0474e-19
 9720.00  -1.0099e-19   4.5256e-19
 9725.00   9.4199e-19   3.2345e-19
 9730.00   2.9306e-19   3.2047e-19
 9735.00   6.5701e-19   3.7950e-19
 9740.00   5.2064e-19   3.8293e-19
 9745.00  -9.8682e-19   3.8594e-19
 9750.00   3.7051e-19   3.3258e-19
 9755.00   1.4287e-19   3.3976e-19
 9760.00   1.1317e-18   3.3978e-19
 9765.00   7.1733e-19   3.5094e-19
 9770.00   8.8844e-19   3.5682e-19
 9775.00   6.4932e-19   3.7064e-19
 9780.00   6.4697e-19   3.8719e-19
 9785.00   4.5946e-19   4.0209e-19
 9790.00   1.4350e-18   7.6972e-19
 9795.00  -2.5656e-19   4.2960e-19
 9800.00  -4.0191e-19   4.8455e-19
 9805.00   5.6559e-19   3.7820e-19
 9810.00  -7.4379e-19   4.9579e-19
 9815.00   1.1002e-18   6.4906e-19
 9820.00  -8.2856e-19   5.9310e-19
 9825.00  -3.2337e-19   5.6139e-19
 9830.00  -2.2427e-18   6.0506e-19
 9835.00  -1.8231e-19   5.4047e-19
 9840.00   5.9430e-19   5.2402e-19
 9845.00  -3.4477e-19   5.5671e-19
 9850.00   5.3238e-19   6.7221e-19
 9855.00   1.9847e-18   5.1964e-19
 9860.00  -5.9803e-19   5.0969e-19
 9865.00  -2.5901e-19   5.2403e-19
 9870.00   4.4875e-19   7.4715e-19
 9875.00   7.7936e-19   6.3158e-19
 9880.00   4.9372e-19   5.0878e-19
 9885.00  -9.6218e-19   5.4694e-19
 9890.00   4.2947e-19   5.1253e-19
 9895.00  -1.4075e-18   7.3312e-19
 9900.00   3.5727e-20   5.1011e-19
 9905.00   4.2078e-19   4.9362e-19
 9910.00   1.7389e-18   5.5228e-19
 9915.00  -1.2773e-18   9.2058e-19
 9920.00  -4.0662e-19   5.2050e-19
 9925.00   1.6151e-19   4.8010e-19
 9930.00   1.4788e-18   4.7749e-19
 9935.00  -1.4862e-18   5.0222e-19
 9940.00  -2.2431e-18   6.7529e-19
 9945.00   5.2809e-18   1.1219e-18
 9950.00  -2.4326e-18   7.0872e-19
 9955.00  -2.0816e-18   7.7990e-19
 9960.00   1.1800e-17   9.1524e-19
 9965.00   1.4094e-18   6.0425e-19
 9970.00   1.6754e-18   6.0186e-19
 9975.00   1.1559e-18   6.1873e-19
 9980.00  -1.7979e-18   5.5208e-19
 9985.00  -4.6275e-21   4.8737e-19
 9990.00  -1.0257e-19   5.0188e-19
 9995.00  -1.0257e-19   9.9999e+04
10000.00  -1.0257e-19   9.9999e+04
