 
TRANSIENT_NAME:     DES15X2dzo 
SNID:               1304127    
OBS_DATE:           2015-09-21
MJD:                57286. 
PHASE:              +3.    
MJD_MAX:            57281.5
TYPE:               1  
SPEC_EVAL:          SNIa
REDSHIFT:           0.7300  
REDSHIFT_ERR:       0.0050  
REDSHIFT_SOURCE:    Z_SN
TELESCOPE:          VLT
INSTRUMENT:         X-SHOOTER
 
======================================
 
# WAVE  FLUX  FLUX_ERR
 3300.00   2.6024e-18   1.3373e-18
 3305.00   1.7204e-18   1.1167e-18
 3310.00   8.4872e-19   9.9882e-19
 3315.00   2.5488e-18   8.4934e-19
 3320.00   3.2391e-19   7.9040e-19
 3325.00   1.3203e-18   6.6704e-19
 3330.00   4.8964e-19   6.2593e-19
 3335.00   5.2210e-19   5.4278e-19
 3340.00   3.5745e-19   5.2159e-19
 3345.00   5.7938e-19   5.0790e-19
 3350.00   7.2916e-19   4.3093e-19
 3355.00   8.5783e-19   4.4816e-19
 3360.00  -2.6499e-19   3.9034e-19
 3365.00   5.3636e-19   3.7849e-19
 3370.00   3.8656e-19   4.0717e-19
 3375.00   3.0482e-19   3.7695e-19
 3380.00   1.0034e-18   3.3657e-19
 3385.00   3.3512e-19   3.5697e-19
 3390.00   5.4925e-20   3.4804e-19
 3395.00   3.7229e-19   3.3045e-19
 3400.00   2.5272e-19   3.3990e-19
 3405.00   4.6632e-19   3.2205e-19
 3410.00   1.0827e-18   3.2123e-19
 3415.00   2.7422e-19   3.2027e-19
 3420.00   8.7949e-19   3.2652e-19
 3425.00   5.7441e-19   3.2831e-19
 3430.00   4.6488e-19   3.6784e-19
 3435.00   8.0234e-20   3.4102e-19
 3440.00   4.9677e-19   3.2051e-19
 3445.00   6.7259e-19   3.4046e-19
 3450.00   1.1569e-18   4.0280e-19
 3455.00   7.9447e-19   4.1511e-19
 3460.00   6.3587e-22   4.2749e-19
 3465.00   4.0370e-19   4.5126e-19
 3470.00   7.1066e-19   5.1152e-19
 3475.00   7.3130e-19   5.0329e-19
 3480.00  -1.0630e-19   5.8356e-19
 3485.00   9.3974e-19   6.1322e-19
 3490.00   7.0611e-19   6.6023e-19
 3495.00  -1.6288e-18   2.2637e-18
 3500.00  -6.5619e-19   2.1909e-18
 3505.00  -6.8955e-19   2.0862e-18
 3510.00   7.6660e-20   2.0102e-18
 3515.00   1.8989e-18   1.8612e-18
 3520.00   4.5573e-19   1.8095e-18
 3525.00  -8.7484e-20   1.6093e-18
 3530.00  -1.7969e-18   1.6588e-18
 3535.00  -1.0095e-18   1.6281e-18
 3540.00  -4.2042e-19   1.6713e-18
 3545.00   1.8663e-18   1.7456e-18
 3550.00   5.4751e-20   1.6231e-18
 3555.00   2.4791e-19   1.5479e-18
 3560.00  -5.6527e-19   1.5011e-18
 3565.00  -2.9464e-19   1.3672e-18
 3570.00  -6.4967e-19   1.2900e-18
 3575.00   8.1958e-19   1.3850e-18
 3580.00   4.5559e-19   1.2331e-18
 3585.00  -1.3222e-18   1.2170e-18
 3590.00  -1.0485e-18   1.3441e-18
 3595.00   8.2542e-20   1.4214e-18
 3600.00  -1.8256e-18   1.4510e-18
 3605.00  -2.0862e-18   1.4131e-18
 3610.00   2.7752e-18   1.4457e-18
 3615.00  -9.3346e-19   1.4961e-18
 3620.00  -2.3133e-18   1.4153e-18
 3625.00  -3.0278e-18   1.4620e-18
 3630.00  -1.2046e-18   1.3869e-18
 3635.00  -4.4698e-18   1.2966e-18
 3640.00  -1.9120e-18   1.3180e-18
 3645.00   8.6981e-19   1.2114e-18
 3650.00  -1.4307e-18   1.1219e-18
 3655.00  -3.2035e-19   1.2385e-18
 3660.00   4.0996e-19   1.1854e-18
 3665.00  -1.3345e-18   1.0622e-18
 3670.00  -1.3333e-18   9.8973e-19
 3675.00  -9.9411e-19   9.5031e-19
 3680.00  -1.1495e-19   8.6487e-19
 3685.00  -2.2431e-19   8.4215e-19
 3690.00   1.1516e-18   8.4509e-19
 3695.00   7.7020e-20   8.1819e-19
 3700.00  -7.5584e-19   8.3922e-19
 3705.00  -3.0637e-19   7.4372e-19
 3710.00  -1.1813e-18   7.2363e-19
 3715.00  -1.4259e-19   7.7588e-19
 3720.00  -2.1641e-19   6.3578e-19
 3725.00   2.4005e-18   7.1660e-19
 3730.00  -3.6433e-19   6.9496e-19
 3735.00  -4.6634e-19   5.9879e-19
 3740.00   9.2622e-20   7.1303e-19
 3745.00  -1.2099e-20   6.3478e-19
 3750.00  -3.1092e-19   5.9800e-19
 3755.00  -3.4990e-20   7.0032e-19
 3760.00  -4.2201e-19   6.2210e-19
 3765.00  -8.3845e-19   6.3457e-19
 3770.00   1.4152e-19   6.7240e-19
 3775.00   3.2926e-19   7.2007e-19
 3780.00   1.5879e-19   7.3234e-19
 3785.00  -9.3648e-19   7.1844e-19
 3790.00   2.2049e-19   7.0191e-19
 3795.00  -2.8685e-19   6.7779e-19
 3800.00  -6.5710e-19   6.5867e-19
 3805.00  -4.9672e-19   6.8263e-19
 3810.00   1.3801e-18   6.8969e-19
 3815.00   6.2668e-19   6.2033e-19
 3820.00  -5.3537e-19   5.8013e-19
 3825.00  -1.0009e-18   5.3122e-19
 3830.00  -9.6660e-19   5.3099e-19
 3835.00  -6.2102e-19   5.0304e-19
 3840.00  -3.0569e-19   4.7604e-19
 3845.00   3.0448e-19   5.3640e-19
 3850.00  -1.3489e-21   4.9813e-19
 3855.00   2.1300e-19   4.5942e-19
 3860.00   3.4497e-19   4.1187e-19
 3865.00  -2.6602e-19   4.3030e-19
 3870.00   1.5386e-19   3.8450e-19
 3875.00   2.5699e-19   3.9857e-19
 3880.00  -2.2280e-19   3.5332e-19
 3885.00  -4.3347e-19   3.4316e-19
 3890.00   7.3067e-19   3.6257e-19
 3895.00  -3.0551e-20   3.7311e-19
 3900.00   3.7099e-19   3.7446e-19
 3905.00  -1.0467e-19   3.5480e-19
 3910.00  -2.8762e-19   3.8573e-19
 3915.00  -5.4111e-20   3.7588e-19
 3920.00  -1.7753e-19   3.4161e-19
 3925.00  -3.8149e-19   3.2387e-19
 3930.00  -1.6323e-19   2.6549e-19
 3935.00   6.1512e-20   2.4447e-19
 3940.00  -6.9769e-20   3.0668e-19
 3945.00   9.4594e-20   3.2890e-19
 3950.00  -2.0954e-19   3.4571e-19
 3955.00  -5.3027e-20   3.3702e-19
 3960.00   9.7824e-20   3.2639e-19
 3965.00   1.6539e-20   2.8387e-19
 3970.00  -3.2207e-20   2.5820e-19
 3975.00  -2.9691e-19   3.3787e-19
 3980.00  -5.6305e-20   3.9085e-19
 3985.00  -1.1198e-19   3.9526e-19
 3990.00   6.4981e-20   4.2892e-19
 3995.00  -2.2397e-19   4.3282e-19
 4000.00   1.5275e-19   4.5618e-19
 4005.00   2.1309e-19   4.5575e-19
 4010.00   1.9410e-19   4.9755e-19
 4015.00  -1.4901e-19   5.0902e-19
 4020.00  -5.8359e-19   5.2083e-19
 4025.00   4.0558e-19   5.4954e-19
 4030.00  -2.5372e-19   5.5674e-19
 4035.00   5.6784e-19   5.8398e-19
 4040.00  -4.0965e-20   6.3458e-19
 4045.00  -8.6040e-19   1.3954e-18
 4050.00   2.6181e-19   1.4596e-18
 4055.00   9.0892e-19   1.3401e-18
 4060.00   1.3905e-18   1.2994e-18
 4065.00   4.9360e-20   1.1911e-18
 4070.00   9.6156e-20   1.1847e-18
 4075.00   8.5561e-19   1.1683e-18
 4080.00   6.0634e-19   1.1354e-18
 4085.00  -1.3988e-19   1.1007e-18
 4090.00   2.4816e-18   1.1455e-18
 4095.00  -4.7970e-19   1.0487e-18
 4100.00   6.2616e-19   9.4762e-19
 4105.00   2.5184e-19   9.9990e-19
 4110.00  -7.7977e-19   1.0129e-18
 4115.00   1.2802e-18   1.0516e-18
 4120.00   7.8126e-19   1.0164e-18
 4125.00   9.6528e-19   1.0375e-18
 4130.00   9.3816e-19   9.9541e-19
 4135.00  -4.1772e-19   9.9409e-19
 4140.00   1.8982e-18   1.0359e-18
 4145.00   1.3919e-18   9.5297e-19
 4150.00  -7.6222e-19   9.6419e-19
 4155.00   1.1391e-18   9.6236e-19
 4160.00   4.6167e-19   9.9616e-19
 4165.00  -3.3484e-19   1.0009e-18
 4170.00  -2.3101e-19   9.8114e-19
 4175.00   7.1337e-19   9.5641e-19
 4180.00  -6.8480e-19   9.6208e-19
 4185.00  -6.3124e-20   9.5842e-19
 4190.00   1.1394e-18   9.6663e-19
 4195.00  -3.0430e-20   9.8654e-19
 4200.00   1.6850e-18   9.3828e-19
 4205.00  -1.4706e-18   9.8837e-19
 4210.00   3.6924e-19   1.0202e-18
 4215.00   8.8663e-19   9.9597e-19
 4220.00  -1.9218e-19   1.0176e-18
 4225.00  -1.0199e-18   8.9705e-19
 4230.00   1.0066e-18   1.0200e-18
 4235.00  -1.2021e-18   9.6425e-19
 4240.00   2.3060e-19   9.9699e-19
 4245.00  -5.0638e-19   1.0055e-18
 4250.00   2.6241e-19   9.8407e-19
 4255.00   2.1302e-19   1.0022e-18
 4260.00  -1.4409e-19   9.4990e-19
 4265.00  -1.6488e-19   1.0131e-18
 4270.00  -9.4627e-20   9.1308e-19
 4275.00  -5.5111e-19   9.3628e-19
 4280.00  -2.9886e-19   1.1239e-18
 4285.00  -3.6125e-19   1.0615e-18
 4290.00  -1.2571e-19   9.8236e-19
 4295.00   1.0764e-19   9.7194e-19
 4300.00  -1.7796e-19   8.3476e-19
 4305.00  -6.0338e-19   8.1137e-19
 4310.00   1.7627e-19   7.7066e-19
 4315.00   5.8671e-19   8.8783e-19
 4320.00  -3.9251e-19   8.7820e-19
 4325.00   2.8012e-19   7.5319e-19
 4330.00   3.2297e-19   8.3972e-19
 4335.00   5.8506e-19   8.0875e-19
 4340.00  -3.0323e-19   6.7712e-19
 4345.00   1.1612e-18   7.9861e-19
 4350.00   8.3372e-20   7.2209e-19
 4355.00  -2.9567e-19   7.4008e-19
 4360.00   6.7930e-20   7.5564e-19
 4365.00   1.9513e-19   7.3501e-19
 4370.00  -7.5802e-19   6.9722e-19
 4375.00  -1.1308e-20   7.2138e-19
 4380.00  -3.7727e-19   6.9640e-19
 4385.00   8.3532e-20   6.0257e-19
 4390.00   3.4904e-19   6.7366e-19
 4395.00   3.8154e-19   6.8584e-19
 4400.00   3.5636e-19   6.6745e-19
 4405.00  -3.3287e-19   6.4369e-19
 4410.00  -8.4667e-19   6.8310e-19
 4415.00  -1.8528e-19   6.7066e-19
 4420.00  -1.6840e-19   7.0365e-19
 4425.00   7.2968e-20   6.8199e-19
 4430.00  -2.7955e-20   6.8313e-19
 4435.00   2.0892e-19   6.7255e-19
 4440.00  -4.9348e-19   6.7796e-19
 4445.00   8.6157e-20   6.8861e-19
 4450.00   7.0149e-19   6.9734e-19
 4455.00  -6.3269e-19   6.4896e-19
 4460.00  -2.7018e-19   6.5220e-19
 4465.00  -6.4685e-19   6.7788e-19
 4470.00  -3.1723e-19   6.7782e-19
 4475.00  -5.6728e-19   6.9983e-19
 4480.00  -2.8012e-19   6.8735e-19
 4485.00   7.4278e-19   7.2432e-19
 4490.00  -1.6160e-19   7.0216e-19
 4495.00  -1.8109e-19   7.0706e-19
 4500.00  -1.4212e-19   7.2500e-19
 4505.00  -7.5478e-19   7.3915e-19
 4510.00   2.6121e-19   1.4053e-18
 4515.00   2.6456e-18   1.3342e-18
 4520.00   2.6763e-18   1.2938e-18
 4525.00   2.1328e-19   1.1923e-18
 4530.00  -4.5208e-19   1.1358e-18
 4535.00  -2.4740e-19   1.0982e-18
 4540.00   1.7293e-18   1.1276e-18
 4545.00   3.2998e-19   1.0598e-18
 4550.00   9.5756e-19   1.0045e-18
 4555.00  -8.7852e-19   9.6757e-19
 4560.00   9.2043e-19   9.8545e-19
 4565.00  -1.7899e-18   9.1180e-19
 4570.00   5.9523e-19   9.1284e-19
 4575.00   7.3435e-19   9.1537e-19
 4580.00   2.6206e-19   8.7484e-19
 4585.00   9.4803e-19   8.4669e-19
 4590.00   9.7391e-19   8.5204e-19
 4595.00   1.6798e-19   8.1376e-19
 4600.00   2.9302e-19   7.9772e-19
 4605.00   1.6278e-19   8.0924e-19
 4610.00  -1.2208e-19   8.0752e-19
 4615.00   3.5892e-19   7.8096e-19
 4620.00   1.3399e-19   7.7175e-19
 4625.00   3.8282e-19   7.7368e-19
 4630.00   5.1522e-19   7.7777e-19
 4635.00   3.1734e-19   7.5099e-19
 4640.00   6.5493e-19   7.3262e-19
 4645.00   3.6027e-19   7.3241e-19
 4650.00   1.4599e-18   7.2523e-19
 4655.00   1.4350e-18   7.3911e-19
 4660.00  -6.1625e-19   7.3941e-19
 4665.00   6.5337e-19   7.1503e-19
 4670.00  -2.9557e-19   7.1334e-19
 4675.00  -4.7851e-19   7.3192e-19
 4680.00  -3.8398e-19   7.1317e-19
 4685.00   2.6683e-19   7.3851e-19
 4690.00   9.7536e-19   7.3058e-19
 4695.00   3.8625e-19   7.4506e-19
 4700.00  -4.5005e-19   7.0730e-19
 4705.00   5.1368e-19   6.7321e-19
 4710.00   1.4393e-18   6.8778e-19
 4715.00  -2.7701e-20   6.6969e-19
 4720.00   9.3692e-19   6.6933e-19
 4725.00  -7.6303e-19   6.4759e-19
 4730.00   4.6777e-20   6.2040e-19
 4735.00   3.5967e-19   6.0777e-19
 4740.00   9.1815e-19   5.9881e-19
 4745.00   3.3346e-19   5.8337e-19
 4750.00   7.4996e-20   5.5630e-19
 4755.00   5.9589e-19   5.3065e-19
 4760.00   1.4239e-19   5.1844e-19
 4765.00  -1.1649e-20   4.9477e-19
 4770.00   9.6030e-20   4.8036e-19
 4775.00  -3.8126e-19   4.7317e-19
 4780.00  -2.1011e-19   4.5751e-19
 4785.00   1.4786e-19   4.3510e-19
 4790.00   5.6305e-20   4.6984e-19
 4795.00   3.0173e-19   4.6231e-19
 4800.00   1.0927e-20   4.2950e-19
 4805.00  -1.9120e-19   4.1677e-19
 4810.00  -3.3980e-19   3.9486e-19
 4815.00   4.5661e-20   3.8818e-19
 4820.00   9.4542e-20   3.8422e-19
 4825.00  -3.2786e-20   3.5773e-19
 4830.00  -1.6921e-19   3.4745e-19
 4835.00  -7.2744e-20   3.4053e-19
 4840.00  -5.3697e-20   3.2690e-19
 4845.00  -4.0653e-19   3.1591e-19
 4850.00   2.8125e-19   3.0901e-19
 4855.00  -1.0460e-19   2.8624e-19
 4860.00   2.3394e-19   2.5840e-19
 4865.00  -1.2174e-19   2.7320e-19
 4870.00  -2.7457e-19   2.6151e-19
 4875.00  -9.5111e-20   2.7086e-19
 4880.00  -1.4224e-19   2.6104e-19
 4885.00  -1.4465e-19   2.6796e-19
 4890.00  -1.5131e-19   2.3908e-19
 4895.00   1.8653e-19   2.4601e-19
 4900.00   9.6490e-20   2.5915e-19
 4905.00   2.8414e-19   2.6020e-19
 4910.00  -1.0403e-19   2.4645e-19
 4915.00  -1.1191e-19   2.5019e-19
 4920.00  -2.8103e-19   2.3054e-19
 4925.00   1.4954e-19   2.3776e-19
 4930.00  -7.1302e-20   2.2146e-19
 4935.00  -5.6672e-20   2.1282e-19
 4940.00   1.0935e-19   2.2810e-19
 4945.00  -7.5224e-20   2.1459e-19
 4950.00   4.2185e-20   2.2495e-19
 4955.00   2.4228e-20   2.0464e-19
 4960.00   7.2054e-20   2.1619e-19
 4965.00   1.7766e-19   2.1595e-19
 4970.00  -1.4740e-19   2.0995e-19
 4975.00   1.1448e-19   2.1343e-19
 4980.00  -1.0608e-19   2.0659e-19
 4985.00  -1.8948e-19   2.0126e-19
 4990.00  -1.7956e-19   2.0945e-19
 4995.00   4.2662e-20   2.1496e-19
 5000.00  -3.0268e-20   2.0748e-19
 5005.00  -1.2373e-19   2.0186e-19
 5010.00  -5.2117e-20   2.0910e-19
 5015.00  -1.5564e-19   2.0301e-19
 5020.00  -2.1866e-19   2.0408e-19
 5025.00   2.5964e-19   2.0908e-19
 5030.00  -6.4134e-20   2.1388e-19
 5035.00  -8.4671e-21   2.1080e-19
 5040.00  -2.2935e-19   2.0064e-19
 5045.00  -3.1748e-20   2.1795e-19
 5050.00  -4.5034e-20   2.0355e-19
 5055.00  -4.1012e-19   2.0033e-19
 5060.00  -8.3108e-20   2.0229e-19
 5065.00   1.7152e-19   1.9581e-19
 5070.00  -2.4832e-19   1.9239e-19
 5075.00   1.1520e-19   1.9504e-19
 5080.00   2.9832e-19   1.9015e-19
 5085.00  -3.7283e-20   1.9124e-19
 5090.00   1.3861e-19   1.8846e-19
 5095.00   6.0585e-20   1.8776e-19
 5100.00  -2.2679e-19   1.8131e-19
 5105.00  -8.6769e-21   1.8249e-19
 5110.00  -1.2081e-19   1.7900e-19
 5115.00  -6.6060e-20   2.5152e-19
 5120.00   3.4682e-19   2.4677e-19
 5125.00   9.2309e-20   2.3015e-19
 5130.00   3.0624e-20   2.2481e-19
 5135.00   3.3074e-19   2.2234e-19
 5140.00  -4.3641e-20   2.0905e-19
 5145.00  -5.8305e-20   2.0480e-19
 5150.00   1.2853e-19   1.9968e-19
 5155.00   8.9643e-20   1.9625e-19
 5160.00   1.6654e-20   1.9177e-19
 5165.00   2.4296e-19   1.7620e-19
 5170.00   1.2398e-19   1.6671e-19
 5175.00  -6.3932e-20   1.6819e-19
 5180.00   3.5007e-20   1.7284e-19
 5185.00   7.3605e-20   1.5432e-19
 5190.00   1.5559e-19   1.6428e-19
 5195.00   1.9411e-19   1.6245e-19
 5200.00  -1.9898e-19   1.7195e-19
 5205.00  -8.2197e-21   1.5565e-19
 5210.00   1.4719e-19   1.5292e-19
 5215.00   2.9869e-19   1.5334e-19
 5220.00   4.3177e-19   1.5432e-19
 5225.00  -5.6285e-20   1.4261e-19
 5230.00  -1.0548e-19   1.4552e-19
 5235.00  -4.4068e-20   1.4258e-19
 5240.00   2.1776e-19   1.4793e-19
 5245.00   6.8420e-20   1.4285e-19
 5250.00   8.8508e-21   1.3910e-19
 5255.00   3.3957e-19   1.4608e-19
 5260.00   2.2858e-19   1.4267e-19
 5265.00   2.1227e-19   1.3359e-19
 5270.00   2.0385e-19   1.3314e-19
 5275.00   8.6471e-20   1.3769e-19
 5280.00   8.6168e-20   1.3986e-19
 5285.00   2.0782e-19   1.4107e-19
 5290.00   3.1291e-19   1.4443e-19
 5295.00   1.6914e-19   1.4319e-19
 5300.00   1.4258e-19   1.4021e-19
 5305.00   4.2681e-20   1.4337e-19
 5310.00   7.2472e-20   1.4575e-19
 5315.00   7.0306e-20   1.4369e-19
 5320.00   1.7669e-19   1.4593e-19
 5325.00   2.8113e-20   1.4069e-19
 5330.00   3.1869e-20   1.4246e-19
 5335.00   1.4325e-19   1.4608e-19
 5340.00   3.0990e-19   1.4480e-19
 5345.00   2.4616e-19   1.4628e-19
 5350.00   1.7182e-19   1.4615e-19
 5355.00  -2.2566e-19   1.4609e-19
 5360.00   1.2528e-19   1.4866e-19
 5365.00   2.0501e-19   1.4526e-19
 5370.00   2.6772e-19   1.4351e-19
 5375.00   1.3751e-21   1.5010e-19
 5380.00   1.4908e-19   1.4997e-19
 5385.00   6.6309e-20   1.4968e-19
 5390.00   2.6583e-19   1.5239e-19
 5395.00  -7.4463e-21   1.4903e-19
 5400.00   2.5858e-19   1.5375e-19
 5405.00   2.4726e-19   1.5087e-19
 5410.00   7.2847e-20   1.5533e-19
 5415.00   3.1595e-21   1.5940e-19
 5420.00   7.1817e-20   1.6291e-19
 5425.00   2.4679e-19   1.6471e-19
 5430.00   2.5943e-19   1.6552e-19
 5435.00   1.4806e-20   1.6864e-19
 5440.00   1.8725e-19   1.7620e-19
 5445.00  -4.9112e-21   1.7266e-19
 5450.00   1.3608e-19   1.8347e-19
 5455.00  -2.4133e-20   1.8348e-19
 5460.00  -6.0541e-20   1.9556e-19
 5465.00   2.6855e-19   1.9567e-19
 5470.00   8.2578e-21   2.0206e-19
 5475.00  -7.6544e-20   2.0064e-19
 5480.00   2.5207e-19   2.1149e-19
 5485.00  -3.9220e-20   2.1391e-19
 5490.00   6.3205e-20   6.6602e-19
 5495.00  -3.5915e-19   6.2705e-19
 5500.00  -1.0581e-19   6.0581e-19
 5505.00   2.1710e-19   5.8647e-19
 5510.00   7.5637e-19   5.6837e-19
 5515.00  -4.2572e-20   5.4418e-19
 5520.00  -6.0447e-19   5.2095e-19
 5525.00  -3.5447e-19   5.1085e-19
 5530.00   3.1003e-19   5.0598e-19
 5535.00   6.7250e-19   5.1186e-19
 5540.00  -1.1038e-20   5.0996e-19
 5545.00   6.3177e-21   5.0935e-19
 5550.00   6.3005e-20   3.8648e-19
 5555.00   8.0236e-20   3.0137e-19
 5560.00   4.8163e-19   2.7254e-19
 5565.00   1.5549e-19   2.4408e-19
 5570.00  -2.3540e-19   2.2348e-19
 5575.00   3.6632e-19   2.2170e-19
 5580.00  -9.8419e-20   1.9429e-19
 5585.00  -5.3933e-20   1.7675e-19
 5590.00   1.1842e-19   1.4810e-19
 5595.00  -1.7875e-19   1.4377e-19
 5600.00   2.9387e-19   1.3474e-19
 5605.00   1.6651e-19   1.3185e-19
 5610.00   6.1530e-20   1.2525e-19
 5615.00   1.6004e-19   1.1270e-19
 5620.00  -8.0567e-20   1.1929e-19
 5625.00   1.0188e-19   1.1316e-19
 5630.00  -5.6250e-20   1.1116e-19
 5635.00   1.3435e-20   1.0610e-19
 5640.00   1.7980e-20   1.0110e-19
 5645.00   1.6113e-19   1.0020e-19
 5650.00   1.3679e-19   1.0150e-19
 5655.00   1.2715e-20   9.8347e-20
 5660.00   3.4125e-20   9.4533e-20
 5665.00  -6.4768e-20   9.7705e-20
 5670.00   9.1369e-21   1.0155e-19
 5675.00   4.4360e-20   9.9619e-20
 5680.00   2.0336e-19   1.0161e-19
 5685.00   1.1019e-19   1.0344e-19
 5690.00   5.4719e-20   1.1140e-19
 5695.00   1.4648e-19   1.0927e-19
 5700.00   6.2791e-20   1.0893e-19
 5705.00   1.3797e-19   1.1290e-19
 5710.00   1.0390e-19   1.2026e-19
 5715.00   6.7831e-20   1.2432e-19
 5720.00   9.2295e-20   1.3131e-19
 5725.00   3.1426e-19   1.3257e-19
 5730.00  -1.3323e-19   1.4592e-19
 5735.00   2.7340e-19   1.5005e-19
 5740.00  -9.4516e-20   1.6505e-19
 5745.00   2.5155e-19   1.6216e-19
 5750.00   1.2387e-19   1.7923e-19
 5755.00   2.7706e-19   1.9225e-19
 5760.00   2.8109e-19   1.9952e-19
 5765.00   2.6195e-20   2.1715e-19
 5770.00   5.6075e-19   2.2891e-19
 5775.00   5.6239e-19   2.4503e-19
 5780.00   4.6869e-19   2.6036e-19
 5785.00   4.2707e-19   2.7462e-19
 5790.00   1.9014e-19   2.7869e-19
 5795.00  -2.5485e-19   4.3451e-19
 5800.00  -2.8068e-19   4.2864e-19
 5805.00   1.5123e-19   4.2843e-19
 5810.00   5.9361e-19   4.3769e-19
 5815.00   1.2320e-20   4.2758e-19
 5820.00   6.8191e-19   4.3400e-19
 5825.00   3.6657e-19   4.3138e-19
 5830.00   2.9745e-19   4.3299e-19
 5835.00   7.7766e-19   4.3639e-19
 5840.00  -3.7715e-19   4.3278e-19
 5845.00   4.7513e-19   4.4021e-19
 5850.00   8.7147e-19   4.4565e-19
 5855.00   4.9567e-19   4.4701e-19
 5860.00   8.7995e-19   4.5593e-19
 5865.00   4.1729e-19   4.7685e-19
 5870.00   4.6213e-19   4.8154e-19
 5875.00   1.9976e-19   4.7459e-19
 5880.00   7.1857e-19   4.7492e-19
 5885.00   5.9151e-19   4.8132e-19
 5890.00   2.4306e-19   5.3084e-19
 5895.00   2.5447e-19   5.1583e-19
 5900.00   1.2071e-18   5.1116e-19
 5905.00   9.8533e-19   5.2752e-19
 5910.00   2.2831e-19   5.0585e-19
 5915.00   9.7950e-19   5.2246e-19
 5920.00   4.8900e-19   5.0121e-19
 5925.00   2.7977e-19   5.0512e-19
 5930.00   5.1992e-20   4.9028e-19
 5935.00  -2.9646e-19   4.9984e-19
 5940.00   9.3047e-20   4.8067e-19
 5945.00   7.9332e-19   4.8797e-19
 5950.00   8.9988e-19   4.7556e-19
 5955.00   1.3619e-19   4.8507e-19
 5960.00   5.4444e-19   4.7157e-19
 5965.00   1.1714e-18   4.7059e-19
 5970.00   3.5190e-19   4.6765e-19
 5975.00   7.7158e-20   4.6426e-19
 5980.00  -1.9242e-19   4.5316e-19
 5985.00   9.3118e-19   4.5256e-19
 5990.00   1.1294e-18   4.5503e-19
 5995.00   3.4414e-20   4.4549e-19
 6000.00   1.1230e-18   4.7148e-19
 6005.00   3.4033e-19   4.5954e-19
 6010.00  -5.8627e-19   4.3635e-19
 6015.00   1.2638e-18   4.4615e-19
 6020.00   6.4510e-19   4.3213e-19
 6025.00   6.0632e-19   4.2800e-19
 6030.00   6.0720e-19   4.2998e-19
 6035.00   5.3946e-19   4.2358e-19
 6040.00   1.7980e-19   4.1387e-19
 6045.00   1.2974e-18   4.1884e-19
 6050.00   1.4560e-18   4.1490e-19
 6055.00   1.7686e-19   4.0182e-19
 6060.00   6.7353e-19   4.0574e-19
 6065.00   2.2705e-19   3.9868e-19
 6070.00   1.0504e-18   4.1153e-19
 6075.00   4.5676e-19   3.9741e-19
 6080.00   7.0674e-19   3.9348e-19
 6085.00   1.1106e-18   3.9571e-19
 6090.00   9.1690e-19   3.9118e-19
 6095.00   8.7219e-19   3.9338e-19
 6100.00   8.8404e-19   3.9063e-19
 6105.00   5.4468e-19   3.9286e-19
 6110.00  -1.0323e-19   3.8562e-19
 6115.00   5.4943e-19   3.9069e-19
 6120.00   5.1061e-20   3.8201e-19
 6125.00   1.6502e-19   3.8539e-19
 6130.00   1.0545e-19   3.8263e-19
 6135.00   3.6648e-19   3.8338e-19
 6140.00   5.8815e-19   3.8565e-19
 6145.00   2.5962e-19   3.8549e-19
 6150.00   1.5607e-19   3.7579e-19
 6155.00   1.2027e-18   3.9231e-19
 6160.00   7.3966e-19   3.8180e-19
 6165.00   7.1260e-19   3.6930e-19
 6170.00   7.8316e-19   3.7798e-19
 6175.00   1.5403e-19   3.6710e-19
 6180.00   1.4922e-18   3.7079e-19
 6185.00   7.4934e-19   3.6396e-19
 6190.00   7.2321e-19   3.5750e-19
 6195.00   7.8903e-19   3.5906e-19
 6200.00   5.1105e-19   3.5370e-19
 6205.00   6.4437e-19   3.5592e-19
 6210.00   7.9659e-19   3.4867e-19
 6215.00   7.0847e-19   3.4235e-19
 6220.00   1.4322e-18   3.7140e-19
 6225.00   6.6089e-19   3.4985e-19
 6230.00   1.9103e-18   3.5322e-19
 6235.00   1.2358e-18   3.8370e-19
 6240.00   3.7632e-19   3.4195e-19
 6245.00   2.6322e-19   3.2615e-19
 6250.00   9.6390e-19   3.2345e-19
 6255.00   9.2828e-19   3.1856e-19
 6260.00   8.6934e-19   3.3691e-19
 6265.00   1.0139e-18   3.2557e-19
 6270.00   7.4349e-19   3.1220e-19
 6275.00   7.4777e-19   3.0827e-19
 6280.00   4.6068e-19   2.9813e-19
 6285.00   4.2395e-19   3.1316e-19
 6290.00   6.8468e-19   3.1204e-19
 6295.00   9.6605e-19   3.0802e-19
 6300.00  -6.5459e-19   3.4952e-19
 6305.00   3.4731e-19   3.2402e-19
 6310.00   9.2892e-19   3.0757e-19
 6315.00   5.3761e-19   3.0340e-19
 6320.00   7.6106e-19   3.1570e-19
 6325.00   9.8188e-19   3.1325e-19
 6330.00   1.0216e-18   3.3556e-19
 6335.00   5.6191e-19   3.1136e-19
 6340.00   7.8814e-19   3.1832e-19
 6345.00   4.3537e-19   3.1800e-19
 6350.00   7.8909e-19   3.3118e-19
 6355.00   8.6373e-19   3.3747e-19
 6360.00   9.7368e-20   3.1996e-19
 6365.00  -1.1421e-19   3.6136e-19
 6370.00   2.0130e-19   3.2150e-19
 6375.00  -1.2653e-18   3.1174e-19
 6380.00  -1.4352e-18   3.1047e-19
 6385.00   4.4814e-19   3.3119e-19
 6390.00   9.7385e-20   3.2034e-19
 6395.00   5.2915e-19   3.2065e-19
 6400.00   5.6444e-19   3.1804e-19
 6405.00   4.9283e-19   3.1923e-19
 6410.00   5.4091e-19   3.1630e-19
 6415.00   1.6605e-20   3.1832e-19
 6420.00   9.4556e-19   3.2370e-19
 6425.00   6.2463e-19   3.2020e-19
 6430.00   1.6807e-19   3.1397e-19
 6435.00   8.5552e-19   3.2063e-19
 6440.00   1.0439e-19   3.1501e-19
 6445.00   7.6388e-19   3.1910e-19
 6450.00   4.0556e-19   3.1767e-19
 6455.00   2.7764e-20   3.2076e-19
 6460.00   1.1693e-18   3.4863e-19
 6465.00   6.0806e-19   3.6434e-19
 6470.00   1.6029e-19   3.4523e-19
 6475.00   9.9482e-19   3.2565e-19
 6480.00   7.6693e-19   3.2578e-19
 6485.00   8.4083e-19   3.1299e-19
 6490.00   4.1660e-19   3.0732e-19
 6495.00   1.2357e-18   3.0374e-19
 6500.00   1.3043e-18   3.3180e-19
 6505.00   1.0110e-18   3.1481e-19
 6510.00   9.1641e-19   2.9588e-19
 6515.00   7.8093e-19   2.9221e-19
 6520.00   5.5484e-19   2.9169e-19
 6525.00   5.1569e-19   2.8872e-19
 6530.00   7.7269e-19   2.8516e-19
 6535.00   5.0730e-19   3.0249e-19
 6540.00   1.0129e-18   2.8875e-19
 6545.00   7.4451e-19   2.9542e-19
 6550.00   6.8805e-19   2.8206e-19
 6555.00   8.3434e-19   3.0456e-19
 6560.00   5.7944e-19   2.7921e-19
 6565.00   8.2069e-19   2.8434e-19
 6570.00   6.5827e-19   2.9607e-19
 6575.00   5.4782e-19   2.9995e-19
 6580.00   3.9724e-19   2.9570e-19
 6585.00   4.5382e-19   2.9614e-19
 6590.00   5.5262e-19   2.9707e-19
 6595.00   1.1413e-18   3.0532e-19
 6600.00   4.6594e-19   2.9892e-19
 6605.00   7.8203e-20   3.1083e-19
 6610.00   6.9531e-19   3.0315e-19
 6615.00   6.0733e-19   3.0716e-19
 6620.00   4.4574e-19   3.0501e-19
 6625.00   5.6638e-19   3.0537e-19
 6630.00   3.9370e-19   3.0550e-19
 6635.00   6.2397e-19   3.1249e-19
 6640.00  -7.0002e-20   3.0503e-19
 6645.00   2.4695e-19   3.0577e-19
 6650.00   9.5496e-19   3.1238e-19
 6655.00   1.3186e-18   3.1783e-19
 6660.00   1.1268e-18   3.1847e-19
 6665.00   3.7194e-19   3.1426e-19
 6670.00   2.3880e-19   3.1514e-19
 6675.00   5.4622e-19   3.1571e-19
 6680.00   6.5589e-19   3.1567e-19
 6685.00   7.0375e-19   3.1846e-19
 6690.00   4.1383e-19   3.1605e-19
 6695.00   3.8758e-19   3.1556e-19
 6700.00   4.9501e-19   3.2240e-19
 6705.00   8.2662e-19   3.2216e-19
 6710.00   1.0345e-18   3.2365e-19
 6715.00   2.2875e-19   3.6138e-19
 6720.00   1.1256e-18   3.5529e-19
 6725.00   1.3010e-18   3.5135e-19
 6730.00   1.6852e-19   3.4194e-19
 6735.00   4.3995e-19   3.3450e-19
 6740.00   9.2723e-19   3.3544e-19
 6745.00   1.3873e-18   3.3515e-19
 6750.00   8.8138e-19   3.2435e-19
 6755.00   7.1141e-19   3.1968e-19
 6760.00   1.0347e-18   3.2034e-19
 6765.00   1.0887e-18   3.1452e-19
 6770.00   6.4372e-19   3.0898e-19
 6775.00   1.0951e-18   3.1079e-19
 6780.00   7.5460e-19   3.0675e-19
 6785.00   4.7823e-19   3.0171e-19
 6790.00   1.1791e-18   3.0526e-19
 6795.00   5.9692e-19   2.9622e-19
 6800.00   9.4390e-19   2.9857e-19
 6805.00   9.1430e-19   2.9510e-19
 6810.00   9.4659e-19   2.9489e-19
 6815.00   9.6575e-19   2.9372e-19
 6820.00   6.2805e-19   2.9036e-19
 6825.00   1.4061e-18   3.0399e-19
 6830.00   1.3978e-18   3.4507e-19
 6835.00   1.3773e-18   3.3488e-19
 6840.00   1.5847e-18   3.0931e-19
 6845.00   6.4499e-19   2.8923e-19
 6850.00   1.0985e-18   2.9885e-19
 6855.00   1.0204e-18   2.9450e-19
 6860.00   1.0556e-18   3.0019e-19
 6865.00   6.1798e-19   3.3128e-19
 6870.00   4.7094e-19   2.6963e-19
 6875.00   8.9759e-19   2.7243e-19
 6880.00   7.9509e-19   3.0318e-19
 6885.00   8.4072e-19   2.9302e-19
 6890.00   1.1589e-18   3.1009e-19
 6895.00   9.0503e-19   2.8933e-19
 6900.00   6.1143e-19   3.1397e-19
 6905.00   9.2097e-19   2.9769e-19
 6910.00   8.0268e-19   3.0503e-19
 6915.00   6.0487e-19   3.0726e-19
 6920.00   6.1731e-19   2.9949e-19
 6925.00   6.6602e-19   3.2776e-19
 6930.00   1.0826e-18   3.0308e-19
 6935.00   7.1907e-19   2.9995e-19
 6940.00   7.0287e-19   3.1861e-19
 6945.00   6.0635e-19   2.9693e-19
 6950.00   9.2935e-19   3.3195e-19
 6955.00   1.1474e-18   3.0275e-19
 6960.00   5.4877e-19   2.9886e-19
 6965.00   1.0372e-18   3.0378e-19
 6970.00   9.3221e-19   3.1314e-19
 6975.00   1.4293e-18   3.0206e-19
 6980.00   1.2606e-18   3.2455e-19
 6985.00   9.0980e-19   3.0137e-19
 6990.00   8.4159e-19   3.4048e-19
 6995.00   1.2684e-18   3.3700e-19
 7000.00   9.8772e-19   3.3699e-19
 7005.00   1.6563e-18   3.3489e-19
 7010.00   1.7560e-18   3.4371e-19
 7015.00   9.6767e-19   3.0505e-19
 7020.00   7.6158e-19   3.0257e-19
 7025.00   1.3500e-18   2.9771e-19
 7030.00   1.1360e-18   2.9809e-19
 7035.00   8.8266e-19   2.9028e-19
 7040.00   1.4236e-18   2.9560e-19
 7045.00   1.2985e-18   2.9559e-19
 7050.00   1.4287e-18   3.1059e-19
 7055.00   8.6039e-19   2.8305e-19
 7060.00   1.5041e-18   2.8160e-19
 7065.00   1.2207e-18   2.8523e-19
 7070.00   1.1901e-18   2.7454e-19
 7075.00   9.5874e-19   2.7266e-19
 7080.00   1.2651e-18   2.7499e-19
 7085.00   1.1850e-18   2.6644e-19
 7090.00   1.3210e-18   2.7357e-19
 7095.00   1.0611e-18   2.5912e-19
 7100.00   7.7244e-19   2.5574e-19
 7105.00   1.0457e-18   2.5658e-19
 7110.00   1.0483e-18   2.5686e-19
 7115.00   1.0472e-18   2.5578e-19
 7120.00   9.2983e-19   2.5317e-19
 7125.00   9.2084e-19   2.5826e-19
 7130.00   1.0622e-18   2.5997e-19
 7135.00   1.3672e-18   2.6387e-19
 7140.00   7.2611e-19   2.5982e-19
 7145.00   6.1192e-19   2.7200e-19
 7150.00   1.1687e-18   2.6601e-19
 7155.00   1.1304e-18   2.6408e-19
 7160.00   7.7954e-19   2.7024e-19
 7165.00   1.0553e-18   2.6779e-19
 7170.00   1.0035e-18   2.6542e-19
 7175.00   9.4425e-19   2.6380e-19
 7180.00   1.0126e-18   2.6558e-19
 7185.00   6.9685e-19   2.5448e-19
 7190.00   8.9611e-19   2.6032e-19
 7195.00   9.7573e-19   2.6088e-19
 7200.00   7.1471e-19   2.5886e-19
 7205.00   5.3993e-19   2.5775e-19
 7210.00   7.0013e-19   2.6721e-19
 7215.00   1.1872e-18   2.7109e-19
 7220.00   9.5504e-19   2.7462e-19
 7225.00   1.1198e-18   2.7492e-19
 7230.00   1.0396e-18   2.7387e-19
 7235.00   8.0102e-19   2.6875e-19
 7240.00   8.3408e-19   3.7761e-19
 7245.00   8.8299e-19   3.2978e-19
 7250.00   1.2145e-18   2.7792e-19
 7255.00   1.2376e-18   3.0397e-19
 7260.00   7.5621e-19   2.6888e-19
 7265.00   5.4692e-19   2.6816e-19
 7270.00   8.4472e-19   2.8089e-19
 7275.00   8.2593e-19   3.1888e-19
 7280.00   1.0405e-18   2.7263e-19
 7285.00   6.7181e-19   2.9945e-19
 7290.00   5.8690e-19   2.5936e-19
 7295.00   1.0162e-18   3.1965e-19
 7300.00   3.3729e-19   2.8547e-19
 7305.00   1.0223e-18   3.1829e-19
 7310.00   1.0665e-18   2.8685e-19
 7315.00   1.3252e-19   3.0653e-19
 7320.00   9.6912e-19   2.6923e-19
 7325.00   5.5211e-19   2.6167e-19
 7330.00   8.4357e-19   2.9821e-19
 7335.00   5.8381e-19   2.5775e-19
 7340.00   6.9302e-19   2.9708e-19
 7345.00   4.6290e-19   2.5769e-19
 7350.00   9.0819e-19   2.6111e-19
 7355.00   6.8662e-19   2.5212e-19
 7360.00   1.0367e-18   2.7617e-19
 7365.00   5.3027e-19   2.4844e-19
 7370.00   6.4800e-19   2.7749e-19
 7375.00   8.6702e-19   2.4768e-19
 7380.00   4.6430e-19   2.3834e-19
 7385.00   8.8590e-19   2.3705e-19
 7390.00   9.4481e-19   2.5770e-19
 7395.00   7.3244e-19   2.3682e-19
 7400.00   7.1401e-19   2.6213e-19
 7405.00   5.7470e-19   2.3069e-19
 7410.00   5.8816e-19   2.2871e-19
 7415.00   5.7570e-19   2.3144e-19
 7420.00   7.0160e-19   2.2920e-19
 7425.00   8.6986e-19   2.3116e-19
 7430.00   6.1549e-19   2.4623e-19
 7435.00   9.0340e-19   2.3180e-19
 7440.00   3.5326e-19   2.5435e-19
 7445.00   6.7194e-19   2.2886e-19
 7450.00   4.7074e-19   2.2858e-19
 7455.00   8.6986e-19   2.3279e-19
 7460.00   7.4627e-19   2.4087e-19
 7465.00   7.4370e-19   2.5523e-19
 7470.00   5.5978e-19   2.5534e-19
 7475.00   7.2610e-19   2.5808e-19
 7480.00   4.2072e-19   2.6415e-19
 7485.00   1.1170e-18   2.6651e-19
 7490.00   4.8139e-19   2.3649e-19
 7495.00   5.3765e-19   2.5034e-19
 7500.00   5.9215e-19   2.4093e-19
 7505.00   6.4531e-19   2.3949e-19
 7510.00   4.2414e-19   2.3723e-19
 7515.00   5.3237e-19   2.4675e-19
 7520.00   6.6625e-19   2.5220e-19
 7525.00   8.9990e-19   2.9390e-19
 7530.00   8.4761e-19   2.7111e-19
 7535.00   7.3811e-19   2.4528e-19
 7540.00   4.2312e-19   2.5504e-19
 7545.00   6.8815e-19   2.4615e-19
 7550.00   6.2476e-19   2.4447e-19
 7555.00   9.4887e-20   2.5106e-19
 7560.00   7.9917e-19   2.5521e-19
 7565.00   7.8441e-19   2.4852e-19
 7570.00   6.1992e-19   2.7787e-19
 7575.00   4.7401e-19   2.5430e-19
 7580.00   2.4581e-19   2.4115e-19
 7585.00   7.6744e-19   2.6167e-19
 7590.00   8.9115e-19   2.4377e-19
 7595.00   6.9867e-19   2.0663e-19
 7600.00  -1.3636e-20   2.0052e-19
 7605.00  -2.1972e-20   1.7825e-19
 7610.00   2.5197e-19   1.8821e-19
 7615.00   1.8912e-19   2.0216e-19
 7620.00   4.3659e-19   2.8880e-19
 7625.00   1.7714e-19   2.3035e-19
 7630.00  -2.1110e-19   2.3951e-19
 7635.00   2.3948e-20   2.1839e-19
 7640.00   6.5198e-19   2.2835e-19
 7645.00   5.4594e-19   2.3023e-19
 7650.00   5.8288e-19   2.3244e-19
 7655.00   5.1404e-19   2.4482e-19
 7660.00   6.6983e-19   2.4509e-19
 7665.00   7.8052e-19   2.4476e-19
 7670.00   4.4961e-19   2.3821e-19
 7675.00   4.7033e-19   2.4046e-19
 7680.00   6.0829e-19   2.4726e-19
 7685.00   4.5689e-19   2.5090e-19
 7690.00   5.2490e-19   2.5400e-19
 7695.00   9.0377e-19   2.4564e-19
 7700.00   6.5433e-19   2.5734e-19
 7705.00   4.6914e-19   2.3355e-19
 7710.00   1.0634e-18   2.5531e-19
 7715.00   1.2002e-18   3.7491e-19
 7720.00   2.8719e-19   2.5334e-19
 7725.00   1.0915e-18   2.8231e-19
 7730.00   7.6788e-19   2.3478e-19
 7735.00   8.9119e-19   2.4825e-19
 7740.00   8.4699e-19   2.3443e-19
 7745.00   1.3378e-18   2.3966e-19
 7750.00   1.0709e-18   3.0287e-19
 7755.00   8.9987e-19   2.3688e-19
 7760.00   9.0743e-19   2.5380e-19
 7765.00   8.6302e-19   2.2432e-19
 7770.00   8.5032e-19   2.5810e-19
 7775.00   7.7898e-19   3.1898e-19
 7780.00   7.3660e-19   2.5371e-19
 7785.00   2.3216e-18   2.5246e-19
 7790.00   9.8453e-19   2.5179e-19
 7795.00   6.2316e-19   2.6782e-19
 7800.00   1.2099e-18   2.3204e-19
 7805.00   7.5667e-19   2.3082e-19
 7810.00   1.2168e-18   2.6894e-19
 7815.00   1.0486e-18   2.4268e-19
 7820.00   7.4398e-19   2.8297e-19
 7825.00   7.7106e-19   2.3387e-19
 7830.00   7.3533e-19   2.3535e-19
 7835.00   7.0816e-19   2.3357e-19
 7840.00   1.0186e-18   2.6203e-19
 7845.00   4.2111e-19   2.2652e-19
 7850.00   3.1967e-19   2.6864e-19
 7855.00   1.5946e-18   2.9411e-19
 7860.00   9.0013e-19   2.8955e-19
 7865.00   6.1911e-19   2.4032e-19
 7870.00   7.6848e-19   2.8854e-19
 7875.00   7.4761e-19   2.3453e-19
 7880.00   1.2986e-18   3.0838e-19
 7885.00   1.6203e-19   2.4922e-19
 7890.00   1.0160e-18   2.9935e-19
 7895.00   1.1464e-18   2.5169e-19
 7900.00   6.9476e-19   2.4091e-19
 7905.00   7.7607e-19   2.4903e-19
 7910.00   6.3998e-19   2.6029e-19
 7915.00   1.4017e-18   2.9780e-19
 7920.00   1.2275e-18   3.0719e-19
 7925.00   7.4646e-19   2.4246e-19
 7930.00   6.7420e-19   2.9507e-19
 7935.00   7.5600e-19   2.4204e-19
 7940.00   3.4810e-19   2.3802e-19
 7945.00   9.2358e-19   2.4845e-19
 7950.00   1.0379e-18   2.6764e-19
 7955.00   5.9206e-19   2.3524e-19
 7960.00   7.7403e-19   2.3341e-19
 7965.00   1.2815e-18   2.7985e-19
 7970.00   9.9805e-19   2.5296e-19
 7975.00   7.9078e-19   2.5339e-19
 7980.00   1.0288e-18   2.8077e-19
 7985.00   9.0779e-19   2.9906e-19
 7990.00   9.3730e-19   3.0815e-19
 7995.00   6.3863e-19   3.5571e-19
 8000.00   8.1134e-19   2.9905e-19
 8005.00   9.8674e-19   2.8208e-19
 8010.00   9.3685e-19   2.8156e-19
 8015.00   9.3625e-19   3.1217e-19
 8020.00   1.1250e-18   2.8700e-19
 8025.00   1.0904e-18   3.1883e-19
 8030.00   1.0768e-18   2.9792e-19
 8035.00   7.0123e-19   2.6170e-19
 8040.00   1.0908e-18   2.5940e-19
 8045.00   1.1024e-18   2.5109e-19
 8050.00   6.3123e-19   2.7927e-19
 8055.00   1.9846e-18   2.5808e-19
 8060.00   6.5425e-19   2.7122e-19
 8065.00   8.3198e-19   2.5403e-19
 8070.00   5.3319e-19   2.3476e-19
 8075.00   7.8697e-19   2.4461e-19
 8080.00   8.7541e-19   2.3788e-19
 8085.00   8.9975e-19   2.4625e-19
 8090.00   8.9065e-19   2.3022e-19
 8095.00   7.2238e-19   2.4760e-19
 8100.00   6.8931e-19   2.4509e-19
 8105.00   7.7853e-19   2.5028e-19
 8110.00   6.8795e-19   2.3063e-19
 8115.00   6.5496e-19   2.2433e-19
 8120.00   8.2221e-19   2.2576e-19
 8125.00   6.3271e-19   2.2595e-19
 8130.00   9.5449e-19   2.3076e-19
 8135.00   4.4433e-19   2.2066e-19
 8140.00   5.5140e-19   2.3358e-19
 8145.00   6.4178e-19   2.3530e-19
 8150.00   9.1427e-19   2.1976e-19
 8155.00   8.9169e-19   2.1435e-19
 8160.00   8.3674e-19   2.1330e-19
 8165.00   5.6746e-19   2.1170e-19
 8170.00   7.4373e-19   2.1207e-19
 8175.00   7.5469e-19   2.1629e-19
 8180.00   5.4340e-19   2.1013e-19
 8185.00   8.0062e-19   2.1999e-19
 8190.00   6.0464e-19   2.2679e-19
 8195.00   8.0957e-19   2.2831e-19
 8200.00   5.8466e-19   2.1543e-19
 8205.00   7.4634e-19   2.3051e-19
 8210.00   7.7005e-19   2.2392e-19
 8215.00   8.6839e-19   2.2576e-19
 8220.00   9.4210e-19   2.2002e-19
 8225.00   6.1114e-19   2.1646e-19
 8230.00   6.4113e-19   2.0083e-19
 8235.00   7.2244e-19   2.1894e-19
 8240.00   3.8074e-19   2.2656e-19
 8245.00   6.8247e-19   2.2396e-19
 8250.00   8.7414e-19   2.3305e-19
 8255.00   9.1928e-19   2.2605e-19
 8260.00   6.7704e-19   2.2187e-19
 8265.00   1.0994e-18   2.2476e-19
 8270.00   5.3887e-19   2.2172e-19
 8275.00   6.0417e-19   2.1791e-19
 8280.00   1.2599e-18   3.4238e-19
 8285.00   6.4285e-19   2.6429e-19
 8290.00   4.2577e-19   2.6993e-19
 8295.00   8.5114e-19   2.4343e-19
 8300.00   5.2330e-19   2.6711e-19
 8305.00   1.0245e-18   2.3167e-19
 8310.00   9.9756e-19   2.5268e-19
 8315.00   5.5977e-19   2.2295e-19
 8320.00   4.7612e-19   2.2447e-19
 8325.00   7.3085e-19   2.1981e-19
 8330.00   6.5630e-19   2.1773e-19
 8335.00   2.4219e-19   2.1726e-19
 8340.00   6.1587e-19   2.3059e-19
 8345.00  -4.2250e-19   3.0431e-19
 8350.00   5.1257e-19   2.4658e-19
 8355.00   6.0227e-19   2.4669e-19
 8360.00   7.1248e-19   2.3651e-19
 8365.00   5.1986e-19   2.6846e-19
 8370.00   8.9880e-19   2.2026e-19
 8375.00   7.0370e-19   2.8060e-19
 8380.00   1.0393e-18   3.3208e-19
 8385.00   6.9530e-19   2.8267e-19
 8390.00   2.2965e-19   2.6923e-19
 8395.00   5.6452e-19   2.5838e-19
 8400.00   9.5797e-19   3.1625e-19
 8405.00   4.1265e-19   2.4762e-19
 8410.00   7.1110e-19   2.4604e-19
 8415.00   6.6610e-19   2.8301e-19
 8420.00   4.3221e-19   2.3965e-19
 8425.00   2.7723e-19   2.5558e-19
 8430.00   1.8634e-19   3.0446e-19
 8435.00   6.0773e-19   2.4195e-19
 8440.00   7.6910e-19   2.2848e-19
 8445.00   7.1889e-19   2.6523e-19
 8450.00   5.0373e-19   2.4846e-19
 8455.00   2.7427e-19   2.2927e-19
 8460.00  -3.5600e-20   2.1719e-19
 8465.00   7.9737e-19   2.7082e-19
 8470.00   2.5422e-19   2.0999e-19
 8475.00   4.7307e-19   2.2494e-19
 8480.00   4.2788e-19   2.0942e-19
 8485.00   5.1616e-20   2.0346e-19
 8490.00   3.8561e-19   2.0439e-19
 8495.00   4.3440e-19   2.4698e-19
 8500.00   3.1731e-19   2.0466e-19
 8505.00   6.2111e-19   2.5470e-19
 8510.00   5.0497e-19   1.9875e-19
 8515.00   7.8542e-19   1.9962e-19
 8520.00   3.8136e-19   2.0303e-19
 8525.00   3.1741e-19   1.9524e-19
 8530.00   5.1089e-19   1.9555e-19
 8535.00   3.4505e-19   1.9138e-19
 8540.00   5.6520e-19   2.1017e-19
 8545.00   4.4965e-19   1.8778e-19
 8550.00   3.6265e-19   2.3504e-19
 8555.00   7.0973e-19   1.9726e-19
 8560.00   4.0296e-20   1.8825e-19
 8565.00   4.1226e-19   1.9156e-19
 8570.00   3.6836e-19   1.9530e-19
 8575.00   5.4817e-19   2.0391e-19
 8580.00   6.1649e-19   1.9623e-19
 8585.00   3.6274e-19   1.9221e-19
 8590.00   3.2380e-19   2.1230e-19
 8595.00   3.6483e-19   2.1270e-19
 8600.00   2.5836e-19   1.9825e-19
 8605.00   4.9187e-19   1.9787e-19
 8610.00   3.9251e-19   2.0989e-19
 8615.00   5.1445e-19   2.5100e-19
 8620.00   4.1918e-19   2.9199e-19
 8625.00   1.0282e-18   3.1295e-19
 8630.00   9.3479e-19   3.2778e-19
 8635.00   4.5100e-19   3.0078e-19
 8640.00   6.6852e-19   2.6948e-19
 8645.00   4.1802e-19   2.2349e-19
 8650.00   1.3713e-18   2.8320e-19
 8655.00   9.6076e-19   2.8484e-19
 8660.00   5.2627e-19   2.6538e-19
 8665.00   5.0386e-20   2.6515e-19
 8670.00   1.5503e-18   2.8512e-19
 8675.00   1.3984e-19   2.5136e-19
 8680.00   6.6791e-19   2.4353e-19
 8685.00   3.8783e-19   2.2605e-19
 8690.00   5.7859e-19   2.1049e-19
 8695.00   2.0029e-19   2.1074e-19
 8700.00   4.2880e-19   2.2655e-19
 8705.00   1.4807e-19   2.1803e-19
 8710.00   3.0936e-19   2.1275e-19
 8715.00   6.2373e-19   2.0655e-19
 8720.00   5.9887e-19   2.0408e-19
 8725.00   3.9973e-19   2.0902e-19
 8730.00   3.1978e-19   2.0101e-19
 8735.00   1.3411e-18   2.1683e-19
 8740.00   5.4606e-19   2.1233e-19
 8745.00   7.5276e-19   2.0837e-19
 8750.00   4.6945e-19   2.0533e-19
 8755.00   2.6787e-19   2.0221e-19
 8760.00   1.1122e-18   3.5837e-19
 8765.00   1.0737e-18   2.7227e-19
 8770.00   8.7409e-19   2.5808e-19
 8775.00   4.5387e-19   2.4687e-19
 8780.00   5.2346e-19   2.4258e-19
 8785.00   2.0908e-19   2.0169e-19
 8790.00   7.2629e-19   2.4837e-19
 8795.00   3.2660e-19   1.9770e-19
 8800.00   4.6348e-19   2.0338e-19
 8805.00   6.9168e-19   1.9846e-19
 8810.00   5.2714e-19   2.2197e-19
 8815.00   1.2403e-19   1.9652e-19
 8820.00   5.8525e-19   2.5864e-19
 8825.00   1.0771e-18   3.7809e-19
 8830.00   6.4793e-19   3.0928e-19
 8835.00   5.8627e-19   4.0410e-19
 8840.00   8.8103e-19   2.5193e-19
 8845.00   4.1882e-19   2.5224e-19
 8850.00   6.7604e-19   2.8627e-19
 8855.00   1.0791e-18   2.4928e-19
 8860.00   7.4636e-19   2.4674e-19
 8865.00   1.0258e-18   2.6924e-19
 8870.00   5.6742e-19   2.4679e-19
 8875.00   4.4250e-19   2.1844e-19
 8880.00   4.9929e-19   2.1448e-19
 8885.00   7.0007e-19   2.8107e-19
 8890.00   4.3026e-19   2.2640e-19
 8895.00   8.8052e-19   2.2924e-19
 8900.00   4.5691e-19   2.1668e-19
 8905.00   8.7734e-19   2.6102e-19
 8910.00   4.8056e-19   2.2281e-19
 8915.00   8.0164e-19   2.0916e-19
 8920.00   1.0433e-18   2.8903e-19
 8925.00   6.5216e-19   2.1735e-19
 8930.00   4.2580e-19   2.1708e-19
 8935.00   3.3946e-19   2.1390e-19
 8940.00   3.6651e-19   2.0561e-19
 8945.00   6.2386e-19   2.3446e-19
 8950.00   6.3891e-19   1.9419e-19
 8955.00   3.4447e-19   2.0005e-19
 8960.00   8.5092e-19   2.3998e-19
 8965.00   4.4322e-19   1.8741e-19
 8970.00   3.1425e-19   2.0673e-19
 8975.00   8.5425e-20   1.8928e-19
 8980.00   3.0144e-19   2.1119e-19
 8985.00   4.7546e-19   2.0097e-19
 8990.00   6.2234e-19   2.1823e-19
 8995.00   4.6333e-19   1.9471e-19
 9000.00   9.6958e-19   2.3699e-19
 9005.00   6.6185e-19   1.8504e-19
 9010.00   3.8694e-19   1.7743e-19
 9015.00   3.9033e-19   1.7303e-19
 9020.00   3.8270e-19   1.9270e-19
 9025.00   3.4693e-19   1.7429e-19
 9030.00   5.2151e-19   1.9868e-19
 9035.00   3.3240e-19   1.9010e-19
 9040.00   2.7009e-19   2.1077e-19
 9045.00   7.3312e-19   1.9779e-19
 9050.00   4.6742e-19   2.4000e-19
 9055.00   5.6168e-19   1.9575e-19
 9060.00   6.7742e-19   1.8741e-19
 9065.00   1.8563e-19   1.9708e-19
 9070.00   7.5083e-19   1.9952e-19
 9075.00   4.0108e-19   1.8691e-19
 9080.00   6.9746e-19   1.8162e-19
 9085.00   6.8661e-19   1.9435e-19
 9090.00   6.1367e-19   2.0161e-19
 9095.00   3.9423e-19   2.1070e-19
 9100.00   5.4856e-19   2.0095e-19
 9105.00   7.0757e-19   2.1224e-19
 9110.00   5.7313e-19   1.9664e-19
 9115.00   2.3941e-19   1.9453e-19
 9120.00   4.8325e-19   1.9086e-19
 9125.00   7.7698e-19   2.0448e-19
 9130.00   2.4892e-19   1.8983e-19
 9135.00   4.2927e-19   1.9979e-19
 9140.00   1.9335e-19   2.1077e-19
 9145.00   6.4598e-19   2.1597e-19
 9150.00   2.2804e-19   2.3369e-19
 9155.00   2.8782e-19   2.2086e-19
 9160.00   2.8329e-19   2.6951e-19
 9165.00   2.7401e-19   2.1796e-19
 9170.00   4.2445e-19   2.2014e-19
 9175.00   1.0958e-19   2.0869e-19
 9180.00   7.4210e-20   2.2542e-19
 9185.00   3.2318e-19   2.2330e-19
 9190.00   3.4957e-19   2.2599e-19
 9195.00   2.0848e-19   2.2197e-19
 9200.00   2.7479e-19   2.2324e-19
 9205.00   2.1826e-19   2.1126e-19
 9210.00   2.3000e-20   2.0959e-19
 9215.00   5.1600e-19   2.3598e-19
 9220.00   4.5210e-19   2.1762e-19
 9225.00   6.7793e-19   2.5883e-19
 9230.00   4.2582e-19   2.1558e-19
 9235.00   6.7275e-19   2.1803e-19
 9240.00   1.9520e-19   2.1268e-19
 9245.00   1.4382e-19   2.1640e-19
 9250.00   3.8275e-19   2.3753e-19
 9255.00   2.1794e-19   2.2244e-19
 9260.00   1.5527e-19   2.4686e-19
 9265.00   7.5637e-19   2.8114e-19
 9270.00   2.3744e-19   2.1687e-19
 9275.00   4.4537e-19   2.1582e-19
 9280.00   1.4135e-19   2.0826e-19
 9285.00   3.3602e-19   2.3394e-19
 9290.00   2.2747e-19   2.2343e-19
 9295.00   3.8862e-19   2.4439e-19
 9300.00   3.0189e-19   2.8813e-19
 9305.00   9.2062e-19   4.1995e-19
 9310.00   8.6515e-19   5.4679e-19
 9315.00   4.2759e-19   3.8444e-19
 9320.00   5.4553e-20   3.3451e-19
 9325.00   7.9938e-19   3.7120e-19
 9330.00   5.0049e-19   3.1600e-19
 9335.00   7.2626e-20   2.6004e-19
 9340.00   4.2278e-19   2.8951e-19
 9345.00  -5.4836e-20   2.2447e-19
 9350.00   9.5411e-20   3.4394e-19
 9355.00  -8.2705e-20   2.2754e-19
 9360.00   7.7640e-20   2.5161e-19
 9365.00  -8.1792e-20   2.4625e-19
 9370.00  -4.9648e-20   2.4963e-19
 9375.00  -8.0331e-20   6.1080e-19
 9380.00   1.3631e-21   2.5118e-19
 9385.00   6.0917e-19   2.9262e-19
 9390.00   7.4759e-19   2.6404e-19
 9395.00   3.6004e-19   2.8445e-19
 9400.00   2.4200e-19   2.9800e-19
 9405.00   4.1570e-19   2.7557e-19
 9410.00  -1.9426e-19   2.2706e-19
 9415.00   2.9156e-19   2.5260e-19
 9420.00   3.6538e-19   3.7025e-19
 9425.00  -1.4390e-19   2.4363e-19
 9430.00   4.0140e-19   2.2074e-19
 9435.00   2.4688e-19   2.6856e-19
 9440.00   1.1133e-18   4.2327e-19
 9445.00   4.1180e-19   2.5141e-19
 9450.00   1.7084e-19   2.8042e-19
 9455.00   4.0257e-19   2.4721e-19
 9460.00   9.2012e-19   3.0780e-19
 9465.00   1.5917e-19   2.3083e-19
 9470.00   1.3298e-19   2.2952e-19
 9475.00   8.4073e-19   3.3262e-19
 9480.00   4.0317e-19   2.3828e-19
 9485.00   4.8379e-19   2.4551e-19
 9490.00   2.8663e-19   2.6159e-19
 9495.00   3.6517e-19   2.0757e-19
 9500.00  -2.7339e-20   2.2781e-19
 9505.00   8.3255e-19   2.9181e-19
 9510.00   5.0749e-19   2.4131e-19
 9515.00   4.4427e-19   2.2295e-19
 9520.00   1.3702e-19   2.9122e-19
 9525.00   4.8764e-20   2.2400e-19
 9530.00   6.0914e-19   2.5584e-19
 9535.00   5.9822e-19   2.7630e-19
 9540.00   1.7252e-19   2.2705e-19
 9545.00   2.9741e-19   2.0585e-19
 9550.00   2.2248e-19   2.5984e-19
 9555.00   1.8152e-19   2.4288e-19
 9560.00   3.2017e-19   2.5866e-19
 9565.00   5.9696e-19   2.7905e-19
 9570.00   4.8856e-19   2.9782e-19
 9575.00   1.9946e-19   2.5445e-19
 9580.00  -8.0167e-20   2.2076e-19
 9585.00   2.1554e-19   2.4478e-19
 9590.00   3.3332e-19   2.3536e-19
 9595.00   3.6268e-19   2.4695e-19
 9600.00   4.0093e-19   2.4910e-19
 9605.00  -1.3277e-19   2.6968e-19
 9610.00   4.2647e-19   3.0060e-19
 9615.00   1.2412e-19   2.7192e-19
 9620.00   9.2045e-19   3.5968e-19
 9625.00   6.7596e-20   2.8331e-19
 9630.00   6.0613e-19   3.1134e-19
 9635.00   1.2990e-19   2.6601e-19
 9640.00   1.1380e-19   2.7170e-19
 9645.00   3.7021e-19   2.5846e-19
 9650.00   4.6042e-19   2.9233e-19
 9655.00   6.0261e-19   3.1962e-19
 9660.00   3.2514e-19   3.1974e-19
 9665.00   2.2118e-18   3.4028e-19
 9670.00   3.5457e-20   4.0421e-19
 9675.00   4.9673e-19   3.4130e-19
 9680.00   1.5116e-18   4.9524e-19
 9685.00   5.4081e-19   3.5762e-19
 9690.00   5.6079e-19   3.7162e-19
 9695.00   8.0895e-19   3.3683e-19
 9700.00   6.9365e-19   4.4753e-19
 9705.00   5.1028e-19   3.3077e-19
 9710.00   8.0074e-19   3.8958e-19
 9715.00   1.4143e-19   3.3603e-19
 9720.00   7.4750e-19   5.3308e-19
 9725.00   9.6854e-19   3.7740e-19
 9730.00   9.1304e-19   3.7393e-19
 9735.00   5.2933e-19   4.3667e-19
 9740.00   8.9391e-20   4.1619e-19
 9745.00   1.0274e-18   4.3650e-19
 9750.00   7.6216e-19   3.7030e-19
 9755.00   6.3552e-19   3.6797e-19
 9760.00   2.3737e-19   3.5569e-19
 9765.00   5.9529e-19   3.6799e-19
 9770.00  -6.1585e-19   3.6335e-19
 9775.00   6.9553e-19   3.8732e-19
 9780.00   5.1113e-19   3.9524e-19
 9785.00   2.2537e-19   4.0472e-19
 9790.00   2.9323e-18   8.5424e-19
 9795.00   1.6354e-18   5.3506e-19
 9800.00   1.7131e-18   5.8720e-19
 9805.00   8.1332e-19   4.7113e-19
 9810.00   6.1748e-19   5.7997e-19
 9815.00   8.2760e-19   5.3211e-19
 9820.00   2.9687e-19   4.8747e-19
 9825.00   2.9120e-19   4.8036e-19
 9830.00  -1.9957e-19   5.1021e-19
 9835.00   1.7570e-19   4.8460e-19
 9840.00  -2.6473e-19   4.6828e-19
 9845.00   3.0046e-19   5.1335e-19
 9850.00   1.0496e-18   6.6401e-19
 9855.00   1.2114e-18   5.1596e-19
 9860.00   7.0338e-19   5.1358e-19
 9865.00   4.8467e-19   1.0126e-18
 9870.00   3.0181e-19   1.5393e-18
 9875.00   1.6436e-18   1.2580e-18
 9880.00   8.4149e-19   1.0009e-18
 9885.00   4.9004e-19   1.0756e-18
 9890.00   4.4796e-19   9.6267e-19
 9895.00   2.1962e-18   1.4517e-18
 9900.00   1.7494e-18   1.0281e-18
