 
TRANSIENT_NAME:     DES15X2efk 
SNID:               1308957    
OBS_DATE:           2015-09-21
MJD:                57286. 
PHASE:              -2.    
MJD_MAX:            57289.4
TYPE:               1  
SPEC_EVAL:          SNIa
REDSHIFT:           0.6200  
REDSHIFT_ERR:       0.0050  
REDSHIFT_SOURCE:    Z_SN
TELESCOPE:          VLT
INSTRUMENT:         X-SHOOTER
 
======================================
 
# WAVE  FLUX  FLUX_ERR
 3200.00  -2.2121e-18   2.2645e-18
 3205.00  -3.6597e-18   2.0444e-18
 3210.00  -2.4902e-18   2.0576e-18
 3215.00  -1.3237e-19   1.8873e-18
 3220.00   1.4312e-18   1.8016e-18
 3225.00  -6.3947e-19   1.6114e-18
 3230.00  -1.0725e-18   1.5096e-18
 3235.00   2.7195e-19   1.4274e-18
 3240.00   1.6657e-18   1.3800e-18
 3245.00  -8.0234e-19   1.3112e-18
 3250.00  -1.5171e-18   1.2727e-18
 3255.00  -2.4229e-18   1.2839e-18
 3260.00  -1.0879e-20   1.3413e-18
 3265.00  -1.7129e-18   1.2856e-18
 3270.00  -9.9257e-19   1.3150e-18
 3275.00  -1.2503e-18   1.3182e-18
 3280.00  -3.7692e-18   1.3173e-18
 3285.00  -9.4659e-21   1.4272e-18
 3290.00  -8.1041e-19   1.4568e-18
 3295.00  -2.7754e-18   1.5791e-18
 3300.00   1.0814e-18   1.6302e-18
 3305.00  -6.8200e-19   1.6774e-18
 3310.00   2.6210e-19   1.7651e-18
 3315.00  -1.6268e-19   1.8626e-18
 3320.00  -3.8942e-19   1.9106e-18
 3325.00  -2.6292e-19   1.9500e-18
 3330.00  -2.6042e-18   1.9428e-18
 3335.00  -1.0682e-18   1.9519e-18
 3340.00  -5.2075e-19   1.9485e-18
 3345.00   2.1795e-18   2.2607e-18
 3350.00  -6.0724e-19   2.0558e-18
 3355.00  -1.7610e-18   1.9111e-18
 3360.00  -5.8609e-19   1.7886e-18
 3365.00  -2.1836e-18   1.7483e-18
 3370.00  -9.6949e-20   1.9405e-18
 3375.00  -2.2083e-19   1.7750e-18
 3380.00   1.2773e-18   1.6784e-18
 3385.00  -1.2098e-18   1.5806e-18
 3390.00  -2.4420e-18   1.4985e-18
 3395.00  -3.5308e-19   1.5013e-18
 3400.00  -7.5868e-19   1.4665e-18
 3405.00  -8.2488e-19   1.4513e-18
 3410.00   1.4223e-18   1.4643e-18
 3415.00  -9.9021e-19   1.4778e-18
 3420.00   1.7465e-19   1.5230e-18
 3425.00   4.7103e-19   1.5889e-18
 3430.00  -8.3045e-19   1.5889e-18
 3435.00  -6.2894e-19   1.6473e-18
 3440.00  -2.1036e-19   1.6824e-18
 3445.00  -1.0286e-18   1.7095e-18
 3450.00   1.8279e-19   1.8431e-18
 3455.00  -2.4704e-18   1.8809e-18
 3460.00  -1.7897e-18   1.8797e-18
 3465.00  -1.1194e-18   1.9012e-18
 3470.00  -1.0567e-18   1.8855e-18
 3475.00  -2.8637e-18   1.8253e-18
 3480.00  -2.9406e-18   1.9099e-18
 3485.00   1.4661e-18   1.8470e-18
 3490.00  -2.7567e-18   1.6898e-18
 3495.00  -2.4702e-18   1.6697e-18
 3500.00   6.4728e-19   1.5891e-18
 3505.00   1.6009e-18   1.4979e-18
 3510.00  -1.5129e-18   1.4058e-18
 3515.00  -2.0440e-18   1.3098e-18
 3520.00   5.3413e-19   1.2673e-18
 3525.00  -2.3431e-18   1.1603e-18
 3530.00   1.3329e-18   1.1903e-18
 3535.00  -1.3450e-18   1.1078e-18
 3540.00  -2.0834e-19   1.1700e-18
 3545.00  -1.2578e-18   1.2266e-18
 3550.00  -1.6483e-18   1.1262e-18
 3555.00   6.7081e-19   1.1287e-18
 3560.00   7.0938e-20   1.0673e-18
 3565.00   7.3888e-19   9.9100e-19
 3570.00   1.8588e-18   9.6345e-19
 3575.00   2.6625e-19   9.4508e-19
 3580.00  -1.6366e-18   8.8127e-19
 3585.00  -2.6729e-19   9.0312e-19
 3590.00  -7.0349e-19   9.2287e-19
 3595.00   8.9143e-19   9.7132e-19
 3600.00  -2.0418e-18   9.6209e-19
 3605.00   1.8078e-19   9.7352e-19
 3610.00  -3.9850e-19   9.5359e-19
 3615.00  -7.6418e-19   9.4370e-19
 3620.00  -6.6859e-19   8.9968e-19
 3625.00  -7.0154e-19   8.4897e-19
 3630.00   3.3125e-19   8.0122e-19
 3635.00  -6.2107e-19   7.3816e-19
 3640.00  -1.5422e-18   6.7173e-19
 3645.00  -1.0664e-18   6.0546e-19
 3650.00  -5.6975e-19   5.5978e-19
 3655.00   6.2666e-19   5.5338e-19
 3660.00  -1.7361e-19   5.0998e-19
 3665.00  -8.8256e-19   4.5733e-19
 3670.00  -4.3860e-19   4.2357e-19
 3675.00  -1.1524e-19   3.9664e-19
 3680.00   6.0761e-20   3.6883e-19
 3685.00  -4.3976e-19   3.4699e-19
 3690.00   3.5969e-21   3.4502e-19
 3695.00  -5.4268e-19   3.2325e-19
 3700.00  -4.0065e-19   3.4115e-19
 3705.00  -2.6338e-19   3.2136e-19
 3710.00   3.8935e-19   3.1232e-19
 3715.00   9.9638e-20   3.0900e-19
 3720.00  -3.6424e-19   2.7284e-19
 3725.00   3.1679e-20   2.8463e-19
 3730.00  -3.5715e-20   2.9377e-19
 3735.00  -2.8839e-19   2.8078e-19
 3740.00  -3.7735e-20   3.0171e-19
 3745.00  -4.4475e-19   2.7653e-19
 3750.00  -1.9168e-19   2.6648e-19
 3755.00  -1.3073e-19   2.8266e-19
 3760.00  -8.4894e-20   2.6887e-19
 3765.00   1.6436e-19   2.7541e-19
 3770.00  -2.9135e-19   2.8148e-19
 3775.00  -1.8295e-19   3.0236e-19
 3780.00  -2.0240e-20   3.1417e-19
 3785.00  -3.0701e-19   3.2499e-19
 3790.00  -4.7428e-19   3.3028e-19
 3795.00  -6.5002e-19   3.3965e-19
 3800.00  -4.4101e-19   3.5510e-19
 3805.00   4.3931e-21   3.8673e-19
 3810.00  -4.0801e-19   3.9353e-19
 3815.00  -2.9230e-19   4.1115e-19
 3820.00  -1.2093e-19   4.2075e-19
 3825.00   3.4049e-19   4.3006e-19
 3830.00  -4.9760e-19   4.5270e-19
 3835.00   4.6393e-19   4.6149e-19
 3840.00  -1.8964e-19   4.5532e-19
 3845.00  -2.6892e-20   5.7165e-19
 3850.00   3.2116e-21   5.3351e-19
 3855.00   7.4520e-19   4.8580e-19
 3860.00  -8.5257e-20   4.4850e-19
 3865.00   3.3020e-19   4.3711e-19
 3870.00   8.8323e-20   3.9799e-19
 3875.00  -1.4065e-19   3.9421e-19
 3880.00   7.6587e-21   3.6224e-19
 3885.00   7.6287e-20   3.5299e-19
 3890.00   3.9609e-20   3.4948e-19
 3895.00  -4.8332e-21   3.5397e-19
 3900.00  -4.3770e-20   3.4958e-19
 3905.00   7.1102e-20   3.5409e-19
 3910.00  -1.1147e-19   3.6394e-19
 3915.00  -4.0351e-20   3.5267e-19
 3920.00  -7.5757e-20   3.1872e-19
 3925.00  -3.2239e-19   3.0845e-19
 3930.00   3.2151e-20   2.7600e-19
 3935.00  -2.7790e-19   2.6755e-19
 3940.00  -1.8711e-19   3.0169e-19
 3945.00   5.1402e-19   3.1672e-19
 3950.00   1.5023e-19   3.1800e-19
 3955.00  -1.5391e-20   3.0303e-19
 3960.00  -1.8999e-20   2.9859e-19
 3965.00  -1.4602e-19   2.7858e-19
 3970.00   9.3030e-20   2.7220e-19
 3975.00   1.6473e-20   3.1444e-19
 3980.00  -1.8996e-19   3.4018e-19
 3985.00  -2.1338e-19   3.4408e-19
 3990.00  -6.6554e-19   3.5907e-19
 3995.00  -3.0436e-19   3.6771e-19
 4000.00   9.1397e-20   3.8294e-19
 4005.00   3.0754e-19   3.9416e-19
 4010.00   3.1657e-19   4.2391e-19
 4015.00   2.4666e-19   4.3056e-19
 4020.00   8.4475e-20   4.4158e-19
 4025.00  -3.7876e-19   4.5116e-19
 4030.00  -3.8239e-19   4.6799e-19
 4035.00  -5.2752e-19   4.8071e-19
 4040.00   5.6920e-19   5.2097e-19
 4045.00  -2.3702e-19   9.2101e-19
 4050.00   2.6762e-20   8.9782e-19
 4055.00  -6.6260e-19   8.1512e-19
 4060.00   5.2621e-19   8.0112e-19
 4065.00   1.7902e-18   7.9325e-19
 4070.00   3.3085e-19   7.4090e-19
 4075.00   1.4050e-19   7.0741e-19
 4080.00  -5.7709e-19   6.7296e-19
 4085.00   4.2196e-19   6.6429e-19
 4090.00  -1.3498e-19   6.3867e-19
 4095.00   1.7494e-19   6.2043e-19
 4100.00  -6.5967e-19   5.7275e-19
 4105.00   2.9515e-19   5.8797e-19
 4110.00   4.4521e-19   5.8823e-19
 4115.00   9.4729e-19   6.0657e-19
 4120.00   3.5140e-21   5.7889e-19
 4125.00   4.4811e-19   5.9799e-19
 4130.00  -7.0331e-19   5.7358e-19
 4135.00  -9.0807e-19   5.7269e-19
 4140.00   7.6660e-19   5.8582e-19
 4145.00   6.4816e-20   5.5997e-19
 4150.00   2.2607e-19   5.5566e-19
 4155.00   6.2434e-19   5.7788e-19
 4160.00  -3.3175e-19   5.7586e-19
 4165.00  -8.9513e-20   5.9713e-19
 4170.00  -3.4319e-19   5.9424e-19
 4175.00  -2.8035e-19   5.6796e-19
 4180.00  -7.2352e-19   5.7069e-19
 4185.00  -1.8745e-19   5.6021e-19
 4190.00   1.9064e-19   5.6287e-19
 4195.00   6.9290e-19   5.6579e-19
 4200.00  -7.0531e-19   5.3087e-19
 4205.00   6.7390e-19   5.5234e-19
 4210.00  -1.2662e-18   5.3426e-19
 4215.00  -6.8254e-19   5.1859e-19
 4220.00  -7.5468e-19   5.0751e-19
 4225.00  -2.4235e-19   4.7709e-19
 4230.00  -8.2511e-19   4.7183e-19
 4235.00  -2.8925e-19   4.5571e-19
 4240.00  -6.2964e-19   4.3659e-19
 4245.00   1.0880e-19   4.3653e-19
 4250.00  -7.3632e-19   4.0276e-19
 4255.00  -3.4309e-19   3.9795e-19
 4260.00  -3.0641e-19   3.7285e-19
 4265.00  -5.4749e-19   3.7212e-19
 4270.00  -1.7344e-19   3.4513e-19
 4275.00  -1.3326e-20   3.4067e-19
 4280.00  -2.9420e-19   3.3510e-19
 4285.00  -1.3684e-19   3.2100e-19
 4290.00   1.0521e-19   3.0349e-19
 4295.00  -1.3288e-19   2.9636e-19
 4300.00  -1.7178e-19   2.6885e-19
 4305.00   3.6522e-19   2.6824e-19
 4310.00  -1.4946e-19   2.5241e-19
 4315.00   1.2974e-19   2.7342e-19
 4320.00   2.8671e-19   2.7576e-19
 4325.00   2.7900e-20   2.3977e-19
 4330.00   1.7127e-19   2.5594e-19
 4335.00   1.5265e-19   2.4905e-19
 4340.00   6.3728e-20   2.2911e-19
 4345.00  -5.0897e-19   2.3435e-19
 4350.00  -1.6323e-19   2.3545e-19
 4355.00  -9.6221e-20   2.3628e-19
 4360.00   3.4067e-21   2.4364e-19
 4365.00  -2.7216e-19   2.3407e-19
 4370.00  -1.3347e-19   2.3815e-19
 4375.00  -5.6552e-20   2.2957e-19
 4380.00  -1.8478e-19   2.3412e-19
 4385.00   3.8400e-19   2.2166e-19
 4390.00   7.2907e-20   2.3008e-19
 4395.00   4.9776e-19   2.3762e-19
 4400.00   1.6110e-19   2.3752e-19
 4405.00  -1.6166e-19   2.3741e-19
 4410.00   1.5018e-19   2.5245e-19
 4415.00   7.9967e-19   2.5943e-19
 4420.00  -1.3584e-19   2.5601e-19
 4425.00   1.8494e-20   2.5649e-19
 4430.00  -5.6149e-20   2.6107e-19
 4435.00   4.9602e-19   2.6210e-19
 4440.00   2.1388e-19   2.7062e-19
 4445.00  -3.5095e-19   2.6595e-19
 4450.00  -1.4534e-19   2.7174e-19
 4455.00  -2.2979e-20   2.6971e-19
 4460.00   6.7141e-19   2.8183e-19
 4465.00  -3.1214e-19   2.8279e-19
 4470.00   2.4542e-21   2.9064e-19
 4475.00  -3.5905e-19   3.0227e-19
 4480.00   2.4692e-19   3.0733e-19
 4485.00  -3.8001e-19   3.1398e-19
 4490.00  -3.9456e-19   3.1656e-19
 4495.00   6.5875e-19   3.3759e-19
 4500.00  -4.9277e-19   3.3456e-19
 4505.00   3.8320e-20   3.5066e-19
 4510.00  -4.8912e-19   6.5693e-19
 4515.00  -6.5660e-19   6.1482e-19
 4520.00  -1.0290e-18   5.8220e-19
 4525.00  -7.5049e-20   5.6498e-19
 4530.00   1.6765e-19   5.4291e-19
 4535.00   3.2780e-19   5.2769e-19
 4540.00  -7.4288e-19   5.0233e-19
 4545.00   2.4159e-19   4.9655e-19
 4550.00   4.2690e-19   4.6987e-19
 4555.00   6.0169e-21   4.5460e-19
 4560.00   4.9454e-19   4.5104e-19
 4565.00   3.1027e-19   4.2781e-19
 4570.00   5.0503e-20   4.1539e-19
 4575.00  -1.4478e-19   4.1148e-19
 4580.00   8.3892e-19   4.0780e-19
 4585.00   2.2951e-19   3.9047e-19
 4590.00   6.3052e-19   3.8925e-19
 4595.00   8.4854e-19   3.8610e-19
 4600.00   2.0363e-19   3.6740e-19
 4605.00   2.9353e-19   3.6479e-19
 4610.00   3.1871e-19   3.6751e-19
 4615.00   4.2953e-20   3.5631e-19
 4620.00   3.9961e-19   3.5676e-19
 4625.00   3.8211e-19   3.5356e-19
 4630.00   1.2977e-19   3.4926e-19
 4635.00   3.6277e-19   3.4375e-19
 4640.00   1.6685e-19   3.4017e-19
 4645.00   7.0644e-19   3.4262e-19
 4650.00   5.9064e-19   3.4194e-19
 4655.00   7.0914e-19   3.5074e-19
 4660.00   5.7061e-19   3.5810e-19
 4665.00   4.1690e-19   3.4226e-19
 4670.00   3.1830e-19   3.4360e-19
 4675.00  -5.5524e-20   3.4963e-19
 4680.00   1.0081e-18   3.5478e-19
 4685.00   6.8341e-19   3.6091e-19
 4690.00   6.2324e-19   3.5904e-19
 4695.00   2.3819e-19   3.6084e-19
 4700.00   4.5490e-19   3.5610e-19
 4705.00   1.1779e-18   3.6475e-19
 4710.00   7.8098e-19   3.6981e-19
 4715.00   1.2298e-18   3.7810e-19
 4720.00   3.3523e-19   3.7628e-19
 4725.00   7.2953e-19   3.8336e-19
 4730.00   5.4861e-19   3.7554e-19
 4735.00   5.2147e-19   3.8203e-19
 4740.00   7.0966e-19   3.9195e-19
 4745.00   8.7965e-19   3.9653e-19
 4750.00   5.0015e-19   3.9373e-19
 4755.00   6.3140e-19   3.9580e-19
 4760.00   4.1754e-19   3.9998e-19
 4765.00  -7.5265e-20   3.9204e-19
 4770.00   1.6015e-19   4.0226e-19
 4775.00   9.0461e-19   4.1651e-19
 4780.00   1.0072e-18   4.1352e-19
 4785.00   1.6404e-18   4.1710e-19
 4790.00   1.0170e-18   6.1079e-19
 4795.00   2.2351e-19   5.8283e-19
 4800.00   1.4228e-18   5.6772e-19
 4805.00   6.1747e-19   5.3329e-19
 4810.00   1.3052e-18   5.2214e-19
 4815.00   1.0899e-18   5.0773e-19
 4820.00   7.1358e-19   4.9295e-19
 4825.00   4.0426e-19   4.6467e-19
 4830.00   5.5767e-19   4.5422e-19
 4835.00   1.0714e-18   4.5262e-19
 4840.00   5.1871e-19   4.2904e-19
 4845.00   7.2519e-19   4.2248e-19
 4850.00   3.9066e-19   4.0029e-19
 4855.00   3.2276e-19   3.8144e-19
 4860.00  -9.5163e-20   3.5345e-19
 4865.00   7.5372e-19   3.6450e-19
 4870.00   3.5526e-19   3.5416e-19
 4875.00   2.3692e-19   3.5417e-19
 4880.00   4.4966e-19   3.5582e-19
 4885.00   1.1410e-18   3.5581e-19
 4890.00   5.8189e-19   3.3915e-19
 4895.00   5.3037e-19   3.4500e-19
 4900.00   1.1016e-18   3.4425e-19
 4905.00  -1.7043e-19   3.2665e-19
 4910.00   1.0532e-18   3.2913e-19
 4915.00   7.8878e-19   3.3047e-19
 4920.00   4.4618e-19   3.0567e-19
 4925.00   8.2349e-19   3.2076e-19
 4930.00   7.1528e-19   3.1785e-19
 4935.00   7.3284e-19   3.1122e-19
 4940.00   1.0146e-18   3.1296e-19
 4945.00   1.1649e-18   3.1639e-19
 4950.00   6.8096e-19   3.1429e-19
 4955.00   6.2354e-19   3.0731e-19
 4960.00   7.3167e-19   3.1016e-19
 4965.00   5.1349e-19   3.1530e-19
 4970.00   6.6502e-19   3.2129e-19
 4975.00   6.8588e-19   3.1868e-19
 4980.00   1.2584e-18   3.1707e-19
 4985.00   6.6699e-19   3.0736e-19
 4990.00   1.2988e-18   3.2853e-19
 4995.00   5.7193e-19   3.2399e-19
 5000.00   9.6367e-19   3.2402e-19
 5005.00   5.4597e-19   3.2148e-19
 5010.00   8.8172e-19   3.3235e-19
 5015.00   1.1650e-18   3.3266e-19
 5020.00   1.2353e-18   3.4102e-19
 5025.00   5.7678e-19   3.3723e-19
 5030.00   5.2432e-19   3.4341e-19
 5035.00   1.2604e-18   3.5542e-19
 5040.00   7.5565e-19   3.4459e-19
 5045.00   1.1519e-18   3.6676e-19
 5050.00   1.3077e-18   3.5676e-19
 5055.00   1.2024e-18   3.6132e-19
 5060.00   6.9826e-19   3.6173e-19
 5065.00   8.4626e-19   3.5715e-19
 5070.00   7.8350e-19   3.5923e-19
 5075.00   7.4761e-19   3.6020e-19
 5080.00   1.4114e-18   3.6340e-19
 5085.00   9.6219e-19   3.6668e-19
 5090.00   1.2118e-18   3.7168e-19
 5095.00   1.0980e-18   3.6913e-19
 5100.00   1.3095e-18   3.6747e-19
 5105.00   2.6380e-19   3.6197e-19
 5110.00   1.0798e-18   3.6868e-19
 5115.00   5.3212e-20   5.5517e-19
 5120.00   1.5450e-18   5.5154e-19
 5125.00   1.2206e-18   5.1976e-19
 5130.00   1.1566e-18   5.0602e-19
 5135.00   1.1735e-18   4.9727e-19
 5140.00   7.9883e-19   4.7053e-19
 5145.00   8.3871e-19   4.6100e-19
 5150.00   9.7338e-19   4.4610e-19
 5155.00   1.2184e-18   4.3819e-19
 5160.00   3.3059e-19   4.1689e-19
 5165.00   1.4810e-18   4.0593e-19
 5170.00   6.6348e-19   3.7495e-19
 5175.00   8.5131e-19   3.8196e-19
 5180.00   1.8361e-18   3.9093e-19
 5185.00   1.0837e-18   3.5520e-19
 5190.00   1.2018e-18   3.6857e-19
 5195.00   6.7334e-19   3.6255e-19
 5200.00   8.6276e-19   4.3378e-19
 5205.00   1.0077e-18   3.4676e-19
 5210.00   9.9562e-19   3.3712e-19
 5215.00   1.1309e-18   3.3562e-19
 5220.00   5.7391e-19   3.3144e-19
 5225.00   1.2749e-18   3.2638e-19
 5230.00   8.8440e-19   3.2236e-19
 5235.00   1.2462e-18   3.2105e-19
 5240.00   7.7864e-19   3.2294e-19
 5245.00   7.8583e-19   3.1081e-19
 5250.00   2.0861e-18   3.2655e-19
 5255.00   6.1193e-19   3.1434e-19
 5260.00   1.3218e-18   3.1385e-19
 5265.00   1.4884e-18   2.9963e-19
 5270.00   7.2873e-19   2.9264e-19
 5275.00   7.8383e-19   3.0799e-19
 5280.00   7.4906e-19   3.0613e-19
 5285.00   4.2785e-19   3.0055e-19
 5290.00   7.6730e-19   3.1352e-19
 5295.00   6.3352e-19   3.0776e-19
 5300.00   3.2307e-19   3.0772e-19
 5305.00   5.5418e-19   3.1434e-19
 5310.00   1.1448e-18   3.2494e-19
 5315.00   8.1770e-19   3.2042e-19
 5320.00   1.0649e-18   3.2534e-19
 5325.00   7.4522e-19   3.1781e-19
 5330.00   8.0077e-19   3.3386e-19
 5335.00   6.9835e-19   3.2560e-19
 5340.00   6.1227e-19   3.1872e-19
 5345.00   1.0656e-18   3.2928e-19
 5350.00   1.0890e-18   3.3182e-19
 5355.00   1.4388e-18   3.4089e-19
 5360.00   8.0002e-19   3.3406e-19
 5365.00   1.4319e-18   3.3676e-19
 5370.00   1.0697e-18   3.3288e-19
 5375.00   1.0227e-18   3.4355e-19
 5380.00   5.6364e-19   3.4020e-19
 5385.00   8.7045e-19   3.4625e-19
 5390.00   1.6558e-18   3.5594e-19
 5395.00   1.2597e-18   3.5161e-19
 5400.00   1.1323e-18   3.5959e-19
 5405.00   1.2192e-18   3.5582e-19
 5410.00   1.0674e-18   3.6507e-19
 5415.00   1.2413e-18   3.7704e-19
 5420.00   1.2078e-18   3.8289e-19
 5425.00   1.5678e-18   3.9202e-19
 5430.00   1.6994e-18   3.8893e-19
 5435.00   1.0045e-18   3.8342e-19
 5440.00   1.1279e-18   3.8889e-19
 5445.00   1.0064e-18   3.8980e-19
 5450.00   1.0651e-18   4.0150e-19
 5455.00   1.0265e-18   4.0521e-19
 5460.00   1.3358e-18   4.3393e-19
 5465.00   9.5316e-19   4.2161e-19
 5470.00   8.2079e-19   4.3214e-19
 5475.00   1.0300e-18   4.3285e-19
 5480.00   1.7870e-18   4.4645e-19
 5485.00   5.4487e-19   4.3724e-19
 5490.00   2.3442e-18   7.1107e-19
 5495.00   1.9424e-18   6.9128e-19
 5500.00   9.9274e-19   6.3986e-19
 5505.00   1.2459e-18   6.1479e-19
 5510.00   1.5065e-18   6.0363e-19
 5515.00   9.1202e-19   5.7634e-19
 5520.00   2.0226e-18   5.7623e-19
 5525.00   5.8498e-19   5.4242e-19
 5530.00   1.2661e-18   5.4316e-19
 5535.00   1.4192e-18   5.4381e-19
 5540.00   1.0327e-18   5.5136e-19
 5545.00   1.1775e-18   5.6258e-19
 5550.00   1.1916e-18   5.3249e-19
 5555.00   1.1560e-18   5.0336e-19
 5560.00   8.8038e-19   5.0085e-19
 5565.00   6.4783e-19   5.0433e-19
 5570.00   1.6071e-18   5.0065e-19
 5575.00   1.3615e-18   5.8814e-19
 5580.00   2.9528e-18   5.4708e-19
 5585.00   5.5307e-19   4.7366e-19
 5590.00   1.1063e-18   4.7032e-19
 5595.00   4.7118e-19   4.5294e-19
 5600.00   6.5008e-19   4.6488e-19
 5605.00   6.4867e-19   5.5077e-19
 5610.00   2.0314e-18   5.1741e-19
 5615.00   1.2273e-18   4.7870e-19
 5620.00   1.8825e-18   4.6809e-19
 5625.00   1.8295e-18   4.5513e-19
 5630.00   1.1223e-18   4.3163e-19
 5635.00   1.6440e-18   4.2137e-19
 5640.00   1.8265e-18   4.1421e-19
 5645.00   1.2354e-18   4.0587e-19
 5650.00   1.7224e-18   3.9899e-19
 5655.00   1.4327e-18   3.9289e-19
 5660.00   1.8084e-18   3.9010e-19
 5665.00   1.5866e-18   3.9113e-19
 5670.00   2.1598e-18   3.9991e-19
 5675.00   1.2647e-18   3.9210e-19
 5680.00   1.2280e-18   3.9340e-19
 5685.00   1.9276e-18   4.0307e-19
 5690.00   2.8514e-19   3.9802e-19
 5695.00   2.4198e-18   4.1804e-19
 5700.00   1.2336e-18   4.1855e-19
 5705.00   1.5955e-18   4.2952e-19
 5710.00   1.7498e-18   4.3609e-19
 5715.00   1.3049e-18   4.4429e-19
 5720.00   1.3116e-18   4.5574e-19
 5725.00   7.2504e-19   4.6164e-19
 5730.00   1.9553e-18   4.7860e-19
 5735.00   1.1452e-18   4.7790e-19
 5740.00   1.6560e-18   4.8188e-19
 5745.00   6.3272e-19   4.7793e-19
 5750.00   3.9386e-19   4.7675e-19
 5755.00   1.7024e-18   4.8096e-19
 5760.00   1.2120e-18   4.7353e-19
 5765.00   9.2580e-19   4.6896e-19
 5770.00   1.2590e-18   4.6204e-19
 5775.00   1.8655e-18   4.5020e-19
 5780.00   1.7516e-18   4.3690e-19
 5785.00   1.5053e-18   4.1114e-19
 5790.00   1.1369e-18   3.7886e-19
 5795.00   7.7497e-19   3.7733e-19
 5800.00   1.1924e-18   3.7064e-19
 5805.00   7.8478e-19   3.6047e-19
 5810.00   2.0866e-18   3.6278e-19
 5815.00   1.7593e-18   3.5431e-19
 5820.00   1.3659e-18   3.4892e-19
 5825.00   7.5667e-19   3.4017e-19
 5830.00   1.2326e-18   3.3894e-19
 5835.00   1.2071e-18   3.3741e-19
 5840.00   1.0679e-18   3.3363e-19
 5845.00   1.0302e-18   3.3300e-19
 5850.00   1.4152e-18   3.3422e-19
 5855.00   1.0093e-18   3.3334e-19
 5860.00   1.2574e-18   3.3711e-19
 5865.00   1.6112e-18   3.6260e-19
 5870.00   1.4691e-18   3.6071e-19
 5875.00   1.7798e-18   3.5952e-19
 5880.00   1.5703e-18   3.5523e-19
 5885.00   1.1000e-18   3.5877e-19
 5890.00   2.0210e-18   4.1911e-19
 5895.00   9.8162e-19   3.9475e-19
 5900.00   1.4291e-18   3.7016e-19
 5905.00   1.7429e-18   3.8194e-19
 5910.00   1.8409e-18   3.7695e-19
 5915.00   1.9402e-18   3.9030e-19
 5920.00   1.1963e-18   3.7239e-19
 5925.00   1.5458e-18   3.8198e-19
 5930.00   1.5063e-18   3.7280e-19
 5935.00   1.6774e-18   3.8812e-19
 5940.00   1.6984e-18   3.7238e-19
 5945.00   9.5414e-19   3.7341e-19
 5950.00   1.0300e-18   3.6448e-19
 5955.00   1.2607e-18   3.7937e-19
 5960.00   4.2030e-19   3.6120e-19
 5965.00   8.2827e-19   3.6158e-19
 5970.00   8.3660e-19   3.6336e-19
 5975.00   1.3330e-18   3.6953e-19
 5980.00   1.1176e-18   3.5863e-19
 5985.00   1.5601e-18   3.5704e-19
 5990.00   7.2322e-19   3.4932e-19
 5995.00   1.0214e-18   3.5070e-19
 6000.00   1.1495e-18   3.6731e-19
 6005.00   1.7464e-18   3.7818e-19
 6010.00   4.4655e-19   3.4184e-19
 6015.00   7.1602e-19   3.3766e-19
 6020.00   8.6891e-19   3.3434e-19
 6025.00   1.1640e-18   3.3267e-19
 6030.00   8.3149e-19   3.2821e-19
 6035.00   1.4581e-18   3.3295e-19
 6040.00   2.5793e-19   3.1544e-19
 6045.00   9.1486e-19   3.1953e-19
 6050.00   1.3745e-18   3.1925e-19
 6055.00   9.0097e-19   3.1156e-19
 6060.00   1.2761e-18   3.1352e-19
 6065.00   7.0031e-19   3.0744e-19
 6070.00   6.8976e-19   3.0663e-19
 6075.00   1.0469e-18   3.0637e-19
 6080.00   5.7783e-19   3.0050e-19
 6085.00   8.8371e-19   3.0346e-19
 6090.00   4.5842e-19   2.9906e-19
 6095.00   9.3084e-19   3.0468e-19
 6100.00   9.3885e-19   3.1688e-19
 6105.00   3.0396e-19   3.0294e-19
 6110.00   8.6483e-19   3.0780e-19
 6115.00   3.5910e-19   3.0696e-19
 6120.00   9.0897e-19   3.0794e-19
 6125.00   1.0324e-18   3.1314e-19
 6130.00   1.2986e-18   3.1582e-19
 6135.00   7.9448e-19   3.1614e-19
 6140.00   9.7189e-19   3.2457e-19
 6145.00   1.1190e-18   3.2719e-19
 6150.00   8.1281e-19   3.1819e-19
 6155.00   1.5426e-18   3.3801e-19
 6160.00   8.8167e-19   3.2888e-19
 6165.00   8.5778e-19   3.1744e-19
 6170.00   1.0234e-18   3.2997e-19
 6175.00   8.0100e-19   3.2338e-19
 6180.00   1.0695e-18   3.2079e-19
 6185.00   1.1982e-18   3.2223e-19
 6190.00   6.0486e-19   3.1452e-19
 6195.00   1.2144e-18   3.2136e-19
 6200.00   8.4842e-19   3.1689e-19
 6205.00   1.0382e-18   3.1999e-19
 6210.00   8.4731e-19   3.1365e-19
 6215.00   1.0162e-18   3.1228e-19
 6220.00   1.2410e-18   3.3670e-19
 6225.00   7.6141e-19   3.1667e-19
 6230.00   1.0032e-18   3.0738e-19
 6235.00   1.7990e-18   3.6046e-19
 6240.00   1.2902e-18   3.1787e-19
 6245.00   1.3897e-18   3.0332e-19
 6250.00   1.5246e-18   2.9561e-19
 6255.00   1.8204e-18   2.9667e-19
 6260.00   1.6731e-18   3.1296e-19
 6265.00   1.2736e-18   2.9726e-19
 6270.00   2.4787e-18   2.9577e-19
 6275.00   1.5380e-18   2.8781e-19
 6280.00   1.9755e-18   2.8574e-19
 6285.00   1.3229e-18   2.9021e-19
 6290.00   1.6643e-18   2.9144e-19
 6295.00   1.9934e-18   2.8905e-19
 6300.00   1.7295e-18   3.5875e-19
 6305.00   2.0736e-18   3.1424e-19
 6310.00   1.9741e-18   2.8977e-19
 6315.00   1.4797e-18   2.8292e-19
 6320.00   1.5650e-18   2.9822e-19
 6325.00   2.3626e-18   2.9977e-19
 6330.00   1.9735e-18   3.1707e-19
 6335.00   2.0986e-18   2.9852e-19
 6340.00   1.9562e-18   3.0015e-19
 6345.00   2.2084e-18   3.0474e-19
 6350.00   1.3640e-18   3.0984e-19
 6355.00   1.9785e-18   3.2174e-19
 6360.00   1.6822e-18   3.0831e-19
 6365.00   2.7747e-18   3.6433e-19
 6370.00   1.8162e-18   3.0734e-19
 6375.00   6.6206e-19   2.9857e-19
 6380.00  -4.9594e-19   2.9300e-19
 6385.00   1.4518e-18   3.1157e-19
 6390.00   1.4844e-18   3.0256e-19
 6395.00   1.7170e-18   3.0225e-19
 6400.00   1.7303e-18   2.9994e-19
 6405.00   1.6332e-18   2.9798e-19
 6410.00   1.8727e-18   2.9544e-19
 6415.00   1.7571e-18   2.9651e-19
 6420.00   2.0742e-18   2.9863e-19
 6425.00   1.5466e-18   2.8997e-19
 6430.00   1.5939e-18   2.8603e-19
 6435.00   1.8501e-18   2.8747e-19
 6440.00   1.8471e-18   2.8465e-19
 6445.00   1.5798e-18   2.8261e-19
 6450.00   1.6133e-18   2.8387e-19
 6455.00   1.6531e-18   2.8953e-19
 6460.00   1.7335e-18   2.9997e-19
 6465.00   2.0433e-18   3.2228e-19
 6470.00   1.7270e-18   3.0522e-19
 6475.00   1.8266e-18   2.8058e-19
 6480.00   2.1291e-18   2.8403e-19
 6485.00   1.6721e-18   2.6748e-19
 6490.00   1.9854e-18   2.6540e-19
 6495.00   1.9960e-18   2.6118e-19
 6500.00   2.1849e-18   2.8675e-19
 6505.00   1.9429e-18   2.6877e-19
 6510.00   2.1260e-18   2.5498e-19
 6515.00   1.9811e-18   2.5271e-19
 6520.00   1.6255e-18   2.5050e-19
 6525.00   2.3779e-18   2.5682e-19
 6530.00   2.1266e-18   2.4796e-19
 6535.00   2.2509e-18   2.6631e-19
 6540.00   2.4659e-18   2.5153e-19
 6545.00   1.9613e-18   2.5594e-19
 6550.00   1.6112e-18   2.4261e-19
 6555.00   1.6760e-18   2.6394e-19
 6560.00   2.0777e-18   2.4751e-19
 6565.00   2.3658e-18   2.5668e-19
 6570.00   1.9869e-18   2.6594e-19
 6575.00   1.8889e-18   2.6499e-19
 6580.00   2.1047e-18   2.6284e-19
 6585.00   2.4036e-18   2.6285e-19
 6590.00   1.9720e-18   2.6005e-19
 6595.00   1.9888e-18   2.6623e-19
 6600.00   2.0564e-18   2.6129e-19
 6605.00   2.3192e-18   2.7833e-19
 6610.00   2.1868e-18   2.6757e-19
 6615.00   2.2079e-18   2.6783e-19
 6620.00   2.2185e-18   2.6884e-19
 6625.00   2.0870e-18   2.6923e-19
 6630.00   1.6188e-18   2.6891e-19
 6635.00   2.1368e-18   2.7640e-19
 6640.00   2.0850e-18   2.7297e-19
 6645.00   2.2149e-18   2.7350e-19
 6650.00   2.4845e-18   2.7776e-19
 6655.00   2.6355e-18   2.7945e-19
 6660.00   1.6556e-18   2.7519e-19
 6665.00   1.7923e-18   2.7551e-19
 6670.00   2.1309e-18   2.7987e-19
 6675.00   2.1227e-18   2.7678e-19
 6680.00   1.8443e-18   2.7388e-19
 6685.00   1.5632e-18   2.7431e-19
 6690.00   1.8706e-18   2.7530e-19
 6695.00   2.0672e-18   2.7529e-19
 6700.00   1.6226e-18   2.7624e-19
 6705.00   1.3178e-18   2.7267e-19
 6710.00   1.9408e-18   2.7544e-19
 6715.00   2.0336e-18   3.0601e-19
 6720.00   2.1569e-18   2.9774e-19
 6725.00   2.0980e-18   2.9179e-19
 6730.00   2.1941e-18   2.9143e-19
 6735.00   1.7916e-18   2.7945e-19
 6740.00   2.0775e-18   2.8065e-19
 6745.00   1.7723e-18   2.7507e-19
 6750.00   1.6012e-18   2.6614e-19
 6755.00   1.7586e-18   2.6510e-19
 6760.00   2.0415e-18   2.6347e-19
 6765.00   1.8942e-18   2.5873e-19
 6770.00   2.5140e-18   2.6242e-19
 6775.00   2.4246e-18   2.6323e-19
 6780.00   2.4736e-18   2.6272e-19
 6785.00   1.8893e-18   2.5250e-19
 6790.00   1.8901e-18   2.5061e-19
 6795.00   2.1087e-18   2.4819e-19
 6800.00   2.1844e-18   2.5461e-19
 6805.00   1.5403e-18   2.4191e-19
 6810.00   2.2296e-18   2.4557e-19
 6815.00   1.9697e-18   2.4265e-19
 6820.00   1.8308e-18   2.4054e-19
 6825.00   1.7173e-18   2.4803e-19
 6830.00   1.7086e-18   2.8819e-19
 6835.00   1.8907e-18   2.7924e-19
 6840.00   2.1804e-18   2.5864e-19
 6845.00   1.4883e-18   2.4069e-19
 6850.00   1.6925e-18   2.4742e-19
 6855.00   1.7347e-18   2.4545e-19
 6860.00   1.6488e-18   2.4992e-19
 6865.00   1.5996e-18   2.8164e-19
 6870.00   1.1842e-18   2.3676e-19
 6875.00   1.1144e-18   2.3080e-19
 6880.00   1.8124e-18   2.6012e-19
 6885.00   1.4577e-18   2.4746e-19
 6890.00   1.3543e-18   2.6026e-19
 6895.00   1.2236e-18   2.4635e-19
 6900.00   5.8027e-19   2.6148e-19
 6905.00   1.4203e-18   2.5146e-19
 6910.00   1.6017e-18   2.6084e-19
 6915.00   1.5267e-18   2.6478e-19
 6920.00   1.0028e-18   2.5421e-19
 6925.00   1.9039e-18   2.8751e-19
 6930.00   1.5194e-18   2.6496e-19
 6935.00   9.8555e-19   2.5289e-19
 6940.00   1.2559e-18   2.7368e-19
 6945.00   1.2950e-18   2.5602e-19
 6950.00   1.0929e-18   2.8294e-19
 6955.00   1.2582e-18   2.5726e-19
 6960.00   2.1178e-18   2.6468e-19
 6965.00   1.6878e-18   2.5941e-19
 6970.00   1.3845e-18   2.6617e-19
 6975.00   1.3445e-18   2.5405e-19
 6980.00   1.5162e-18   2.7566e-19
 6985.00   1.5850e-18   2.5652e-19
 6990.00   9.0781e-19   2.8089e-19
 6995.00   1.1743e-18   2.7895e-19
 7000.00   1.3424e-18   2.8432e-19
 7005.00   1.2498e-18   2.7694e-19
 7010.00   1.5841e-18   2.8138e-19
 7015.00   1.8662e-18   2.5770e-19
 7020.00   1.5234e-18   2.5390e-19
 7025.00   1.3471e-18   2.4557e-19
 7030.00   1.5949e-18   2.4921e-19
 7035.00   1.7280e-18   2.4413e-19
 7040.00   1.7608e-18   2.4698e-19
 7045.00   2.1980e-18   2.5132e-19
 7050.00   1.3826e-18   2.5893e-19
 7055.00   1.9245e-18   2.4000e-19
 7060.00   1.8515e-18   2.3426e-19
 7065.00   1.6932e-18   2.3908e-19
 7070.00   1.9842e-18   2.3363e-19
 7075.00   2.0238e-18   2.3261e-19
 7080.00   1.5778e-18   2.2937e-19
 7085.00   2.1601e-18   2.2823e-19
 7090.00   2.1736e-18   2.3413e-19
 7095.00   2.0566e-18   2.2026e-19
 7100.00   2.3399e-18   2.2242e-19
 7105.00   1.9028e-18   2.1716e-19
 7110.00   2.0829e-18   2.1891e-19
 7115.00   1.8942e-18   2.1632e-19
 7120.00   1.9085e-18   2.1550e-19
 7125.00   1.7362e-18   2.1921e-19
 7130.00   1.7098e-18   2.2011e-19
 7135.00   1.8224e-18   2.2195e-19
 7140.00   2.0075e-18   2.2505e-19
 7145.00   1.8859e-18   2.3851e-19
 7150.00   1.7270e-18   2.2929e-19
 7155.00   1.7418e-18   2.2556e-19
 7160.00   2.0023e-18   2.3472e-19
 7165.00   1.5729e-18   2.3103e-19
 7170.00   1.6803e-18   2.2887e-19
 7175.00   1.5165e-18   2.2905e-19
 7180.00   1.5382e-18   2.3224e-19
 7185.00   1.5664e-18   2.2534e-19
 7190.00   1.6759e-18   2.3154e-19
 7195.00   1.4710e-18   2.2827e-19
 7200.00   1.0092e-18   2.2602e-19
 7205.00   1.5160e-18   2.3012e-19
 7210.00   1.4845e-18   2.3606e-19
 7215.00   1.2430e-18   2.3448e-19
 7220.00   2.0974e-18   2.4532e-19
 7225.00   1.5247e-18   2.4394e-19
 7230.00   1.9375e-18   2.4655e-19
 7235.00   1.7069e-18   2.4492e-19
 7240.00   1.9328e-18   3.4996e-19
 7245.00   1.4740e-18   3.0423e-19
 7250.00   1.4467e-18   2.4924e-19
 7255.00   2.2174e-18   2.8278e-19
 7260.00   2.0247e-18   2.4918e-19
 7265.00   2.0151e-18   2.4961e-19
 7270.00   1.8001e-18   2.5847e-19
 7275.00   1.6713e-18   2.9707e-19
 7280.00   1.9017e-18   2.5028e-19
 7285.00   2.3397e-18   2.8163e-19
 7290.00   2.1621e-18   2.4651e-19
 7295.00   2.2722e-18   3.0265e-19
 7300.00   1.7409e-18   2.6837e-19
 7305.00   2.0900e-18   2.9863e-19
 7310.00   1.8577e-18   2.6614e-19
 7315.00   1.9108e-18   2.8792e-19
 7320.00   1.8195e-18   2.4695e-19
 7325.00   2.3476e-18   2.4958e-19
 7330.00   2.2408e-18   2.8309e-19
 7335.00   2.2336e-18   2.4356e-19
 7340.00   2.3090e-18   2.8046e-19
 7345.00   2.6592e-18   2.4770e-19
 7350.00   2.1034e-18   2.4411e-19
 7355.00   1.9785e-18   2.3463e-19
 7360.00   2.2251e-18   2.5809e-19
 7365.00   2.2451e-18   2.3597e-19
 7370.00   2.4832e-18   2.6397e-19
 7375.00   2.3467e-18   2.3202e-19
 7380.00   2.0688e-18   2.2459e-19
 7385.00   2.0095e-18   2.2061e-19
 7390.00   2.1287e-18   2.4100e-19
 7395.00   2.0151e-18   2.2132e-19
 7400.00   2.2676e-18   2.4825e-19
 7405.00   2.3744e-18   2.1896e-19
 7410.00   2.3249e-18   2.1748e-19
 7415.00   2.0888e-18   2.1902e-19
 7420.00   2.2953e-18   2.1628e-19
 7425.00   2.1268e-18   2.1518e-19
 7430.00   2.1054e-18   2.3203e-19
 7435.00   2.2430e-18   2.1690e-19
 7440.00   1.8625e-18   2.4113e-19
 7445.00   1.7750e-18   2.1110e-19
 7450.00   2.3386e-18   2.1830e-19
 7455.00   1.8301e-18   2.1490e-19
 7460.00   2.2290e-18   2.2739e-19
 7465.00   1.7980e-18   2.3750e-19
 7470.00   2.2447e-18   2.4574e-19
 7475.00   1.6313e-18   2.3685e-19
 7480.00   2.0596e-18   2.5255e-19
 7485.00   1.8571e-18   2.4248e-19
 7490.00   1.9351e-18   2.2404e-19
 7495.00   2.0751e-18   2.3443e-19
 7500.00   2.0061e-18   2.2679e-19
 7505.00   2.1873e-18   2.2622e-19
 7510.00   2.1680e-18   2.2597e-19
 7515.00   2.1528e-18   2.3499e-19
 7520.00   1.5972e-18   2.3382e-19
 7525.00   2.0335e-18   2.7447e-19
 7530.00   2.0402e-18   2.5373e-19
 7535.00   1.9532e-18   2.3105e-19
 7540.00   2.1437e-18   2.4347e-19
 7545.00   1.8367e-18   2.2992e-19
 7550.00   1.4712e-18   2.2729e-19
 7555.00   1.3308e-18   2.3544e-19
 7560.00   1.7788e-18   2.3824e-19
 7565.00   1.4492e-18   2.2950e-19
 7570.00   2.0719e-18   2.6428e-19
 7575.00   2.0191e-18   2.4170e-19
 7580.00   1.9280e-18   2.2803e-19
 7585.00   1.8988e-18   2.4573e-19
 7590.00   1.7754e-18   2.2617e-19
 7595.00   1.2049e-18   2.0535e-19
 7600.00   3.1845e-19   2.0078e-19
 7605.00   2.8909e-19   1.7995e-19
 7610.00   4.6028e-19   1.8753e-19
 7615.00   9.4842e-19   1.9846e-19
 7620.00   1.4817e-18   2.7686e-19
 7625.00   1.1643e-18   2.3289e-19
 7630.00   4.6952e-19   2.3645e-19
 7635.00   7.3805e-19   2.1353e-19
 7640.00   9.9923e-19   2.1970e-19
 7645.00   1.1545e-18   2.1881e-19
 7650.00   1.1454e-18   2.1838e-19
 7655.00   1.5752e-18   2.3301e-19
 7660.00   1.4052e-18   2.2853e-19
 7665.00   1.7184e-18   2.2840e-19
 7670.00   1.5493e-18   2.2019e-19
 7675.00   1.7155e-18   2.2361e-19
 7680.00   2.0067e-18   2.3073e-19
 7685.00   1.8955e-18   2.6520e-19
 7690.00   1.5077e-18   2.5645e-19
 7695.00   1.6745e-18   2.3823e-19
 7700.00   1.7642e-18   2.4386e-19
 7705.00   2.0026e-18   2.2040e-19
 7710.00   1.9040e-18   2.3745e-19
 7715.00   2.5220e-18   3.6456e-19
 7720.00   1.9443e-18   2.4404e-19
 7725.00   1.8242e-18   2.6558e-19
 7730.00   1.7318e-18   2.2049e-19
 7735.00   2.0142e-18   2.3804e-19
 7740.00   2.0501e-18   2.2347e-19
 7745.00   1.9348e-18   2.1975e-19
 7750.00   1.4404e-18   2.7835e-19
 7755.00   1.7444e-18   2.2298e-19
 7760.00   2.0028e-18   2.4203e-19
 7765.00   2.2372e-18   2.1390e-19
 7770.00   2.2011e-18   2.4656e-19
 7775.00   1.7761e-18   2.9881e-19
 7780.00   1.9162e-18   2.3952e-19
 7785.00   1.8145e-18   2.2028e-19
 7790.00   2.1278e-18   2.3567e-19
 7795.00   1.7972e-18   2.5039e-19
 7800.00   1.7317e-18   2.0884e-19
 7805.00   1.7175e-18   2.1251e-19
 7810.00   2.1715e-18   2.4940e-19
 7815.00   1.8806e-18   2.2241e-19
 7820.00   2.0918e-18   2.6552e-19
 7825.00   1.7108e-18   2.1625e-19
 7830.00   1.3799e-18   2.1421e-19
 7835.00   1.6900e-18   2.1553e-19
 7840.00   1.7574e-18   2.3845e-19
 7845.00   1.5697e-18   2.0956e-19
 7850.00   2.0212e-18   2.5245e-19
 7855.00   1.7571e-18   2.5775e-19
 7860.00   1.6672e-18   2.6523e-19
 7865.00   1.8643e-18   2.2190e-19
 7870.00   1.5815e-18   2.6400e-19
 7875.00   1.2806e-18   2.1242e-19
 7880.00   1.3708e-18   2.7908e-19
 7885.00   1.1834e-18   2.3168e-19
 7890.00   1.0915e-18   2.7286e-19
 7895.00   1.3867e-18   2.3011e-19
 7900.00   1.6979e-18   2.2172e-19
 7905.00   1.4921e-18   2.2852e-19
 7910.00   1.5529e-18   2.4036e-19
 7915.00   1.6476e-18   2.6767e-19
 7920.00   1.4830e-18   2.8037e-19
 7925.00   1.9173e-18   2.2456e-19
 7930.00   1.5066e-18   2.7194e-19
 7935.00   1.6058e-18   2.1998e-19
 7940.00   1.4045e-18   2.1697e-19
 7945.00   1.0570e-18   2.2253e-19
 7950.00   1.9750e-18   2.4260e-19
 7955.00   1.7191e-18   2.1342e-19
 7960.00   1.4139e-18   2.0983e-19
 7965.00   1.9071e-18   2.5113e-19
 7970.00   1.1845e-18   2.2648e-19
 7975.00   1.7037e-18   2.2887e-19
 7980.00   1.7116e-18   2.4974e-19
 7985.00   1.2490e-18   2.5951e-19
 7990.00   1.6746e-18   2.6964e-19
 7995.00   1.5185e-18   3.1259e-19
 8000.00   1.9038e-18   2.6697e-19
 8005.00   1.5993e-18   2.4917e-19
 8010.00   1.4102e-18   2.4317e-19
 8015.00   1.6602e-18   2.7399e-19
 8020.00   1.8410e-18   2.5333e-19
 8025.00   1.4760e-18   2.7716e-19
 8030.00   1.8119e-18   2.6286e-19
 8035.00   1.3978e-18   2.2584e-19
 8040.00   1.5067e-18   2.2374e-19
 8045.00   1.8031e-18   2.1918e-19
 8050.00   1.1753e-18   2.4145e-19
 8055.00   1.8448e-18   2.1642e-19
 8060.00   1.4683e-18   2.3437e-19
 8065.00   1.6593e-18   2.2234e-19
 8070.00   1.9375e-18   2.0985e-19
 8075.00   1.4936e-18   2.1333e-19
 8080.00   1.5632e-18   2.0672e-19
 8085.00   1.4312e-18   2.1484e-19
 8090.00   1.6306e-18   2.0015e-19
 8095.00   1.5607e-18   2.1862e-19
 8100.00   1.6303e-18   2.1512e-19
 8105.00   1.7848e-18   2.2047e-19
 8110.00   1.6721e-18   2.0375e-19
 8115.00   1.4912e-18   1.9614e-19
 8120.00   1.5441e-18   1.9623e-19
 8125.00   1.5803e-18   2.0022e-19
 8130.00   1.7468e-18   2.0239e-19
 8135.00   1.6638e-18   1.9772e-19
 8140.00   1.5697e-18   2.0898e-19
 8145.00   1.2030e-18   2.0505e-19
 8150.00   1.8070e-18   2.0054e-19
 8155.00   1.3695e-18   1.8719e-19
 8160.00   1.4487e-18   1.8827e-19
 8165.00   1.3614e-18   1.8707e-19
 8170.00   1.5350e-18   1.8788e-19
 8175.00   1.6697e-18   1.9281e-19
 8180.00   1.5583e-18   1.8813e-19
 8185.00   1.6465e-18   1.9343e-19
 8190.00   1.8666e-18   2.0364e-19
 8195.00   1.8542e-18   2.0510e-19
 8200.00   1.6174e-18   1.9228e-19
 8205.00   1.8043e-18   2.0408e-19
 8210.00   1.9332e-18   2.0135e-19
 8215.00   1.9796e-18   2.0306e-19
 8220.00   1.5873e-18   1.9572e-19
 8225.00   1.6788e-18   1.9651e-19
 8230.00   9.5185e-19   1.7990e-19
 8235.00   1.8313e-18   1.9821e-19
 8240.00   1.5083e-18   2.0442e-19
 8245.00   1.5039e-18   2.0161e-19
 8250.00   1.8303e-18   2.0897e-19
 8255.00   1.6435e-18   2.0236e-19
 8260.00   1.6082e-18   2.0173e-19
 8265.00   1.7396e-18   2.0296e-19
 8270.00   1.7448e-18   2.0239e-19
 8275.00   1.2825e-18   1.9761e-19
 8280.00   1.4008e-18   3.1551e-19
 8285.00   1.9733e-18   2.4590e-19
 8290.00   1.7874e-18   2.5131e-19
 8295.00   1.2987e-18   2.2244e-19
 8300.00   1.9123e-18   2.5209e-19
 8305.00   1.6112e-18   2.1354e-19
 8310.00   1.5672e-18   2.3292e-19
 8315.00   1.6822e-18   2.0480e-19
 8320.00   1.3930e-18   2.1077e-19
 8325.00   1.8582e-18   2.0691e-19
 8330.00   1.9559e-18   2.0629e-19
 8335.00   1.7884e-18   2.0675e-19
 8340.00   1.6146e-18   2.1723e-19
 8345.00   1.7294e-18   2.8892e-19
 8350.00   1.5351e-18   2.3008e-19
 8355.00   1.4392e-18   2.3026e-19
 8360.00   1.6401e-18   2.2144e-19
 8365.00   1.6662e-18   2.5430e-19
 8370.00   1.4785e-18   2.0423e-19
 8375.00   1.5646e-18   2.6799e-19
 8380.00   1.8414e-18   3.1517e-19
 8385.00   1.9747e-18   2.7481e-19
 8390.00   1.6991e-18   2.6363e-19
 8395.00   1.2570e-18   2.4441e-19
 8400.00   1.4226e-18   3.0195e-19
 8405.00   1.4504e-18   2.3802e-19
 8410.00   1.6146e-18   2.3475e-19
 8415.00   2.1460e-18   2.7837e-19
 8420.00   1.5285e-18   2.3094e-19
 8425.00   1.6515e-18   2.4972e-19
 8430.00   1.5957e-18   2.9533e-19
 8435.00   1.5795e-18   2.3342e-19
 8440.00   1.6170e-18   2.1776e-19
 8445.00   2.3864e-18   2.6283e-19
 8450.00   1.8786e-18   2.4123e-19
 8455.00   1.5196e-18   2.2474e-19
 8460.00   1.8532e-18   2.1573e-19
 8465.00   1.8618e-18   2.5723e-19
 8470.00   1.4130e-18   2.0120e-19
 8475.00   1.8290e-18   2.1659e-19
 8480.00   1.3645e-18   1.9894e-19
 8485.00   1.4765e-18   1.9818e-19
 8490.00   1.3102e-18   1.9341e-19
 8495.00   1.5043e-18   2.3661e-19
 8500.00   1.2166e-18   1.9697e-19
 8505.00   1.3071e-18   2.3918e-19
 8510.00   1.5469e-18   1.8970e-19
 8515.00   1.5042e-18   1.8716e-19
 8520.00   1.7122e-18   1.9723e-19
 8525.00   1.5451e-18   1.8705e-19
 8530.00   1.6945e-18   1.8786e-19
 8535.00   1.5400e-18   1.8353e-19
 8540.00   1.3402e-18   2.0230e-19
 8545.00   1.6147e-18   1.8315e-19
 8550.00   1.3226e-18   2.2959e-19
 8555.00   1.2785e-18   1.8355e-19
 8560.00   1.0333e-18   1.7782e-19
 8565.00   1.5088e-18   1.8360e-19
 8570.00   1.5149e-18   1.8609e-19
 8575.00   1.4250e-18   1.9502e-19
 8580.00   1.6397e-18   1.8777e-19
 8585.00   1.5235e-18   1.8432e-19
 8590.00   1.9211e-18   2.0828e-19
 8595.00   1.8692e-18   2.0710e-19
 8600.00   1.4787e-18   1.9226e-19
 8605.00   1.1867e-18   1.8616e-19
 8610.00   1.3957e-18   2.0175e-19
 8615.00   1.4599e-18   2.4469e-19
 8620.00   1.7485e-18   2.9161e-19
 8625.00   2.0074e-18   3.0969e-19
 8630.00   2.0945e-18   3.2490e-19
 8635.00   1.9137e-18   3.0051e-19
 8640.00   1.3273e-18   2.5511e-19
 8645.00   1.7851e-18   2.1824e-19
 8650.00   1.5559e-18   2.6488e-19
 8655.00   1.6005e-18   2.7059e-19
 8660.00   1.7292e-18   2.6117e-19
 8665.00   1.5009e-18   2.5796e-19
 8670.00   1.3587e-18   2.5718e-19
 8675.00   1.3692e-18   2.4260e-19
 8680.00   1.9122e-18   2.3646e-19
 8685.00   1.8587e-18   2.1977e-19
 8690.00   1.3951e-18   2.0083e-19
 8695.00   1.8898e-18   2.0949e-19
 8700.00   1.6617e-18   2.2259e-19
 8705.00   1.8531e-18   2.1521e-19
 8710.00   2.0577e-18   2.0988e-19
 8715.00   1.6250e-18   1.9822e-19
 8720.00   1.5606e-18   1.9728e-19
 8725.00   1.5874e-18   2.0387e-19
 8730.00   1.3726e-18   1.9401e-19
 8735.00   1.7036e-18   1.9865e-19
 8740.00   1.3174e-18   2.0426e-19
 8745.00   1.5344e-18   2.0164e-19
 8750.00   1.8139e-18   2.0415e-19
 8755.00   1.5881e-18   1.9878e-19
 8760.00   2.2172e-18   3.5627e-19
 8765.00   1.7359e-18   2.6788e-19
 8770.00   1.7618e-18   2.5327e-19
 8775.00   1.6035e-18   2.4214e-19
 8780.00   1.1754e-18   2.3726e-19
 8785.00   1.4965e-18   1.9977e-19
 8790.00   1.3693e-18   2.4238e-19
 8795.00   1.6487e-18   1.9939e-19
 8800.00   1.4898e-18   2.0197e-19
 8805.00   1.3649e-18   1.9572e-19
 8810.00   1.2470e-18   2.1938e-19
 8815.00   1.2550e-18   1.9689e-19
 8820.00   1.4484e-18   2.6335e-19
 8825.00   1.1924e-18   3.7508e-19
 8830.00   1.4326e-18   3.2175e-19
 8835.00   1.5740e-18   4.1791e-19
 8840.00   1.5348e-18   2.5493e-19
 8845.00   1.7229e-18   2.6406e-19
 8850.00   1.5775e-18   2.9154e-19
 8855.00   2.2388e-18   2.5360e-19
 8860.00   1.5154e-18   2.4996e-19
 8865.00   1.4289e-18   2.7504e-19
 8870.00   1.6514e-18   2.5464e-19
 8875.00   1.8755e-18   2.2835e-19
 8880.00   1.2417e-18   2.1668e-19
 8885.00   1.6214e-18   2.8989e-19
 8890.00   1.2476e-18   2.3079e-19
 8895.00   1.6919e-18   2.3282e-19
 8900.00   1.7376e-18   2.2284e-19
 8905.00   1.5264e-18   2.6335e-19
 8910.00   1.3130e-18   2.2861e-19
 8915.00   1.3356e-18   2.0862e-19
 8920.00   1.9456e-18   2.9530e-19
 8925.00   1.6118e-18   2.2323e-19
 8930.00   1.8364e-18   2.2736e-19
 8935.00   1.5267e-18   2.2056e-19
 8940.00   1.7784e-18   2.1396e-19
 8945.00   1.3114e-18   2.4027e-19
 8950.00   1.4083e-18   1.9667e-19
 8955.00   1.6623e-18   2.0813e-19
 8960.00   1.8582e-18   2.4555e-19
 8965.00   1.5846e-18   1.9567e-19
 8970.00   1.5535e-18   2.1533e-19
 8975.00   1.7087e-18   2.0205e-19
 8980.00   1.6590e-18   2.2230e-19
 8985.00   1.6329e-18   2.1045e-19
 8990.00   1.0052e-18   2.2421e-19
 8995.00   1.5556e-18   1.9990e-19
 9000.00   1.8385e-18   2.4706e-19
 9005.00   1.4792e-18   1.8677e-19
 9010.00   1.4608e-18   1.8298e-19
 9015.00   1.2991e-18   1.7875e-19
 9020.00   1.7549e-18   2.0093e-19
 9025.00   1.5471e-18   1.8413e-19
 9030.00   1.7562e-18   2.0730e-19
 9035.00   1.8861e-18   1.9827e-19
 9040.00   1.4949e-18   2.1841e-19
 9045.00   2.0480e-18   2.0553e-19
 9050.00   1.7114e-18   2.4889e-19
 9055.00   1.8089e-18   2.0697e-19
 9060.00   1.9076e-18   1.9417e-19
 9065.00   1.6924e-18   2.0860e-19
 9070.00   1.5640e-18   2.0585e-19
 9075.00   1.3409e-18   1.9106e-19
 9080.00   1.4178e-18   1.8518e-19
 9085.00   1.3546e-18   1.9700e-19
 9090.00   1.6319e-18   2.0614e-19
 9095.00   1.5416e-18   2.1695e-19
 9100.00   1.5050e-18   2.0710e-19
 9105.00   1.4539e-18   2.1615e-19
 9110.00   2.2145e-18   2.0465e-19
 9115.00   1.4377e-18   2.0241e-19
 9120.00   1.1790e-18   1.9272e-19
 9125.00   1.7546e-18   2.0729e-19
 9130.00   1.2791e-18   1.9664e-19
 9135.00   1.2015e-18   2.0523e-19
 9140.00   1.6114e-18   2.1647e-19
 9145.00   1.5035e-18   2.1762e-19
 9150.00   1.4422e-18   2.3849e-19
 9155.00   1.5858e-18   2.3598e-19
 9160.00   1.6512e-18   2.7948e-19
 9165.00   1.3548e-18   2.2199e-19
 9170.00   1.6488e-18   2.2785e-19
 9175.00   9.5166e-19   2.1412e-19
 9180.00   1.6471e-18   2.3385e-19
 9185.00   1.4135e-18   2.2836e-19
 9190.00   2.0520e-18   2.3878e-19
 9195.00   1.6544e-18   2.3234e-19
 9200.00   1.8526e-18   2.3109e-19
 9205.00   1.2225e-18   2.1591e-19
 9210.00   1.6191e-18   2.1962e-19
 9215.00   1.4044e-18   2.4070e-19
 9220.00   1.5274e-18   2.2429e-19
 9225.00   1.8972e-18   2.6716e-19
 9230.00   1.6310e-18   2.2378e-19
 9235.00   1.5324e-18   2.2299e-19
 9240.00   1.6513e-18   2.2232e-19
 9245.00   1.8170e-18   2.2769e-19
 9250.00   1.8620e-18   2.5100e-19
 9255.00   1.2483e-18   2.2881e-19
 9260.00   1.4207e-18   2.5381e-19
 9265.00   1.4546e-18   2.8587e-19
 9270.00   1.3123e-18   2.2314e-19
 9275.00   1.2563e-18   2.2126e-19
 9280.00   1.3050e-18   2.1814e-19
 9285.00   1.0345e-18   2.4176e-19
 9290.00   1.1629e-18   2.3232e-19
 9295.00   1.2562e-18   2.5492e-19
 9300.00   1.4853e-18   3.0724e-19
 9305.00   1.1035e-18   4.2391e-19
 9310.00   9.2341e-19   5.8416e-19
 9315.00   1.1857e-18   4.1284e-19
 9320.00   1.0562e-18   3.5708e-19
 9325.00   1.5974e-18   3.9551e-19
 9330.00   1.5668e-18   3.4480e-19
 9335.00   9.9283e-19   2.8066e-19
 9340.00   4.2306e-19   2.9840e-19
 9345.00   1.6889e-19   2.3393e-19
 9350.00   1.5155e-18   3.6377e-19
 9355.00   3.1095e-19   2.4066e-19
 9360.00   7.1005e-19   2.6861e-19
 9365.00   6.0630e-19   2.5989e-19
 9370.00   6.3886e-19   2.7233e-19
 9380.00   6.9267e-19   2.7042e-19
 9385.00   9.9173e-19   3.1661e-19
 9390.00   1.2681e-18   2.6502e-19
 9395.00   1.8682e-18   2.9553e-19
 9400.00   6.4157e-19   3.0442e-19
 9405.00   9.8213e-19   2.8159e-19
 9410.00   1.1743e-18   2.4464e-19
 9415.00   1.1400e-18   2.6182e-19
 9420.00   1.3547e-18   3.8409e-19
 9425.00   5.1395e-19   2.5354e-19
 9430.00   1.1261e-18   2.3077e-19
 9435.00   1.1502e-18   2.7309e-19
 9440.00   1.2212e-18   4.5036e-19
 9445.00   1.3297e-18   2.6309e-19
 9450.00   1.2359e-18   2.9404e-19
 9455.00   1.4230e-18   2.6090e-19
 9460.00   5.4103e-19   3.1234e-19
 9465.00   1.3200e-18   2.4027e-19
 9470.00   1.1400e-18   2.3386e-19
 9475.00   1.8477e-18   3.4258e-19
 9480.00   2.9480e-19   2.4485e-19
 9485.00   1.3207e-18   2.4853e-19
 9490.00   1.5960e-18   2.6844e-19
 9495.00   6.6792e-19   2.1152e-19
 9500.00   1.0819e-18   2.4694e-19
 9505.00   1.4939e-18   2.9367e-19
 9510.00   1.0707e-18   2.3573e-19
 9515.00   1.1939e-18   2.2870e-19
 9520.00   1.2855e-18   3.1811e-19
 9525.00   9.0479e-19   2.2899e-19
 9530.00   6.2224e-19   2.5309e-19
 9535.00   1.3301e-18   2.8059e-19
 9540.00   1.3660e-18   2.3452e-19
 9545.00   5.5663e-19   2.0594e-19
 9550.00   1.5514e-18   2.7080e-19
 9555.00   7.9139e-19   2.5277e-19
 9560.00   1.2197e-18   2.5827e-19
 9565.00   8.7784e-19   2.8425e-19
 9570.00   8.1437e-19   3.0791e-19
 9575.00   1.4472e-18   2.6110e-19
 9580.00   6.9515e-19   2.2700e-19
 9585.00   1.4097e-18   2.5018e-19
 9590.00   9.8158e-19   2.4057e-19
 9595.00   1.3903e-18   2.5150e-19
 9600.00   1.2894e-18   2.4964e-19
 9605.00   1.1146e-18   2.7570e-19
 9610.00   1.3267e-18   3.0073e-19
 9615.00   1.3278e-18   2.7303e-19
 9620.00   1.4604e-18   3.6275e-19
 9625.00   1.5234e-18   2.9585e-19
 9630.00   1.3229e-18   3.1231e-19
 9635.00   6.7498e-19   2.6250e-19
 9640.00   1.3496e-18   2.7368e-19
 9645.00   1.3881e-18   2.6398e-19
 9650.00   1.5074e-18   2.9148e-19
 9655.00   2.0071e-18   3.2427e-19
 9660.00   1.0003e-18   3.1952e-19
 9665.00   1.4199e-18   2.9533e-19
 9670.00   1.2153e-18   4.1519e-19
 9675.00   1.5377e-18   3.3524e-19
 9680.00   2.0864e-18   4.9506e-19
 9685.00   1.8742e-18   3.6025e-19
 9690.00   1.7133e-18   3.6634e-19
 9695.00   1.7590e-18   3.3552e-19
 9700.00   1.9859e-18   4.4821e-19
 9705.00   1.4138e-18   3.3069e-19
 9710.00   1.9585e-18   3.9215e-19
 9715.00   1.4977e-18   3.3879e-19
 9720.00   1.5624e-18   5.2223e-19
 9725.00   1.5490e-18   3.7522e-19
 9730.00   9.9005e-19   3.5344e-19
 9735.00   1.6244e-18   4.1122e-19
 9740.00   1.5801e-18   3.8799e-19
 9745.00   1.4004e-18   4.0378e-19
 9750.00   1.4229e-18   3.3100e-19
 9755.00   1.1703e-18   3.3739e-19
 9760.00   9.6600e-19   3.2738e-19
 9765.00   9.5747e-19   3.2810e-19
 9770.00   9.4491e-19   3.3082e-19
 9775.00   1.0362e-18   3.3412e-19
 9780.00   1.0159e-18   3.3746e-19
 9785.00   1.3361e-18   3.5270e-19
 9790.00   3.5321e-18   7.0525e-19
 9795.00   1.8983e-18   4.3233e-19
 9800.00   2.4204e-18   4.8140e-19
 9805.00   8.1137e-19   3.7575e-19
 9810.00   1.4964e-18   4.6203e-19
 9815.00   1.3366e-18   4.1923e-19
 9820.00   2.8684e-19   3.7666e-19
 9825.00   6.6474e-19   3.7228e-19
 9830.00   5.5950e-19   3.9007e-19
 9835.00   9.3990e-19   3.6736e-19
 9840.00   1.3364e-18   3.5893e-19
 9845.00   3.9971e-19   3.7884e-19
 9850.00   1.3348e-18   4.7523e-19
 9855.00   4.7483e-19   3.6085e-19
 9860.00   1.0488e-18   3.6546e-19
 9865.00   1.2200e-18   4.8009e-19
 9870.00   2.9136e-18   7.3607e-19
 9875.00   1.3456e-18   5.8226e-19
 9880.00   9.2367e-19   4.6305e-19
 9885.00   4.1141e-19   5.1687e-19
 9890.00   1.1291e-18   4.7513e-19
 9895.00   1.5948e-18   7.0393e-19
 9900.00   1.6175e-18   4.8942e-19
