 
TRANSIENT_NAME:     DES15E1ebv 
SNID:               1307073    
OBS_DATE:           2015-09-22
MJD:                57287. 
PHASE:              +12.   
MJD_MAX:            57265.2 (derived from r-band light-curve)
TYPE:               1  
SPEC_EVAL:          SNIa
REDSHIFT:           0.7760  
REDSHIFT_ERR:       0.0005  
REDSHIFT_SOURCE:    Z_GAL
TELESCOPE:          VLT
INSTRUMENT:         X-SHOOTER
 
======================================
 
# WAVE  FLUX  FLUX_ERR
 3300.00   6.6902e-18   4.2012e-18
 3305.00   1.6173e-18   4.0189e-18
 3310.00   4.8777e-18   4.1805e-18
 3315.00   2.6629e-18   4.1050e-18
 3320.00  -4.1945e-18   4.0461e-18
 3325.00  -1.5971e-18   3.8669e-18
 3330.00   3.7449e-19   3.7734e-18
 3335.00   3.9953e-18   3.6442e-18
 3340.00   4.3324e-18   3.5814e-18
 3345.00  -3.4287e-19   3.8926e-18
 3350.00  -3.9281e-18   3.4230e-18
 3355.00  -2.4529e-18   3.4302e-18
 3360.00   3.3302e-18   2.8507e-18
 3365.00  -6.3764e-19   3.0863e-18
 3370.00   3.5864e-18   2.9579e-18
 3375.00  -5.8766e-19   2.9626e-18
 3380.00   2.4959e-18   2.7466e-18
 3385.00   2.1811e-18   2.8121e-18
 3390.00   7.2196e-20   2.6580e-18
 3395.00   1.6634e-18   2.6028e-18
 3400.00   1.7363e-18   2.7501e-18
 3405.00   1.6932e-18   2.6457e-18
 3410.00   5.2795e-18   2.6559e-18
 3415.00   6.4521e-20   2.5643e-18
 3420.00   3.6579e-18   2.7888e-18
 3425.00  -3.4001e-18   2.6198e-18
 3430.00   2.3831e-18   2.7957e-18
 3435.00   1.7576e-18   2.7008e-18
 3440.00  -3.0622e-19   2.5198e-18
 3445.00  -2.6648e-18   2.5397e-18
 3450.00   3.3139e-18   2.8211e-18
 3455.00   1.8076e-18   2.7976e-18
 3460.00   2.8306e-18   2.6411e-18
 3465.00   1.5938e-18   2.6948e-18
 3470.00   3.8021e-18   2.7237e-18
 3475.00  -7.6579e-20   2.4618e-18
 3480.00   4.2464e-19   2.6235e-18
 3485.00   1.3272e-19   2.4713e-18
 3490.00  -1.3628e-18   2.3002e-18
 3495.00   3.9407e-19   2.3420e-18
 3500.00   4.9649e-18   2.3886e-18
 3505.00   2.1102e-18   2.2816e-18
 3510.00   1.6235e-18   2.1436e-18
 3515.00   4.1077e-18   2.0000e-18
 3520.00  -1.2317e-19   1.9536e-18
 3525.00   1.0858e-18   1.7064e-18
 3530.00   1.8606e-18   1.8489e-18
 3535.00   3.3205e-18   1.8226e-18
 3540.00   1.3779e-18   1.8090e-18
 3545.00  -7.2977e-19   1.8485e-18
 3550.00   1.1730e-18   1.7575e-18
 3555.00   4.0613e-18   1.6875e-18
 3560.00   3.3389e-19   1.6308e-18
 3565.00   3.2695e-18   1.4917e-18
 3570.00   8.2163e-21   1.3777e-18
 3575.00   3.2367e-18   1.5267e-18
 3580.00   3.9026e-18   1.3191e-18
 3585.00   6.9499e-19   1.3054e-18
 3590.00   1.2276e-18   1.4833e-18
 3595.00   2.0396e-18   1.5854e-18
 3600.00   3.9090e-18   1.6474e-18
 3605.00   4.2266e-19   1.5568e-18
 3610.00   6.6596e-19   1.5390e-18
 3615.00   3.4723e-18   1.6905e-18
 3620.00  -1.6398e-18   1.5432e-18
 3625.00   3.0268e-19   1.7297e-18
 3630.00  -1.6384e-18   1.6047e-18
 3635.00   2.1810e-18   1.6110e-18
 3640.00   2.2312e-18   1.6468e-18
 3645.00  -4.4635e-19   1.4962e-18
 3650.00   1.9414e-18   1.4579e-18
 3655.00   3.1673e-18   1.7709e-18
 3660.00   2.6095e-18   1.6906e-18
 3665.00  -4.3017e-19   1.5217e-18
 3670.00   2.4686e-19   1.4346e-18
 3675.00   1.6552e-18   1.3950e-18
 3680.00   2.2731e-18   1.2581e-18
 3685.00   1.9656e-18   1.2249e-18
 3690.00   2.4433e-18   1.2245e-18
 3695.00   4.8048e-19   1.1796e-18
 3700.00   2.4802e-18   1.2490e-18
 3705.00   1.7575e-18   1.0808e-18
 3710.00   1.3424e-18   1.0706e-18
 3715.00   2.5190e-18   1.1775e-18
 3720.00   2.2845e-18   9.2382e-19
 3725.00   1.5561e-18   1.0226e-18
 3730.00   3.2933e-18   1.0275e-18
 3735.00   7.3429e-19   8.2697e-19
 3740.00   2.6354e-18   1.0360e-18
 3745.00   1.0996e-18   8.8733e-19
 3750.00   8.8910e-19   8.4584e-19
 3755.00   1.6222e-18   1.0451e-18
 3760.00  -4.5067e-20   8.9944e-19
 3765.00  -7.8315e-20   9.2703e-19
 3770.00   3.3644e-18   9.9978e-19
 3775.00   1.8859e-18   1.0687e-18
 3780.00   1.5462e-18   1.0929e-18
 3785.00   1.0761e-18   1.0904e-18
 3790.00   1.4196e-18   1.0476e-18
 3795.00   1.4064e-18   1.0342e-18
 3800.00   1.6368e-18   1.0191e-18
 3805.00   1.5344e-18   1.0909e-18
 3810.00  -3.4641e-19   1.0979e-18
 3815.00  -3.2645e-19   9.6690e-19
 3820.00   1.1967e-18   9.4519e-19
 3825.00  -3.6990e-19   8.8634e-19
 3830.00   1.0377e-18   8.9553e-19
 3835.00   1.8764e-19   8.6143e-19
 3840.00   1.5151e-18   8.3681e-19
 3845.00   8.4808e-19   1.0200e-18
 3850.00   5.4752e-19   9.5159e-19
 3855.00   4.8440e-19   8.8118e-19
 3860.00   1.1526e-19   7.6875e-19
 3865.00   1.0076e-18   8.5388e-19
 3870.00   4.1874e-19   7.4319e-19
 3875.00   1.0920e-18   7.8817e-19
 3880.00   8.9995e-19   6.9664e-19
 3885.00   1.7929e-18   6.9393e-19
 3890.00   2.0355e-18   7.1999e-19
 3895.00   1.7896e-18   7.5946e-19
 3900.00   4.9185e-19   7.4999e-19
 3905.00   1.5219e-18   7.1243e-19
 3910.00   9.4178e-19   7.8552e-19
 3915.00   1.1677e-18   7.6359e-19
 3920.00   1.0395e-18   6.9415e-19
 3925.00   9.1263e-19   6.6834e-19
 3930.00   1.3211e-18   5.2488e-19
 3935.00   9.9297e-19   4.6569e-19
 3940.00   1.7970e-18   6.1901e-19
 3945.00   7.8458e-19   6.4805e-19
 3950.00   1.1406e-18   7.0419e-19
 3955.00   2.5320e-19   6.7676e-19
 3960.00   1.0456e-18   6.5504e-19
 3965.00   9.8260e-19   5.5525e-19
 3970.00   1.7710e-18   4.9947e-19
 3975.00   6.1942e-19   6.6034e-19
 3980.00   4.8462e-19   7.6100e-19
 3985.00   1.1756e-18   7.6181e-19
 3990.00   7.5633e-19   8.0740e-19
 3995.00  -1.7958e-19   7.9064e-19
 4000.00   1.0083e-18   8.0619e-19
 4005.00   1.2781e-18   7.7578e-19
 4010.00   5.3387e-19   8.0905e-19
 4015.00   8.2187e-19   8.0293e-19
 4020.00   1.6739e-18   7.9465e-19
 4025.00   6.0185e-19   7.8593e-19
 4030.00   1.9816e-18   7.5959e-19
 4035.00   5.2226e-19   7.3283e-19
 4040.00   7.7559e-19   7.6437e-19
 4045.00   1.4143e-18   7.9142e-19
 4050.00   1.9818e-18   8.4954e-19
 4055.00   7.1561e-19   7.6863e-19
 4060.00   9.2143e-19   7.4564e-19
 4065.00   6.4293e-19   6.7342e-19
 4070.00   1.1809e-18   6.8334e-19
 4075.00   1.4460e-18   6.7818e-19
 4080.00   1.7010e-18   6.6545e-19
 4085.00   1.0654e-18   6.5021e-19
 4090.00   1.5027e-18   6.6356e-19
 4095.00   1.8996e-18   6.3442e-19
 4100.00   4.1310e-19   5.5609e-19
 4105.00   2.0489e-18   6.0532e-19
 4110.00   1.2352e-18   6.1418e-19
 4115.00   1.1481e-18   6.3500e-19
 4120.00   1.4083e-18   6.0859e-19
 4125.00   1.9704e-18   6.1940e-19
 4130.00   1.3589e-18   5.9044e-19
 4135.00   1.4398e-18   5.9657e-19
 4140.00   7.4904e-19   6.1378e-19
 4145.00   1.3678e-18   5.7207e-19
 4150.00   2.0921e-18   5.9480e-19
 4155.00   1.2366e-18   5.7854e-19
 4160.00   1.5335e-18   6.0309e-19
 4165.00   1.2545e-18   6.1004e-19
 4170.00   3.5184e-18   6.0975e-19
 4175.00   2.0698e-18   5.8374e-19
 4180.00   7.6640e-19   5.8688e-19
 4185.00   9.6586e-19   5.8751e-19
 4190.00   5.6906e-19   5.8919e-19
 4195.00   1.6266e-18   6.1674e-19
 4200.00   1.5814e-18   5.7703e-19
 4205.00   7.3897e-19   6.2000e-19
 4210.00   1.0097e-18   6.3648e-19
 4215.00   1.2503e-18   6.2377e-19
 4220.00   1.4314e-18   6.4793e-19
 4225.00   1.8833e-19   5.5904e-19
 4230.00   1.3403e-18   6.5164e-19
 4235.00   1.1942e-18   6.2886e-19
 4240.00   9.2599e-19   6.5212e-19
 4245.00  -4.6529e-19   6.6000e-19
 4250.00   1.4008e-18   6.4980e-19
 4255.00   2.0118e-18   6.7595e-19
 4260.00   1.5762e-18   6.4065e-19
 4265.00   3.6835e-19   6.8901e-19
 4270.00   9.5413e-19   6.2419e-19
 4275.00   1.0631e-18   6.5195e-19
 4280.00   2.3000e-18   8.5583e-19
 4285.00   1.5223e-18   8.0581e-19
 4290.00   1.2175e-18   7.4688e-19
 4295.00   1.4072e-18   7.4480e-19
 4300.00   1.8839e-18   6.4816e-19
 4305.00   1.0150e-18   6.3699e-19
 4310.00   7.6191e-19   5.8644e-19
 4315.00   1.8383e-18   7.0043e-19
 4320.00   7.3846e-19   7.1902e-19
 4325.00   2.3705e-18   6.2112e-19
 4330.00   3.8630e-19   6.8384e-19
 4335.00   1.1567e-18   6.6886e-19
 4340.00   1.4786e-18   5.7631e-19
 4345.00   2.3095e-18   6.5014e-19
 4350.00   9.8880e-19   6.2910e-19
 4355.00   1.6314e-18   6.4623e-19
 4360.00   2.3446e-18   6.6386e-19
 4365.00   1.5206e-18   6.5635e-19
 4370.00   4.4740e-18   6.6288e-19
 4375.00   1.5664e-18   6.2212e-19
 4380.00   7.1449e-19   6.4220e-19
 4385.00   1.6315e-18   5.5692e-19
 4390.00   8.8370e-19   6.1464e-19
 4395.00   1.9609e-18   6.3506e-19
 4400.00   1.0582e-18   6.3442e-19
 4405.00   1.1847e-18   6.1545e-19
 4410.00   1.4182e-18   6.6251e-19
 4415.00   2.6872e-18   6.6044e-19
 4420.00   9.6301e-19   6.8484e-19
 4425.00   3.6549e-19   6.6976e-19
 4430.00   8.9872e-19   6.8831e-19
 4435.00   1.4138e-18   6.7061e-19
 4440.00   1.3751e-18   7.0486e-19
 4445.00   7.5732e-19   6.9570e-19
 4450.00   2.1804e-18   7.1887e-19
 4455.00   6.4491e-19   6.7141e-19
 4460.00   2.4973e-18   6.8777e-19
 4465.00   1.0191e-18   7.1049e-19
 4470.00   1.3735e-18   7.1195e-19
 4475.00   3.7482e-19   7.3090e-19
 4480.00   1.2132e-19   7.0486e-19
 4485.00   8.1675e-19   7.3939e-19
 4490.00   2.5160e-18   7.2741e-19
 4495.00   1.8577e-18   7.2485e-19
 4500.00   2.2455e-18   7.3622e-19
 4505.00   1.5042e-18   7.4768e-19
 4510.00   1.3578e-18   1.0661e-18
 4515.00   6.6856e-19   1.0011e-18
 4520.00  -4.6670e-19   9.5998e-19
 4525.00   9.2204e-19   9.0971e-19
 4530.00   1.9936e-18   8.7389e-19
 4535.00   4.0317e-19   8.4010e-19
 4540.00   2.1313e-18   8.5683e-19
 4545.00   1.8332e-18   8.2655e-19
 4550.00   1.2687e-18   7.7847e-19
 4555.00   1.5997e-18   7.6606e-19
 4560.00   1.3658e-18   7.6911e-19
 4565.00   1.1144e-18   7.2549e-19
 4570.00   1.8132e-18   7.2078e-19
 4575.00   2.3112e-18   7.2288e-19
 4580.00   1.6892e-18   6.8540e-19
 4585.00   1.2114e-19   6.5919e-19
 4590.00   1.0646e-18   6.6523e-19
 4595.00   1.5391e-18   6.5225e-19
 4600.00   7.9648e-19   6.3533e-19
 4605.00   8.2053e-19   6.3341e-19
 4610.00   1.5447e-18   6.4433e-19
 4615.00   9.9064e-19   6.2696e-19
 4620.00   1.0772e-18   6.2510e-19
 4625.00   2.0185e-18   6.2752e-19
 4630.00   9.7817e-19   6.2250e-19
 4635.00   1.0002e-18   6.0846e-19
 4640.00   1.4777e-18   6.0603e-19
 4645.00   1.1284e-18   5.9748e-19
 4650.00   2.1339e-18   5.9930e-19
 4655.00   1.2262e-18   5.9991e-19
 4660.00   2.0024e-18   6.2420e-19
 4665.00   2.0676e-18   5.9310e-19
 4670.00   2.2078e-18   5.9952e-19
 4675.00   9.5427e-19   6.1146e-19
 4680.00   9.2549e-19   5.9702e-19
 4685.00   2.1597e-18   6.2310e-19
 4690.00   2.5618e-18   6.2010e-19
 4695.00   2.7034e-18   6.3316e-19
 4700.00   1.4968e-18   6.1178e-19
 4705.00   1.3416e-18   6.0421e-19
 4710.00   1.9073e-18   6.1844e-19
 4715.00   7.0097e-19   6.2023e-19
 4720.00   1.0109e-18   6.3670e-19
 4725.00   4.0712e-19   6.3326e-19
 4730.00   7.6287e-19   6.1418e-19
 4735.00   1.8861e-18   6.2615e-19
 4740.00   1.5577e-18   6.3614e-19
 4745.00   1.7413e-18   6.4181e-19
 4750.00   2.2690e-18   6.3773e-19
 4755.00   1.6761e-18   6.2338e-19
 4760.00   1.1940e-18   6.2373e-19
 4765.00   1.3364e-18   6.0910e-19
 4770.00   1.7868e-19   6.1411e-19
 4775.00   1.2539e-18   6.2720e-19
 4780.00   1.2592e-18   6.2514e-19
 4785.00   7.9741e-19   6.0253e-19
 4790.00   7.3436e-19   8.8283e-19
 4795.00   9.0087e-19   8.6937e-19
 4800.00   1.5156e-18   8.2235e-19
 4805.00   1.5524e-18   7.9934e-19
 4810.00   1.6663e-18   7.7053e-19
 4815.00   7.9116e-19   7.5137e-19
 4820.00   2.1353e-18   7.4330e-19
 4825.00   2.2254e-18   7.0657e-19
 4830.00   3.8279e-19   6.7667e-19
 4835.00   1.5137e-18   6.7192e-19
 4840.00   7.8795e-19   6.4132e-19
 4845.00   1.4817e-18   6.3461e-19
 4850.00   1.3596e-18   6.1717e-19
 4855.00  -2.9197e-19   5.7416e-19
 4860.00   9.4499e-19   5.2101e-19
 4865.00   1.5805e-18   5.5777e-19
 4870.00   1.3763e-18   5.4503e-19
 4875.00   1.5315e-18   5.5940e-19
 4880.00   1.3686e-18   5.5491e-19
 4885.00   1.1676e-18   5.4399e-19
 4890.00   1.8053e-18   5.2629e-19
 4895.00   1.9720e-18   5.5483e-19
 4900.00   1.3686e-18   5.4136e-19
 4905.00   5.9934e-19   5.3035e-19
 4910.00   1.0910e-18   5.1323e-19
 4915.00   8.8180e-19   5.2243e-19
 4920.00   1.2631e-18   4.7795e-19
 4925.00   9.7795e-19   5.0953e-19
 4930.00   2.3335e-18   5.1947e-19
 4935.00   1.3781e-18   4.9600e-19
 4940.00   1.2408e-18   4.9326e-19
 4945.00   1.1275e-18   5.0204e-19
 4950.00   8.9995e-19   5.0689e-19
 4955.00   1.5578e-18   4.9187e-19
 4960.00   1.4687e-18   4.9360e-19
 4965.00   2.0584e-18   5.0874e-19
 4970.00   7.5059e-19   4.9942e-19
 4975.00   1.1069e-18   5.0796e-19
 4980.00   1.4122e-18   4.9701e-19
 4985.00   1.4868e-18   4.8790e-19
 4990.00   1.6001e-18   5.1319e-19
 4995.00   1.7846e-18   5.1729e-19
 5000.00   1.5920e-18   5.0916e-19
 5005.00   1.6840e-18   5.0146e-19
 5010.00   1.1864e-18   5.1887e-19
 5015.00   1.4231e-18   5.1054e-19
 5020.00   1.3350e-18   5.1624e-19
 5025.00   1.2541e-18   5.2886e-19
 5030.00   2.0842e-18   5.4099e-19
 5035.00   1.9813e-18   5.4814e-19
 5040.00   8.3287e-19   5.1929e-19
 5045.00   1.7721e-18   5.7354e-19
 5050.00   1.3432e-18   5.3776e-19
 5055.00   1.1610e-18   5.4119e-19
 5060.00   9.7755e-19   5.4751e-19
 5065.00   4.9737e-19   5.3007e-19
 5070.00   7.0685e-19   5.3683e-19
 5075.00   1.2231e-18   5.4040e-19
 5080.00   8.1430e-19   5.2252e-19
 5085.00   1.0657e-18   5.3646e-19
 5090.00   7.1657e-19   5.3858e-19
 5095.00   1.1216e-18   5.4054e-19
 5100.00   1.1653e-18   5.2825e-19
 5105.00   1.2043e-18   5.3283e-19
 5110.00   8.7160e-19   5.2556e-19
 5115.00   1.5095e-18   8.3634e-19
 5120.00   1.9031e-18   8.1209e-19
 5125.00   2.0273e-18   7.6952e-19
 5130.00   1.3241e-18   7.4837e-19
 5135.00   9.6474e-19   7.2873e-19
 5140.00   5.8678e-19   6.9169e-19
 5145.00   9.1935e-19   6.8226e-19
 5150.00   1.5024e-18   6.7108e-19
 5155.00   1.6491e-18   6.5761e-19
 5160.00   1.3613e-18   6.4402e-19
 5165.00   3.8824e-19   5.8416e-19
 5170.00   8.3804e-19   5.5364e-19
 5175.00   7.7039e-19   5.6545e-19
 5180.00   1.5340e-18   5.8799e-19
 5185.00   3.7486e-19   5.1080e-19
 5190.00   7.7807e-19   5.6078e-19
 5195.00   9.4420e-19   5.5802e-19
 5200.00   2.0440e-18   6.4810e-19
 5205.00   1.2106e-18   5.3999e-19
 5210.00   8.9929e-19   5.2907e-19
 5215.00   1.7090e-18   5.3044e-19
 5220.00   5.8055e-19   5.2844e-19
 5225.00   1.3257e-18   5.0918e-19
 5230.00   1.8932e-18   5.2080e-19
 5235.00   1.2459e-18   5.0159e-19
 5240.00   1.2911e-18   5.2959e-19
 5245.00   2.2452e-18   5.1374e-19
 5250.00   8.1428e-19   5.0282e-19
 5255.00   1.4313e-18   5.1799e-19
 5260.00   1.3214e-18   5.0203e-19
 5265.00   4.7819e-19   4.5982e-19
 5270.00   1.5466e-18   4.7285e-19
 5275.00   9.7529e-19   4.9795e-19
 5280.00   1.7165e-18   5.0123e-19
 5285.00   1.4968e-18   4.9514e-19
 5290.00   1.1820e-18   5.0932e-19
 5295.00   1.0830e-18   5.0128e-19
 5300.00   1.3225e-18   5.0237e-19
 5305.00   9.8564e-19   5.0872e-19
 5310.00   1.3500e-18   5.1461e-19
 5315.00   1.0317e-18   5.1182e-19
 5320.00   1.5015e-18   5.1501e-19
 5325.00   1.4121e-18   5.0305e-19
 5330.00   8.7122e-19   4.9420e-19
 5335.00   9.0258e-19   5.1304e-19
 5340.00   1.9587e-18   5.0938e-19
 5345.00   1.8858e-18   5.2088e-19
 5350.00   1.2580e-18   5.2038e-19
 5355.00   1.2665e-18   5.2822e-19
 5360.00   8.5312e-19   5.2445e-19
 5365.00   1.4448e-18   5.1716e-19
 5370.00   8.5256e-19   5.0665e-19
 5375.00   1.1646e-18   5.3430e-19
 5380.00   1.0513e-18   5.3340e-19
 5385.00   1.2682e-18   5.3527e-19
 5390.00   1.2969e-18   5.3940e-19
 5395.00   1.3615e-18   5.3604e-19
 5400.00   1.7783e-18   5.5003e-19
 5405.00   7.9571e-19   5.3266e-19
 5410.00   8.0670e-19   5.5110e-19
 5415.00   1.0673e-18   5.6812e-19
 5420.00   1.8841e-18   5.8270e-19
 5425.00   1.3629e-18   5.8163e-19
 5430.00   1.5445e-18   5.7006e-19
 5435.00   1.5669e-18   5.5832e-19
 5440.00   1.8183e-18   5.8020e-19
 5445.00   5.9331e-19   5.6028e-19
 5450.00   7.8427e-19   5.8336e-19
 5455.00   1.1107e-18   5.7881e-19
 5460.00   8.1330e-19   6.0787e-19
 5465.00   1.5642e-18   6.0056e-19
 5470.00   1.3142e-18   6.1520e-19
 5475.00   1.3364e-18   6.0515e-19
 5480.00   2.0588e-18   6.2131e-19
 5485.00   1.3267e-18   6.2476e-19
 5490.00   1.1378e-18   1.0783e-18
 5495.00   1.1393e-18   1.0240e-18
 5500.00   1.2081e-18   9.9357e-19
 5505.00   6.6250e-20   9.4529e-19
 5510.00   2.0073e-18   9.3534e-19
 5515.00   9.7578e-19   8.9616e-19
 5520.00   3.3988e-19   8.8754e-19
 5525.00   2.0046e-18   8.7492e-19
 5530.00   2.0900e-18   8.5500e-19
 5535.00   1.2520e-18   8.5822e-19
 5540.00   1.6488e-18   8.8051e-19
 5545.00   1.1829e-18   8.9453e-19
 5550.00   8.4856e-19   7.7640e-19
 5555.00   6.9340e-19   6.7358e-19
 5560.00   9.4230e-19   6.6059e-19
 5565.00   1.7883e-18   6.5829e-19
 5570.00   1.1547e-18   6.2848e-19
 5575.00   1.6706e-18   6.7162e-19
 5580.00   1.7606e-18   6.2000e-19
 5585.00   1.9697e-19   5.4298e-19
 5590.00   5.3684e-19   5.3668e-19
 5595.00   7.0539e-19   5.1124e-19
 5600.00   1.2261e-18   5.0963e-19
 5605.00  -1.9561e-19   5.6417e-19
 5610.00   8.2627e-19   5.3512e-19
 5615.00   5.7085e-19   5.0361e-19
 5620.00   1.0787e-18   4.9424e-19
 5625.00   2.1019e-19   4.8040e-19
 5630.00   2.1796e-19   4.6019e-19
 5635.00   1.2457e-18   4.4913e-19
 5640.00   1.5485e-18   4.4049e-19
 5645.00   5.0025e-19   4.3421e-19
 5650.00   8.0174e-19   4.1843e-19
 5655.00   2.7168e-19   4.0743e-19
 5660.00   5.9661e-19   3.9409e-19
 5665.00   5.2036e-19   3.9446e-19
 5670.00   1.3099e-18   3.9677e-19
 5675.00   1.7079e-19   3.8282e-19
 5680.00   2.9173e-20   3.7483e-19
 5685.00   6.0176e-19   3.7115e-19
 5690.00   3.5340e-19   3.6419e-19
 5695.00   6.1935e-19   3.6292e-19
 5700.00   3.6075e-19   3.5479e-19
 5705.00   1.5740e-19   3.4850e-19
 5710.00   5.6165e-20   3.3839e-19
 5715.00   4.4759e-19   3.4154e-19
 5720.00   3.5656e-20   3.3859e-19
 5725.00   6.9282e-19   3.3690e-19
 5730.00   2.9257e-19   3.2793e-19
 5735.00   7.2308e-19   3.2606e-19
 5740.00   1.2688e-20   3.1828e-19
 5745.00   6.4728e-19   3.1742e-19
 5750.00   2.4238e-19   3.0666e-19
 5755.00   4.4585e-19   2.9803e-19
 5760.00   2.2287e-19   2.9302e-19
 5765.00   1.8302e-19   2.8594e-19
 5770.00   8.1423e-20   2.8103e-19
 5775.00   1.1557e-19   2.7029e-19
 5780.00   3.1878e-19   2.6218e-19
 5785.00   7.8411e-19   2.5613e-19
 5790.00   4.1489e-19   2.4637e-19
 5795.00   3.3025e-19   2.4384e-19
 5800.00   3.3549e-19   2.3719e-19
 5805.00   1.4248e-19   2.2949e-19
 5810.00   1.4094e-18   2.1825e-19
 5815.00   2.1037e-19   2.2176e-19
 5820.00   2.4079e-19   2.2208e-19
 5825.00   4.6581e-19   2.1861e-19
 5830.00   4.5538e-19   2.1751e-19
 5835.00   3.4967e-19   2.1490e-19
 5840.00   3.4395e-19   2.1241e-19
 5845.00   2.1739e-19   2.1214e-19
 5850.00   6.0726e-19   2.1195e-19
 5855.00   1.6196e-19   2.0936e-19
 5860.00   1.2254e-19   2.0820e-19
 5865.00   3.8623e-19   2.2994e-19
 5870.00   3.7612e-19   2.2902e-19
 5875.00   1.9531e-19   2.2243e-19
 5880.00   1.6352e-19   2.1741e-19
 5885.00   5.2649e-19   2.2419e-19
 5890.00   1.8186e-18   2.6080e-19
 5895.00   1.2852e-20   2.4652e-19
 5900.00  -3.7997e-20   2.2229e-19
 5905.00   3.1792e-19   2.3480e-19
 5910.00   5.3780e-19   2.3018e-19
 5915.00   3.2972e-19   2.4499e-19
 5920.00   5.0982e-19   2.3521e-19
 5925.00   1.1531e-19   2.4439e-19
 5930.00   5.1974e-19   2.4192e-19
 5935.00   3.6031e-19   2.5855e-19
 5940.00   3.3221e-19   2.4796e-19
 5945.00  -1.6390e-19   2.5672e-19
 5950.00   6.1846e-19   2.5687e-19
 5955.00   3.8425e-19   2.8023e-19
 5960.00   3.1676e-19   2.7505e-19
 5965.00   1.7691e-19   2.8299e-19
 5970.00   2.2158e-19   2.9715e-19
 5975.00   2.0487e-19   3.1102e-19
 5980.00   7.3716e-19   3.1652e-19
 5985.00   6.5028e-19   3.2550e-19
 5990.00   7.6867e-19   3.4247e-19
 5995.00   6.7568e-19   3.5608e-19
 6000.00   5.1655e-19   4.9504e-19
 6005.00   9.4260e-20   4.8778e-19
 6010.00   3.4832e-20   4.6159e-19
 6015.00   1.5875e-20   4.5915e-19
 6020.00   9.8974e-19   4.5497e-19
 6025.00   8.2519e-19   4.5010e-19
 6030.00   1.5562e-18   4.5556e-19
 6035.00   4.1374e-19   4.4702e-19
 6040.00   6.5412e-19   4.3677e-19
 6045.00   4.3044e-19   4.3293e-19
 6050.00   7.0603e-19   4.2847e-19
 6055.00   5.5080e-19   4.2047e-19
 6060.00   1.4280e-18   4.2866e-19
 6065.00   1.0542e-18   4.1965e-19
 6070.00   8.6778e-19   4.1617e-19
 6075.00   8.8938e-19   4.1239e-19
 6080.00   7.6867e-19   4.0387e-19
 6085.00   5.4862e-19   4.0334e-19
 6090.00   1.0465e-18   4.0471e-19
 6095.00   2.3334e-19   4.0291e-19
 6100.00   1.5786e-19   4.0074e-19
 6105.00   6.5313e-19   4.0117e-19
 6110.00   1.1919e-18   4.0220e-19
 6115.00   3.6025e-19   3.9507e-19
 6120.00   9.5049e-19   3.9414e-19
 6125.00   5.8025e-19   3.9223e-19
 6130.00   8.8008e-19   3.9259e-19
 6135.00   6.2378e-19   3.9592e-19
 6140.00   9.6089e-19   3.9981e-19
 6145.00   5.3430e-19   4.0443e-19
 6150.00   4.6733e-19   3.8559e-19
 6155.00   7.9761e-19   3.9191e-19
 6160.00   1.0084e-18   3.8543e-19
 6165.00  -3.7520e-20   3.7364e-19
 6170.00   1.2287e-18   4.0599e-19
 6175.00   1.0394e-18   3.9082e-19
 6180.00   9.1478e-19   3.8170e-19
 6185.00   6.1431e-19   3.8217e-19
 6190.00   2.9099e-19   3.7512e-19
 6195.00   1.2271e-18   3.8856e-19
 6200.00   5.8772e-19   3.7973e-19
 6205.00   6.7680e-19   3.9068e-19
 6210.00   6.4685e-19   3.7705e-19
 6215.00   1.0848e-18   3.8402e-19
 6220.00   5.3145e-19   4.2279e-19
 6225.00   4.3763e-19   3.9309e-19
 6230.00   1.0204e-18   3.8659e-19
 6235.00   1.0274e-18   4.7242e-19
 6240.00   6.3597e-19   4.1070e-19
 6245.00   6.3050e-19   3.8831e-19
 6250.00   1.0022e-18   3.7704e-19
 6255.00   4.9221e-19   3.7177e-19
 6260.00   1.0808e-18   4.0792e-19
 6265.00   8.2215e-19   3.9001e-19
 6270.00   9.5699e-19   3.7532e-19
 6275.00   1.0211e-18   3.7189e-19
 6280.00   8.9936e-19   3.6200e-19
 6285.00   9.7932e-19   3.7772e-19
 6290.00   6.7518e-19   3.7746e-19
 6295.00   1.0736e-18   3.7047e-19
 6300.00   6.0112e-19   4.4475e-19
 6305.00   1.1108e-18   3.9607e-19
 6310.00   2.6091e-19   3.5759e-19
 6315.00   5.7470e-19   3.5411e-19
 6320.00   1.4145e-18   3.7925e-19
 6325.00   1.1780e-18   3.6406e-19
 6330.00   1.1642e-18   3.9460e-19
 6335.00   1.2819e-18   3.6134e-19
 6340.00   9.4624e-19   3.6238e-19
 6345.00   1.0263e-18   3.6296e-19
 6350.00   1.0183e-18   3.8216e-19
 6355.00   7.6572e-19   3.9018e-19
 6360.00   6.2272e-19   3.6370e-19
 6365.00   4.7880e-19   4.1909e-19
 6370.00  -3.1585e-18   3.3685e-19
 6375.00  -7.0487e-19   3.5438e-19
 6380.00   7.6564e-19   3.7240e-19
 6385.00   7.9503e-19   3.8069e-19
 6390.00   4.1646e-19   3.5779e-19
 6395.00   9.4510e-19   3.5623e-19
 6400.00   8.5530e-19   3.5317e-19
 6405.00   1.1861e-18   3.5596e-19
 6410.00   8.3565e-19   3.4582e-19
 6415.00   1.1244e-18   3.5543e-19
 6420.00   1.0325e-18   3.5702e-19
 6425.00   1.3706e-18   3.5117e-19
 6430.00   8.4674e-19   3.4441e-19
 6435.00   1.2006e-18   3.4953e-19
 6440.00   8.8021e-19   3.4292e-19
 6445.00   6.1586e-19   3.4545e-19
 6450.00   9.2573e-19   3.5216e-19
 6455.00   7.5043e-19   3.5286e-19
 6460.00   1.3290e-18   3.9162e-19
 6465.00   1.1725e-18   4.4597e-19
 6470.00   8.3385e-19   4.0939e-19
 6475.00   1.0603e-18   3.6638e-19
 6480.00   1.0632e-18   3.7384e-19
 6485.00   7.4305e-19   3.5113e-19
 6490.00   1.0743e-18   3.5078e-19
 6495.00   8.1083e-19   3.4293e-19
 6500.00   1.2409e-18   3.9343e-19
 6505.00   9.0629e-19   3.6727e-19
 6510.00   1.0255e-18   3.3900e-19
 6515.00   9.5094e-19   3.4191e-19
 6520.00   1.1598e-18   3.4062e-19
 6525.00   1.1790e-18   3.4193e-19
 6530.00   5.1677e-19   3.2393e-19
 6535.00   1.4923e-18   3.5799e-19
 6540.00   4.7834e-19   3.2375e-19
 6545.00   8.8769e-19   3.4334e-19
 6550.00   3.9330e-19   3.1849e-19
 6555.00   8.7957e-19   3.5028e-19
 6560.00   5.8210e-19   3.0892e-19
 6565.00   5.9103e-19   3.2164e-19
 6570.00   6.3115e-19   3.4051e-19
 6575.00   5.2326e-19   3.4276e-19
 6580.00   7.2779e-19   3.3739e-19
 6585.00   8.8805e-19   3.2984e-19
 6590.00   8.2641e-19   3.3237e-19
 6595.00   1.1116e-18   3.4457e-19
 6600.00   1.2832e-18   3.3297e-19
 6605.00   1.0350e-18   3.5889e-19
 6610.00   5.8226e-19   3.2995e-19
 6615.00   5.0749e-18   3.5726e-19
 6620.00   1.0093e-17   3.8429e-19
 6625.00   2.9589e-18   3.4610e-19
 6630.00   9.7753e-19   3.3709e-19
 6635.00   9.4490e-19   3.4355e-19
 6640.00   1.0305e-18   3.3101e-19
 6645.00   5.5216e-19   3.2454e-19
 6650.00   1.1329e-18   3.3032e-19
 6655.00   9.1989e-19   3.2717e-19
 6660.00   1.3154e-18   3.3359e-19
 6665.00   1.3857e-18   3.3065e-19
 6670.00   4.3550e-19   3.2805e-19
 6675.00   1.3336e-18   3.2851e-19
 6680.00   7.8954e-19   3.2282e-19
 6685.00   1.0535e-18   3.2848e-19
 6690.00   9.3022e-19   3.2472e-19
 6695.00   5.2402e-19   3.2103e-19
 6700.00   8.4789e-19   3.2800e-19
 6705.00   2.1673e-18   3.4578e-19
 6710.00   7.1810e-19   3.2387e-19
 6715.00   8.9516e-19   3.5996e-19
 6720.00   2.1245e-18   3.6210e-19
 6725.00   1.1292e-18   3.5022e-19
 6730.00   1.4604e-18   3.5096e-19
 6735.00   2.3760e-18   3.6032e-19
 6740.00   7.6565e-19   3.3710e-19
 6745.00   1.6235e-18   3.4218e-19
 6750.00   1.0027e-18   3.2756e-19
 6755.00   9.9770e-19   3.2465e-19
 6760.00   1.2250e-18   3.2526e-19
 6765.00   1.3505e-18   3.2138e-19
 6770.00   1.7125e-18   3.2009e-19
 6775.00   1.0063e-18   3.1495e-19
 6780.00   1.0966e-18   3.1316e-19
 6785.00   1.0857e-18   3.1289e-19
 6790.00   1.3748e-18   3.1522e-19
 6795.00   1.1542e-18   3.0653e-19
 6800.00   6.6159e-19   3.0442e-19
 6805.00   7.4720e-19   3.0309e-19
 6810.00   1.3798e-18   3.0345e-19
 6815.00   9.4548e-19   2.9933e-19
 6820.00   1.2317e-18   3.0175e-19
 6825.00   9.8488e-19   3.1189e-19
 6830.00   1.3984e-18   3.9630e-19
 6835.00   1.1042e-18   3.6338e-19
 6840.00   1.8001e-18   3.2836e-19
 6845.00   1.0710e-18   2.9809e-19
 6850.00   1.3573e-18   3.0768e-19
 6855.00   1.3670e-18   3.0115e-19
 6860.00   1.1627e-18   3.0616e-19
 6865.00   1.3981e-18   3.5848e-19
 6870.00   1.6004e-18   2.9657e-19
 6875.00   1.1482e-18   2.7752e-19
 6880.00   1.0721e-18   3.2097e-19
 6885.00   9.7192e-19   2.9881e-19
 6890.00   1.4270e-18   3.2578e-19
 6895.00   7.4551e-19   2.9668e-19
 6900.00   9.8127e-19   3.2679e-19
 6905.00   1.5572e-18   3.0450e-19
 6910.00   1.1442e-18   3.1345e-19
 6915.00   9.1563e-19   3.1649e-19
 6920.00   1.2352e-18   3.0427e-19
 6925.00   9.0691e-19   3.4179e-19
 6930.00   7.0481e-19   3.0034e-19
 6935.00   1.0157e-18   3.0150e-19
 6940.00   1.4092e-18   3.3377e-19
 6945.00   8.6197e-19   2.9617e-19
 6950.00   6.9009e-19   3.4235e-19
 6955.00   9.5522e-19   3.0010e-19
 6960.00   1.4665e-18   3.0197e-19
 6965.00   1.5072e-18   3.0571e-19
 6970.00   1.9602e-18   3.2546e-19
 6975.00   1.4350e-18   2.9899e-19
 6980.00   1.6127e-18   3.3628e-19
 6985.00   1.4038e-18   3.0384e-19
 6990.00   1.4515e-18   3.4741e-19
 6995.00   1.3122e-18   3.4481e-19
 7000.00   1.6748e-18   3.4408e-19
 7005.00   1.2198e-18   3.4676e-19
 7010.00   1.2539e-18   3.5942e-19
 7015.00   1.1080e-18   3.1285e-19
 7020.00   1.0193e-18   3.1330e-19
 7025.00   1.1305e-18   3.0558e-19
 7030.00   1.5195e-18   3.1267e-19
 7035.00   1.2141e-18   3.0193e-19
 7040.00   1.1132e-18   3.1144e-19
 7045.00   9.9351e-19   3.0430e-19
 7050.00   1.9715e-18   3.3681e-19
 7055.00   1.4240e-18   2.9943e-19
 7060.00   9.0168e-19   2.8883e-19
 7065.00   1.3219e-18   2.9932e-19
 7070.00   1.0497e-18   2.8804e-19
 7075.00   1.0261e-18   2.8633e-19
 7080.00   1.8700e-18   2.9453e-19
 7085.00   1.1661e-18   2.8178e-19
 7090.00   1.3757e-18   2.9306e-19
 7095.00   1.2344e-18   2.7146e-19
 7100.00   1.6263e-18   2.7512e-19
 7105.00   1.2686e-18   2.7142e-19
 7110.00   1.1781e-18   2.7214e-19
 7115.00   1.2209e-18   2.7130e-19
 7120.00   1.4315e-18   2.6795e-19
 7125.00   1.0854e-18   2.7320e-19
 7130.00   1.4877e-18   2.7870e-19
 7135.00   1.3741e-18   2.7903e-19
 7140.00   1.6234e-18   2.7735e-19
 7145.00   1.1027e-18   2.9018e-19
 7150.00   1.6247e-18   2.8178e-19
 7155.00   1.4765e-18   2.7558e-19
 7160.00   1.4075e-18   2.8482e-19
 7165.00   1.7371e-18   2.8194e-19
 7170.00   1.1598e-18   2.7488e-19
 7175.00   9.9858e-19   2.7533e-19
 7180.00   2.0904e-18   2.8445e-19
 7185.00   1.5577e-18   2.6579e-19
 7190.00   1.8779e-18   2.7318e-19
 7195.00   1.7273e-18   2.7088e-19
 7200.00   1.0686e-18   2.6840e-19
 7205.00   9.0974e-19   2.6536e-19
 7210.00   1.1406e-18   2.7597e-19
 7215.00   1.1798e-18   2.7374e-19
 7220.00   9.7880e-19   2.7576e-19
 7225.00   1.9220e-18   2.8207e-19
 7230.00   1.4638e-18   2.7990e-19
 7235.00   1.1371e-18   2.7387e-19
 7240.00   1.7421e-18   4.6401e-19
 7245.00   2.0698e-18   3.6586e-19
 7250.00   8.1233e-19   2.7651e-19
 7255.00   1.3316e-18   3.2597e-19
 7260.00   1.1283e-18   2.7165e-19
 7265.00   1.4499e-18   2.7384e-19
 7270.00   1.5737e-18   2.8921e-19
 7275.00   8.0199e-19   3.3952e-19
 7280.00   1.6375e-18   2.8321e-19
 7285.00   3.1806e-18   3.3815e-19
 7290.00   1.0931e-18   2.6730e-19
 7295.00   1.4815e-18   3.3443e-19
 7300.00   1.4742e-18   2.9322e-19
 7305.00   7.8738e-19   3.3211e-19
 7310.00   1.1109e-18   2.9951e-19
 7315.00   5.4137e-19   3.2015e-19
 7320.00   5.1902e-19   2.6931e-19
 7325.00   1.0739e-18   2.7057e-19
 7330.00   1.2409e-18   3.2244e-19
 7335.00   1.3771e-18   2.7192e-19
 7340.00   1.6954e-18   3.2282e-19
 7345.00   1.0732e-18   2.7860e-19
 7350.00   1.3391e-18   2.7639e-19
 7355.00   1.3480e-18   2.6916e-19
 7360.00   1.3490e-18   3.0168e-19
 7365.00   1.0315e-18   2.6486e-19
 7370.00   1.3062e-18   3.0393e-19
 7375.00   1.5713e-18   2.6849e-19
 7380.00   1.1203e-18   2.5639e-19
 7385.00   1.5128e-18   2.5493e-19
 7390.00   1.3827e-18   2.8488e-19
 7395.00   1.0652e-18   2.5675e-19
 7400.00   1.0392e-18   2.8617e-19
 7405.00   1.4179e-18   2.5131e-19
 7410.00   1.1935e-18   2.4790e-19
 7415.00   1.2274e-18   2.5255e-19
 7420.00   1.3650e-18   2.4720e-19
 7425.00   1.3091e-18   2.4894e-19
 7430.00   1.3911e-18   2.7415e-19
 7435.00   1.2826e-18   2.4791e-19
 7440.00   1.1051e-18   2.8432e-19
 7445.00   1.4171e-18   2.4503e-19
 7450.00   1.4972e-18   2.4843e-19
 7455.00   1.4914e-18   2.4779e-19
 7460.00   9.9088e-19   2.6877e-19
 7465.00   1.5196e-18   3.0430e-19
 7470.00   9.3476e-19   2.9153e-19
 7475.00   1.4587e-18   2.8311e-19
 7480.00   8.9109e-19   3.0194e-19
 7485.00   1.0824e-18   2.8855e-19
 7490.00   1.5866e-18   2.5796e-19
 7495.00   1.4583e-18   2.7262e-19
 7500.00   7.8934e-19   2.5468e-19
 7505.00   1.2235e-18   2.5682e-19
 7510.00   1.0646e-18   2.5029e-19
 7515.00   1.1942e-18   2.6243e-19
 7520.00   6.5058e-19   2.6711e-19
 7525.00   1.6928e-18   3.3173e-19
 7530.00   7.3304e-19   3.0016e-19
 7535.00   1.4162e-18   2.6382e-19
 7540.00   1.0833e-18   2.8166e-19
 7545.00   9.8749e-19   2.5817e-19
 7550.00   8.0275e-19   2.5455e-19
 7555.00   1.0267e-18   2.7334e-19
 7560.00   1.2372e-18   2.7175e-19
 7565.00   6.1487e-19   2.5501e-19
 7570.00   1.1652e-18   3.0875e-19
 7575.00   1.6502e-18   2.7468e-19
 7580.00   1.2519e-18   2.5228e-19
 7585.00   1.6643e-18   2.8227e-19
 7590.00   1.6375e-18   2.5456e-19
 7595.00   1.0043e-18   2.1605e-19
 7600.00   1.8410e-19   2.0664e-19
 7605.00   1.8633e-19   1.7858e-19
 7610.00   2.4669e-19   1.8654e-19
 7615.00   1.8301e-19   2.0317e-19
 7620.00   8.3569e-19   3.2079e-19
 7625.00   7.2690e-19   2.4787e-19
 7630.00   3.6390e-20   2.6395e-19
 7635.00   6.3231e-19   2.2932e-19
 7640.00   7.9504e-19   2.3778e-19
 7645.00   7.8477e-19   2.3811e-19
 7650.00   9.0344e-19   2.4474e-19
 7655.00   9.0702e-19   2.6651e-19
 7660.00   2.9523e-19   2.5459e-19
 7665.00   5.0495e-19   2.5668e-19
 7670.00   7.2374e-19   2.5123e-19
 7675.00   5.2917e-19   2.5368e-19
 7680.00   9.4716e-19   2.6525e-19
 7685.00   8.5002e-19   3.0299e-19
 7690.00   1.5188e-18   3.1528e-19
 7695.00   5.8925e-19   2.7349e-19
 7700.00   1.4519e-18   3.0365e-19
 7705.00   2.2363e-18   2.6424e-19
 7710.00   2.2440e-18   2.8699e-19
 7715.00   1.6199e-18   4.7971e-19
 7720.00   9.3962e-19   2.9167e-19
 7725.00   5.2786e-19   3.3163e-19
 7730.00   1.2666e-18   2.6605e-19
 7735.00   1.1573e-18   2.9504e-19
 7740.00   1.1870e-18   2.7508e-19
 7745.00   1.4666e-18   2.6505e-19
 7750.00   2.0953e-18   3.5958e-19
 7755.00   1.0264e-18   2.7429e-19
 7760.00   1.1304e-18   2.9315e-19
 7765.00   1.2070e-18   2.5082e-19
 7770.00   1.2792e-18   2.8717e-19
 7775.00   1.7040e-18   3.4847e-19
 7780.00   1.7704e-18   2.9891e-19
 7785.00   1.1570e-18   2.6630e-19
 7790.00   1.0538e-18   2.8394e-19
 7795.00   1.3501e-18   3.0018e-19
 7800.00   1.3649e-18   2.5058e-19
 7805.00   1.4475e-18   2.5558e-19
 7810.00   1.5971e-18   2.9881e-19
 7815.00   1.3123e-18   2.6761e-19
 7820.00   9.1626e-19   3.1560e-19
 7825.00   1.0934e-18   2.5456e-19
 7830.00   1.2231e-18   2.5880e-19
 7835.00   1.5808e-18   2.5834e-19
 7840.00   1.2713e-18   2.8569e-19
 7845.00   1.5187e-18   2.4703e-19
 7850.00   1.4349e-18   3.3085e-19
 7855.00   1.2221e-18   3.0679e-19
 7860.00   1.3343e-18   3.3414e-19
 7865.00   1.5748e-18   2.5739e-19
 7870.00   1.6534e-18   3.2325e-19
 7875.00   1.2158e-18   2.4812e-19
 7880.00   1.5768e-18   3.5342e-19
 7885.00   1.0279e-18   2.6563e-19
 7890.00   1.3846e-18   3.2632e-19
 7895.00   1.1498e-18   2.6363e-19
 7900.00   1.0137e-18   2.5126e-19
 7905.00   1.0729e-18   2.5934e-19
 7910.00   1.7276e-18   2.7866e-19
 7915.00  -2.7609e-18   3.1697e-19
 7920.00   1.0698e-18   3.4421e-19
 7925.00   1.3909e-18   2.4995e-19
 7930.00   1.6534e-18   3.3568e-19
 7935.00   7.9279e-19   2.4856e-19
 7940.00   1.1013e-18   2.4649e-19
 7945.00   1.6103e-18   2.7022e-19
 7950.00   1.4939e-18   2.7923e-19
 7955.00   9.9533e-19   2.3574e-19
 7960.00   9.0703e-19   2.3264e-19
 7965.00   1.5919e-18   2.8818e-19
 7970.00   1.2504e-18   2.6427e-19
 7975.00   1.3930e-18   2.6516e-19
 7980.00   1.5335e-18   2.9246e-19
 7985.00   1.1431e-18   2.9292e-19
 7990.00   9.1396e-19   3.0100e-19
 7995.00   1.6400e-18   3.6713e-19
 8000.00   7.2972e-19   2.9184e-19
 8005.00   1.1664e-18   2.7493e-19
 8010.00   1.5530e-18   2.7504e-19
 8015.00   1.5756e-18   3.1637e-19
 8020.00   1.1781e-18   2.8480e-19
 8025.00   1.3620e-18   3.1991e-19
 8030.00   1.3754e-18   3.1791e-19
 8035.00   1.2131e-18   2.5491e-19
 8040.00   1.0036e-18   2.5016e-19
 8045.00   1.2473e-18   2.4381e-19
 8050.00   1.2715e-18   2.9519e-19
 8055.00   1.1756e-18   2.4391e-19
 8060.00   1.3009e-18   2.7274e-19
 8065.00   1.2360e-18   2.5746e-19
 8070.00   1.1768e-18   2.3472e-19
 8075.00   1.0198e-18   2.5136e-19
 8080.00   1.4716e-18   2.4047e-19
 8085.00   1.4961e-18   2.5893e-19
 8090.00   1.3434e-18   2.3004e-19
 8095.00   1.2355e-18   2.6716e-19
 8100.00   1.1376e-18   2.5081e-19
 8105.00   1.3696e-18   2.6286e-19
 8110.00   1.3586e-18   2.3637e-19
 8115.00   1.1669e-18   2.2550e-19
 8120.00   1.1751e-18   2.2628e-19
 8125.00   1.0973e-18   2.2945e-19
 8130.00   1.1050e-18   2.2992e-19
 8135.00   8.2583e-19   2.2487e-19
 8140.00   8.8901e-19   2.5336e-19
 8145.00   1.3153e-18   2.4861e-19
 8150.00   9.0861e-19   2.2238e-19
 8155.00   1.0447e-18   2.1549e-19
 8160.00   1.1784e-18   2.1453e-19
 8165.00   7.7068e-19   2.1045e-19
 8170.00   9.9602e-19   2.1145e-19
 8175.00   1.1142e-18   2.1772e-19
 8180.00   1.0253e-18   2.1204e-19
 8185.00   1.0306e-18   2.1659e-19
 8190.00   1.2018e-18   2.3734e-19
 8195.00   1.4991e-18   2.4018e-19
 8200.00   7.7141e-19   2.1263e-19
 8205.00   1.1660e-18   2.2932e-19
 8210.00   1.0333e-18   2.2337e-19
 8215.00   1.3092e-18   2.2789e-19
 8220.00   1.0811e-18   2.1738e-19
 8225.00   8.8778e-19   2.2034e-19
 8230.00   9.3326e-19   2.0346e-19
 8235.00   1.1441e-18   2.1903e-19
 8240.00   1.3499e-18   2.3483e-19
 8245.00   1.2003e-18   2.3138e-19
 8250.00   1.0528e-18   2.3400e-19
 8255.00   1.0300e-18   2.2679e-19
 8260.00   1.1159e-18   2.2298e-19
 8265.00   8.9299e-19   2.2101e-19
 8270.00   1.0514e-18   2.2511e-19
 8275.00   1.1440e-18   2.2564e-19
 8280.00   1.7659e-18   4.5807e-19
 8285.00   7.2755e-19   2.9142e-19
 8290.00   1.2189e-18   2.9486e-19
 8295.00   1.2491e-18   2.5451e-19
 8300.00   1.1603e-18   2.8471e-19
 8305.00   8.8401e-19   2.3920e-19
 8310.00   1.2960e-18   2.7081e-19
 8315.00   9.4229e-19   2.2499e-19
 8320.00   8.7863e-19   2.3659e-19
 8325.00   1.0634e-18   2.2496e-19
 8330.00   1.3231e-18   2.2436e-19
 8335.00   1.0819e-18   2.2679e-19
 8340.00   1.0349e-18   2.4435e-19
 8345.00  -1.7452e-18   3.4384e-19
 8350.00   1.1021e-18   2.7462e-19
 8355.00   1.2129e-18   2.6684e-19
 8360.00   8.1243e-19   2.5353e-19
 8365.00   1.1791e-18   3.0811e-19
 8370.00   1.0480e-18   2.2694e-19
 8375.00   1.1525e-18   3.1710e-19
 8380.00   7.6302e-19   3.9615e-19
 8385.00   2.4798e-20   3.1698e-19
 8390.00   6.3307e-19   3.0253e-19
 8395.00   6.6146e-19   2.8221e-19
 8400.00   8.2831e-19   3.6551e-19
 8405.00   1.0697e-18   2.7659e-19
 8410.00   9.9841e-19   2.7070e-19
 8415.00   9.3921e-19   3.2244e-19
 8420.00   1.8725e-18   2.8366e-19
 8425.00   1.2866e-18   3.0242e-19
 8430.00   7.9918e-19   3.6823e-19
 8435.00   1.6016e-18   2.8361e-19
 8440.00   7.2091e-19   2.4773e-19
 8445.00   1.1040e-18   2.8321e-19
 8450.00   8.3107e-19   2.8158e-19
 8455.00   7.5230e-19   2.6396e-19
 8460.00   1.0231e-18   2.4971e-19
 8465.00   1.6950e-18   3.1386e-19
 8470.00   1.3723e-18   2.3659e-19
 8475.00   9.9025e-19   2.5833e-19
 8480.00   6.8947e-19   2.2842e-19
 8485.00   1.0485e-18   2.3431e-19
 8490.00   1.1794e-18   2.2927e-19
 8495.00   2.6953e-18   3.1449e-19
 8500.00   1.1125e-18   2.3631e-19
 8505.00   1.4421e-18   3.0346e-19
 8510.00   8.7311e-19   2.1973e-19
 8515.00   8.4613e-19   2.1793e-19
 8520.00   1.3398e-18   2.3645e-19
 8525.00   1.0858e-18   2.1758e-19
 8530.00   9.6363e-19   2.1445e-19
 8535.00   1.4378e-18   2.1496e-19
 8540.00   1.1997e-18   2.5266e-19
 8545.00   9.1642e-19   2.0990e-19
 8550.00   7.0514e-19   2.7787e-19
 8555.00   6.9455e-19   2.1711e-19
 8560.00   1.9419e-19   2.0587e-19
 8565.00   9.5164e-19   2.1107e-19
 8570.00   1.0704e-18   2.1796e-19
 8575.00   1.1227e-18   2.2968e-19
 8580.00   8.7157e-19   2.1487e-19
 8585.00   1.0035e-18   2.1207e-19
 8590.00   6.0901e-19   2.4591e-19
 8595.00   1.0303e-18   2.4314e-19
 8600.00   8.6302e-19   2.2414e-19
 8605.00   9.0046e-19   2.1516e-19
 8610.00   9.3579e-19   2.2396e-19
 8615.00   7.1149e-19   2.6134e-19
 8620.00   1.3130e-18   3.1134e-19
 8625.00   1.3651e-18   3.2792e-19
 8630.00   3.9376e-18   3.6707e-19
 8635.00   4.1473e-18   3.4986e-19
 8640.00   1.2179e-18   2.9717e-19
 8645.00   9.1016e-19   2.4529e-19
 8650.00   1.0997e-18   3.0921e-19
 8655.00   1.1788e-18   3.0249e-19
 8660.00   1.2242e-18   2.8340e-19
 8665.00   1.1834e-18   2.8227e-19
 8670.00   1.1218e-18   2.8321e-19
 8675.00   1.5691e-18   2.6588e-19
 8680.00   1.1527e-18   2.5088e-19
 8685.00   1.1616e-18   2.3468e-19
 8690.00   1.0425e-18   2.1837e-19
 8695.00   7.7354e-19   2.2617e-19
 8700.00   9.9311e-19   2.5026e-19
 8705.00   8.5065e-19   2.3284e-19
 8710.00   9.5834e-19   2.2954e-19
 8715.00   9.9679e-19   2.1388e-19
 8720.00   1.2248e-18   2.1511e-19
 8725.00   1.6139e-18   2.2981e-19
 8730.00   9.3665e-19   2.1134e-19
 8735.00   7.6795e-19   2.1249e-19
 8740.00   1.1112e-18   2.2657e-19
 8745.00   1.1000e-18   2.2286e-19
 8750.00   1.2320e-18   2.2435e-19
 8755.00   1.1804e-18   2.1724e-19
 8760.00   1.1768e-18   4.7995e-19
 8765.00   1.2219e-18   3.1955e-19
 8770.00   7.9037e-19   2.9451e-19
 8775.00   1.1101e-18   2.8290e-19
 8780.00   8.4620e-19   2.7725e-19
 8785.00   9.5325e-19   2.2120e-19
 8790.00   1.2797e-18   2.8703e-19
 8795.00   9.6153e-19   2.1668e-19
 8800.00   1.0030e-18   2.2390e-19
 8805.00   3.3049e-18   2.2891e-19
 8810.00   3.0039e-18   2.6376e-19
 8815.00   8.6462e-19   2.1551e-19
 8820.00   6.4665e-19   2.9263e-19
 8835.00   1.3794e-18   5.6957e-19
 8840.00   9.4712e-19   2.8975e-19
 8845.00   8.5725e-19   3.0647e-19
 8850.00   8.2229e-19   3.3919e-19
 8855.00   9.8797e-19   2.7345e-19
 8860.00   1.0136e-18   2.8580e-19
 8865.00   4.0545e-19   3.2568e-19
 8870.00   1.0422e-18   2.9147e-19
 8875.00   1.0870e-18   2.4935e-19
 8880.00   8.1170e-19   2.4234e-19
 8885.00  -1.9170e-19   3.5349e-19
 8890.00   8.3338e-18   3.4016e-19
 8895.00   6.9509e-18   3.2073e-19
 8900.00   3.0318e-18   2.5222e-19
 8905.00   2.5023e-18   3.1216e-19
 8910.00   7.0595e-19   2.6578e-19
 8915.00   6.8929e-19   2.4029e-19
 8925.00   1.0734e-18   2.5805e-19
 8930.00   9.7768e-19   2.6322e-19
 8935.00   8.1000e-19   2.5192e-19
 8940.00   1.1102e-18   2.4607e-19
 8945.00  -1.7944e-19   2.8448e-19
 8950.00   9.3821e-19   2.2045e-19
 8955.00  -1.1744e-20   2.3665e-19
 8960.00   6.9204e-19   2.7800e-19
 8965.00   1.0163e-18   2.1801e-19
 8970.00   9.3503e-19   2.5400e-19
 8975.00   9.5415e-19   2.2357e-19
 8980.00   9.0785e-19   2.5657e-19
 8985.00   1.4358e-18   2.4386e-19
 8990.00   2.8115e-19   2.6772e-19
 8995.00   8.9799e-19   2.2624e-19
 9000.00   1.4065e-18   2.9016e-19
 9005.00   8.7563e-19   2.0901e-19
 9010.00   1.0743e-18   2.0476e-19
 9015.00   9.0542e-19   1.9650e-19
 9020.00   9.4395e-19   2.3003e-19
 9025.00   5.2914e-19   1.9726e-19
 9030.00   1.0711e-18   2.3610e-19
 9035.00   1.5512e-18   2.2395e-19
 9040.00   8.1891e-19   2.5233e-19
 9045.00   1.2720e-18   2.3551e-19
 9050.00   1.1234e-18   2.9742e-19
 9055.00   1.1383e-18   2.3214e-19
 9060.00   8.9222e-19   2.1275e-19
 9065.00   8.0548e-19   2.3530e-19
 9070.00   1.1387e-18   2.3667e-19
 9075.00   8.6860e-19   2.1262e-19
 9080.00   6.7414e-19   2.0272e-19
 9085.00   9.7308e-19   2.2304e-19
 9090.00   1.1394e-18   2.3063e-19
 9095.00   1.1632e-18   2.5508e-19
 9100.00   1.1763e-18   2.3649e-19
 9105.00   1.3705e-18   2.4974e-19
 9110.00   8.8958e-19   2.1637e-19
 9115.00   1.1744e-18   2.2107e-19
 9120.00   1.0807e-18   2.1403e-19
 9125.00   8.1180e-19   2.2141e-19
 9130.00   8.9851e-19   2.1399e-19
 9135.00   6.0792e-19   2.2381e-19
 9140.00   1.2234e-18   2.3861e-19
 9145.00   6.3324e-19   2.3592e-19
 9150.00   1.3077e-18   2.7540e-19
 9155.00   6.4572e-19   2.5860e-19
 9160.00   7.3622e-19   3.2817e-19
 9165.00   9.1770e-19   2.4104e-19
 9170.00   1.2087e-18   2.4602e-19
 9175.00   4.7677e-19   2.2903e-19
 9180.00   7.1073e-19   2.4783e-19
 9185.00   8.1811e-19   2.4395e-19
 9190.00   1.1842e-18   2.4859e-19
 9195.00   7.5483e-19   2.4126e-19
 9200.00   9.6415e-19   2.4854e-19
 9205.00   9.6366e-19   2.4118e-19
 9210.00   9.6568e-19   2.4298e-19
 9215.00   1.0049e-18   2.7800e-19
 9220.00   1.1997e-18   2.5150e-19
 9225.00   8.9522e-19   3.2061e-19
 9230.00   8.8523e-19   2.4872e-19
 9235.00   1.1555e-18   2.4965e-19
 9240.00   1.0347e-18   2.4626e-19
 9245.00   3.9312e-19   2.4797e-19
 9250.00   9.8849e-19   2.9363e-19
 9255.00   1.0761e-18   2.6577e-19
 9260.00   9.2881e-19   2.7647e-19
 9265.00   1.1257e-18   3.1085e-19
 9270.00   8.5679e-19   2.5372e-19
 9275.00   9.4255e-19   2.5288e-19
 9280.00   1.4270e-18   2.5511e-19
 9285.00   1.0136e-18   2.9281e-19
 9290.00   5.3650e-19   2.7600e-19
 9295.00   1.1726e-18   3.1635e-19
 9300.00   1.6133e-18   4.2739e-19
 9305.00   1.9320e-18   6.7346e-19
 9310.00   4.1341e-18   1.2373e-18
 9315.00   5.7593e-19   7.1175e-19
 9320.00   2.0220e-18   5.8700e-19
 9325.00  -1.6418e-19   6.3141e-19
 9330.00   6.9073e-20   4.9962e-19
 9335.00   1.7914e-19   4.0547e-19
 9340.00   2.7818e-19   4.7180e-19
 9345.00   3.9937e-19   3.3979e-19
 9350.00   1.0701e-18   5.8758e-19
 9355.00   1.6979e-19   3.5065e-19
 9360.00  -2.0166e-19   3.8630e-19
 9365.00   3.0649e-19   3.8716e-19
 9370.00  -5.8375e-22   4.1601e-19
 9375.00   1.0374e-17   1.2989e-18
 9380.00   1.0050e-18   4.4572e-19
 9385.00   1.4858e-18   5.5084e-19
 9390.00   1.0886e-18   3.9307e-19
 9395.00   1.3087e-18   4.5940e-19
 9400.00   1.6726e-18   4.9304e-19
 9405.00   1.2753e-18   4.3181e-19
 9410.00   9.7288e-19   3.4120e-19
 9415.00   1.3220e-18   3.8952e-19
 9420.00   1.9305e-18   6.8125e-19
 9425.00  -1.7440e-19   3.6829e-19
 9430.00   3.5549e-19   3.0707e-19
 9435.00   1.6824e-20   3.9420e-19
 9440.00  -7.5913e-19   8.2399e-19
 9445.00   1.3225e-18   3.8915e-19
 9450.00   1.5098e-18   4.3895e-19
 9455.00   1.0671e-18   3.6442e-19
 9460.00   4.2876e-19   5.0140e-19
 9465.00   8.3812e-19   3.1660e-19
 9470.00   8.2115e-19   3.1533e-19
 9475.00   2.3636e-18   5.2003e-19
 9480.00   1.3075e-18   3.6964e-19
 9485.00   9.6373e-19   3.5218e-19
 9490.00   4.0283e-19   3.6724e-19
 9495.00   6.0709e-19   2.8269e-19
 9500.00   9.6324e-19   3.4924e-19
 9505.00   2.4033e-18   4.2143e-19
 9510.00   9.3769e-19   3.1576e-19
 9515.00   1.2089e-18   3.1146e-19
 9520.00   2.0653e-18   5.0888e-19
 9525.00   6.5183e-19   3.0852e-19
 9530.00   2.3246e-19   3.4104e-19
 9535.00   1.3260e-18   3.8602e-19
 9540.00   1.1686e-18   2.9953e-19
 9545.00   5.8549e-19   2.5738e-19
 9550.00   9.7197e-19   3.5108e-19
 9555.00   5.0330e-19   3.5334e-19
 9560.00   1.1421e-18   3.5374e-19
 9565.00   8.0590e-19   3.9360e-19
 9570.00   1.2266e-18   4.3949e-19
 9575.00   2.9165e-19   3.2656e-19
 9580.00   3.8923e-19   2.7747e-19
 9585.00   1.2545e-18   3.0966e-19
 9590.00   2.3002e-19   2.9964e-19
 9595.00   7.6056e-19   3.0051e-19
 9600.00   2.6449e-19   2.9155e-19
 9605.00   1.0024e-18   3.4914e-19
 9610.00   1.3843e-18   4.0076e-19
 9615.00   9.5286e-19   3.4453e-19
 9620.00   1.7416e-18   4.9379e-19
 9625.00   7.7579e-19   3.5818e-19
 9630.00   8.6194e-19   3.9717e-19
 9635.00   9.9365e-19   3.1193e-19
 9640.00   9.9143e-19   3.1493e-19
 9645.00   1.0357e-18   2.9249e-19
 9650.00   1.4318e-18   3.4060e-19
 9655.00   1.6588e-18   4.1723e-19
 9660.00   1.1512e-18   4.3253e-19
 9665.00   1.4978e-18   3.6639e-19
 9670.00   1.2455e-18   5.7014e-19
 9675.00   1.2985e-18   4.4055e-19
 9680.00   2.8416e-18   7.1454e-19
 9685.00   1.5328e-18   4.6685e-19
 9690.00   1.9200e-18   4.9658e-19
 9695.00   1.5391e-18   4.1318e-19
 9700.00   3.3663e-18   6.7345e-19
 9705.00   1.2686e-18   3.9122e-19
 9710.00   2.3291e-18   4.9649e-19
 9715.00   1.7454e-18   4.3513e-19
 9720.00   2.0404e-19   8.1418e-19
 9725.00   1.6126e-18   4.7606e-19
 9730.00   1.2417e-18   3.7971e-19
 9735.00   1.2740e-18   4.8539e-19
 9740.00   7.7108e-19   4.1404e-19
 9745.00   9.1661e-19   4.2055e-19
 9750.00   5.7528e-19   3.1012e-19
 9755.00   7.5478e-19   3.1239e-19
 9760.00   2.4180e-19   2.8941e-19
 9765.00   9.0885e-20   2.8841e-19
 9770.00   8.8494e-20   2.8621e-19
 9775.00   8.1589e-19   2.4490e-19
 9780.00   5.0667e-19   2.8970e-19
 9785.00   4.3699e-19   3.2154e-19
 9790.00   3.0841e-18   8.6387e-19
 9795.00   1.6908e-18   4.8460e-19
 9800.00   1.1639e-18   5.0854e-19
 9805.00   3.6815e-19   3.3755e-19
 9810.00   6.6347e-19   4.7533e-19
 9815.00  -1.4338e-19   3.7329e-19
 9820.00   5.6062e-19   3.2139e-19
 9825.00   1.8303e-19   3.1158e-19
 9830.00  -2.7267e-20   3.3357e-19
 9835.00  -6.2611e-20   2.7626e-19
 9840.00   9.1203e-20   2.5829e-19
 9845.00   6.3939e-19   2.7758e-19
 9850.00   4.8803e-19   4.4134e-19
 9855.00   3.2602e-19   2.6300e-19
 9860.00   5.0018e-20   2.4857e-19
 9865.00   1.9291e-19   3.0926e-19
 9870.00  -1.9016e-19   5.6648e-19
 9875.00  -9.5000e-20   4.4999e-19
 9880.00   9.3904e-20   2.8501e-19
 9885.00   5.8401e-20   3.4825e-19
 9890.00  -1.0065e-19   3.0354e-19
 9895.00  -8.1255e-19   5.6848e-19
 9900.00   1.5320e-19   3.2699e-19
