 
TRANSIENT_NAME:     DES15C1aww 
SNID:               1289656    
OBS_DATE:           2015-09-21
MJD:                57286. 
PHASE:              +10.   
MJD_MAX:            57270.0
TYPE:               1  
SPEC_EVAL:          SNIa
REDSHIFT:           0.5400  
REDSHIFT_ERR:       0.0050  
REDSHIFT_SOURCE:    Z_SN
TELESCOPE:          VLT
INSTRUMENT:         X-SHOOTER
 
======================================
 
# WAVE  FLUX  FLUX_ERR
 3300.00  -4.7262e-18   2.0643e-18
 3305.00  -3.0936e-18   2.0716e-18
 3310.00  -1.7591e-20   2.0646e-18
 3315.00  -2.6129e-18   1.9985e-18
 3320.00  -1.5987e-18   1.9022e-18
 3325.00  -3.1712e-20   1.8078e-18
 3330.00  -2.1798e-18   1.6343e-18
 3335.00   9.9486e-19   1.5460e-18
 3340.00  -5.9192e-19   1.4223e-18
 3345.00  -1.4274e-18   1.3490e-18
 3350.00  -7.7228e-19   1.2461e-18
 3355.00  -1.5268e-18   1.1481e-18
 3360.00  -8.0291e-19   1.0836e-18
 3365.00  -6.9114e-19   1.0579e-18
 3370.00  -8.3985e-19   1.1661e-18
 3375.00   5.7181e-19   1.0698e-18
 3380.00  -1.0662e-18   9.8783e-19
 3385.00  -6.1496e-19   9.3703e-19
 3390.00  -9.0162e-19   9.0267e-19
 3395.00  -5.3060e-19   8.9710e-19
 3400.00  -1.3429e-18   8.6202e-19
 3405.00  -4.6217e-19   8.6804e-19
 3410.00  -1.4735e-18   8.4666e-19
 3415.00   2.1043e-19   8.9436e-19
 3420.00   3.0104e-19   9.1850e-19
 3425.00  -7.7389e-19   9.3632e-19
 3430.00  -4.6811e-19   9.6230e-19
 3435.00   9.1764e-19   1.0219e-18
 3440.00  -9.3311e-19   1.0315e-18
 3445.00  -1.0861e-18   1.0675e-18
 3450.00  -1.3220e-18   1.1445e-18
 3455.00  -1.2185e-18   1.2129e-18
 3460.00  -5.6094e-19   1.2365e-18
 3465.00  -6.0943e-19   1.2854e-18
 3470.00  -1.3142e-18   1.2977e-18
 3475.00  -8.7948e-19   1.3242e-18
 3480.00  -1.5687e-18   1.3848e-18
 3485.00  -1.1123e-18   1.3560e-18
 3490.00  -2.5577e-18   1.2940e-18
 3495.00  -1.9093e-18   1.3711e-18
 3500.00  -2.1674e-18   1.2624e-18
 3505.00  -1.4872e-18   1.1828e-18
 3510.00  -2.1543e-18   1.1086e-18
 3515.00  -1.2519e-18   1.0578e-18
 3520.00  -8.1195e-19   9.9448e-19
 3525.00  -1.2995e-18   9.4600e-19
 3530.00  -1.4102e-18   9.0168e-19
 3535.00  -5.3906e-19   8.8219e-19
 3540.00  -1.8033e-18   9.0561e-19
 3545.00  -6.5239e-19   9.6641e-19
 3550.00  -1.2359e-18   8.8324e-19
 3555.00  -3.7272e-19   8.8961e-19
 3560.00  -1.9953e-18   8.1876e-19
 3565.00   3.8977e-19   7.9528e-19
 3570.00  -1.5173e-18   7.4297e-19
 3575.00  -1.2223e-18   7.3244e-19
 3580.00  -7.6385e-19   7.2660e-19
 3585.00  -4.1126e-18   6.8685e-19
 3590.00  -1.8297e-18   6.8139e-19
 3595.00  -7.2790e-19   6.9060e-19
 3600.00  -5.0802e-18   6.1129e-19
 3605.00  -2.4511e-18   5.9212e-19
 3610.00  -8.7477e-19   5.8527e-19
 3615.00  -1.3072e-18   5.2433e-19
 3620.00  -5.9349e-19   4.9858e-19
 3625.00  -4.4676e-19   4.3595e-19
 3630.00  -2.5366e-19   3.9946e-19
 3635.00   6.4482e-20   3.6103e-19
 3640.00  -1.2016e-18   2.5622e-19
 3645.00  -4.1312e-18   3.4774e-20
 3650.00  -1.0245e-18   1.8194e-19
 3655.00   2.8186e-20   2.4175e-19
 3660.00  -1.5787e-18   1.6722e-19
 3665.00  -8.1565e-20   2.0491e-19
 3670.00  -7.0931e-19   1.7069e-19
 3675.00  -1.1968e-19   1.7210e-19
 3680.00   1.7213e-19   1.6497e-19
 3685.00  -7.7700e-19   1.3117e-19
 3690.00  -1.4657e-18   5.5676e-20
 3695.00  -2.3225e-20   1.4229e-19
 3700.00  -9.4600e-20   1.4460e-19
 3705.00  -8.1820e-19   1.1098e-19
 3710.00  -2.4665e-19   1.0032e-19
 3715.00   1.1904e-20   1.3009e-19
 3720.00  -9.1271e-20   1.2035e-19
 3725.00  -1.5517e-18   5.0023e-20
 3730.00  -4.1725e-19   9.7381e-20
 3735.00   1.3687e-19   1.2719e-19
 3740.00  -6.0074e-19   8.2150e-20
 3745.00  -8.1347e-19   9.5970e-20
 3750.00  -4.1767e-19   8.3328e-20
 3755.00  -3.9339e-19   1.1136e-19
 3760.00  -7.9612e-19   7.1338e-20
 3765.00  -1.4779e-18   7.6165e-20
 3770.00  -5.8216e-19   9.8435e-20
 3775.00  -6.1332e-19   9.3377e-20
 3780.00  -1.3943e-18   8.2549e-20
 3785.00  -5.7712e-20   1.3852e-19
 3790.00  -3.4322e-20   1.4799e-19
 3795.00  -2.2475e-18   9.1268e-20
 3800.00  -7.8661e-19   1.1877e-19
 3805.00  -7.7524e-19   1.2951e-19
 3810.00  -5.6739e-19   2.2978e-20
 3815.00  -5.5862e-19   1.1659e-19
 3820.00  -9.3245e-19   1.5863e-19
 3825.00  -1.2024e-18   1.9469e-19
 3830.00  -8.6036e-19   2.0898e-19
 3835.00  -6.6530e-19   2.5070e-19
 3840.00  -7.6730e-19   2.6537e-19
 3845.00  -5.5423e-19   6.1705e-19
 3850.00  -6.8350e-19   5.6468e-19
 3855.00   1.4056e-19   5.3773e-19
 3860.00  -4.1344e-19   4.8987e-19
 3865.00   2.8462e-19   4.7836e-19
 3870.00  -3.4351e-19   4.3498e-19
 3875.00  -3.2033e-19   4.2426e-19
 3880.00  -4.7189e-19   3.9827e-19
 3885.00  -1.1345e-19   3.8774e-19
 3890.00  -1.2526e-19   3.7899e-19
 3895.00  -5.5826e-19   3.7348e-19
 3900.00  -7.2462e-20   3.7671e-19
 3905.00  -7.5396e-19   3.7796e-19
 3910.00  -5.5900e-20   3.9455e-19
 3915.00  -1.8200e-19   3.7593e-19
 3920.00  -7.2256e-19   3.4877e-19
 3925.00  -5.6911e-19   3.3796e-19
 3930.00  -9.3576e-20   3.3483e-19
 3935.00  -1.6696e-19   3.2121e-19
 3940.00  -5.8235e-19   3.4354e-19
 3945.00  -3.1296e-19   3.5182e-19
 3950.00  -2.7407e-19   3.5388e-19
 3955.00  -4.6435e-19   3.3839e-19
 3960.00  -3.1636e-19   3.3816e-19
 3965.00  -3.2145e-19   3.2889e-19
 3970.00   8.5741e-20   3.3687e-19
 3975.00  -4.8306e-19   3.5197e-19
 3980.00  -4.3607e-19   3.6219e-19
 3985.00  -5.1213e-19   3.5323e-19
 3990.00  -5.3069e-19   3.5622e-19
 3995.00  -3.0611e-19   3.4497e-19
 4000.00  -2.1782e-19   3.3833e-19
 4005.00  -7.7243e-20   3.2535e-19
 4010.00  -4.4430e-19   3.1203e-19
 4015.00  -4.8987e-19   2.9141e-19
 4020.00   2.1758e-19   2.8429e-19
 4025.00  -4.9760e-19   2.5610e-19
 4030.00   5.8188e-21   2.4528e-19
 4035.00  -8.7371e-20   2.3227e-19
 4040.00   1.4979e-19   2.2591e-19
 4045.00  -1.4644e-19   2.1518e-19
 4050.00  -1.7102e-19   2.0284e-19
 4055.00  -3.4359e-19   1.8458e-19
 4060.00  -4.6078e-20   1.8246e-19
 4065.00  -1.6853e-19   1.7589e-19
 4070.00  -1.8834e-19   1.6662e-19
 4075.00  -1.3779e-19   1.5828e-19
 4080.00  -2.0061e-19   1.5204e-19
 4085.00  -9.7553e-20   1.4521e-19
 4090.00  -2.2809e-21   1.4254e-19
 4095.00  -1.7099e-20   1.3719e-19
 4100.00  -1.8344e-20   1.3292e-19
 4105.00   6.5110e-20   1.3086e-19
 4110.00  -2.5099e-19   1.2658e-19
 4115.00   4.8126e-20   1.3000e-19
 4120.00   2.1983e-20   1.2826e-19
 4125.00  -1.5244e-19   1.2748e-19
 4130.00   6.1694e-21   1.2990e-19
 4135.00  -2.3830e-19   1.2740e-19
 4140.00  -6.6059e-20   1.2596e-19
 4145.00   2.0825e-20   1.2362e-19
 4150.00  -7.5309e-20   1.2207e-19
 4155.00  -2.6619e-19   1.2426e-19
 4160.00  -2.8287e-19   1.2514e-19
 4165.00  -3.7348e-20   1.3290e-19
 4170.00  -3.6949e-19   1.3193e-19
 4175.00  -1.3246e-20   1.3057e-19
 4180.00  -2.5989e-20   1.3329e-19
 4185.00  -3.4872e-20   1.3082e-19
 4190.00  -2.0647e-20   1.3409e-19
 4195.00  -1.3423e-19   1.3465e-19
 4200.00  -6.6788e-20   1.3646e-19
 4205.00  -3.3592e-19   1.3777e-19
 4210.00  -7.7557e-20   1.4671e-19
 4215.00   1.4769e-19   1.5220e-19
 4220.00  -2.9726e-19   1.5121e-19
 4225.00  -3.5513e-20   1.5938e-19
 4230.00  -2.5260e-19   1.6366e-19
 4235.00  -1.2772e-19   1.7094e-19
 4240.00  -4.1135e-19   1.7584e-19
 4245.00  -4.6054e-19   1.8641e-19
 4250.00  -7.7070e-20   2.0400e-19
 4255.00   1.5117e-19   2.1972e-19
 4260.00  -8.8835e-20   2.2751e-19
 4265.00   7.7109e-20   2.4646e-19
 4270.00   1.4671e-19   2.6125e-19
 4275.00  -4.6426e-22   2.7834e-19
 4280.00  -2.0857e-19   7.5352e-19
 4285.00  -4.9475e-19   7.0781e-19
 4290.00   7.8332e-20   6.8147e-19
 4295.00   7.9527e-19   6.6420e-19
 4300.00  -6.3667e-19   6.0458e-19
 4305.00  -2.9262e-20   5.8787e-19
 4310.00  -4.9084e-19   5.7516e-19
 4315.00   9.9025e-20   5.8464e-19
 4320.00   7.7871e-20   5.6605e-19
 4325.00  -1.1297e-18   5.1146e-19
 4330.00   7.5458e-19   5.3608e-19
 4335.00   8.0847e-20   5.1979e-19
 4340.00  -1.6228e-19   4.9424e-19
 4345.00  -7.2807e-19   4.9376e-19
 4350.00  -3.4654e-19   4.9144e-19
 4355.00  -1.0745e-19   4.8798e-19
 4360.00  -3.3787e-19   4.8970e-19
 4365.00  -2.8307e-19   4.7543e-19
 4370.00  -7.1485e-19   4.7269e-19
 4375.00  -6.5735e-19   4.7461e-19
 4380.00   5.0346e-19   4.8643e-19
 4385.00  -7.1070e-19   4.5550e-19
 4390.00   2.7173e-19   4.7438e-19
 4395.00  -9.1772e-20   4.7781e-19
 4400.00   1.1891e-19   4.8176e-19
 4405.00  -3.0283e-19   5.0251e-19
 4410.00  -8.5189e-19   5.0664e-19
 4415.00  -1.5126e-19   5.1195e-19
 4420.00   6.8475e-19   5.2525e-19
 4425.00  -3.4335e-19   5.1748e-19
 4430.00   4.2200e-19   5.1915e-19
 4435.00  -8.1432e-19   4.9859e-19
 4440.00  -1.0055e-18   5.0868e-19
 4445.00   2.9023e-19   5.1901e-19
 4450.00   3.0960e-19   5.1427e-19
 4455.00  -3.7840e-20   4.9876e-19
 4460.00   3.0636e-19   4.9390e-19
 4465.00   3.9158e-19   4.9457e-19
 4470.00   2.4976e-19   4.7932e-19
 4475.00  -5.6789e-19   4.6853e-19
 4480.00  -4.1487e-19   4.4864e-19
 4485.00  -3.7634e-19   4.4281e-19
 4490.00  -7.9804e-19   4.1595e-19
 4495.00   4.3391e-21   4.0932e-19
 4500.00  -3.0062e-19   3.8845e-19
 4505.00  -3.7868e-19   3.7245e-19
 4510.00  -4.4893e-19   3.9599e-19
 4515.00  -2.2439e-19   3.7592e-19
 4520.00   1.2059e-19   3.6178e-19
 4525.00   2.2106e-19   3.4559e-19
 4530.00  -2.6379e-19   3.2552e-19
 4535.00  -2.0009e-19   3.1281e-19
 4540.00  -7.7054e-20   3.0054e-19
 4545.00  -3.0109e-19   2.8808e-19
 4550.00  -9.5199e-20   2.7324e-19
 4555.00  -2.0174e-19   2.6052e-19
 4560.00   9.8733e-20   2.5810e-19
 4565.00  -7.6989e-20   2.4349e-19
 4570.00   7.2549e-20   2.3821e-19
 4575.00  -2.8027e-19   2.2717e-19
 4580.00  -5.1246e-20   2.2806e-19
 4585.00   1.9228e-19   2.2514e-19
 4590.00   1.1853e-19   2.1881e-19
 4595.00   2.2986e-19   2.1301e-19
 4600.00  -3.8099e-20   2.0608e-19
 4605.00  -5.9629e-19   1.9561e-19
 4610.00  -1.1302e-19   2.0004e-19
 4615.00  -2.4139e-20   1.9653e-19
 4620.00  -1.3587e-20   1.9464e-19
 4625.00  -2.0525e-19   1.9092e-19
 4630.00  -2.3727e-19   1.8720e-19
 4635.00   1.3562e-19   1.9069e-19
 4640.00  -6.0397e-20   1.8715e-19
 4645.00  -2.4048e-20   1.8383e-19
 4650.00  -5.2977e-20   1.8392e-19
 4655.00  -2.7195e-19   1.8327e-19
 4660.00   2.4931e-20   1.9584e-19
 4665.00  -2.4359e-19   1.8486e-19
 4670.00   2.6592e-19   1.9403e-19
 4675.00  -2.1267e-20   1.9345e-19
 4680.00  -6.7995e-20   1.9219e-19
 4685.00  -1.0748e-19   1.9424e-19
 4690.00   6.5388e-20   1.9622e-19
 4695.00  -2.0452e-19   1.9517e-19
 4700.00  -1.2909e-19   1.9453e-19
 4705.00  -2.6727e-19   1.9415e-19
 4710.00  -3.8357e-20   2.0342e-19
 4715.00   3.6613e-20   2.0663e-19
 4720.00  -1.8110e-19   2.0867e-19
 4725.00   6.9609e-20   2.1384e-19
 4730.00  -7.9399e-21   2.1232e-19
 4735.00  -1.3914e-20   2.1773e-19
 4740.00  -1.4945e-19   2.2072e-19
 4745.00   1.6663e-19   2.3043e-19
 4750.00   4.0644e-19   2.3456e-19
 4755.00  -2.7752e-19   2.2896e-19
 4760.00  -1.2036e-19   2.3792e-19
 4765.00  -2.2959e-19   2.3808e-19
 4770.00  -4.7386e-19   2.3966e-19
 4775.00  -3.0805e-19   2.4733e-19
 4780.00  -3.5779e-19   2.4872e-19
 4785.00  -1.7159e-19   2.5262e-19
 4790.00  -8.0800e-19   4.1785e-19
 4795.00   1.6197e-19   4.1502e-19
 4800.00   3.0088e-19   3.9297e-19
 4805.00   1.3117e-19   3.7230e-19
 4810.00  -2.7067e-19   3.4986e-19
 4815.00  -2.8046e-19   3.3996e-19
 4820.00  -2.0965e-19   3.3217e-19
 4825.00  -1.8752e-19   3.1889e-19
 4830.00  -1.5181e-19   3.0643e-19
 4835.00  -2.1504e-19   2.9830e-19
 4840.00  -7.7372e-20   2.9065e-19
 4845.00  -1.0264e-19   2.8100e-19
 4850.00   8.2529e-20   2.6817e-19
 4855.00  -1.0452e-20   2.5738e-19
 4860.00  -2.0407e-19   2.5229e-19
 4865.00  -4.3202e-19   2.3518e-19
 4870.00  -5.8330e-20   2.3628e-19
 4875.00   3.2226e-19   2.3791e-19
 4880.00  -1.5917e-19   2.3217e-19
 4885.00   1.1849e-19   2.3164e-19
 4890.00  -1.9967e-19   2.1980e-19
 4895.00   2.8796e-19   2.2865e-19
 4900.00   4.0013e-20   2.1624e-19
 4905.00   2.8844e-19   2.1706e-19
 4910.00   3.5259e-19   2.1389e-19
 4915.00  -3.7821e-19   2.0227e-19
 4920.00  -2.6764e-19   1.9423e-19
 4925.00  -2.7810e-21   2.0282e-19
 4930.00  -8.2281e-20   2.0058e-19
 4935.00   7.4975e-20   1.9848e-19
 4940.00   2.1215e-19   2.0001e-19
 4945.00  -1.3736e-20   1.9643e-19
 4950.00  -1.9501e-19   1.9419e-19
 4955.00   1.5398e-19   1.9701e-19
 4960.00   3.5704e-20   1.9655e-19
 4965.00  -7.4045e-20   1.9873e-19
 4970.00   2.5762e-19   2.0403e-19
 4975.00   2.3018e-19   2.0341e-19
 4980.00  -2.9143e-19   1.9554e-19
 4985.00  -1.9818e-19   1.9393e-19
 4990.00   8.4007e-20   2.0705e-19
 4995.00   1.8561e-19   2.0930e-19
 5000.00   1.9030e-19   2.0862e-19
 5005.00   1.8959e-19   2.1374e-19
 5010.00   8.7819e-20   2.1437e-19
 5015.00   9.5217e-20   2.1394e-19
 5020.00   1.2427e-19   2.1747e-19
 5025.00   2.4265e-20   2.1842e-19
 5030.00   1.1537e-19   2.2353e-19
 5035.00  -2.7022e-19   2.2064e-19
 5040.00   1.1915e-19   2.2839e-19
 5045.00   1.3363e-19   2.3794e-19
 5050.00   1.2028e-19   2.3373e-19
 5055.00  -2.3236e-19   2.3296e-19
 5060.00  -1.5800e-19   2.3641e-19
 5065.00  -2.0439e-19   2.3608e-19
 5070.00  -8.1945e-20   2.4016e-19
 5075.00  -4.6162e-19   2.3860e-19
 5080.00  -3.8663e-19   2.4081e-19
 5085.00  -1.7399e-19   2.4737e-19
 5090.00   2.4872e-21   2.5270e-19
 5095.00  -4.8745e-19   2.4875e-19
 5100.00  -2.2473e-20   2.5381e-19
 5105.00  -1.4454e-19   2.5428e-19
 5110.00  -2.8304e-19   2.5435e-19
 5115.00  -3.2000e-19   4.0019e-19
 5120.00   5.7857e-21   3.8540e-19
 5125.00  -5.7994e-19   3.6042e-19
 5130.00  -8.3022e-20   3.5850e-19
 5135.00  -5.6604e-19   3.3911e-19
 5140.00   1.1024e-19   3.3776e-19
 5145.00   3.1894e-20   3.3013e-19
 5150.00   1.2808e-19   3.1552e-19
 5155.00   1.7084e-19   3.0567e-19
 5160.00  -8.4082e-20   2.9068e-19
 5165.00   3.2449e-19   2.8182e-19
 5170.00   1.8536e-19   2.6924e-19
 5175.00   1.0341e-19   2.6752e-19
 5180.00   1.0212e-19   2.5955e-19
 5185.00   5.0924e-20   2.4826e-19
 5190.00   5.8603e-20   2.5009e-19
 5195.00   3.1249e-20   2.4641e-19
 5200.00  -6.6507e-19   2.7309e-19
 5205.00   1.0284e-19   2.3265e-19
 5210.00  -3.6936e-19   2.1791e-19
 5215.00   1.7055e-19   2.2311e-19
 5220.00  -1.2955e-20   2.1843e-19
 5225.00  -6.6421e-21   2.1654e-19
 5230.00  -1.3275e-19   2.1131e-19
 5235.00  -2.7341e-20   2.0575e-19
 5240.00   1.2240e-19   2.1629e-19
 5245.00   3.5218e-19   2.0885e-19
 5250.00   2.2441e-19   2.0918e-19
 5255.00  -1.3897e-19   2.0615e-19
 5260.00   5.2839e-20   2.0093e-19
 5265.00   2.0417e-19   1.9683e-19
 5270.00   3.8375e-20   1.9647e-19
 5275.00   6.9167e-20   2.0555e-19
 5280.00  -9.8216e-21   1.9942e-19
 5285.00   5.1403e-19   2.0696e-19
 5290.00   2.7723e-21   2.0303e-19
 5295.00   2.2431e-19   2.0740e-19
 5300.00  -2.0987e-19   2.0250e-19
 5305.00  -4.5547e-20   2.0747e-19
 5310.00  -1.6466e-20   2.0847e-19
 5315.00  -1.8453e-20   2.1157e-19
 5320.00   7.0160e-20   2.1267e-19
 5325.00   4.1994e-20   2.1350e-19
 5330.00   5.3286e-20   2.1668e-19
 5335.00   6.8427e-20   2.1634e-19
 5340.00   2.4322e-19   2.1636e-19
 5345.00  -1.9232e-20   2.1715e-19
 5350.00   2.7343e-19   2.2173e-19
 5355.00   3.9740e-19   2.2674e-19
 5360.00  -6.1332e-22   2.1940e-19
 5365.00   2.2713e-19   2.2252e-19
 5370.00   9.8078e-20   2.2444e-19
 5375.00   1.4533e-19   2.2768e-19
 5380.00   2.1378e-19   2.3216e-19
 5385.00   7.2796e-22   2.2974e-19
 5390.00  -1.5092e-19   2.2956e-19
 5395.00   2.5312e-19   2.3642e-19
 5400.00  -3.4310e-19   2.3341e-19
 5405.00  -1.2767e-19   2.3660e-19
 5410.00   4.3519e-19   2.5361e-19
 5415.00   1.1593e-19   2.5577e-19
 5420.00  -1.8059e-19   2.5800e-19
 5425.00   2.8799e-19   2.6815e-19
 5430.00   1.6988e-19   2.4119e-19
 5435.00   4.1345e-19   2.2193e-19
 5440.00  -1.5330e-19   2.1634e-19
 5445.00  -1.9187e-20   2.1719e-19
 5450.00  -7.0855e-20   2.1724e-19
 5455.00  -1.0937e-20   2.1498e-19
 5460.00  -2.1541e-19   2.1476e-19
 5465.00   9.3180e-21   2.1529e-19
 5470.00   2.5820e-19   2.1671e-19
 5475.00   1.1133e-19   2.1028e-19
 5480.00  -1.7591e-19   2.0412e-19
 5485.00   7.4104e-20   2.0270e-19
 5490.00  -1.1200e-19   2.1948e-19
 5495.00  -5.2899e-20   2.0818e-19
 5500.00  -3.5633e-19   1.9341e-19
 5505.00  -1.4468e-19   1.8817e-19
 5510.00   1.2547e-19   1.8420e-19
 5515.00   4.1119e-19   1.8290e-19
 5520.00  -2.7623e-19   1.6690e-19
 5525.00   1.7643e-19   1.7054e-19
 5530.00   8.9671e-20   1.6660e-19
 5535.00   1.0993e-19   1.6567e-19
 5540.00  -5.1891e-20   1.6399e-19
 5545.00   1.4039e-19   1.7129e-19
 5550.00  -2.0076e-19   1.6470e-19
 5555.00  -5.9130e-20   1.6518e-19
 5560.00  -6.4459e-20   1.6737e-19
 5565.00   6.9919e-20   1.7658e-19
 5570.00   2.0493e-19   1.8004e-19
 5575.00   1.1034e-20   2.2453e-19
 5580.00  -1.2334e-19   2.0605e-19
 5585.00  -1.6285e-19   1.8471e-19
 5590.00  -5.0013e-19   1.8848e-19
 5595.00   1.3443e-19   2.0223e-19
 5600.00   3.0029e-19   2.3574e-19
 5605.00  -2.2548e-19   4.5573e-19
 5610.00   5.3591e-19   4.2457e-19
 5615.00  -2.5418e-19   3.9419e-19
 5620.00   4.3568e-19   3.7704e-19
 5625.00   1.0285e-19   3.6165e-19
 5630.00   2.5225e-19   3.4501e-19
 5635.00   2.2656e-19   3.3390e-19
 5640.00   3.4003e-19   3.2658e-19
 5645.00   5.1440e-19   3.2416e-19
 5650.00   4.4859e-19   3.1527e-19
 5655.00   7.7192e-19   3.1346e-19
 5660.00   4.7834e-19   3.0654e-19
 5665.00   2.3566e-19   3.0435e-19
 5670.00   2.9984e-19   3.0715e-19
 5675.00   3.9220e-19   3.1005e-19
 5680.00   7.1246e-20   3.0943e-19
 5685.00   1.7979e-19   3.1627e-19
 5690.00  -8.1571e-20   3.1925e-19
 5695.00   3.0302e-19   3.3393e-19
 5700.00   4.8510e-19   3.4346e-19
 5705.00   1.3675e-19   3.5176e-19
 5710.00   2.6718e-19   3.6560e-19
 5715.00   1.0151e-19   3.7969e-19
 5720.00  -4.1476e-19   3.9141e-19
 5725.00  -2.1911e-19   4.0880e-19
 5730.00   2.3167e-19   4.2664e-19
 5735.00  -8.1282e-20   4.4395e-19
 5740.00   2.3552e-20   4.5430e-19
 5745.00  -6.9655e-20   4.6949e-19
 5750.00   8.8998e-20   4.8861e-19
 5755.00  -9.7054e-20   4.8998e-19
 5760.00   6.3334e-19   5.0152e-19
 5765.00   1.4390e-19   4.9964e-19
 5770.00  -8.8621e-19   4.9314e-19
 5775.00  -5.4625e-19   4.8837e-19
 5780.00   2.5535e-19   4.8475e-19
 5785.00  -1.5325e-19   3.5698e-19
 5790.00  -9.5456e-20   2.6242e-19
 5795.00   4.8807e-20   2.7376e-19
 5800.00  -5.9734e-19   2.7723e-19
 5805.00   2.8860e-19   2.9032e-19
 5810.00  -8.8666e-20   2.9296e-19
 5815.00   1.3191e-19   2.9809e-19
 5820.00   3.2061e-20   3.0305e-19
 5825.00   1.5733e-19   3.0594e-19
 5830.00   1.9002e-19   3.0736e-19
 5835.00   1.0871e-19   3.1098e-19
 5840.00   4.3068e-19   3.1229e-19
 5845.00   2.6635e-19   3.2567e-19
 5850.00   5.5083e-19   3.3030e-19
 5855.00   3.6985e-19   3.3801e-19
 5860.00  -1.7305e-19   3.4161e-19
 5865.00  -3.0585e-19   3.6547e-19
 5870.00  -3.0544e-20   3.6825e-19
 5875.00  -5.7342e-19   3.6387e-19
 5880.00  -6.1871e-19   3.6297e-19
 5885.00  -2.6673e-19   3.7584e-19
 5890.00   8.7852e-19   4.4352e-19
 5895.00   6.9779e-19   4.2650e-19
 5900.00  -6.3541e-21   4.2234e-19
 5905.00  -5.9196e-20   4.3757e-19
 5910.00   1.3786e-20   4.2916e-19
 5915.00   6.0677e-19   4.5478e-19
 5920.00  -7.0350e-21   4.3693e-19
 5925.00   4.1521e-19   4.4963e-19
 5930.00  -1.7722e-19   4.3805e-19
 5935.00   8.4515e-19   4.6411e-19
 5940.00  -1.5343e-19   4.3747e-19
 5945.00   1.3926e-19   4.4796e-19
 5950.00  -1.7975e-19   4.3996e-19
 5955.00   9.0953e-19   4.6429e-19
 5960.00   2.2282e-19   4.4148e-19
 5965.00   6.0344e-19   4.4327e-19
 5970.00   3.4210e-19   4.4577e-19
 5975.00   4.5624e-19   4.4746e-19
 5980.00  -3.2181e-19   4.3322e-19
 5985.00  -1.0466e-19   4.2866e-19
 5990.00   1.4914e-19   4.2598e-19
 5995.00   6.9949e-19   4.2650e-19
 6000.00   1.1500e-18   4.4932e-19
 6005.00   7.0450e-19   4.4170e-19
 6010.00   5.7037e-19   4.1877e-19
 6015.00   7.7437e-19   4.1584e-19
 6020.00   5.7151e-19   4.0802e-19
 6025.00   9.6182e-19   4.0631e-19
 6030.00   8.1551e-19   4.0156e-19
 6035.00   1.5838e-18   4.0705e-19
 6040.00   1.1510e-18   3.9087e-19
 6045.00   9.6076e-19   3.8552e-19
 6050.00   1.1400e-18   3.8101e-19
 6055.00   1.2557e-18   3.7924e-19
 6060.00   7.6882e-19   3.7265e-19
 6065.00   1.2944e-18   3.7776e-19
 6070.00   1.1317e-18   3.7175e-19
 6075.00   8.2363e-19   3.6716e-19
 6080.00   1.5134e-19   3.5753e-19
 6085.00   1.1181e-18   3.6625e-19
 6090.00   1.2535e-18   3.6823e-19
 6095.00   8.0822e-19   3.6849e-19
 6100.00   7.4785e-19   3.6902e-19
 6105.00   3.5274e-19   3.6941e-19
 6110.00   8.1735e-19   3.7118e-19
 6115.00   5.1879e-19   3.7283e-19
 6120.00   9.0418e-19   3.7805e-19
 6125.00   9.5332e-19   3.8360e-19
 6130.00   1.0566e-18   3.8504e-19
 6135.00   1.0804e-18   3.9191e-19
 6140.00   5.2058e-19   3.9003e-19
 6145.00   3.5357e-19   3.9234e-19
 6150.00   3.9460e-20   3.7974e-19
 6155.00   7.6620e-19   3.9037e-19
 6160.00   7.5866e-19   3.8902e-19
 6165.00   2.7232e-19   3.7835e-19
 6170.00   3.5049e-19   3.9033e-19
 6175.00   8.3317e-19   3.8662e-19
 6180.00   3.5504e-19   3.7354e-19
 6185.00   1.4626e-19   3.7086e-19
 6190.00  -6.8819e-20   3.6667e-19
 6195.00   4.3267e-19   3.6961e-19
 6200.00  -2.4955e-19   3.5675e-19
 6205.00   2.4815e-19   3.6165e-19
 6210.00   1.2956e-19   3.5176e-19
 6215.00   3.2588e-19   3.4617e-19
 6220.00   1.6960e-19   3.6423e-19
 6225.00   6.1105e-19   3.4867e-19
 6230.00   2.4790e-19   3.3336e-19
 6235.00   2.4442e-19   3.8812e-19
 6240.00   3.7685e-19   3.4211e-19
 6245.00   4.1292e-19   3.2612e-19
 6250.00   3.7694e-19   3.1386e-19
 6255.00   4.6497e-19   3.1306e-19
 6260.00   1.2481e-19   3.2861e-19
 6265.00   8.7741e-19   3.2067e-19
 6270.00   9.6071e-19   3.0789e-19
 6275.00   6.2283e-19   3.0490e-19
 6280.00   9.2902e-19   3.0363e-19
 6285.00   2.0760e-19   3.0515e-19
 6290.00   1.0768e-18   3.1108e-19
 6295.00   5.2632e-19   2.9932e-19
 6300.00   2.6801e-20   3.6781e-19
 6305.00   5.2591e-19   3.2490e-19
 6310.00   8.0250e-19   3.0372e-19
 6315.00   9.2912e-19   3.0234e-19
 6320.00   4.1774e-19   3.1385e-19
 6325.00   2.3547e-19   3.0572e-19
 6330.00   6.6070e-19   3.3558e-19
 6335.00   3.3113e-19   3.0976e-19
 6340.00   5.5780e-19   3.1757e-19
 6345.00   3.0420e-19   3.1977e-19
 6350.00   9.6421e-19   3.3907e-19
 6355.00   9.3270e-19   3.4966e-19
 6360.00   4.0183e-19   3.3145e-19
 6365.00   1.3399e-18   3.8826e-19
 6370.00   7.0439e-19   3.3445e-19
 6375.00  -1.1717e-19   3.2809e-19
 6380.00  -1.0585e-18   3.2696e-19
 6385.00   5.5190e-20   3.4515e-19
 6390.00   3.2284e-19   3.3542e-19
 6395.00   2.5122e-19   3.3360e-19
 6400.00   6.5935e-19   3.3154e-19
 6405.00   5.3329e-19   3.2972e-19
 6410.00   3.5868e-19   3.2699e-19
 6415.00   3.8349e-19   3.3079e-19
 6420.00   9.1486e-19   3.3404e-19
 6425.00   5.1572e-19   3.2305e-19
 6430.00   2.1730e-19   3.1727e-19
 6435.00   2.0202e-19   3.1668e-19
 6440.00   2.9622e-19   3.1210e-19
 6445.00   4.7933e-19   3.1175e-19
 6450.00   6.3068e-19   3.1477e-19
 6455.00   8.7040e-19   3.1146e-19
 6460.00   4.3579e-19   3.2370e-19
 6465.00   8.1127e-19   3.5360e-19
 6470.00   7.5554e-19   3.3065e-19
 6475.00   6.2120e-19   3.0096e-19
 6480.00   2.1116e-19   2.9461e-19
 6485.00   6.2295e-19   2.8614e-19
 6490.00   4.3706e-19   2.8016e-19
 6495.00   6.0893e-19   2.7887e-19
 6500.00   6.4381e-19   3.0602e-19
 6505.00   5.2885e-19   2.8292e-19
 6510.00   3.5994e-19   2.6334e-19
 6515.00   5.9300e-19   2.6605e-19
 6520.00   5.0024e-19   2.6405e-19
 6525.00   3.9585e-19   2.6280e-19
 6530.00   5.0610e-19   2.5437e-19
 6535.00  -6.6284e-21   2.6952e-19
 6540.00   6.2889e-19   2.5848e-19
 6545.00   4.6781e-19   2.6894e-19
 6550.00   1.0283e-18   2.6348e-19
 6555.00   1.0658e-18   2.8412e-19
 6560.00   8.5645e-19   2.6283e-19
 6565.00   4.5180e-19   2.7465e-19
 6570.00   5.5284e-19   2.7488e-19
 6575.00   9.3094e-19   2.8177e-19
 6580.00   5.0837e-19   2.7430e-19
 6585.00   5.7420e-19   2.7880e-19
 6590.00   1.0223e-18   2.8452e-19
 6595.00   5.5775e-19   2.8290e-19
 6600.00   7.7233e-19   2.7954e-19
 6605.00   6.9436e-19   2.9898e-19
 6610.00   6.8928e-19   2.8583e-19
 6615.00   1.8815e-19   2.8158e-19
 6620.00   1.9871e-19   2.8548e-19
 6625.00   8.3857e-19   2.9194e-19
 6630.00   4.2942e-19   2.9355e-19
 6635.00   4.7425e-19   3.0347e-19
 6640.00   4.3739e-19   2.9761e-19
 6645.00   3.9056e-19   2.9606e-19
 6650.00   5.0686e-19   3.0045e-19
 6655.00   8.1759e-19   3.0374e-19
 6660.00   1.1932e-18   3.0970e-19
 6665.00   6.5736e-20   3.0297e-19
 6670.00   2.1953e-19   3.0691e-19
 6675.00   5.7671e-19   3.0999e-19
 6680.00   2.3816e-19   3.0313e-19
 6685.00   1.6215e-19   3.0416e-19
 6690.00   5.9008e-19   3.0661e-19
 6695.00   3.9114e-19   3.0320e-19
 6700.00   3.0211e-19   3.0502e-19
 6705.00   8.6292e-20   3.0034e-19
 6710.00   3.8970e-19   2.9980e-19
 6715.00   7.0035e-19   3.3713e-19
 6720.00   3.7341e-19   3.1500e-19
 6725.00   2.7854e-19   3.0840e-19
 6730.00   2.8049e-19   3.0926e-19
 6735.00   3.8926e-19   2.9733e-19
 6740.00   3.4243e-19   2.9378e-19
 6745.00   5.5851e-19   2.9502e-19
 6750.00   4.0846e-19   2.8269e-19
 6755.00   6.8623e-19   2.8243e-19
 6760.00   4.3777e-19   2.7650e-19
 6765.00   3.8934e-19   2.7170e-19
 6770.00   6.7933e-19   2.7208e-19
 6775.00   1.0052e-18   2.7260e-19
 6780.00   3.8062e-19   2.6231e-19
 6785.00   3.8924e-19   2.6271e-19
 6790.00   3.0503e-19   2.5978e-19
 6795.00   9.3544e-20   2.5162e-19
 6800.00   3.2748e-19   2.5113e-19
 6805.00   4.4154e-19   2.5364e-19
 6810.00  -6.1549e-20   2.4784e-19
 6815.00   1.8865e-19   2.4885e-19
 6820.00   8.3325e-19   2.5515e-19
 6825.00   1.4374e-19   2.5529e-19
 6830.00   7.6289e-19   3.1566e-19
 6835.00   3.6719e-19   2.9632e-19
 6840.00   2.9829e-19   2.7062e-19
 6845.00  -6.9447e-20   2.4628e-19
 6850.00   3.5750e-19   2.5972e-19
 6855.00   3.3710e-19   2.5640e-19
 6860.00   2.1116e-19   2.6161e-19
 6865.00   3.4235e-19   3.0537e-19
 6870.00   3.3095e-19   2.7001e-19
 6875.00   2.3470e-19   2.5829e-19
 6880.00   8.4179e-20   2.7963e-19
 6885.00   3.1988e-19   2.7269e-19
 6890.00   3.9354e-19   2.8855e-19
 6895.00   7.7177e-20   2.7107e-19
 6900.00   1.0047e-19   2.9325e-19
 6905.00   4.5677e-19   2.7731e-19
 6910.00   1.0361e-18   2.9135e-19
 6915.00   4.4010e-19   2.9078e-19
 6920.00  -6.7321e-20   2.7570e-19
 6925.00   4.6872e-19   3.0921e-19
 6930.00   2.8900e-20   2.7595e-19
 6935.00   4.0013e-19   2.7748e-19
 6940.00   2.0354e-20   2.9658e-19
 6945.00   6.8154e-19   2.7725e-19
 6950.00   4.9317e-19   3.0604e-19
 6955.00   7.4647e-19   2.8305e-19
 6960.00   9.7851e-19   2.7919e-19
 6965.00   5.8609e-19   2.7461e-19
 6970.00   8.9816e-19   2.8629e-19
 6975.00   8.1599e-19   2.6816e-19
 6980.00   1.0315e-18   2.9326e-19
 6985.00   4.7245e-19   2.6349e-19
 6990.00   6.6248e-19   2.8795e-19
 6995.00   8.1311e-19   2.8533e-19
 7000.00   6.8628e-19   2.7680e-19
 7005.00   4.0903e-19   2.7377e-19
 7010.00   7.2045e-19   2.8179e-19
 7015.00   7.8690e-19   2.5528e-19
 7020.00   8.6275e-19   2.5176e-19
 7025.00   6.0542e-19   2.4269e-19
 7030.00   7.2271e-19   2.4305e-19
 7035.00   1.1321e-18   2.4194e-19
 7040.00   1.0577e-18   2.4384e-19
 7045.00   1.1868e-18   2.4506e-19
 7050.00   9.3242e-19   2.6181e-19
 7055.00   1.0603e-18   2.3712e-19
 7060.00   8.1466e-19   2.2707e-19
 7065.00   9.1868e-19   2.3452e-19
 7070.00   1.2107e-18   2.2847e-19
 7075.00   7.7493e-19   2.2175e-19
 7080.00   7.8387e-19   2.2430e-19
 7085.00   1.1110e-18   2.2033e-19
 7090.00   1.0069e-18   2.2785e-19
 7095.00   8.0765e-19   2.0797e-19
 7100.00   9.6842e-19   2.0854e-19
 7105.00   1.2262e-18   2.1118e-19
 7110.00   7.8984e-19   2.0572e-19
 7115.00   9.3987e-19   2.0772e-19
 7120.00   9.2004e-19   2.0700e-19
 7125.00   1.3308e-18   2.1525e-19
 7130.00   9.7030e-19   2.1514e-19
 7135.00   5.6865e-19   2.1182e-19
 7140.00   1.2705e-18   2.1958e-19
 7145.00   7.9949e-19   2.3315e-19
 7150.00   9.3974e-19   2.2627e-19
 7155.00   4.2227e-19   2.1451e-19
 7160.00   9.9358e-19   2.3080e-19
 7165.00   1.5505e-18   2.3684e-19
 7170.00   1.2250e-18   2.3187e-19
 7175.00   7.2348e-19   2.3253e-19
 7180.00   8.8992e-19   2.3598e-19
 7185.00   5.4813e-19   2.2499e-19
 7190.00   6.5906e-19   2.2937e-19
 7195.00   8.4611e-19   2.3133e-19
 7200.00   4.2377e-19   2.3184e-19
 7205.00   4.0827e-19   2.3132e-19
 7210.00   6.7467e-19   2.3659e-19
 7215.00   1.4840e-19   2.3264e-19
 7220.00   7.4022e-19   2.4459e-19
 7225.00   7.2600e-19   2.4738e-19
 7230.00   1.0518e-18   2.4946e-19
 7235.00   5.8088e-19   2.4680e-19
 7240.00   5.5203e-19   3.6292e-19
 7245.00   8.2961e-19   3.1609e-19
 7250.00   5.6935e-19   2.5403e-19
 7255.00   4.5602e-19   2.7821e-19
 7260.00   6.3109e-19   2.4788e-19
 7265.00   4.4459e-19   2.4755e-19
 7270.00   5.6729e-19   2.5741e-19
 7275.00   9.9271e-19   3.0296e-19
 7280.00   5.0819e-19   2.4722e-19
 7285.00   5.2458e-19   2.7392e-19
 7290.00   5.1690e-19   2.3897e-19
 7295.00   7.8415e-19   2.8655e-19
 7300.00   5.3671e-19   2.4993e-19
 7305.00   3.5549e-19   2.7754e-19
 7310.00   4.2409e-19   2.4709e-19
 7315.00   5.9037e-19   2.6704e-19
 7320.00   2.6384e-19   2.2500e-19
 7325.00   5.5552e-19   2.2349e-19
 7330.00   1.0361e-19   2.5206e-19
 7335.00   7.2052e-19   2.2094e-19
 7340.00   6.8079e-19   2.5484e-19
 7345.00   3.6348e-19   2.1850e-19
 7350.00   1.0031e-19   2.1720e-19
 7355.00   3.4900e-19   2.1009e-19
 7360.00   2.3677e-19   2.2998e-19
 7365.00   9.9097e-20   2.0670e-19
 7370.00   4.1057e-19   2.3185e-19
 7375.00   4.4331e-19   2.0477e-19
 7380.00   3.1321e-19   1.9858e-19
 7385.00   7.8972e-19   1.9984e-19
 7390.00   6.0309e-19   2.1711e-19
 7395.00   4.1603e-19   1.9758e-19
 7400.00   3.3129e-19   2.1889e-19
 7405.00   6.9919e-19   1.9382e-19
 7410.00   6.5903e-19   1.9381e-19
 7415.00   5.0254e-19   1.9487e-19
 7420.00   6.3453e-19   1.9047e-19
 7425.00   3.6317e-19   1.8908e-19
 7430.00   3.3924e-19   2.0348e-19
 7435.00   3.4225e-19   1.8826e-19
 7440.00   2.8647e-19   2.1677e-19
 7445.00   2.6935e-19   1.8844e-19
 7450.00   1.9145e-19   1.8818e-19
 7455.00   4.2389e-19   1.9108e-19
 7460.00   3.9297e-19   2.0176e-19
 7465.00   6.7457e-19   2.2122e-19
 7470.00   5.9643e-19   2.2345e-19
 7475.00   3.1330e-19   2.1621e-19
 7480.00   2.0310e-19   2.2973e-19
 7485.00   2.4214e-19   2.2232e-19
 7490.00   2.8824e-19   2.0233e-19
 7495.00   4.2042e-19   2.1460e-19
 7500.00   3.1847e-19   2.0585e-19
 7505.00   4.8392e-19   2.0695e-19
 7510.00   2.9152e-19   2.0631e-19
 7515.00   4.9419e-19   2.1649e-19
 7520.00   2.8103e-19   2.1983e-19
 7525.00   4.0053e-19   2.5936e-19
 7530.00   1.6593e-19   2.3574e-19
 7535.00   3.6561e-19   2.1555e-19
 7540.00   2.6384e-19   2.2590e-19
 7545.00   2.0422e-19   2.1652e-19
 7550.00   3.1434e-19   2.1703e-19
 7555.00   3.5003e-19   2.2585e-19
 7560.00   3.0874e-19   2.2647e-19
 7565.00   4.2511e-19   2.2105e-19
 7570.00   4.4586e-19   2.4847e-19
 7575.00   6.5001e-19   2.3123e-19
 7580.00   3.1453e-19   2.1696e-19
 7585.00   1.0976e-18   2.4150e-19
 7590.00   7.7357e-19   2.1899e-19
 7595.00   4.9356e-19   2.0893e-19
 7600.00   7.0911e-20   2.1554e-19
 7605.00  -1.2924e-19   1.9485e-19
 7610.00  -1.7801e-19   1.9811e-19
 7615.00   5.1797e-19   2.0531e-19
 7620.00   2.8908e-19   2.6880e-19
 7625.00   4.0925e-19   2.3338e-19
 7630.00   3.8241e-19   2.4364e-19
 7635.00   4.9671e-19   2.1778e-19
 7640.00   4.2825e-19   2.1801e-19
 7645.00   1.5464e-19   2.1077e-19
 7650.00   5.4380e-20   2.0626e-19
 7655.00   4.2632e-19   2.1866e-19
 7660.00   4.2535e-19   2.1394e-19
 7665.00   4.7379e-19   2.0812e-19
 7670.00   5.7753e-19   2.0131e-19
 7675.00   2.6381e-19   1.9686e-19
 7680.00   4.3720e-19   2.0453e-19
 7685.00   1.1201e-18   2.3738e-19
 7690.00   4.3257e-19   2.3114e-19
 7695.00   9.7717e-20   2.0679e-19
 7700.00   1.2866e-19   2.1335e-19
 7705.00   3.2423e-19   1.9017e-19
 7710.00   1.3813e-19   2.0327e-19
 7715.00   6.0842e-19   3.3284e-19
 7720.00   2.9346e-19   2.1105e-19
 7725.00   7.2392e-19   2.4145e-19
 7730.00   5.4186e-19   1.9500e-19
 7735.00   6.1227e-19   2.1086e-19
 7740.00   5.0654e-19   1.9451e-19
 7745.00   1.5794e-19   1.8791e-19
 7750.00   4.3228e-19   2.5028e-19
 7755.00   4.8759e-19   1.9554e-19
 7760.00   1.2573e-19   2.0507e-19
 7765.00   1.6132e-19   1.7621e-19
 7770.00   5.9306e-19   1.9981e-19
 7775.00   7.6958e-19   2.2800e-19
 7780.00   5.4081e-19   2.1041e-19
 7785.00   1.4825e-19   1.8944e-19
 7790.00   1.8710e-19   2.0502e-19
 7795.00   1.8435e-19   2.1677e-19
 7800.00   3.8972e-19   1.8256e-19
 7805.00   3.9799e-19   1.8652e-19
 7810.00   1.6871e-19   2.1606e-19
 7815.00   3.3094e-19   1.9764e-19
 7820.00   5.3822e-19   2.3920e-19
 7825.00   4.9848e-19   1.9309e-19
 7830.00   1.8857e-19   1.9277e-19
 7835.00   2.9295e-19   1.9228e-19
 7840.00   2.2442e-19   2.1519e-19
 7845.00   4.0430e-19   1.9032e-19
 7850.00   4.7209e-19   2.3721e-19
 7855.00   2.7322e-19   2.3605e-19
 7860.00   1.2035e-20   2.4480e-19
 7865.00   4.0111e-19   2.0389e-19
 7870.00   7.2577e-19   2.5240e-19
 7875.00   2.3293e-19   2.0020e-19
 7880.00   2.1803e-19   2.7137e-19
 7885.00   4.3320e-19   2.2808e-19
 7890.00   3.6149e-19   2.7330e-19
 7895.00   5.1236e-19   2.2585e-19
 7900.00   4.7589e-20   2.0858e-19
 7905.00   8.0843e-20   2.1967e-19
 7910.00   3.4451e-19   2.3597e-19
 7915.00   4.4818e-19   2.6327e-19
 7920.00   5.4872e-19   2.8130e-19
 7925.00   2.8422e-19   2.1759e-19
 7930.00   6.9904e-19   2.7914e-19
 7935.00   2.2242e-19   2.1846e-19
 7940.00   7.1423e-20   2.1578e-19
 7945.00   3.3304e-19   2.2732e-19
 7950.00   2.0338e-19   2.4009e-19
 7955.00   3.2845e-19   2.1293e-19
 7960.00   1.0778e-19   2.1021e-19
 7965.00   4.9389e-19   2.5272e-19
 7970.00   2.4964e-19   2.3268e-19
 7975.00   3.9164e-19   2.3344e-19
 7980.00   4.7112e-19   2.5411e-19
 7985.00   8.6401e-19   2.7343e-19
 7990.00   4.0539e-19   2.7785e-19
 7995.00   1.6698e-19   3.1877e-19
 8000.00   4.0594e-19   2.7289e-19
 8005.00   5.0930e-19   2.5296e-19
 8010.00   1.2577e-18   2.6032e-19
 8015.00   9.2353e-19   2.8419e-19
 8020.00   6.7014e-19   2.5734e-19
 8025.00   5.3003e-19   2.8349e-19
 8030.00   4.2927e-19   2.6901e-19
 8035.00   7.7401e-19   2.3222e-19
 8040.00   4.8369e-19   2.2659e-19
 8045.00   5.2010e-19   2.1828e-19
 8050.00   8.0060e-19   2.5263e-19
 8055.00   9.5741e-19   2.2063e-19
 8060.00   1.0474e-18   2.4461e-19
 8065.00   7.8721e-19   2.2342e-19
 8070.00   4.8919e-19   2.0495e-19
 8075.00   1.0812e-18   2.1987e-19
 8080.00   8.6399e-19   2.1098e-19
 8085.00   9.7034e-19   2.2291e-19
 8090.00   8.5368e-19   2.0403e-19
 8095.00   8.6964e-19   2.2380e-19
 8100.00   6.6185e-19   2.1807e-19
 8105.00   8.7216e-19   2.2419e-19
 8110.00   9.8211e-19   2.0747e-19
 8115.00   1.0381e-18   2.0168e-19
 8120.00   4.8406e-19   1.9447e-19
 8125.00   9.5693e-19   2.0310e-19
 8130.00   6.1288e-19   2.0244e-19
 8135.00   7.2474e-19   2.0160e-19
 8140.00   6.1265e-19   2.1492e-19
 8145.00   1.0795e-18   2.1667e-19
 8150.00   4.3700e-19   1.9475e-19
 8155.00   2.9979e-19   1.8548e-19
 8160.00   9.8209e-19   1.9625e-19
 8165.00   5.9891e-19   1.9119e-19
 8170.00   5.3282e-19   1.8896e-19
 8175.00   8.2216e-19   1.9559e-19
 8180.00   7.0271e-19   1.9219e-19
 8185.00   6.5535e-19   1.9375e-19
 8190.00   3.8958e-19   2.0153e-19
 8195.00   9.8683e-19   2.1136e-19
 8200.00   8.2926e-19   1.9660e-19
 8205.00   1.0233e-18   2.0755e-19
 8210.00   9.0129e-19   2.0475e-19
 8215.00   8.8656e-19   2.0560e-19
 8220.00   7.6934e-19   2.0228e-19
 8225.00   8.6323e-19   2.0605e-19
 8230.00   7.8773e-19   2.0330e-19
 8235.00   8.6213e-19   2.0475e-19
 8240.00   7.9356e-19   2.1338e-19
 8245.00   9.2241e-19   2.1312e-19
 8250.00   5.1332e-19   2.1266e-19
 8255.00   5.4995e-19   2.1008e-19
 8260.00   6.6637e-19   2.0772e-19
 8265.00   5.5486e-19   2.0821e-19
 8270.00   1.0072e-18   2.1588e-19
 8275.00   1.5726e-19   2.0670e-19
 8280.00   8.2275e-19   3.5498e-19
 8285.00   1.0564e-18   2.6695e-19
 8290.00   6.1903e-19   2.6850e-19
 8295.00   5.3832e-19   2.3963e-19
 8300.00   5.9688e-19   2.6427e-19
 8305.00   5.5926e-19   2.2574e-19
 8310.00   4.0767e-19   2.4466e-19
 8315.00   7.7830e-19   2.1721e-19
 8320.00   1.3012e-19   2.2124e-19
 8325.00   5.0732e-19   2.1511e-19
 8330.00   3.9667e-19   2.1336e-19
 8335.00   7.5627e-19   2.2057e-19
 8340.00   3.2645e-19   2.2900e-19
 8345.00   5.7346e-19   3.0780e-19
 8350.00   8.3075e-19   2.4798e-19
 8355.00   4.8246e-19   2.4585e-19
 8360.00   1.4326e-19   2.3229e-19
 8365.00   2.7134e-19   2.7257e-19
 8370.00   5.6058e-19   2.1513e-19
 8375.00   6.8228e-19   2.7638e-19
 8380.00   6.7748e-19   3.2475e-19
 8385.00   4.9908e-19   2.7636e-19
 8390.00   2.6598e-19   2.6331e-19
 8395.00   4.2132e-19   2.4867e-19
 8400.00   6.5725e-19   3.0792e-19
 8405.00   5.2489e-19   2.3983e-19
 8410.00   5.0543e-19   2.3502e-19
 8415.00   8.0934e-19   2.7476e-19
 8420.00   5.4977e-19   2.3195e-19
 8425.00   8.5704e-19   2.5490e-19
 8430.00   7.7681e-19   3.0048e-19
 8435.00   2.6139e-19   2.2843e-19
 8440.00   8.5815e-19   2.1812e-19
 8445.00   6.5497e-19   2.3302e-19
 8450.00   7.5813e-19   2.3712e-19
 8455.00   3.3247e-19   2.2038e-19
 8460.00   5.9294e-19   2.1283e-19
 8465.00   6.6487e-19   2.5542e-19
 8470.00   6.1622e-19   2.0160e-19
 8475.00   4.0353e-19   2.1090e-19
 8480.00   7.8916e-19   1.9907e-19
 8485.00   4.0567e-19   1.9345e-19
 8490.00   3.1780e-19   1.8964e-19
 8495.00   7.4875e-19   2.4229e-19
 8500.00   5.7969e-19   2.0329e-19
 8505.00   8.7170e-19   2.4762e-19
 8510.00   5.2073e-19   1.8549e-19
 8515.00   7.0578e-19   1.8680e-19
 8520.00   2.3517e-19   1.8771e-19
 8525.00   2.4313e-19   1.7981e-19
 8530.00   3.6331e-19   1.7879e-19
 8535.00   8.4127e-19   1.8454e-19
 8540.00   3.1368e-19   2.0525e-19
 8545.00   5.2720e-19   1.8291e-19
 8550.00   3.9410e-19   2.2836e-19
 8555.00   5.0819e-19   1.8915e-19
 8560.00   1.3205e-20   1.7293e-19
 8565.00   1.1517e-19   1.7375e-19
 8570.00   4.8635e-19   1.8448e-19
 8575.00   5.5826e-19   1.9489e-19
 8580.00   6.5765e-19   1.8425e-19
 8585.00   2.6296e-19   1.7718e-19
 8590.00   2.7910e-19   2.0120e-19
 8595.00   6.2531e-19   2.0502e-19
 8600.00   6.5607e-19   1.9289e-19
 8605.00   5.2164e-19   1.8916e-19
 8610.00   1.4583e-19   2.0775e-19
 8615.00   7.2388e-19   2.6747e-19
 8620.00   7.7881e-19   3.2315e-19
 8625.00   4.7918e-19   3.2189e-19
 8630.00   9.2149e-19   3.4564e-19
 8635.00   5.7477e-19   3.1163e-19
 8640.00   6.9913e-19   2.7206e-19
 8645.00   5.3357e-19   2.1737e-19
 8650.00   4.7254e-19   2.7702e-19
 8655.00   8.0878e-19   2.8568e-19
 8660.00   6.5178e-19   2.7428e-19
 8665.00   6.5449e-19   2.6913e-19
 8670.00   7.2395e-19   2.6784e-19
 8675.00   1.8109e-19   2.4933e-19
 8680.00   4.1458e-19   2.4245e-19
 8685.00   8.3606e-19   2.2946e-19
 8690.00   2.2708e-19   2.0657e-19
 8695.00   3.3314e-19   2.1155e-19
 8700.00   1.7982e-19   2.3286e-19
 8705.00   3.0469e-20   2.1636e-19
 8710.00   3.0413e-19   2.1270e-19
 8715.00   4.0006e-19   2.0205e-19
 8720.00   3.8446e-20   1.9943e-19
 8725.00   5.0496e-19   2.1103e-19
 8730.00   3.9738e-19   2.0302e-19
 8735.00   1.1081e-19   2.0238e-19
 8740.00   2.4941e-19   2.1430e-19
 8745.00   2.2890e-19   2.0959e-19
 8750.00   4.1612e-19   2.1077e-19
 8755.00   7.5109e-19   2.1040e-19
 8760.00  -1.4020e-19   3.8401e-19
 8765.00   8.1406e-19   2.9247e-19
 8770.00   4.0509e-19   2.7052e-19
 8775.00   4.7541e-19   2.5986e-19
 8780.00   5.5329e-19   2.5586e-19
 8785.00   6.5615e-20   2.0980e-19
 8790.00   5.2164e-19   2.6454e-19
 8795.00   5.0994e-19   2.1319e-19
 8800.00   1.7378e-19   2.1397e-19
 8805.00   9.0879e-20   2.0693e-19
 8810.00   1.0659e-19   2.3628e-19
 8815.00  -1.8765e-19   2.0671e-19
 8820.00   6.5205e-19   2.8475e-19
 8825.00   3.6342e-19   3.9800e-19
 8830.00   5.4341e-19   3.5188e-19
 8835.00   6.8507e-19   4.6928e-19
 8840.00   2.6763e-19   2.6589e-19
 8845.00  -1.4631e-20   2.7042e-19
 8850.00   5.2574e-19   3.1224e-19
 8855.00   2.3584e-19   2.5125e-19
 8860.00   6.8833e-19   2.6825e-19
 8865.00   3.6260e-19   2.9146e-19
 8870.00   3.9152e-19   2.6346e-19
 8875.00   2.9469e-19   2.2856e-19
 8880.00   6.5690e-19   2.3168e-19
 8885.00   4.2705e-19   3.0340e-19
 8890.00   5.3158e-19   2.4576e-19
 8895.00   6.2364e-19   2.4646e-19
 8900.00  -1.4640e-19   2.1947e-19
 8905.00   5.0288e-19   2.7324e-19
 8910.00   4.4553e-19   2.4186e-19
 8915.00   3.8748e-19   2.1859e-19
 8920.00   8.8941e-19   3.0974e-19
 8925.00   9.2428e-19   2.3795e-19
 8930.00   3.8869e-19   2.3502e-19
 8935.00   2.7385e-19   2.3033e-19
 8940.00   4.4749e-19   2.2031e-19
 8945.00   7.5860e-19   2.5786e-19
 8950.00   5.3442e-19   2.0548e-19
 8955.00   3.9617e-19   2.1541e-19
 8960.00   7.8778e-19   2.5779e-19
 8965.00   1.0697e-19   2.0041e-19
 8970.00   1.2510e-19   2.2391e-19
 8975.00   5.4555e-19   2.1044e-19
 8980.00   4.2060e-19   2.3532e-19
 8985.00   4.5078e-19   2.2209e-19
 8990.00   3.6207e-19   2.4722e-19
 8995.00   4.8097e-19   2.0480e-19
 9000.00   7.3211e-19   2.6191e-19
 9005.00   5.5568e-19   1.9977e-19
 9010.00   4.7407e-19   1.9333e-19
 9015.00   8.2597e-19   1.9455e-19
 9020.00   4.6081e-19   2.0894e-19
 9025.00   3.1042e-19   1.9027e-19
 9030.00   5.5588e-19   2.1926e-19
 9035.00   7.3831e-19   2.0594e-19
 9040.00   5.7112e-19   2.3073e-19
 9045.00   4.8840e-19   2.1003e-19
 9050.00   1.0402e-18   2.7229e-19
 9055.00   3.1519e-19   2.0875e-19
 9060.00   6.2105e-19   2.0196e-19
 9065.00   8.2015e-19   2.2400e-19
 9070.00   5.3965e-19   2.2474e-19
 9075.00   5.8546e-19   2.0286e-19
 9080.00   3.7187e-19   1.9699e-19
 9085.00   8.1965e-19   2.1721e-19
 9090.00   3.8291e-19   2.1679e-19
 9095.00   9.7227e-19   2.3855e-19
 9100.00   3.9744e-19   2.2216e-19
 9105.00   6.3677e-19   2.3516e-19
 9110.00   6.5154e-19   2.1102e-19
 9115.00   3.7769e-19   2.1001e-19
 9120.00   4.6617e-19   2.0880e-19
 9125.00   8.4402e-19   2.2130e-19
 9130.00   4.7620e-19   2.1602e-19
 9135.00   1.2394e-19   2.2220e-19
 9140.00   5.6447e-19   2.2920e-19
 9145.00   4.0713e-19   2.3205e-19
 9150.00   4.1379e-19   2.5853e-19
 9155.00   6.7265e-19   2.6669e-19
 9160.00   5.4689e-19   3.0742e-19
 9165.00   4.6692e-19   2.3997e-19
 9170.00   3.6728e-19   2.4398e-19
 9175.00   6.5508e-20   2.3638e-19
 9180.00   8.9136e-19   2.5788e-19
 9185.00   2.7323e-19   2.4683e-19
 9190.00   3.1955e-19   2.4925e-19
 9195.00   3.5973e-19   2.5069e-19
 9200.00   4.6709e-19   2.4776e-19
 9205.00   2.5931e-19   2.3745e-19
 9210.00   4.3479e-19   2.4067e-19
 9215.00   6.0776e-19   2.7246e-19
 9220.00   1.5853e-19   2.4312e-19
 9225.00   9.2954e-19   3.0214e-19
 9230.00   3.4937e-19   2.4446e-19
 9235.00   4.0669e-19   2.4478e-19
 9240.00   4.3909e-19   2.4480e-19
 9245.00   2.5968e-19   2.4857e-19
 9250.00   5.3795e-19   2.7997e-19
 9255.00   4.8779e-19   2.5595e-19
 9260.00   3.8443e-19   2.5633e-19
 9265.00  -7.5784e-20   2.6335e-19
 9270.00   2.4253e-19   2.4518e-19
 9275.00   2.7279e-19   2.4457e-19
 9280.00   2.5688e-19   2.4117e-19
 9285.00   2.3075e-20   2.6757e-19
 9290.00   8.7554e-20   2.5513e-19
 9295.00  -2.1914e-19   2.8002e-19
 9300.00   9.4777e-20   3.1455e-19
 9305.00   8.0890e-19   4.6888e-19
 9310.00   8.0489e-19   6.5743e-19
 9315.00   1.3613e-18   4.7706e-19
 9320.00   6.5095e-19   3.9507e-19
 9325.00   5.7734e-19   4.2323e-19
 9330.00  -6.4246e-20   3.4654e-19
 9335.00  -1.0446e-20   3.0339e-19
 9340.00   3.3773e-19   3.3216e-19
 9345.00   1.7054e-19   2.7115e-19
 9350.00   2.8280e-19   3.8639e-19
 9355.00  -3.2743e-20   2.6807e-19
 9360.00  -3.7811e-19   2.8818e-19
 9365.00   2.0526e-19   2.8307e-19
 9370.00   6.1065e-19   3.1067e-19
 9375.00   6.4219e-19   6.9514e-19
 9380.00  -3.4314e-19   2.8617e-19
 9385.00   5.6790e-19   3.4230e-19
 9390.00   1.8848e-19   2.6620e-19
 9395.00  -3.6717e-19   2.8458e-19
 9400.00   5.7918e-19   3.3487e-19
 9405.00   5.1605e-19   2.9855e-19
 9410.00   1.7803e-19   2.5090e-19
 9415.00   6.3915e-20   2.6802e-19
 9420.00   7.0539e-20   4.0292e-19
 9425.00   1.9418e-19   2.7249e-19
 9430.00   5.4133e-19   2.4493e-19
 9435.00   2.3604e-19   2.7495e-19
 9440.00   6.0756e-19   4.9468e-19
 9445.00   1.8939e-19   2.6896e-19
 9450.00   1.2436e-19   3.0208e-19
 9455.00   3.5652e-19   2.7295e-19
 9460.00   7.8005e-20   3.4470e-19
 9465.00   5.1965e-20   2.3696e-19
 9470.00   2.3782e-19   2.3862e-19
 9475.00   3.0575e-19   3.4747e-19
 9480.00   6.7498e-19   2.8622e-19
 9485.00   8.8724e-20   2.5013e-19
 9490.00   1.7639e-19   2.6439e-19
 9495.00   4.8981e-20   2.2629e-19
 9500.00  -2.7903e-19   2.6086e-19
 9505.00   3.4228e-19   3.0042e-19
 9510.00   2.2068e-19   2.3633e-19
 9515.00   1.4684e-19   2.3526e-19
 9520.00   2.0892e-19   3.4668e-19
 9525.00   2.5915e-19   2.3864e-19
 9530.00  -2.0625e-19   2.6436e-19
 9535.00   1.2347e-19   2.9035e-19
 9540.00   4.0204e-19   2.3745e-19
 9545.00   1.0620e-19   2.2056e-19
 9550.00   5.4219e-19   2.8029e-19
 9555.00  -2.3376e-20   2.6908e-19
 9560.00  -3.1036e-19   2.5817e-19
 9565.00   6.1442e-19   3.1192e-19
 9570.00   3.7036e-19   3.3150e-19
 9575.00   2.5812e-19   2.6721e-19
 9580.00   1.4411e-19   2.3913e-19
 9585.00   1.9074e-19   2.5342e-19
 9590.00  -2.7111e-19   2.4973e-19
 9595.00   2.5020e-19   2.5390e-19
 9600.00   1.7460e-19   2.5356e-19
 9605.00   1.5075e-19   2.8712e-19
 9610.00  -1.1634e-19   3.0591e-19
 9615.00   3.9246e-19   2.8389e-19
 9620.00   9.6844e-19   3.9671e-19
 9625.00   5.6627e-19   3.1845e-19
 9630.00   7.5700e-20   3.2584e-19
 9635.00   4.0892e-19   2.8462e-19
 9640.00  -1.1264e-19   2.7698e-19
 9645.00   1.1936e-19   2.7276e-19
 9650.00   1.2152e-19   2.9226e-19
 9655.00   4.0870e-19   3.3622e-19
 9660.00   3.4827e-19   3.4823e-19
 9665.00   4.2744e-19   3.1433e-19
 9670.00   7.0717e-19   4.4782e-19
 9675.00   3.8338e-19   3.5127e-19
 9680.00   1.3485e-18   5.3773e-19
 9685.00   7.6024e-19   3.7775e-19
 9690.00   5.4546e-19   3.8760e-19
 9695.00   3.7724e-19   3.4945e-19
 9700.00   8.6496e-19   4.7641e-19
 9705.00   2.3346e-19   3.4924e-19
 9710.00   1.0409e-19   4.0314e-19
 9715.00   4.8250e-19   3.6477e-19
 9720.00   9.2233e-19   5.6640e-19
 9725.00  -8.6320e-20   4.0017e-19
 9730.00   1.5898e-19   3.9952e-19
 9735.00  -3.1979e-20   4.8518e-19
 9740.00   9.2516e-19   4.7444e-19
 9745.00   5.5786e-19   4.9836e-19
 9750.00  -2.8333e-20   3.8973e-19
 9755.00   6.7237e-19   4.2179e-19
 9760.00  -7.0398e-20   4.0008e-19
 9765.00  -2.0153e-19   4.0800e-19
 9770.00   8.0913e-19   4.2770e-19
 9775.00   5.8185e-19   4.3365e-19
 9780.00   6.9360e-20   4.4116e-19
 9785.00   1.6192e-19   4.5881e-19
 9790.00   1.4444e-18   9.1619e-19
 9795.00   1.4663e-18   5.8993e-19
 9800.00   1.5031e-18   6.6585e-19
