 
TRANSIENT_NAME:     DES15C3mpk 
SNID:               1336662    
OBS_DATE:           2015-12-06
MJD:                57362. 
PHASE:              +4.    
MJD_MAX:            57357.3
TYPE:               1  
SPEC_EVAL:          SNIa
REDSHIFT:           0.1800  
REDSHIFT_ERR:       0.0050  
REDSHIFT_SOURCE:    Z_SN
TELESCOPE:          SALT
INSTRUMENT:         RSS
 
======================================
 
# WAVE  FLUX  FLUX_ERR
 3829.71   1.6166e-19   1.5279e-19
 3832.79   2.6191e-19   2.2260e-19
 3835.87   3.1624e-19   2.1734e-19
 3838.95   3.9530e-19   2.4156e-19
 3842.04   1.9174e-19   1.7566e-19
 3845.12   2.4154e-19   2.0954e-19
 3848.20   2.5513e-19   1.8712e-19
 3851.28   1.4269e-19   1.2748e-19
 3854.36   1.7206e-19   1.9220e-19
 3857.44   1.9763e-19   1.6238e-19
 3860.52   4.0278e-19   2.1470e-19
 3863.60   4.9360e-19   2.3046e-19
 3866.68   3.5072e-19   1.9203e-19
 3869.76   6.2509e-19   2.3857e-19
 3872.84   4.0786e-19   2.1238e-19
 3875.92   4.5637e-19   2.4724e-19
 3879.01   4.6068e-19   2.1871e-19
 3882.09   4.5241e-19   2.7036e-19
 3885.17   4.4828e-19   2.6776e-19
 3888.25   5.2042e-19   2.3353e-19
 3891.33   6.9013e-19   2.7939e-19
 3894.41   5.6835e-19   2.5686e-19
 3897.49   6.5563e-19   2.5365e-19
 3900.57   4.1242e-19   2.1736e-19
 3903.65   3.1529e-19   1.9901e-19
 3906.73   4.4844e-19   2.0084e-19
 3909.81   5.9152e-19   2.1652e-19
 3912.89   2.7378e-19   2.0873e-19
 3915.97   5.8915e-19   2.4382e-19
 3919.06   5.2791e-19   2.3203e-19
 3922.14   5.4558e-19   2.2776e-19
 3925.22   4.6448e-19   2.2327e-19
 3928.30   5.6794e-19   2.4045e-19
 3931.38   3.1100e-19   1.7645e-19
 3934.46   7.0542e-19   2.6257e-19
 3937.54   5.9310e-19   2.6378e-19
 3940.62   3.7448e-19   2.3759e-19
 3943.70   4.9221e-19   2.2888e-19
 3946.78   5.3576e-19   2.1908e-19
 3949.86   5.4164e-19   2.2588e-19
 3952.94   4.1103e-19   2.0273e-19
 3956.03   7.9001e-19   2.3578e-19
 3959.11   6.2964e-19   2.3478e-19
 3962.19   5.0639e-19   2.0216e-19
 3965.27   7.2341e-19   2.3202e-19
 3968.35   5.3672e-19   2.4505e-19
 3971.43   6.5386e-19   2.4829e-19
 3974.51   2.0007e-19   1.2488e-19
 3977.59   6.7698e-19   3.0573e-19
 3980.67   6.4215e-19   2.1959e-19
 3983.75   5.0957e-19   2.1781e-19
 3986.83   5.0676e-19   2.3011e-19
 3989.91   7.5312e-19   2.7428e-19
 3992.99   8.0981e-19   2.8591e-19
 3996.08   7.2231e-19   2.6298e-19
 3999.16   6.2342e-19   2.4515e-19
 4002.24   9.6555e-19   2.4332e-19
 4005.32   1.0329e-18   2.6047e-19
 4008.40   5.1557e-19   2.2723e-19
 4011.48   5.6884e-19   2.3833e-19
 4014.56   5.9632e-19   2.5903e-19
 4017.64   6.4979e-19   2.3161e-19
 4020.72   6.6049e-19   2.3830e-19
 4023.80   4.8659e-19   2.4511e-19
 4026.88   5.7819e-19   2.5136e-19
 4029.96   5.5333e-19   2.4846e-19
 4033.05   6.3830e-19   2.5540e-19
 4036.13   7.4809e-19   2.4355e-19
 4039.21   7.4015e-19   2.7668e-19
 4042.29   7.2327e-19   2.4208e-19
 4045.37   8.7127e-19   2.5058e-19
 4048.45   7.0859e-19   2.4635e-19
 4051.53   6.6595e-19   2.4447e-19
 4054.61   7.8654e-19   2.8515e-19
 4057.69   7.8818e-19   2.5741e-19
 4060.77   7.2345e-19   2.7901e-19
 4063.85   8.8732e-19   2.5766e-19
 4066.93   7.4298e-19   2.4665e-19
 4070.02   9.4292e-19   2.5300e-19
 4073.10   7.8356e-19   2.4921e-19
 4076.18   9.0828e-19   2.6703e-19
 4079.26   1.0076e-18   2.7503e-19
 4082.34   8.4511e-19   2.3318e-19
 4085.42   1.0763e-18   2.3572e-19
 4088.50   1.1377e-18   2.3013e-19
 4091.58   1.0107e-18   2.2119e-19
 4094.66   1.0454e-18   2.3543e-19
 4097.74   1.0685e-18   2.4558e-19
 4100.82   1.1786e-18   2.4044e-19
 4103.90   9.7403e-19   2.3955e-19
 4106.98   1.1320e-18   2.5559e-19
 4110.07   1.0815e-18   2.4933e-19
 4113.15   1.1693e-18   2.7300e-19
 4116.23   1.2356e-18   2.4115e-19
 4119.31   1.3946e-18   2.5609e-19
 4122.39   1.4247e-18   2.4814e-19
 4125.47   1.2213e-18   2.4075e-19
 4128.55   1.3057e-18   2.4170e-19
 4131.63   1.3587e-18   2.5325e-19
 4134.71   1.2729e-18   2.3937e-19
 4137.79   1.3950e-18   2.4567e-19
 4140.87   1.4533e-18   2.4266e-19
 4143.95   1.5288e-18   2.4738e-19
 4147.04   1.6393e-18   2.5049e-19
 4150.12   1.3260e-18   2.6083e-19
 4153.20   1.2993e-18   2.6756e-19
 4156.28   1.3916e-18   2.5686e-19
 4159.36   1.3100e-18   2.4467e-19
 4162.44   1.1653e-18   2.5629e-19
 4165.52   1.3915e-18   2.4349e-19
 4168.60   1.6554e-18   2.3985e-19
 4171.68   1.6053e-18   2.5684e-19
 4174.76   1.3729e-18   2.4691e-19
 4177.84   1.6047e-18   2.3909e-19
 4180.92   1.5263e-18   2.4485e-19
 4184.00   1.4815e-18   2.5716e-19
 4187.09   1.6264e-18   2.4615e-19
 4190.17   1.6173e-18   2.4416e-19
 4193.25   1.2993e-18   2.3364e-19
 4196.33   1.2463e-18   2.4222e-19
 4199.41   1.6451e-18   2.4185e-19
 4202.49   1.5122e-18   2.3081e-19
 4205.57   1.5019e-18   2.4006e-19
 4208.65   1.3322e-18   2.2314e-19
 4211.73   1.5681e-18   2.2623e-19
 4214.81   1.6489e-18   2.2767e-19
 4217.89   1.5248e-18   2.2420e-19
 4220.97   1.4539e-18   2.1987e-19
 4224.06   1.0966e-18   2.1111e-19
 4227.14   1.1059e-18   2.4350e-19
 4230.22   1.0933e-18   2.3648e-19
 4233.30   1.0731e-18   2.2965e-19
 4236.38   1.1310e-18   2.4280e-19
 4239.46   9.8767e-19   2.4756e-19
 4242.54   1.7165e-18   2.2578e-19
 4245.62   1.7495e-18   2.3322e-19
 4248.70   1.6716e-18   2.3233e-19
 4251.78   1.5945e-18   2.3832e-19
 4254.86   1.5702e-18   2.3565e-19
 4257.94   1.7548e-18   2.2827e-19
 4261.02   1.5376e-18   2.2075e-19
 4264.11   1.6996e-18   2.3524e-19
 4267.19   1.8491e-18   2.5100e-19
 4270.27   1.8902e-18   2.3500e-19
 4273.35   1.6789e-18   2.3537e-19
 4276.43   1.6180e-18   2.2656e-19
 4279.51   1.8610e-18   2.2899e-19
 4282.59   1.8594e-18   2.2784e-19
 4285.67   1.8498e-18   2.1896e-19
 4288.75   1.5851e-18   2.1384e-19
 4291.83   1.7856e-18   2.1581e-19
 4294.91   1.8285e-18   2.2057e-19
 4297.99   1.8973e-18   2.1834e-19
 4301.08   1.9453e-18   2.1915e-19
 4304.16   1.8232e-18   2.2077e-19
 4307.24   1.6983e-18   2.2607e-19
 4310.32   1.6450e-18   2.1543e-19
 4313.40   1.6102e-18   2.2400e-19
 4316.48   1.6525e-18   2.1549e-19
 4319.56   1.6807e-18   2.1367e-19
 4322.64   1.7518e-18   2.2216e-19
 4325.72   1.6900e-18   2.1650e-19
 4328.80   1.5123e-18   2.1765e-19
 4331.88   1.6500e-18   2.1520e-19
 4334.96   1.5805e-18   2.1290e-19
 4338.04   1.5407e-18   2.1603e-19
 4341.13   1.4501e-18   2.0877e-19
 4344.21   1.5280e-18   2.0613e-19
 4347.29   1.4180e-18   2.0427e-19
 4350.37   1.3652e-18   2.1458e-19
 4353.45   1.3992e-18   2.1313e-19
 4356.53   1.2994e-18   2.1060e-19
 4359.61   1.3941e-18   2.0430e-19
 4362.69   1.5764e-18   2.0632e-19
 4365.77   1.3262e-18   2.1345e-19
 4368.85   1.2885e-18   2.0114e-19
 4371.93   1.3244e-18   2.0430e-19
 4375.01   1.3296e-18   2.0480e-19
 4378.10   1.3248e-18   2.1113e-19
 4381.18   1.3074e-18   2.0180e-19
 4384.26   1.2749e-18   1.9888e-19
 4387.34   1.1951e-18   2.0392e-19
 4390.42   1.2698e-18   2.0026e-19
 4393.50   1.3593e-18   2.1676e-19
 4396.58   1.3126e-18   2.1413e-19
 4399.66   1.2737e-18   2.1226e-19
 4402.74   1.3530e-18   2.1175e-19
 4405.82   1.3752e-18   2.2032e-19
 4408.90   1.2526e-18   2.1575e-19
 4411.98   1.2234e-18   2.1516e-19
 4415.06   1.1429e-18   2.0974e-19
 4418.15   1.2954e-18   2.0867e-19
 4421.23   1.2893e-18   2.0970e-19
 4424.31   1.1843e-18   2.0920e-19
 4427.39   1.1479e-18   2.0264e-19
 4430.47   1.2597e-18   1.9367e-19
 4433.55   1.3080e-18   2.0236e-19
 4436.63   1.1438e-18   2.0329e-19
 4439.71   1.0451e-18   1.9860e-19
 4442.79   1.0815e-18   1.9213e-19
 4445.87   1.2449e-18   1.9300e-19
 4448.95   1.3191e-18   1.8927e-19
 4452.03   1.3063e-18   1.8867e-19
 4455.12   1.3557e-18   1.9545e-19
 4458.20   1.3046e-18   1.8943e-19
 4461.28   1.2965e-18   1.8888e-19
 4464.36   1.2258e-18   1.9531e-19
 4467.44   1.3930e-18   1.9568e-19
 4470.52   1.4443e-18   1.9106e-19
 4473.60   1.3751e-18   1.8728e-19
 4476.68   1.2283e-18   1.8325e-19
 4479.76   1.3536e-18   1.8738e-19
 4482.84   1.4259e-18   1.9430e-19
 4485.92   1.5081e-18   1.8473e-19
 4489.00   1.3454e-18   1.8481e-19
 4492.08   1.4197e-18   2.0400e-19
 4495.17   1.1765e-18   1.9569e-19
 4498.25   1.2187e-18   1.9509e-19
 4501.33   1.4986e-18   2.0018e-19
 4504.41   1.3825e-18   1.9195e-19
 4507.49   1.2844e-18   1.9656e-19
 4510.57   1.2683e-18   1.9259e-19
 4513.65   1.2775e-18   1.9108e-19
 4516.73   1.2706e-18   2.0101e-19
 4519.81   1.4690e-18   1.8495e-19
 4522.89   1.4335e-18   1.9453e-19
 4525.97   1.4269e-18   1.9086e-19
 4529.05   1.4336e-18   1.9707e-19
 4532.14   1.3345e-18   1.9356e-19
 4535.22   1.4739e-18   1.9623e-19
 4538.30   1.6139e-18   2.0545e-19
 4541.38   1.7629e-18   1.9619e-19
 4544.46   1.4366e-18   2.0178e-19
 4547.54   1.8079e-18   2.0273e-19
 4550.62   1.8416e-18   1.9091e-19
 4553.70   1.6064e-18   1.9769e-19
 4556.78   2.0738e-18   1.9937e-19
 4559.86   1.7623e-18   1.9655e-19
 4562.94   2.0673e-18   1.8852e-19
 4566.02   2.0164e-18   1.8916e-19
 4569.10   1.9330e-18   1.8598e-19
 4575.27   1.9305e-18   1.8966e-19
 4578.35   1.8581e-18   1.8756e-19
 4581.43   2.0805e-18   1.9996e-19
 4584.51   2.0295e-18   1.9158e-19
 4587.59   2.0603e-18   2.0039e-19
 4590.67   1.7895e-18   1.9671e-19
 4593.75   2.0742e-18   1.9437e-19
 4596.83   2.0689e-18   1.9260e-19
 4599.91   1.9561e-18   1.9614e-19
 4602.99   2.0021e-18   1.9470e-19
 4606.07   2.1141e-18   1.9458e-19
 4609.16   2.1873e-18   1.9972e-19
 4612.24   2.1269e-18   1.8697e-19
 4615.32   1.9352e-18   1.8865e-19
 4618.40   1.9515e-18   1.9178e-19
 4621.48   2.0640e-18   1.8490e-19
 4624.56   2.1006e-18   1.9026e-19
 4627.64   1.8874e-18   1.8962e-19
 4630.72   1.8652e-18   1.8700e-19
 4633.80   1.8642e-18   1.8609e-19
 4636.88   1.8712e-18   1.8773e-19
 4639.96   1.7776e-18   1.8339e-19
 4643.04   1.9490e-18   1.8543e-19
 4646.12   1.6728e-18   1.8469e-19
 4649.21   1.8468e-18   1.8958e-19
 4652.29   1.7563e-18   1.8698e-19
 4655.37   1.8759e-18   1.8588e-19
 4658.45   2.0700e-18   1.8434e-19
 4661.53   1.9324e-18   1.8766e-19
 4664.61   2.0014e-18   1.8591e-19
 4667.69   1.8596e-18   1.8406e-19
 4670.77   1.9362e-18   1.8502e-19
 4673.85   1.8879e-18   1.8320e-19
 4676.93   1.7717e-18   1.8348e-19
 4680.01   1.7715e-18   1.8228e-19
 4683.09   1.7136e-18   1.8461e-19
 4686.18   1.7011e-18   1.8565e-19
 4689.26   1.7603e-18   1.7636e-19
 4692.34   1.9652e-18   1.7749e-19
 4695.42   1.9365e-18   1.7859e-19
 4698.50   1.6894e-18   1.7780e-19
 4701.58   1.6974e-18   1.7804e-19
 4704.66   1.7807e-18   1.7655e-19
 4707.74   1.8520e-18   1.8036e-19
 4710.82   1.9012e-18   1.8058e-19
 4713.90   1.8616e-18   1.8302e-19
 4716.98   1.7475e-18   1.7965e-19
 4720.06   1.9836e-18   1.7764e-19
 4726.23   1.9064e-18   1.7659e-19
 4729.31   1.8357e-18   1.7510e-19
 4732.39   1.8077e-18   1.7360e-19
 4735.47   1.8851e-18   1.7282e-19
 4738.55   1.8757e-18   1.7435e-19
 4741.63   1.8431e-18   1.7705e-19
 4744.71   1.7998e-18   1.7276e-19
 4747.79   1.9147e-18   1.7591e-19
 4750.87   1.7893e-18   1.7439e-19
 4753.95   1.8001e-18   1.7140e-19
 4757.03   1.8528e-18   1.7047e-19
 4760.11   1.8947e-18   1.7370e-19
 4763.20   1.8571e-18   1.7121e-19
 4766.28   1.8799e-18   1.7053e-19
 4769.36   1.9271e-18   1.7168e-19
 4772.44   1.9604e-18   1.7191e-19
 4775.52   1.9642e-18   1.7074e-19
 4778.60   1.9634e-18   1.7052e-19
 4781.68   2.0127e-18   1.7359e-19
 4784.76   2.0123e-18   1.7431e-19
 4787.84   1.8414e-18   1.6912e-19
 4790.92   1.8307e-18   1.6583e-19
 4794.00   2.0147e-18   1.6840e-19
 4797.08   2.0595e-18   1.7107e-19
 4800.17   2.0543e-18   1.7352e-19
 4803.25   1.9157e-18   1.7380e-19
 4806.33   1.8369e-18   1.7170e-19
 4809.41   1.9820e-18   1.6931e-19
 4812.49   1.8354e-18   1.6591e-19
 4815.57   1.9056e-18   1.7124e-19
 4818.65   1.9208e-18   1.7064e-19
 4821.73   1.9830e-18   1.7290e-19
 4824.81   2.0967e-18   1.7645e-19
 4827.89   2.0911e-18   1.7542e-19
 4830.97   1.9904e-18   1.7758e-19
 4834.05   1.9445e-18   1.7248e-19
 4837.13   1.9409e-18   1.7334e-19
 4840.22   2.0130e-18   1.7797e-19
 4843.30   1.9515e-18   1.7155e-19
 4846.38   1.9229e-18   1.6469e-19
 4849.46   1.9412e-18   1.6729e-19
 4852.54   1.8376e-18   1.6365e-19
 4855.62   1.8990e-18   1.6453e-19
 4858.70   1.8928e-18   1.6402e-19
 4861.78   1.8803e-18   1.6464e-19
 4864.86   1.9183e-18   1.6553e-19
 4867.94   1.8224e-18   1.6400e-19
 4871.02   1.9496e-18   1.6390e-19
 4874.10   1.9584e-18   1.6273e-19
 4877.19   1.9421e-18   1.6572e-19
 4880.27   1.9029e-18   1.6315e-19
 4883.35   1.9624e-18   1.6447e-19
 4886.43   1.8127e-18   1.6251e-19
 4889.51   1.7237e-18   1.6189e-19
 4892.59   1.7316e-18   1.6040e-19
 4895.67   1.8552e-18   1.6785e-19
 4898.75   1.8328e-18   1.6230e-19
 4901.83   1.8500e-18   1.6021e-19
 4904.91   1.8966e-18   1.6019e-19
 4907.99   1.8742e-18   1.5974e-19
 4911.07   1.5592e-18   1.5427e-19
 4914.15   1.8117e-18   1.6201e-19
 4917.24   1.5978e-18   1.5712e-19
 4920.32   1.8306e-18   1.5862e-19
 4923.40   1.8054e-18   1.6277e-19
 4926.48   1.6597e-18   1.6121e-19
 4929.56   1.6359e-18   1.5580e-19
 4932.64   1.6798e-18   1.5498e-19
 4935.72   1.6185e-18   1.5104e-19
 5105.16   1.1439e-18   1.3502e-19
 5108.25   1.1911e-18   1.3770e-19
 5111.33   1.1223e-18   1.3535e-19
 5114.41   1.0604e-18   1.3619e-19
 5117.49   1.0079e-18   1.3620e-19
 5120.57   1.0359e-18   1.3427e-19
 5123.65   1.1103e-18   1.3687e-19
 5126.73   1.1397e-18   1.3664e-19
 5129.81   1.0855e-18   1.3527e-19
 5132.89   1.0791e-18   1.3201e-19
 5135.97   1.0440e-18   1.3513e-19
 5139.05   1.0478e-18   1.3704e-19
 5142.13   1.1486e-18   1.4158e-19
 5145.22   1.3200e-18   1.4117e-19
 5148.30   1.2505e-18   1.3963e-19
 5151.38   1.2636e-18   1.4156e-19
 5154.46   1.2472e-18   1.4062e-19
 5157.54   1.1601e-18   1.3724e-19
 5160.62   1.3351e-18   1.4059e-19
 5163.70   1.4137e-18   1.4230e-19
 5166.78   1.2671e-18   1.3600e-19
 5169.86   1.3771e-18   1.3871e-19
 5172.94   1.1972e-18   1.3413e-19
 5176.02   1.2782e-18   1.3565e-19
 5179.10   1.4192e-18   1.4071e-19
 5182.19   1.6275e-18   1.4505e-19
 5185.27   1.5243e-18   1.4299e-19
 5188.35   1.3987e-18   1.4234e-19
 5191.43   1.3758e-18   1.4288e-19
 5194.51   1.4111e-18   1.4149e-19
 5197.59   1.5812e-18   1.4462e-19
 5200.67   1.4742e-18   1.4265e-19
 5203.75   1.5508e-18   1.4441e-19
 5206.83   1.4770e-18   1.4125e-19
 5209.91   1.3709e-18   1.3992e-19
 5212.99   1.6362e-18   1.4875e-19
 5216.07   1.6302e-18   1.4396e-19
 5219.15   1.5481e-18   1.4377e-19
 5222.24   1.4617e-18   1.4017e-19
 5225.32   1.4728e-18   1.4340e-19
 5228.40   1.6968e-18   1.4613e-19
 5231.48   1.6832e-18   1.4179e-19
 5234.56   1.6040e-18   1.3994e-19
 5237.64   1.5988e-18   1.4905e-19
 5240.72   1.5910e-18   1.4549e-19
 5243.80   1.5860e-18   1.4064e-19
 5246.88   1.6547e-18   1.4037e-19
 5249.96   1.6524e-18   1.4098e-19
 5253.04   1.5925e-18   1.3987e-19
 5256.12   1.7616e-18   1.4223e-19
 5259.21   1.8268e-18   1.4417e-19
 5262.29   1.7450e-18   1.4213e-19
 5265.37   1.9024e-18   1.4365e-19
 5268.45   1.8713e-18   1.3951e-19
 5271.53   1.8387e-18   1.3843e-19
 5274.61   1.6562e-18   1.3946e-19
 5277.69   1.8170e-18   1.4146e-19
 5280.77   1.9325e-18   1.4367e-19
 5283.85   1.8987e-18   1.4316e-19
 5286.93   1.7940e-18   1.4102e-19
 5290.01   1.7389e-18   1.3897e-19
 5293.09   1.8374e-18   1.4123e-19
 5296.17   2.0139e-18   1.4440e-19
 5299.26   2.1242e-18   1.4694e-19
 5302.34   1.9878e-18   1.4465e-19
 5305.42   2.0550e-18   1.4565e-19
 5308.50   2.0783e-18   1.4626e-19
 5311.58   2.0164e-18   1.4397e-19
 5314.66   1.9855e-18   1.4515e-19
 5317.74   2.0411e-18   1.4562e-19
 5320.82   2.0752e-18   1.4385e-19
 5323.90   2.0642e-18   1.4359e-19
 5326.98   1.9804e-18   1.4569e-19
 5330.06   2.0151e-18   1.4553e-19
 5333.14   1.9176e-18   1.4323e-19
 5336.23   1.9504e-18   1.6913e-19
 5339.31   1.6602e-18   1.5084e-19
 5342.39   1.7973e-18   1.4343e-19
 5345.47   2.0296e-18   1.4210e-19
 5348.55   1.9539e-18   1.4322e-19
 5351.63   2.0250e-18   1.4278e-19
 5354.71   2.0110e-18   1.4326e-19
 5357.79   1.9868e-18   1.4358e-19
 5360.87   2.1087e-18   1.4425e-19
 5363.95   2.1556e-18   1.4282e-19
 5367.03   2.0490e-18   1.4370e-19
 5370.11   1.9340e-18   1.4102e-19
 5373.19   2.0447e-18   1.4175e-19
 5376.28   2.0822e-18   1.4262e-19
 5379.36   2.0795e-18   1.4337e-19
 5382.44   1.9700e-18   1.4058e-19
 5385.52   2.0320e-18   1.4147e-19
 5388.60   2.1232e-18   1.3966e-19
 5391.68   2.0221e-18   1.4018e-19
 5394.76   1.9342e-18   1.3877e-19
 5397.84   1.9692e-18   1.4127e-19
 5400.92   1.9906e-18   1.3833e-19
 5404.00   1.9635e-18   1.3962e-19
 5407.08   2.1297e-18   1.4287e-19
 5410.16   2.0577e-18   1.4338e-19
 5413.25   2.0744e-18   1.4459e-19
 5416.33   2.0378e-18   1.4097e-19
 5419.41   2.1088e-18   1.4707e-19
 5422.49   2.0956e-18   1.4250e-19
 5425.57   2.0363e-18   1.3960e-19
 5428.65   1.8759e-18   1.3923e-19
 5431.73   1.7988e-18   1.4193e-19
 5434.81   1.8971e-18   1.3955e-19
 5437.89   1.9944e-18   1.4286e-19
 5440.97   2.0611e-18   1.4292e-19
 5444.05   2.1264e-18   1.4182e-19
 5447.13   1.8332e-18   1.4132e-19
 5450.21   1.8845e-18   1.4337e-19
 5453.30   1.8493e-18   1.4287e-19
 5456.38   1.9314e-18   1.4283e-19
 5459.46   1.9639e-18   1.4529e-19
 5462.54   1.8034e-18   1.4643e-19
 5465.62   1.8435e-18   1.4002e-19
 5468.70   1.8258e-18   1.4044e-19
 5471.78   1.7007e-18   1.3712e-19
 5474.86   1.6483e-18   1.3786e-19
 5477.94   1.7341e-18   1.3860e-19
 5481.02   1.7727e-18   1.3667e-19
 5484.10   1.8229e-18   1.3872e-19
 5487.18   1.5764e-18   1.3437e-19
 5490.27   1.7401e-18   1.3681e-19
 5493.35   1.7048e-18   1.3530e-19
 5496.43   1.6306e-18   1.3363e-19
 5499.51   1.5868e-18   1.3696e-19
 5502.59   1.6266e-18   1.3855e-19
 5505.67   1.4349e-18   1.3457e-19
 5508.75   1.4512e-18   1.3697e-19
 5511.83   1.5000e-18   1.3885e-19
 5514.91   1.3994e-18   1.3558e-19
 5517.99   1.4965e-18   1.3420e-19
 5521.07   1.5445e-18   1.3313e-19
 5524.15   1.4810e-18   1.3367e-19
 5527.23   1.6006e-18   1.3734e-19
 5530.32   1.4563e-18   1.3623e-19
 5533.40   1.4678e-18   1.3645e-19
 5536.48   1.4593e-18   1.3601e-19
 5539.56   1.3398e-18   1.3479e-19
 5542.64   1.4623e-18   1.3804e-19
 5545.72   1.6113e-18   1.4232e-19
 5548.80   1.4896e-18   1.4240e-19
 5551.88   1.4456e-18   1.4215e-19
 5554.96   1.4266e-18   1.4531e-19
 5558.04   1.5059e-18   1.5048e-19
 5561.12   1.2965e-18   1.7457e-19
 5595.01   1.3679e-18   1.4605e-19
 5598.09   1.4414e-18   1.4246e-19
 5601.17   1.6295e-18   1.4453e-19
 5604.25   1.4047e-18   1.4041e-19
 5607.34   1.4217e-18   1.3988e-19
 5610.42   1.2594e-18   1.3387e-19
 5613.50   1.4729e-18   1.3910e-19
 5616.58   1.3342e-18   1.3568e-19
 5619.66   1.5222e-18   1.3703e-19
 5622.74   1.3643e-18   1.3233e-19
 5625.82   1.2229e-18   1.3066e-19
 5628.90   1.3655e-18   1.3173e-19
 5631.98   1.2222e-18   1.2911e-19
 5635.06   1.3335e-18   1.2922e-19
 5638.14   1.4487e-18   1.3116e-19
 5641.22   1.3918e-18   1.2943e-19
 5644.31   1.4110e-18   1.3035e-19
 5647.39   1.4004e-18   1.2800e-19
 5650.47   1.2499e-18   1.2862e-19
 5653.55   1.3096e-18   1.2730e-19
 5656.63   1.3453e-18   1.3081e-19
 5659.71   1.4805e-18   1.3142e-19
 5662.79   1.3818e-18   1.2854e-19
 5665.87   1.4357e-18   1.2738e-19
 5668.95   1.3297e-18   1.2931e-19
 5672.03   1.3152e-18   1.2982e-19
 5675.11   1.4344e-18   1.2941e-19
 5678.19   1.4040e-18   1.2898e-19
 5681.27   1.3766e-18   1.2934e-19
 5684.36   1.3338e-18   1.2966e-19
 5687.44   1.3266e-18   1.2849e-19
 5690.52   1.3807e-18   1.3137e-19
 5693.60   1.5071e-18   1.3273e-19
 5696.68   1.4893e-18   1.3011e-19
 5699.76   1.3110e-18   1.2496e-19
 5702.84   1.4149e-18   1.2657e-19
 5705.92   1.4798e-18   1.2774e-19
 5709.00   1.3702e-18   1.2876e-19
 5712.08   1.3507e-18   1.2827e-19
 5715.16   1.2672e-18   1.2571e-19
 5718.24   1.3167e-18   1.2415e-19
 5721.33   1.4851e-18   1.2733e-19
 5724.41   1.5245e-18   1.3017e-19
 5727.49   1.4419e-18   1.2685e-19
 5730.57   1.3443e-18   1.2394e-19
 5733.65   1.2666e-18   1.2356e-19
 5736.73   1.3080e-18   1.2592e-19
 5739.81   1.3404e-18   1.2537e-19
 5742.89   1.3119e-18   1.2279e-19
 5745.97   1.3434e-18   1.2098e-19
 5749.05   1.3585e-18   1.2163e-19
 5752.13   1.2661e-18   1.2443e-19
 5755.21   1.1452e-18   1.2222e-19
 5758.29   1.2146e-18   1.2054e-19
 5761.38   1.1872e-18   1.2070e-19
 5764.46   1.2564e-18   1.2308e-19
 5767.54   1.3034e-18   1.2331e-19
 5770.62   1.1546e-18   1.1827e-19
 5773.70   1.1593e-18   1.2201e-19
 5776.78   1.1337e-18   1.2192e-19
 5779.86   1.0647e-18   1.2003e-19
 5782.94   1.1641e-18   1.2730e-19
 5786.02   1.1122e-18   1.2323e-19
 5789.10   1.1136e-18   1.1816e-19
 5792.18   1.1909e-18   1.2024e-19
 5795.26   1.2361e-18   1.2654e-19
 5798.35   1.1463e-18   1.2172e-19
 5801.43   1.2867e-18   1.2815e-19
 5804.51   1.3117e-18   1.2331e-19
 5807.59   1.0271e-18   1.1864e-19
 5810.67   1.1053e-18   1.2144e-19
 5813.75   1.1609e-18   1.2836e-19
 5816.83   1.1900e-18   1.2336e-19
 5819.91   1.1424e-18   1.2039e-19
 5822.99   1.1269e-18   1.2112e-19
 5826.07   1.2333e-18   1.2487e-19
 5829.15   1.1711e-18   1.2381e-19
 5832.23   1.1937e-18   1.2197e-19
 5835.31   1.1612e-18   1.1852e-19
 5838.40   1.1378e-18   1.1740e-19
 5841.48   1.2038e-18   1.2190e-19
 5844.56   1.1750e-18   1.2304e-19
 5847.64   1.0748e-18   1.1912e-19
 5850.72   1.1633e-18   1.1957e-19
 5853.80   1.1409e-18   1.2453e-19
 5856.88   1.0496e-18   1.3849e-19
 5859.96   1.1164e-18   1.4808e-19
 5863.04   1.0597e-18   1.4648e-19
 5866.12   1.0043e-18   1.4307e-19
 5869.20   1.0829e-18   1.5720e-19
 5872.28   1.1965e-18   1.3288e-19
 5875.37   1.1995e-18   1.3485e-19
 5878.45   1.1427e-18   1.4376e-19
 5881.53   1.0703e-18   1.5263e-19
 5884.61   1.0213e-18   1.5614e-19
 5887.69   1.2023e-18   1.5473e-19
 5890.77   1.2900e-18   1.6039e-19
 5893.85   1.2065e-18   1.5405e-19
 5896.93   1.2853e-18   1.4850e-19
 5900.01   1.1958e-18   1.3908e-19
 5903.09   1.2336e-18   1.3370e-19
 5906.17   1.3122e-18   1.3111e-19
 5909.25   1.3637e-18   1.3225e-19
 5912.33   1.2910e-18   1.3186e-19
 5915.42   1.1965e-18   1.3332e-19
 5918.50   1.2897e-18   1.3097e-19
 5921.58   1.3023e-18   1.3465e-19
 5924.66   1.2687e-18   1.3531e-19
 5927.74   1.3897e-18   1.3525e-19
 5930.82   1.1356e-18   1.2814e-19
 5933.90   1.0908e-18   1.3083e-19
 5936.98   1.2860e-18   1.2922e-19
 5940.06   1.2231e-18   1.2793e-19
 5943.14   1.2771e-18   1.2994e-19
 5946.22   1.3563e-18   1.3065e-19
 5949.30   1.2910e-18   1.2878e-19
 5952.39   1.2219e-18   1.3006e-19
 5955.47   1.0889e-18   1.2581e-19
 5958.55   1.3203e-18   1.3115e-19
 5961.63   1.3771e-18   1.2539e-19
 5964.71   1.4295e-18   1.2759e-19
 5967.79   1.3122e-18   1.2917e-19
 5970.87   1.4050e-18   1.2430e-19
 5973.95   1.3161e-18   1.2392e-19
 5977.03   1.4312e-18   1.2326e-19
 5980.11   1.4271e-18   1.2349e-19
 5983.19   1.3913e-18   1.2395e-19
 5986.27   1.5677e-18   1.2638e-19
 5989.35   1.5736e-18   1.2578e-19
 5992.44   1.4041e-18   1.2369e-19
 5995.52   1.4936e-18   1.2362e-19
 5998.60   1.4553e-18   1.2266e-19
 6001.68   1.4516e-18   1.2326e-19
 6004.76   1.5210e-18   1.2140e-19
 6007.84   1.3927e-18   1.2407e-19
 6010.92   1.5785e-18   1.2115e-19
 6014.00   1.5064e-18   1.1779e-19
 6017.08   1.5059e-18   1.1691e-19
 6020.16   1.6072e-18   1.1775e-19
 6023.24   1.6316e-18   1.1958e-19
 6026.32   1.5353e-18   1.1923e-19
 6029.41   1.4819e-18   1.1876e-19
 6032.49   1.5928e-18   1.1949e-19
 6035.57   1.6310e-18   1.2156e-19
 6038.65   1.6005e-18   1.1913e-19
 6041.73   1.6196e-18   1.1745e-19
 6044.81   1.5921e-18   1.1735e-19
 6047.89   1.6375e-18   1.1817e-19
 6050.97   1.7173e-18   1.1979e-19
 6054.05   1.7306e-18   1.2021e-19
 6057.13   1.6823e-18   1.2009e-19
 6060.21   1.6843e-18   1.1990e-19
 6063.29   1.8184e-18   1.2188e-19
 6066.38   1.8875e-18   1.2175e-19
 6069.46   1.8388e-18   1.2049e-19
 6072.54   1.8826e-18   1.2102e-19
 6075.62   1.8730e-18   1.1963e-19
 6078.70   1.6790e-18   1.1638e-19
 6081.78   1.6372e-18   1.1675e-19
 6084.86   1.6725e-18   1.1660e-19
 6087.94   1.8104e-18   1.1722e-19
 6091.02   1.5856e-18   1.1724e-19
 6094.10   1.9278e-18   1.2196e-19
 6097.18   1.7063e-18   1.1929e-19
 6100.26   1.5704e-18   1.1686e-19
 6103.34   1.6166e-18   1.1862e-19
 6106.43   1.7535e-18   1.1943e-19
 6109.51   1.7341e-18   1.2162e-19
 6112.59   1.6657e-18   1.1931e-19
 6115.67   1.7310e-18   1.1998e-19
 6118.75   1.5794e-18   1.1644e-19
 6121.83   1.6707e-18   1.1653e-19
 6124.91   1.7202e-18   1.1700e-19
 6127.99   1.5986e-18   1.1819e-19
 6131.07   1.6227e-18   1.1832e-19
 6134.15   1.7750e-18   1.2538e-19
 6137.23   1.6326e-18   1.1936e-19
 6140.31   1.9064e-18   1.2297e-19
 6143.40   1.7627e-18   1.2041e-19
 6146.48   1.6064e-18   1.1895e-19
 6149.56   1.7856e-18   1.2042e-19
 6152.64   1.7524e-18   1.1622e-19
 6155.72   1.6769e-18   1.1520e-19
 6158.80   1.7688e-18   1.1795e-19
 6161.88   1.6275e-18   1.1705e-19
 6164.96   1.7483e-18   1.1872e-19
 6168.04   1.7455e-18   1.2034e-19
 6171.12   1.8824e-18   1.2112e-19
 6174.20   1.8307e-18   1.2052e-19
 6177.28   1.5839e-18   1.1785e-19
 6180.36   1.5357e-18   1.1579e-19
 6183.45   1.5104e-18   1.1424e-19
 6186.53   1.6857e-18   1.1546e-19
 6189.61   1.7893e-18   1.1827e-19
 6192.69   1.6648e-18   1.1630e-19
 6195.77   1.6528e-18   1.1614e-19
 6198.85   1.7061e-18   1.1684e-19
 6201.93   1.6610e-18   1.1580e-19
 6205.01   1.6293e-18   1.1601e-19
 6208.09   1.6270e-18   1.1888e-19
 6211.17   1.6243e-18   1.2049e-19
 6214.25   1.6240e-18   1.1937e-19
 6217.33   1.3524e-18   1.1537e-19
 6220.42   1.4400e-18   1.2060e-19
 6223.50   1.5927e-18   1.2809e-19
 6226.58   1.4311e-18   1.2834e-19
 6229.66   1.5529e-18   1.2985e-19
 6232.74   1.4768e-18   1.3247e-19
 6235.82   1.4431e-18   1.3135e-19
 6238.90   1.4402e-18   1.3220e-19
 6241.98   1.4747e-18   1.2881e-19
 6245.06   1.5434e-18   1.2989e-19
 6248.14   1.6291e-18   1.3262e-19
 6251.22   1.3594e-18   1.2784e-19
 6254.30   1.3943e-18   1.3155e-19
 6257.38   1.2675e-18   1.3218e-19
 6260.47   1.6286e-18   1.3208e-19
 6263.55   1.4350e-18   1.2907e-19
 6266.63   1.3956e-18   1.2228e-19
 6269.71   1.3633e-18   1.1972e-19
 6272.79   1.2378e-18   1.1934e-19
 6275.87   1.3198e-18   1.2312e-19
 6278.95   1.3058e-18   1.2501e-19
 6282.03   1.2956e-18   1.2588e-19
 6285.11   1.3511e-18   1.3685e-19
 6319.00   1.3194e-18   1.2466e-19
 6322.08   1.4264e-18   1.2246e-19
 6325.16   1.4596e-18   1.2334e-19
 6328.24   1.4757e-18   1.2454e-19
 6331.32   1.4110e-18   1.2192e-19
 6334.40   1.3805e-18   1.2191e-19
 6337.49   1.4733e-18   1.1957e-19
 6340.57   1.4511e-18   1.1715e-19
 6343.65   1.4949e-18   1.1836e-19
 6346.73   1.5060e-18   1.2227e-19
 6383.70   1.4978e-18   1.1401e-19
 6386.78   1.3741e-18   1.1044e-19
 6389.86   1.6142e-18   1.1495e-19
 6392.94   1.4127e-18   1.0952e-19
 6396.02   1.5160e-18   1.0927e-19
 6399.10   1.4514e-18   1.0667e-19
 6402.18   1.4812e-18   1.0856e-19
 6405.26   1.3641e-18   1.0749e-19
 6408.34   1.4070e-18   1.1003e-19
 6411.43   1.6148e-18   1.1160e-19
 6414.51   1.3577e-18   1.0637e-19
 6417.59   1.5086e-18   1.1016e-19
 6420.67   1.5670e-18   1.1206e-19
 6423.75   1.4609e-18   1.0835e-19
 6426.83   1.4625e-18   1.0848e-19
 6429.91   1.3856e-18   1.0595e-19
 6432.99   1.4336e-18   1.0515e-19
 6436.07   1.4316e-18   1.0494e-19
 6439.15   1.4169e-18   1.0640e-19
 6442.23   1.2558e-18   1.0425e-19
 6445.31   1.2808e-18   1.0677e-19
 6448.39   9.9708e-19   1.0673e-19
 6451.48   1.0172e-18   1.0987e-19
 6454.56   1.0562e-18   1.1836e-19
 6457.64   1.0149e-18   1.1681e-19
 6460.72   1.0652e-18   1.2049e-19
 6463.80   1.4116e-18   1.2152e-19
 6466.88   1.2750e-18   1.2114e-19
 6469.96   1.3223e-18   1.1984e-19
 6473.04   1.3915e-18   1.1563e-19
 6476.12   1.4079e-18   1.1390e-19
 6479.20   1.4688e-18   1.1169e-19
 6482.28   1.3972e-18   1.0812e-19
 6485.36   1.3354e-18   1.1369e-19
 6488.45   1.3068e-18   1.1956e-19
 6491.53   1.4166e-18   1.2439e-19
 6494.61   1.5083e-18   1.2529e-19
 6497.69   1.4360e-18   1.2318e-19
 6500.77   1.1758e-18   1.3093e-19
 6503.85   9.1747e-19   1.1653e-19
 6506.93   1.0654e-18   1.1585e-19
 6510.01   1.0591e-18   1.1087e-19
 6513.09   1.2453e-18   1.1301e-19
 6516.17   1.1667e-18   1.1117e-19
 6519.25   1.4062e-18   1.1693e-19
 6522.33   1.5418e-18   1.1963e-19
 6525.41   1.7278e-18   1.2251e-19
 6528.50   1.4742e-18   1.1964e-19
 6531.58   1.4598e-18   1.1986e-19
 6534.66   1.5127e-18   1.2055e-19
 6537.74   1.5216e-18   1.2142e-19
 6540.82   1.5574e-18   1.2423e-19
 6543.90   1.3792e-18   1.2153e-19
 6546.98   1.4320e-18   1.2556e-19
 6550.06   1.5672e-18   1.2952e-19
 6553.14   1.6747e-18   1.3320e-19
 6556.22   1.6475e-18   1.3293e-19
 6559.30   1.5611e-18   1.2976e-19
 6562.38   1.6539e-18   1.2662e-19
 6565.47   1.5909e-18   1.2654e-19
 6568.55   1.6394e-18   1.2373e-19
 6571.63   1.5906e-18   1.1796e-19
 6574.71   1.7038e-18   1.1846e-19
 6577.79   1.6719e-18   1.1465e-19
 6580.87   1.5218e-18   1.1326e-19
 6583.95   1.5452e-18   1.0986e-19
 6587.03   1.5764e-18   1.0881e-19
 6590.11   1.6536e-18   1.1110e-19
 6593.19   1.7215e-18   1.1241e-19
 6596.27   1.7070e-18   1.1266e-19
 6599.35   1.6375e-18   1.1050e-19
 6602.44   1.6643e-18   1.0917e-19
 6605.52   1.6698e-18   1.0915e-19
 6608.60   1.5559e-18   1.0762e-19
 6611.68   1.6001e-18   1.0514e-19
 6614.76   1.6483e-18   1.0402e-19
 6617.84   1.6193e-18   1.0332e-19
 6620.92   1.5905e-18   1.0283e-19
 6624.00   1.6328e-18   1.0541e-19
 6627.08   1.6363e-18   1.0743e-19
 6630.16   1.7820e-18   1.0941e-19
 6633.24   1.5880e-18   1.0670e-19
 6636.32   1.6477e-18   1.0587e-19
 6639.40   1.7291e-18   1.0634e-19
 6642.49   1.6795e-18   1.0400e-19
 6645.57   1.6803e-18   1.0179e-19
 6648.65   1.5950e-18   1.0065e-19
 6651.73   1.5216e-18   1.0166e-19
 6654.81   1.6270e-18   1.0438e-19
 6657.89   1.6785e-18   1.0399e-19
 6660.97   1.5839e-18   1.0278e-19
 6664.05   1.4809e-18   9.9993e-20
 6667.13   1.5179e-18   1.0017e-19
 6670.21   1.5255e-18   9.9575e-20
 6673.29   1.6043e-18   1.0252e-19
 6676.37   1.3999e-18   9.9954e-20
 6679.46   1.7623e-18   1.0357e-19
 6682.54   1.5928e-18   1.0333e-19
 6685.62   1.4514e-18   9.9951e-20
 6688.70   1.5824e-18   1.0245e-19
 6691.78   1.5599e-18   1.0269e-19
 6694.86   1.5351e-18   1.0202e-19
 6697.94   1.5586e-18   1.0329e-19
 6701.02   1.6259e-18   1.0465e-19
 6704.10   1.5988e-18   1.0541e-19
 6707.18   1.4926e-18   1.0407e-19
 6710.26   1.5366e-18   1.0450e-19
 6713.34   1.5185e-18   1.0187e-19
 6716.42   1.5233e-18   1.0198e-19
 6719.51   1.5346e-18   1.0151e-19
 6722.59   1.4405e-18   9.9814e-20
 6725.67   1.4160e-18   9.8396e-20
 6728.75   1.4061e-18   9.8362e-20
 6731.83   1.5227e-18   1.0027e-19
 6734.91   1.5102e-18   9.9402e-20
 6737.99   1.4840e-18   9.9440e-20
 6741.07   1.5004e-18   1.0097e-19
 6744.15   1.4625e-18   9.9333e-20
 6747.23   1.3870e-18   9.6870e-20
 6750.31   1.3864e-18   9.6539e-20
 6753.39   1.4643e-18   9.7300e-20
 6756.48   1.4255e-18   9.6219e-20
 6759.56   1.4036e-18   9.7016e-20
 6762.64   1.4053e-18   9.7533e-20
 6765.72   1.4530e-18   9.7746e-20
 6768.80   1.4626e-18   9.7378e-20
 6771.88   1.3956e-18   9.6118e-20
 6774.96   1.2686e-18   9.3268e-20
 6778.04   1.4667e-18   9.7981e-20
 6781.12   1.5577e-18   9.8220e-20
 6784.20   1.4990e-18   9.7277e-20
 6787.28   1.3726e-18   9.6257e-20
 6790.36   1.4561e-18   9.8541e-20
 6793.44   1.4181e-18   9.6564e-20
 6796.53   1.4445e-18   9.7347e-20
 6799.61   1.4603e-18   9.6595e-20
 6802.69   1.4041e-18   9.7515e-20
 6805.77   1.4062e-18   9.5116e-20
 6808.85   1.5157e-18   9.8135e-20
 6811.93   1.4116e-18   9.9621e-20
 6815.01   1.3913e-18   1.0772e-19
 6818.09   1.4252e-18   1.2010e-19
 6821.17   1.3357e-18   1.2813e-19
 6824.25   1.3460e-18   1.3631e-19
 6827.33   1.3924e-18   1.3438e-19
 6830.41   1.3443e-18   1.3501e-19
 6833.50   1.3188e-18   1.3186e-19
 6836.58   1.3155e-18   1.2617e-19
 6839.66   1.2752e-18   1.1443e-19
 6842.74   1.4103e-18   1.0741e-19
 6845.82   1.4367e-18   1.0404e-19
 6848.90   1.2889e-18   1.0749e-19
 6851.98   1.2825e-18   1.2088e-19
 6855.06   1.3439e-18   1.2488e-19
 6858.14   1.2067e-18   1.2427e-19
 6861.22   1.0934e-18   1.2681e-19
 6864.30   1.0164e-18   1.2459e-19
 6867.38   1.0626e-18   1.2369e-19
 6870.46   1.1251e-18   1.1354e-19
 6873.55   1.1136e-18   1.0216e-19
 6876.63   1.0813e-18   1.0063e-19
 6879.71   1.1141e-18   1.0338e-19
 6882.79   1.2013e-18   1.0293e-19
 6885.87   1.2038e-18   1.0377e-19
 6888.95   1.2181e-18   1.0611e-19
 6892.03   1.3471e-18   1.0815e-19
 6895.11   1.1638e-18   1.0264e-19
 6898.19   1.2091e-18   1.0293e-19
 6901.27   1.2809e-18   1.0695e-19
 6904.35   1.2440e-18   1.0819e-19
 6907.43   1.2796e-18   1.1072e-19
 6910.52   1.3245e-18   1.1678e-19
 6913.60   1.3640e-18   1.1807e-19
 6916.68   1.3702e-18   1.2173e-19
 6919.76   1.2010e-18   1.1486e-19
 6922.84   1.4320e-18   1.1685e-19
 6925.92   1.3741e-18   1.1692e-19
 6929.00   1.3125e-18   1.1374e-19
 6932.08   1.4281e-18   1.0836e-19
 6935.16   1.2585e-18   1.1364e-19
 6938.24   1.1386e-18   1.1665e-19
 6941.32   1.2922e-18   1.2281e-19
 6944.40   1.2935e-18   1.2040e-19
 6947.48   1.2683e-18   1.1576e-19
 6950.57   1.3066e-18   1.1217e-19
 6953.65   1.0927e-18   1.0988e-19
 6956.73   1.2559e-18   1.0483e-19
 6959.81   1.2141e-18   9.9905e-20
 6962.89   1.1028e-18   1.0085e-19
 6965.97   1.1419e-18   1.0848e-19
 6969.05   1.3346e-18   1.1494e-19
 6972.13   1.2503e-18   1.1144e-19
 6975.21   1.2778e-18   1.0881e-19
 6978.29   1.4350e-18   1.1016e-19
 6981.37   1.3915e-18   1.0855e-19
 6984.45   1.3665e-18   1.0228e-19
 6987.54   1.2835e-18   9.5688e-20
 6990.62   1.2395e-18   9.5614e-20
 6993.70   1.2350e-18   9.4834e-20
 6996.78   1.3119e-18   9.7482e-20
 6999.86   1.2889e-18   1.0140e-19
 7002.94   1.2572e-18   1.0072e-19
 7006.02   1.2868e-18   1.0006e-19
 7009.10   1.2255e-18   9.8914e-20
 7012.18   1.2025e-18   9.6027e-20
 7015.26   1.3254e-18   9.6343e-20
 7018.34   1.2984e-18   9.4302e-20
 7021.42   1.2576e-18   9.1289e-20
 7024.50   1.3696e-18   9.3520e-20
 7027.59   1.3075e-18   9.2004e-20
 7030.67   1.3103e-18   9.1957e-20
 7033.75   1.3147e-18   9.6335e-20
 7036.83   1.3331e-18   9.7923e-20
 7039.91   1.2417e-18   9.8090e-20
 7042.99   1.3517e-18   9.9209e-20
 7046.07   1.3499e-18   1.0231e-19
 7049.15   1.2448e-18   9.8736e-20
 7052.23   1.1663e-18   9.7586e-20
 7055.31   1.4002e-18   9.8419e-20
 7058.39   1.2496e-18   9.4261e-20
 7061.47   1.2163e-18   9.4639e-20
 7064.56   1.3952e-18   9.6241e-20
 7067.64   1.4235e-18   9.7706e-20
 7070.72   1.1453e-18   9.4556e-20
 7073.80   1.1588e-18   9.3355e-20
 7076.88   1.4359e-18   9.8699e-20
 7079.96   1.3665e-18   9.6702e-20
 7083.04   1.3027e-18   9.7164e-20
 7086.12   1.2961e-18   9.5607e-20
 7089.20   1.2455e-18   9.5932e-20
 7092.28   1.2569e-18   9.3964e-20
 7095.36   1.2926e-18   9.2970e-20
 7098.44   1.3042e-18   9.1978e-20
 7101.52   1.3419e-18   9.2184e-20
 7104.61   1.3587e-18   9.2692e-20
 7107.69   1.3484e-18   9.2973e-20
 7110.77   1.3447e-18   9.3286e-20
 7113.85   1.2851e-18   9.2663e-20
 7116.93   1.2254e-18   9.1835e-20
 7120.01   1.2963e-18   9.2939e-20
 7123.09   1.2777e-18   9.2835e-20
 7126.17   1.2507e-18   9.2598e-20
 7129.25   1.3477e-18   9.5006e-20
 7132.33   1.2742e-18   9.5035e-20
 7135.41   1.0970e-18   9.2889e-20
 7138.49   1.0829e-18   9.3462e-20
 7141.58   1.1935e-18   9.5081e-20
 7144.66   1.1411e-18   9.3736e-20
 7147.74   1.1126e-18   9.4137e-20
 7150.82   1.2009e-18   9.5409e-20
 7153.90   1.2319e-18   9.3281e-20
 7156.98   1.1620e-18   9.2019e-20
 7160.06   1.1363e-18   9.2032e-20
 7163.14   1.1514e-18   9.1473e-20
 7166.22   1.0557e-18   9.0169e-20
 7169.30   1.0164e-18   8.9828e-20
 7172.38   1.1088e-18   9.1946e-20
 7175.46   1.0556e-18   9.1355e-20
 7178.54   9.1655e-19   8.7833e-20
 7181.63   8.9867e-19   8.6658e-20
 7184.71   9.4875e-19   8.4664e-20
 7187.79   8.5495e-19   8.4761e-20
 7190.87   8.8867e-19   8.5724e-20
 7193.95   9.5029e-19   8.6493e-20
 7197.03   9.2188e-19   8.6847e-20
 7200.11   9.4795e-19   8.7173e-20
 7203.19   9.9782e-19   8.9099e-20
 7206.27   9.6413e-19   8.7239e-20
 7209.35   9.3937e-19   8.9359e-20
 7212.43   1.0910e-18   9.4372e-20
 7215.51   1.0030e-18   9.2121e-20
 7218.60   9.9291e-19   9.2031e-20
 7221.68   7.8728e-19   9.2184e-20
 7224.76   7.4486e-19   1.0102e-19
 7227.84   7.2786e-19   1.2053e-19
 7230.92   6.9308e-19   1.4355e-19
 7234.00   6.6535e-19   1.5248e-19
 7237.08   7.2213e-19   1.6547e-19
 7240.16   6.6963e-19   1.7154e-19
 7243.24   7.9360e-19   1.7448e-19
 7246.32   7.1436e-19   1.5204e-19
 7249.40   7.3441e-19   1.4088e-19
 7252.48   8.6302e-19   1.2168e-19
 7255.56   7.7186e-19   1.0548e-19
 7258.65   7.6716e-19   1.0600e-19
 7261.73   7.4404e-19   1.2253e-19
 7264.81   7.3233e-19   1.3790e-19
 7267.89   6.9203e-19   1.4562e-19
 7270.97   6.2306e-19   1.5273e-19
 7274.05   6.6425e-19   1.5735e-19
 7277.13   6.8988e-19   1.5742e-19
 7280.21   5.6375e-19   1.6054e-19
 7283.29   6.1125e-19   1.3699e-19
 7286.37   9.7653e-19   1.3089e-19
 7289.45   8.2775e-19   1.2462e-19
 7292.53   6.8744e-19   1.1480e-19
 7295.62   7.7647e-19   1.1771e-19
 7298.70   9.3674e-19   1.1967e-19
 7301.78   7.3752e-19   1.2609e-19
 7304.86   5.9473e-19   1.4904e-19
 7307.94   9.2965e-19   1.5734e-19
 7311.02   8.4798e-19   1.4932e-19
 7314.10   7.1954e-19   1.4079e-19
 7317.18   8.5611e-19   1.4927e-19
 7320.26   9.7132e-19   1.6590e-19
 7323.34   8.2117e-19   1.3325e-19
 7326.42   7.9331e-19   1.3133e-19
 7329.50   8.3945e-19   1.5471e-19
 7332.58   9.5158e-19   1.6044e-19
 7335.67   8.2940e-19   1.5609e-19
 7338.75   8.6299e-19   1.4618e-19
 7341.83   7.5552e-19   1.4230e-19
 7344.91   7.3083e-19   1.3954e-19
 7347.99   8.2707e-19   1.3776e-19
 7351.07   8.8217e-19   1.1766e-19
 7354.15   8.6195e-19   1.1824e-19
 7357.23   9.1387e-19   1.3645e-19
 7360.31   9.5412e-19   1.4403e-19
 7363.39   9.8932e-19   1.4175e-19
 7366.47   9.7474e-19   1.3519e-19
 7369.55   8.8622e-19   1.2902e-19
 7372.64   9.1832e-19   1.2874e-19
 7375.72   8.8011e-19   1.1856e-19
 7378.80   1.0243e-18   1.0990e-19
 7381.88   1.0875e-18   1.0855e-19
 7384.96   1.1054e-18   1.0996e-19
 7388.04   1.0591e-18   1.1637e-19
 7391.12   1.0534e-18   1.2835e-19
 7394.20   1.0546e-18   1.3153e-19
 7397.28   1.1337e-18   1.3097e-19
 7400.36   1.0990e-18   1.2207e-19
 7403.44   1.0650e-18   1.1948e-19
 7406.52   1.0136e-18   1.1629e-19
 7409.60   1.1294e-18   1.0505e-19
 7412.69   1.1876e-18   1.0010e-19
 7415.77   1.1722e-18   9.9401e-20
 7418.85   1.2427e-18   1.0172e-19
 7421.93   1.1143e-18   1.0295e-19
 7425.01   1.0728e-18   1.0505e-19
 7428.09   9.8486e-19   1.0969e-19
 7431.17   1.1216e-18   1.1133e-19
 7434.25   1.1022e-18   1.1107e-19
 7437.33   1.2099e-18   1.0953e-19
 7440.41   1.2598e-18   1.0645e-19
 7443.49   1.2713e-18   1.0523e-19
 7446.57   1.1308e-18   9.5486e-20
 7449.66   1.1093e-18   9.2740e-20
 7452.74   1.2141e-18   1.0066e-19
 7455.82   1.1849e-18   1.0412e-19
 7458.90   1.3222e-18   1.1461e-19
 7461.98   1.1347e-18   1.1735e-19
 7465.06   1.1505e-18   1.2088e-19
 7468.14   1.0010e-18   1.2377e-19
 7471.22   1.0735e-18   1.3074e-19
 7474.30   9.6927e-19   1.3324e-19
 7477.38   1.2668e-18   1.3101e-19
 7480.46   1.1723e-18   1.2220e-19
 7483.54   1.0967e-18   1.2152e-19
 7486.62   1.0246e-18   1.1798e-19
 7489.71   1.0559e-18   1.0964e-19
 7492.79   1.0624e-18   9.9544e-20
 7495.87   1.0998e-18   9.6380e-20
 7498.95   1.0587e-18   9.6156e-20
 7502.03   9.8510e-19   9.3752e-20
 7505.11   1.1260e-18   9.5303e-20
 7508.19   1.1107e-18   1.0224e-19
 7511.27   1.1775e-18   1.2224e-19
 7514.35   1.1087e-18   1.3367e-19
 7517.43   1.0473e-18   1.4173e-19
 7520.51   1.1625e-18   1.4404e-19
 7523.59   1.1352e-18   1.4201e-19
 7526.68   1.0548e-18   1.4247e-19
 7529.76   1.0002e-18   1.3540e-19
 7532.84   1.0871e-18   1.1851e-19
 7535.92   1.0442e-18   1.0534e-19
 7539.00   1.1511e-18   1.0351e-19
 7542.08   1.1256e-18   1.0037e-19
 7545.16   1.0945e-18   1.0247e-19
 7548.24   1.0173e-18   1.0088e-19
 7551.32   1.0737e-18   1.0395e-19
 7554.40   1.1539e-18   1.0389e-19
 7557.48   1.0711e-18   1.1016e-19
 7560.56   1.0994e-18   1.2932e-19
 7563.65   1.0098e-18   1.3194e-19
 7566.73   1.2103e-18   1.3099e-19
 7569.81   9.6104e-19   1.2375e-19
 7572.89   9.5393e-19   1.2365e-19
 7575.97   1.0153e-18   1.2871e-19
 7579.05   9.3556e-19   1.1876e-19
 7686.88   1.0085e-18   1.0365e-19
 7689.96   9.8439e-19   1.0760e-19
 7693.04   8.8796e-19   1.0289e-19
 7696.12   8.6357e-19   1.0369e-19
 7699.20   8.9231e-19   1.2069e-19
 7702.28   8.6473e-19   1.4272e-19
 7705.36   8.9122e-19   1.6949e-19
 7708.44   9.2098e-19   1.8339e-19
 7711.52   8.8973e-19   1.9322e-19
 7714.60   1.0876e-18   1.9760e-19
 7717.69   1.0442e-18   1.9746e-19
 7720.77   4.8751e-19   1.6773e-19
 7723.85   9.4208e-19   1.5929e-19
 7726.93   9.4870e-19   1.3827e-19
 7730.01   9.6169e-19   1.2571e-19
 7733.09   9.4613e-19   1.1839e-19
 7736.17   1.0084e-18   1.2547e-19
 7739.25   8.9477e-19   1.5369e-19
 7742.33   7.8306e-19   1.6965e-19
 7745.41   6.2342e-19   1.6490e-19
 7748.49   1.1984e-18   1.8782e-19
 7751.57   1.1614e-18   1.8924e-19
 7754.66   1.1411e-18   1.8556e-19
 7757.74   1.0728e-18   1.7999e-19
 7760.82   1.0716e-18   1.4962e-19
 7763.90   1.1215e-18   1.3609e-19
 7766.98   9.7188e-19   1.3717e-19
 7770.06   8.3367e-19   1.3281e-19
 7773.14   1.0402e-18   1.2703e-19
 7776.22   1.0850e-18   1.3381e-19
 7779.30   9.8239e-19   1.3683e-19
 7782.38   9.4800e-19   1.4957e-19
 7785.46   1.0110e-18   1.6605e-19
 7788.54   9.6743e-19   1.6589e-19
 7791.62   8.6771e-19   1.6031e-19
 7794.71   8.2692e-19   1.5921e-19
 7797.79   5.7739e-19   1.7126e-19
 7800.87   5.8339e-19   1.6278e-19
 7803.95   8.2177e-19   1.5270e-19
 7807.03   8.4327e-19   1.3450e-19
 7810.11   8.4261e-19   1.5671e-19
 7813.19   7.6112e-19   1.7970e-19
 7816.27   6.4130e-19   1.7805e-19
 7819.35   7.9069e-19   1.6354e-19
 7822.43   1.0337e-18   1.6591e-19
 7825.51   9.9040e-19   1.5757e-19
 7828.59   9.0304e-19   1.6476e-19
 7831.68   8.8396e-19   1.4582e-19
 7834.76   9.9620e-19   1.3033e-19
 7837.84   7.7954e-19   1.3019e-19
 7840.92   6.7252e-19   1.5053e-19
 7844.00   5.1603e-19   1.8440e-19
 7847.08   6.4155e-19   1.8642e-19
 7850.16   4.5615e-19   1.8741e-19
 7853.24   5.0458e-19   1.7256e-19
 7856.32   7.3893e-19   1.8678e-19
 7859.40   5.6377e-19   1.8935e-19
 7862.48   6.4671e-19   1.8373e-19
 7865.56   8.9436e-19   1.8447e-19
 7868.64   6.7547e-19   1.6468e-19
 7871.73   6.8286e-19   1.7252e-19
 7874.81   9.8080e-19   1.6915e-19
 7877.89   4.7192e-19   1.5014e-19
 7880.97   6.7675e-19   1.6098e-19
 7884.05   7.7090e-19   1.5927e-19
 7887.13   8.5941e-19   1.5846e-19
 7890.21   8.9203e-19   1.5828e-19
 7893.29   8.7402e-19   1.4719e-19
 7896.37   7.1894e-19   1.3793e-19
 7899.45   7.2371e-19   1.3733e-19
 7902.53   6.3085e-19   1.5716e-19
 7905.61   4.6556e-19   1.6239e-19
 7908.70   3.0413e-19   1.4323e-19
 7911.78   6.6189e-19   1.9548e-19
 7914.86   6.7543e-19   2.1860e-19
 7917.94   6.3894e-19   2.1351e-19
 7921.02   6.3540e-19   2.1832e-19
 7924.10   1.0105e-18   2.3321e-19
 7927.18   8.5294e-19   1.7719e-19
 7930.26   8.1413e-19   1.5462e-19
 7933.34   8.8097e-19   1.4295e-19
 7936.42   1.0975e-18   1.4170e-19
 7939.50   9.6081e-19   1.4279e-19
 7942.58   9.3533e-19   1.3794e-19
 7945.67   9.9764e-19   1.3057e-19
 7948.75   8.8926e-19   1.3085e-19
 7951.83   7.2264e-19   1.4162e-19
 7954.91   6.5872e-19   1.5821e-19
 7957.99   6.0267e-19   1.5743e-19
 7961.07   4.1179e-19   1.4584e-19
 7964.15   5.4655e-19   1.7168e-19
 7967.23   6.6057e-19   1.7548e-19
 7970.31   5.1470e-19   1.7901e-19
 7973.39   4.0678e-19   1.7893e-19
 7976.47   6.3081e-19   1.5936e-19
 7979.55   8.6191e-19   1.5029e-19
 7982.63   8.3393e-19   1.5763e-19
 7985.72   7.8786e-19   1.8955e-19
 7988.80   5.1044e-19   1.7545e-19
 7991.88   7.7324e-19   1.7288e-19
 7994.96   9.2610e-19   1.7258e-19
 7998.04   9.9832e-19   1.8823e-19
 8001.12   9.4433e-19   1.6770e-19
 8004.20   4.8314e-19   1.3339e-19
 8007.28   8.8784e-19   1.2649e-19
 8010.36   7.6853e-19   1.3215e-19
 8013.44   3.5608e-19   1.1156e-19
 8016.52   4.7497e-19   1.7064e-19
 8019.60   7.9679e-19   1.8473e-19
 8022.69   8.0075e-19   1.7904e-19
 8025.77   6.2455e-19   1.5493e-19
 8028.85   8.8984e-19   1.6587e-19
 8031.93   4.4605e-19   1.2007e-19
 8035.01   6.6578e-19   1.4676e-19
 8038.09   6.6547e-19   1.1933e-19
 8041.17   8.2131e-19   1.1391e-19
 8044.25   8.0945e-19   1.1111e-19
 8047.33   1.0445e-18   1.2269e-19
 8050.41   8.1545e-19   1.1904e-19
 8053.49   7.3471e-19   1.2333e-19
 8056.57   8.7378e-19   1.4470e-19
 8059.65   9.6627e-19   1.4338e-19
 8062.74   8.5949e-19   1.3194e-19
 8065.82   9.5848e-19   1.3192e-19
 8068.90   9.0752e-19   1.3151e-19
 8071.98   8.6504e-19   1.1889e-19
 8075.06   7.9283e-19   1.0718e-19
 8078.14   8.2709e-19   9.9984e-20
 8081.22   7.9777e-19   9.9592e-20
 8084.30   8.2761e-19   1.0327e-19
 8087.38   7.9704e-19   1.0383e-19
 8090.46   8.3004e-19   1.0839e-19
 8093.54   7.6368e-19   1.0931e-19
 8096.62   8.1810e-19   1.1440e-19
 8099.71   8.7214e-19   1.1684e-19
 8102.79   7.3528e-19   1.1156e-19
 8105.87   7.4313e-19   1.1028e-19
 8108.95   8.4621e-19   1.1307e-19
 8112.03   8.7333e-19   1.0871e-19
 8115.11   8.0306e-19   9.9863e-20
 8118.19   7.2973e-19   9.5662e-20
 8121.27   8.6224e-19   9.8283e-20
 8124.35   8.7660e-19   9.8155e-20
 8127.43   7.9185e-19   9.6015e-20
 8130.51   7.4268e-19   9.7341e-20
 8133.59   7.7804e-19   1.0181e-19
 8136.67   8.1234e-19   1.0062e-19
 8139.76   7.4337e-19   9.9910e-20
 8142.84   6.9289e-19   1.0184e-19
 8145.92   7.2078e-19   1.0265e-19
 8149.00   8.0959e-19   1.0214e-19
 8152.08   7.7047e-19   9.9967e-20
 8155.16   7.4674e-19   9.2901e-20
 8158.24   6.9654e-19   9.1994e-20
 8161.32   7.1093e-19   9.2182e-20
 8164.40   7.2169e-19   9.3089e-20
 8167.48   7.8773e-19   9.1436e-20
 8170.56   6.5578e-19   8.5434e-20
 8173.64   7.2999e-19   9.2776e-20
 8176.73   7.9352e-19   9.3533e-20
 8179.81   5.8935e-19   8.9567e-20
 8182.89   7.8555e-19   9.4850e-20
