 
TRANSIENT_NAME:     DES14X2rao 
SNID:               1317286    
OBS_DATE:           2014-12-29
MJD:                57020. 
PHASE:              +4.    
MJD_MAX:            57015.4
TYPE:               1  
SPEC_EVAL:          SNIa
REDSHIFT:           0.2800  
REDSHIFT_ERR:       0.0050  
REDSHIFT_SOURCE:    Z_SN
TELESCOPE:          VLT
INSTRUMENT:         X-SHOOTER
 
======================================
 
# WAVE  FLUX  FLUX_ERR
 3400.00  -6.6845e-18   9.9999e+04
 3405.00  -6.6845e-18   2.4325e-18
 3410.00   2.7209e-18   2.4475e-18
 3415.00   6.5638e-18   2.4263e-18
 3420.00   1.4572e-18   2.5594e-18
 3425.00  -4.4464e-18   2.5711e-18
 3430.00   4.6755e-18   2.7322e-18
 3435.00  -5.0429e-18   2.7276e-18
 3440.00   2.8407e-18   2.6784e-18
 3445.00  -1.1085e-18   2.7396e-18
 3450.00  -5.0668e-18   2.9064e-18
 3455.00  -3.4434e-19   3.0036e-18
 3460.00  -2.5705e-18   2.9154e-18
 3465.00   2.0719e-18   2.9757e-18
 3470.00   1.4810e-18   2.9956e-18
 3475.00   2.5699e-18   2.8205e-18
 3480.00  -1.1011e-18   2.8866e-18
 3485.00   2.1620e-18   2.7562e-18
 3490.00  -5.3357e-18   2.5957e-18
 3495.00   3.7797e-19   2.4425e-18
 3500.00   5.4665e-19   2.3958e-18
 3505.00   3.3543e-18   2.3385e-18
 3510.00  -2.8895e-19   2.2588e-18
 3515.00  -3.5619e-19   2.0789e-18
 3520.00  -4.6685e-20   2.0102e-18
 3525.00  -2.5204e-19   1.8512e-18
 3530.00   2.1814e-18   1.9072e-18
 3535.00  -1.8843e-18   1.8429e-18
 3540.00   2.2229e-18   1.8641e-18
 3545.00   4.0938e-18   1.9628e-18
 3550.00   3.9614e-18   1.8476e-18
 3555.00   9.3366e-19   1.7902e-18
 3560.00  -6.9743e-19   1.7428e-18
 3565.00   4.2489e-19   1.5858e-18
 3570.00  -2.7035e-19   1.4948e-18
 3575.00  -1.7775e-18   1.5524e-18
 3580.00   9.0365e-19   1.4482e-18
 3585.00   9.4618e-19   1.4798e-18
 3590.00   6.5583e-19   1.6655e-18
 3595.00  -2.4919e-18   1.8040e-18
 3600.00   3.0220e-18   1.9357e-18
 3605.00  -1.2552e-18   1.9088e-18
 3610.00   3.2502e-18   1.9403e-18
 3615.00   5.3531e-18   2.1055e-18
 3620.00  -6.3071e-19   2.0736e-18
 3625.00   3.6688e-18   2.2284e-18
 3630.00   1.7984e-18   2.2164e-18
 3635.00  -2.6365e-18   2.2133e-18
 3640.00   1.2356e-18   2.2560e-18
 3645.00   2.1979e-18   2.1271e-18
 3650.00   2.3421e-18   2.0294e-18
 3655.00   2.0330e-18   2.0271e-18
 3660.00   6.3474e-18   1.9812e-18
 3665.00   5.7214e-18   1.8386e-18
 3670.00   3.4105e-18   1.7458e-18
 3675.00   1.6415e-18   1.6749e-18
 3680.00   6.5708e-18   1.5732e-18
 3685.00   1.0464e-18   1.4850e-18
 3690.00   5.8336e-18   1.4719e-18
 3695.00   2.4462e-18   1.4085e-18
 3700.00   1.2606e-18   1.4493e-18
 3705.00   1.1313e-18   1.3054e-18
 3710.00   3.8725e-18   1.2919e-18
 3715.00   3.2132e-18   1.3559e-18
 3720.00   3.9805e-18   1.1576e-18
 3725.00   5.5283e-18   1.2491e-18
 3730.00   2.9861e-18   1.2507e-18
 3735.00   3.8323e-18   1.1340e-18
 3740.00   3.8950e-18   1.2876e-18
 3745.00   2.6334e-18   1.1563e-18
 3750.00   4.5737e-18   1.1472e-18
 3755.00   3.1732e-18   1.3359e-18
 3760.00   5.6902e-18   1.2058e-18
 3765.00   7.7686e-18   1.2452e-18
 3770.00   1.5484e-18   1.3273e-18
 3775.00   8.0002e-18   1.4622e-18
 3780.00   2.1644e-18   1.4941e-18
 3785.00   5.2656e-18   1.5103e-18
 3790.00   1.2075e-18   1.4857e-18
 3795.00   7.1475e-18   1.5051e-18
 3800.00   1.6794e-18   1.4972e-18
 3805.00   4.1901e-18   1.5897e-18
 3810.00   3.9096e-18   1.6163e-18
 3815.00   3.7328e-18   1.5380e-18
 3820.00   3.2205e-18   1.5163e-18
 3825.00   4.8690e-18   1.4707e-18
 3830.00   5.3439e-18   1.4805e-18
 3835.00   4.2863e-18   1.4184e-18
 3840.00   2.0237e-18   1.3661e-18
 3845.00   6.2712e-18   1.4288e-18
 3850.00   3.3439e-18   1.3827e-18
 3855.00   2.4427e-18   1.2978e-18
 3860.00   1.0292e-18   1.2279e-18
 3865.00   4.6180e-18   1.2841e-18
 3870.00   1.4268e-18   1.1395e-18
 3875.00   3.1004e-18   1.1790e-18
 3880.00   2.9781e-18   1.0714e-18
 3885.00   4.7908e-18   1.0390e-18
 3890.00   2.6816e-18   1.0449e-18
 3895.00   4.7394e-18   1.0648e-18
 3900.00   4.4548e-18   1.0449e-18
 3905.00   1.6511e-18   9.9444e-19
 3910.00   5.2836e-18   1.0634e-18
 3915.00   3.2273e-18   1.0361e-18
 3920.00   5.3025e-18   9.7171e-19
 3925.00   2.5198e-18   9.3181e-19
 3930.00   4.1129e-18   7.9576e-19
 3935.00   3.3932e-18   7.4729e-19
 3940.00   4.2711e-18   9.0640e-19
 3945.00   3.1972e-18   9.4974e-19
 3950.00   4.6835e-18   1.0099e-18
 3955.00   2.3125e-18   1.0075e-18
 3960.00   4.3490e-18   9.6903e-19
 3965.00   6.8816e-18   8.7263e-19
 3970.00   4.1033e-18   8.1163e-19
 3975.00   5.1633e-18   9.7987e-19
 3980.00   3.9102e-18   1.0826e-18
 3985.00   6.0114e-18   1.0882e-18
 3990.00   6.8233e-18   1.1488e-18
 3995.00   7.0950e-18   1.1500e-18
 4000.00   4.8357e-18   1.1701e-18
 4005.00   5.8119e-18   1.1722e-18
 4010.00   4.6725e-18   1.2201e-18
 4015.00   5.4236e-18   1.2223e-18
 4020.00   6.3614e-18   1.2259e-18
 4025.00   8.1261e-18   1.2280e-18
 4030.00   6.8844e-18   1.2120e-18
 4035.00   7.3190e-18   1.1849e-18
 4040.00   6.4742e-18   1.2267e-18
 4045.00   7.5182e-18   1.1409e-18
 4050.00   8.3660e-18   1.2032e-18
 4055.00   5.0842e-18   1.1466e-18
 4060.00   7.0497e-18   1.1477e-18
 4065.00   6.6082e-18   1.1446e-18
 4070.00   5.0468e-18   1.1381e-18
 4075.00   7.0910e-18   1.1196e-18
 4080.00   4.9653e-18   1.0858e-18
 4085.00   3.7820e-18   1.0463e-18
 4090.00   6.2730e-18   1.0649e-18
 4095.00   3.5249e-18   9.9506e-19
 4100.00   4.7008e-18   9.1089e-19
 4105.00   4.5892e-18   9.4525e-19
 4110.00   5.4008e-18   9.5002e-19
 4115.00   4.5398e-18   9.6951e-19
 4120.00   5.2250e-18   9.2791e-19
 4125.00   3.8226e-18   9.4648e-19
 4130.00   3.4463e-18   9.0171e-19
 4135.00   4.3576e-18   9.0709e-19
 4140.00   3.3429e-18   9.2522e-19
 4145.00   2.6756e-18   8.7452e-19
 4150.00   2.9760e-18   8.9322e-19
 4155.00   3.0612e-18   8.8378e-19
 4160.00   4.6777e-18   9.1873e-19
 4165.00   4.1081e-18   9.3985e-19
 4170.00   2.2716e-18   9.3132e-19
 4175.00   4.9950e-18   9.1091e-19
 4180.00   3.9623e-18   9.1487e-19
 4185.00   5.5780e-18   9.2023e-19
 4190.00   2.1457e-18   9.1292e-19
 4195.00   5.1564e-18   9.5271e-19
 4200.00   3.6926e-18   9.0759e-19
 4205.00   4.1439e-18   9.6155e-19
 4210.00   4.0151e-18   9.8657e-19
 4215.00   4.4485e-18   9.7384e-19
 4220.00   5.5765e-18   9.9991e-19
 4225.00   2.4578e-18   9.1243e-19
 4230.00   4.6879e-18   1.0168e-18
 4235.00   4.2742e-18   9.7435e-19
 4240.00   6.1596e-18   1.0030e-18
 4245.00   3.7393e-18   1.0178e-18
 4250.00   6.0743e-18   9.9617e-19
 4255.00   3.8833e-18   1.0056e-18
 4260.00   7.7483e-18   9.8366e-19
 4265.00   3.7927e-18   1.0260e-18
 4270.00   4.9893e-18   9.5610e-19
 4275.00   5.1437e-18   9.6565e-19
 4280.00   3.1152e-18   9.7054e-19
 4285.00   4.2616e-18   9.4761e-19
 4290.00   6.7039e-18   9.7911e-19
 4295.00   5.3093e-18   9.7400e-19
 4300.00   3.5329e-18   8.6346e-19
 4305.00   4.1351e-18   8.4582e-19
 4310.00   4.9662e-18   8.0404e-19
 4315.00   4.4381e-18   8.9824e-19
 4320.00   2.6456e-18   9.1124e-19
 4325.00   5.4529e-18   7.8195e-19
 4330.00   4.3904e-18   8.6376e-19
 4335.00   4.4062e-18   8.3930e-19
 4340.00   2.9743e-18   7.3264e-19
 4345.00   4.5607e-18   7.9315e-19
 4350.00   4.5221e-18   7.8208e-19
 4355.00   6.1887e-18   7.8331e-19
 4360.00   4.3810e-18   7.8883e-19
 4365.00   2.9963e-18   7.8941e-19
 4370.00   5.5486e-18   7.7226e-19
 4375.00   5.3544e-18   7.4753e-19
 4380.00   6.4758e-18   7.7409e-19
 4385.00   7.1868e-18   6.8780e-19
 4390.00   5.6530e-18   7.4676e-19
 4395.00   6.2211e-18   7.5970e-19
 4400.00   9.2112e-18   7.7108e-19
 4405.00   6.7504e-18   7.5628e-19
 4410.00   5.5961e-18   7.9405e-19
 4415.00   5.7525e-18   7.8698e-19
 4420.00   5.9416e-18   8.2138e-19
 4425.00   7.4957e-18   8.1778e-19
 4430.00   7.2217e-18   8.1990e-19
 4435.00   1.8478e-18   8.2864e-19
 4440.00   7.7959e-18   8.3950e-19
 4445.00   8.6599e-18   8.3969e-19
 4450.00   6.6531e-18   8.5220e-19
 4455.00   5.7891e-18   8.2143e-19
 4460.00   8.0353e-18   8.3271e-19
 4465.00   8.4494e-18   8.7610e-19
 4470.00   8.2813e-18   8.7181e-19
 4475.00   9.1622e-18   9.0257e-19
 4480.00   1.0877e-17   8.8369e-19
 4485.00   9.2545e-18   9.2049e-19
 4490.00   9.2299e-18   9.0688e-19
 4495.00   9.9238e-18   9.1631e-19
 4500.00   1.0204e-17   9.3130e-19
 4505.00   1.3310e-17   9.5623e-19
 4510.00   1.0855e-17   9.4647e-19
 4515.00   1.2830e-17   9.4255e-19
 4520.00   1.0899e-17   9.3804e-19
 4525.00   1.0551e-17   9.1609e-19
 4530.00   1.0992e-17   9.1016e-19
 4535.00   1.2144e-17   9.4093e-19
 4540.00   1.2256e-17   1.0629e-18
 4545.00   1.3203e-17   1.0297e-18
 4550.00   1.3928e-17   9.8022e-19
 4555.00   1.1455e-17   9.4306e-19
 4560.00   1.2590e-17   9.4234e-19
 4565.00   1.2682e-17   8.9506e-19
 4570.00   1.3886e-17   8.8028e-19
 4575.00   1.2139e-17   8.7736e-19
 4580.00   1.2275e-17   8.3796e-19
 4585.00   1.2572e-17   8.2178e-19
 4590.00   1.2253e-17   8.1444e-19
 4595.00   1.3402e-17   7.9765e-19
 4600.00   1.0988e-17   7.7844e-19
 4605.00   1.3390e-17   7.7579e-19
 4610.00   1.3517e-17   7.8553e-19
 4615.00   1.3739e-17   7.6181e-19
 4620.00   1.0939e-17   7.5066e-19
 4625.00   1.2198e-17   7.4941e-19
 4630.00   1.3819e-17   7.4293e-19
 4635.00   1.4072e-17   7.3103e-19
 4640.00   1.3555e-17   7.2322e-19
 4645.00   1.3650e-17   7.1198e-19
 4650.00   1.4567e-17   7.0972e-19
 4655.00   1.4209e-17   7.1307e-19
 4660.00   1.5326e-17   7.3046e-19
 4665.00   1.5175e-17   7.0180e-19
 4670.00   1.5049e-17   7.0848e-19
 4675.00   1.2303e-17   7.1788e-19
 4680.00   1.4297e-17   7.0728e-19
 4685.00   1.4331e-17   7.2189e-19
 4690.00   1.2267e-17   7.1316e-19
 4695.00   1.1880e-17   7.2469e-19
 4700.00   1.2825e-17   7.1123e-19
 4705.00   1.2033e-17   7.1244e-19
 4710.00   9.8649e-18   7.2237e-19
 4715.00   9.6062e-18   7.3072e-19
 4720.00   8.2282e-18   7.4314e-19
 4725.00   9.5621e-18   7.3227e-19
 4730.00   8.4132e-18   7.1161e-19
 4735.00   8.8425e-18   7.2464e-19
 4740.00   8.4847e-18   7.3576e-19
 4745.00   7.1171e-18   7.4232e-19
 4750.00   7.0598e-18   7.3936e-19
 4755.00   7.8077e-18   7.3747e-19
 4760.00   6.5504e-18   7.4575e-19
 4765.00   5.4740e-18   7.3492e-19
 4770.00   5.8463e-18   7.5107e-19
 4775.00   4.8679e-18   7.5920e-19
 4780.00   5.4302e-18   7.7582e-19
 4785.00   5.8578e-18   7.6461e-19
 4790.00   6.8075e-18   7.6754e-19
 4795.00   5.8624e-18   7.8604e-19
 4800.00   7.1820e-18   7.7788e-19
 4805.00   6.3987e-18   7.8284e-19
 4810.00   4.9583e-18   7.7997e-19
 4815.00   6.2765e-18   8.0181e-19
 4820.00   5.1286e-18   9.6023e-19
 4825.00   5.1680e-18   9.1398e-19
 4830.00   6.9364e-18   8.9553e-19
 4835.00   6.0259e-18   8.7329e-19
 4840.00   7.6792e-18   8.3420e-19
 4845.00   6.8049e-18   8.1959e-19
 4850.00   5.9231e-18   7.8418e-19
 4855.00   5.4630e-18   7.4730e-19
 4860.00   5.4841e-18   6.8077e-19
 4865.00   6.4463e-18   7.0605e-19
 4870.00   6.5939e-18   6.9027e-19
 4875.00   6.8033e-18   6.9971e-19
 4880.00   6.9895e-18   6.8851e-19
 4885.00   6.3010e-18   6.7455e-19
 4890.00   7.7699e-18   6.4569e-19
 4895.00   9.1158e-18   6.7546e-19
 4900.00   7.7670e-18   6.6012e-19
 4905.00   9.5426e-18   6.5319e-19
 4910.00   9.7879e-18   6.3340e-19
 4915.00   8.7851e-18   6.3940e-19
 4920.00   8.9241e-18   5.9096e-19
 4925.00   9.5389e-18   6.2224e-19
 4930.00   1.0043e-17   6.2375e-19
 4935.00   1.0089e-17   6.0580e-19
 4940.00   1.0958e-17   6.0862e-19
 4945.00   1.2353e-17   6.1802e-19
 4950.00   1.1294e-17   6.2415e-19
 4955.00   1.3814e-17   6.1018e-19
 4960.00   1.3985e-17   6.1117e-19
 4965.00   1.4430e-17   6.2423e-19
 4970.00   1.3736e-17   6.1976e-19
 4975.00   1.5241e-17   6.3242e-19
 4980.00   1.3387e-17   6.1031e-19
 4985.00   1.4830e-17   6.0604e-19
 4990.00   1.5249e-17   6.2485e-19
 4995.00   1.6220e-17   6.3683e-19
 5000.00   1.7963e-17   6.2903e-19
 5005.00   1.7025e-17   6.2501e-19
 5010.00   1.7475e-17   6.4435e-19
 5015.00   1.4652e-17   6.3061e-19
 5020.00   1.5760e-17   6.3978e-19
 5025.00   1.6352e-17   6.5296e-19
 5030.00   1.4742e-17   6.5980e-19
 5035.00   1.4794e-17   6.5596e-19
 5040.00   1.6891e-17   6.5456e-19
 5045.00   1.6033e-17   6.9321e-19
 5050.00   1.6255e-17   6.8202e-19
 5055.00   1.4502e-17   7.0410e-19
 5060.00   1.5917e-17   6.7807e-19
 5065.00   1.4964e-17   6.7474e-19
 5070.00   1.5218e-17   6.7050e-19
 5075.00   1.4632e-17   6.6761e-19
 5080.00   1.4163e-17   6.6205e-19
 5085.00   1.5340e-17   6.7428e-19
 5090.00   1.4282e-17   6.7659e-19
 5095.00   1.3046e-17   6.8319e-19
 5100.00   1.5001e-17   6.7363e-19
 5105.00   1.5136e-17   6.9126e-19
 5110.00   1.2746e-17   6.7748e-19
 5115.00   1.3018e-17   6.9194e-19
 5120.00   1.0903e-17   6.9026e-19
 5125.00   1.3620e-17   6.8618e-19
 5130.00   1.3041e-17   6.9520e-19
 5135.00   1.4883e-17   6.9668e-19
 5140.00   1.3053e-17   8.7477e-19
 5145.00   1.5070e-17   8.7738e-19
 5150.00   1.4248e-17   8.4888e-19
 5155.00   1.4013e-17   8.3874e-19
 5160.00   1.3024e-17   8.1691e-19
 5165.00   1.3660e-17   7.6345e-19
 5170.00   1.4103e-17   7.2370e-19
 5175.00   1.4840e-17   7.2880e-19
 5180.00   1.5894e-17   7.3446e-19
 5185.00   1.5063e-17   6.7471e-19
 5190.00   1.5473e-17   7.0041e-19
 5195.00   1.4830e-17   6.8016e-19
 5200.00   1.5520e-17   6.9434e-19
 5205.00   1.7346e-17   6.6724e-19
 5210.00   1.6837e-17   6.5659e-19
 5215.00   1.5295e-17   6.4317e-19
 5220.00   1.5048e-17   6.4291e-19
 5225.00   1.5586e-17   6.1862e-19
 5230.00   1.5915e-17   6.2090e-19
 5235.00   1.4890e-17   6.0771e-19
 5240.00   1.6887e-17   6.3302e-19
 5245.00   1.6416e-17   6.0315e-19
 5250.00   1.6144e-17   5.9456e-19
 5255.00   1.6875e-17   6.0024e-19
 5260.00   1.4298e-17   5.8563e-19
 5265.00   1.5175e-17   5.5596e-19
 5270.00   1.4927e-17   5.5429e-19
 5275.00   1.6253e-17   5.7187e-19
 5280.00   1.3834e-17   5.6931e-19
 5285.00   1.3748e-17   5.6181e-19
 5290.00   1.4776e-17   5.7491e-19
 5295.00   1.3898e-17   5.6575e-19
 5300.00   1.3571e-17   5.5919e-19
 5305.00   1.4920e-17   5.6931e-19
 5310.00   1.3650e-17   5.6913e-19
 5315.00   1.3588e-17   5.6496e-19
 5320.00   1.3899e-17   5.6832e-19
 5325.00   1.3525e-17   5.5399e-19
 5330.00   1.2674e-17   5.4832e-19
 5335.00   1.4774e-17   5.6438e-19
 5340.00   1.4437e-17   5.5630e-19
 5345.00   1.3885e-17   5.6807e-19
 5350.00   1.4530e-17   5.6136e-19
 5355.00   1.3421e-17   5.6975e-19
 5360.00   1.5030e-17   5.7120e-19
 5365.00   1.4813e-17   5.6109e-19
 5370.00   1.3524e-17   5.5693e-19
 5375.00   1.3085e-17   5.7502e-19
 5380.00   1.3443e-17   5.7415e-19
 5385.00   1.4333e-17   5.7866e-19
 5390.00   1.2176e-17   5.7983e-19
 5395.00   1.2294e-17   5.7677e-19
 5400.00   1.2650e-17   5.9421e-19
 5405.00   1.1691e-17   5.7710e-19
 5410.00   1.1945e-17   5.9731e-19
 5415.00   1.0623e-17   6.0496e-19
 5420.00   1.1931e-17   6.2406e-19
 5425.00   1.1565e-17   6.3021e-19
 5430.00   1.1510e-17   6.3781e-19
 5435.00   1.1173e-17   6.5415e-19
 5440.00   1.1556e-17   6.8789e-19
 5445.00   1.0524e-17   6.6143e-19
 5450.00   1.0518e-17   6.4326e-19
 5455.00   1.0496e-17   6.4711e-19
 5460.00   5.5170e-18   6.8489e-19
 5465.00   1.0730e-17   6.7755e-19
 5470.00   9.5555e-18   6.9022e-19
 5475.00   1.0402e-17   6.9540e-19
 5480.00   8.5243e-18   7.0006e-19
 5485.00   9.1131e-18   7.1121e-19
 5490.00   8.6803e-18   7.1070e-19
 5495.00   8.1104e-18   7.1336e-19
 5500.00   8.9157e-18   7.1407e-19
 5505.00   6.3278e-18   9.4653e-19
 5510.00   7.1440e-18   9.5406e-19
 5515.00   6.4610e-18   9.1746e-19
 5520.00   8.9373e-18   9.1438e-19
 5525.00   5.5352e-18   8.9478e-19
 5530.00   7.8610e-18   8.6873e-19
 5535.00   7.6344e-18   8.5636e-19
 5540.00   8.2339e-18   8.6961e-19
 5545.00   8.6325e-18   8.6841e-19
 5550.00   8.3834e-18   8.6769e-19
 5555.00   7.2830e-18   8.6743e-19
 5560.00   7.6824e-18   8.8584e-19
 5565.00   9.5245e-18   9.1575e-19
 5570.00   8.1011e-18   8.9911e-19
 5575.00   8.3878e-18   1.0404e-18
 5580.00   7.1463e-18   9.9563e-19
 5585.00   7.1589e-18   9.0264e-19
 5590.00   7.2430e-18   9.1722e-19
 5595.00   7.6018e-18   9.3057e-19
 5600.00   9.2681e-18   9.2108e-19
 5605.00   7.8874e-18   9.4076e-19
 5610.00   7.2138e-18   1.0769e-18
 5615.00   1.0887e-17   1.2301e-18
 5620.00   8.5491e-18   1.1670e-18
 5625.00   1.0581e-17   1.1355e-18
 5630.00   1.0460e-17   1.0928e-18
 5635.00   9.1012e-18   1.0485e-18
 5640.00   9.7698e-18   1.0217e-18
 5645.00   9.2773e-18   9.9473e-19
 5650.00   9.4678e-18   9.7743e-19
 5655.00   9.1270e-18   9.4877e-19
 5660.00   1.0247e-17   9.2673e-19
 5665.00   9.9340e-18   9.2953e-19
 5670.00   9.8919e-18   9.3082e-19
 5675.00   8.9538e-18   9.2764e-19
 5680.00   1.2364e-17   9.5049e-19
 5685.00   1.0243e-17   9.4853e-19
 5690.00   1.0922e-17   9.7395e-19
 5695.00   1.3609e-17   1.0216e-18
 5700.00   9.8177e-18   1.0383e-18
 5705.00   1.0557e-17   1.0863e-18
 5710.00   8.9426e-18   1.0434e-18
 5715.00   1.1670e-17   1.0789e-18
 5720.00   1.2401e-17   1.1209e-18
 5725.00   1.2284e-17   1.1413e-18
 5730.00   1.0996e-17   1.1654e-18
 5735.00   1.2533e-17   1.2241e-18
 5740.00   9.5915e-18   1.3470e-18
 5745.00   1.1219e-17   1.0637e-18
 5750.00   1.0659e-17   1.0223e-18
 5755.00   1.5151e-17   1.0065e-18
 5760.00   1.2006e-17   9.8462e-19
 5765.00   1.4586e-17   9.7280e-19
 5770.00   1.3520e-17   9.5995e-19
 5775.00   1.2254e-17   9.3714e-19
 5780.00   1.1454e-17   9.2833e-19
 5785.00   1.1400e-17   9.1646e-19
 5790.00   1.2098e-17   9.0856e-19
 5795.00   1.0887e-17   9.0007e-19
 5800.00   1.4019e-17   8.9678e-19
 5805.00   9.8565e-18   8.7760e-19
 5810.00   1.1194e-17   8.7228e-19
 5815.00   1.1623e-17   8.6595e-19
 5820.00   9.8458e-18   8.6339e-19
 5825.00   1.1119e-17   8.5357e-19
 5830.00   1.0763e-17   8.6027e-19
 5835.00   9.5868e-18   8.4937e-19
 5840.00   1.1989e-17   8.5339e-19
 5845.00   1.1117e-17   8.5444e-19
 5850.00   1.1096e-17   8.6411e-19
 5855.00   8.9503e-18   8.5455e-19
 5860.00   1.1227e-17   8.5878e-19
 5865.00   9.5316e-18   9.0143e-19
 5870.00   1.1547e-17   9.0659e-19
 5875.00   1.0916e-17   9.0285e-19
 5880.00   1.1367e-17   9.1720e-19
 5885.00   1.0264e-17   9.2384e-19
 5890.00   1.1440e-17   1.0056e-18
 5895.00   1.0729e-17   9.8077e-19
 5900.00   1.0090e-17   9.7287e-19
 5905.00   9.3426e-18   9.9676e-19
 5910.00   1.0963e-17   1.0104e-18
 5915.00   1.3753e-17   9.9765e-19
 5920.00   9.9543e-18   9.2391e-19
 5925.00   1.1104e-17   9.3899e-19
 5930.00   1.0749e-17   9.1585e-19
 5935.00   9.5578e-18   9.4826e-19
 5940.00   1.1070e-17   9.1356e-19
 5945.00   9.9886e-18   1.0527e-18
 5950.00   4.9848e-18   1.2773e-18
 5955.00   8.2745e-18   1.2549e-18
 5960.00   6.3943e-18   1.1614e-18
 5965.00   9.3940e-18   1.1170e-18
 5970.00   1.0153e-17   1.0763e-18
 5975.00   1.0420e-17   1.0491e-18
 5980.00   6.6021e-18   9.9709e-19
 5985.00   7.3929e-18   9.4445e-19
 5990.00   1.0331e-17   9.3640e-19
 5995.00   6.4762e-18   8.9988e-19
 6000.00   9.5149e-18   8.8993e-19
 6005.00   6.9704e-18   8.8070e-19
 6010.00   9.4308e-18   8.6901e-19
 6015.00   8.3464e-18   8.2803e-19
 6020.00   8.0481e-18   8.0990e-19
 6025.00   7.0788e-18   7.9744e-19
 6030.00   8.2485e-18   7.9473e-19
 6035.00   7.6755e-18   7.7541e-19
 6040.00   9.1774e-18   7.6472e-19
 6045.00   8.6178e-18   7.5523e-19
 6050.00   7.4715e-18   7.3500e-19
 6055.00   8.2274e-18   7.2749e-19
 6060.00   7.8061e-18   7.2257e-19
 6065.00   7.6576e-18   7.1704e-19
 6070.00   5.8318e-18   7.0925e-19
 6075.00   7.2009e-18   7.1514e-19
 6080.00   7.0546e-18   7.0121e-19
 6085.00   7.1234e-18   6.9683e-19
 6090.00   8.0148e-18   7.0578e-19
 6095.00   8.2143e-18   7.2475e-19
 6100.00   6.2169e-18   7.2133e-19
 6105.00   7.2721e-18   7.2914e-19
 6110.00   5.2554e-18   7.4503e-19
 6115.00   7.2119e-18   7.6129e-19
 6120.00   8.3614e-18   7.7774e-19
 6125.00   8.1758e-18   7.9386e-19
 6130.00   8.4534e-18   8.1279e-19
 6135.00   7.1794e-18   8.1189e-19
 6140.00   9.0116e-18   7.6014e-19
 6145.00   7.3562e-18   7.7251e-19
 6150.00   5.9261e-18   7.6272e-19
 6155.00   8.0373e-18   7.6661e-19
 6160.00   7.8457e-18   7.6145e-19
 6165.00   7.5951e-18   7.5222e-19
 6170.00   7.3678e-18   9.4689e-19
 6175.00   7.2086e-18   1.0511e-18
 6180.00   7.8760e-18   9.9685e-19
 6185.00   6.9040e-18   9.4199e-19
 6190.00   5.8534e-18   8.9207e-19
 6195.00   6.7160e-18   8.6947e-19
 6200.00   6.0534e-18   8.3531e-19
 6205.00   5.4174e-18   8.1131e-19
 6210.00   5.2150e-18   7.7228e-19
 6215.00   6.0917e-18   7.5319e-19
 6220.00   6.1264e-18   7.4425e-19
 6225.00   6.6083e-18   7.0973e-19
 6230.00   7.5047e-18   6.8897e-19
 6235.00   3.1128e-18   7.4787e-19
 6240.00   5.8808e-18   6.9586e-19
 6245.00   4.9243e-18   6.6433e-19
 6250.00   6.2966e-18   6.5178e-19
 6255.00   5.4428e-18   6.3265e-19
 6260.00   5.8180e-18   6.6989e-19
 6265.00   7.5069e-18   6.5019e-19
 6270.00   6.7537e-18   6.3486e-19
 6275.00   5.0443e-18   6.2401e-19
 6280.00   6.8940e-18   6.1269e-19
 6285.00   6.5895e-18   6.3463e-19
 6290.00   6.0002e-18   6.2797e-19
 6295.00   7.5776e-18   6.1756e-19
 6300.00   6.6954e-18   7.0201e-19
 6305.00   6.0953e-18   6.5202e-19
 6310.00   6.8381e-18   6.1835e-19
 6315.00   6.9474e-18   6.1819e-19
 6320.00   5.7982e-18   6.4179e-19
 6325.00   7.0789e-18   6.3926e-19
 6330.00   6.2243e-18   6.8282e-19
 6335.00   4.9560e-18   6.4843e-19
 6340.00   6.2410e-18   6.5963e-19
 6345.00   6.3743e-18   6.7654e-19
 6350.00   6.9684e-18   7.0791e-19
 6355.00   5.5846e-18   7.2702e-19
 6360.00   5.3612e-18   7.0805e-19
 6365.00   8.6294e-18   7.6268e-19
 6370.00   5.6538e-18   7.4533e-19
 6375.00   6.5697e-18   7.1319e-19
 6380.00   6.4602e-18   6.8734e-19
 6385.00   4.3050e-18   6.9776e-19
 6390.00   5.3334e-18   6.7293e-19
 6395.00   5.5402e-18   6.8140e-19
 6400.00   6.6634e-18   7.3110e-19
 6405.00   7.2477e-18   7.0867e-19
 6410.00   5.9830e-18   7.2859e-19
 6415.00   7.9368e-18   9.0428e-19
 6420.00   5.5846e-18   8.7011e-19
 6425.00   4.5516e-18   8.2166e-19
 6430.00   7.2487e-18   7.8712e-19
 6435.00   7.3247e-18   7.6498e-19
 6440.00   6.7378e-18   7.2915e-19
 6445.00   7.0284e-18   7.1293e-19
 6450.00   5.7462e-18   6.8535e-19
 6455.00   6.8650e-18   6.6900e-19
 6460.00   5.9442e-18   6.5160e-19
 6465.00   6.6070e-18   6.8008e-19
 6470.00   7.4023e-18   6.4524e-19
 6475.00   5.8599e-18   5.9808e-19
 6480.00   7.5145e-18   6.0015e-19
 6485.00   7.3801e-18   5.7809e-19
 6490.00   6.4351e-18   5.6582e-19
 6495.00   7.3753e-18   5.5580e-19
 6500.00   8.1768e-18   5.9869e-19
 6505.00   8.9061e-18   5.7649e-19
 6510.00   8.4277e-18   5.4859e-19
 6515.00   6.8262e-18   5.4488e-19
 6520.00   7.3826e-18   5.4700e-19
 6525.00   7.9004e-18   5.4548e-19
 6530.00   9.0826e-18   5.4123e-19
 6535.00   9.7156e-18   5.7088e-19
 6540.00   8.8948e-18   5.3937e-19
 6545.00   9.4647e-18   5.5550e-19
 6550.00   8.6659e-18   5.3498e-19
 6555.00   8.2530e-18   5.6999e-19
 6560.00   9.0098e-18   5.2918e-19
 6565.00   8.0488e-18   5.4790e-19
 6570.00   9.6209e-18   5.6408e-19
 6575.00   9.5150e-18   5.6662e-19
 6580.00   7.2485e-18   5.7275e-19
 6585.00   8.1963e-18   5.6018e-19
 6590.00   1.0163e-17   5.7317e-19
 6595.00   8.4380e-18   5.7616e-19
 6600.00   7.8937e-18   5.7677e-19
 6605.00   8.5508e-18   6.0947e-19
 6610.00   7.9120e-18   5.9151e-19
 6615.00   8.3650e-18   6.0451e-19
 6620.00   9.2113e-18   6.1852e-19
 6625.00   7.2753e-18   6.2614e-19
 6630.00   8.4542e-18   6.4806e-19
 6635.00   8.1015e-18   5.8304e-19
 6640.00   8.6529e-18   5.6903e-19
 6645.00   8.8100e-18   5.6799e-19
 6650.00   8.5569e-18   5.7578e-19
 6655.00   8.4317e-18   5.7154e-19
 6660.00   8.8035e-18   5.7352e-19
 6665.00   8.2639e-18   5.7302e-19
 6670.00   7.5533e-18   5.9962e-19
 6675.00   9.5729e-18   7.8120e-19
 6680.00   7.7825e-18   7.3607e-19
 6685.00   6.9309e-18   7.1828e-19
 6690.00   6.7172e-18   6.9044e-19
 6695.00   7.1216e-18   6.6706e-19
 6700.00   8.7259e-18   6.6187e-19
 6705.00   8.2759e-18   6.3775e-19
 6710.00   6.1438e-18   6.1407e-19
 6715.00   6.0333e-18   5.9675e-19
 6720.00   6.1483e-18   5.9384e-19
 6725.00   6.9125e-18   5.7002e-19
 6730.00   6.6828e-18   5.5448e-19
 6735.00   5.7761e-18   5.4146e-19
 6740.00   5.4654e-18   5.3224e-19
 6745.00   6.8999e-18   5.2783e-19
 6750.00   5.3317e-18   5.1409e-19
 6755.00   7.2971e-18   5.1539e-19
 6760.00   4.7437e-18   4.9963e-19
 6765.00   5.4900e-18   4.9135e-19
 6770.00   5.2196e-18   4.8722e-19
 6775.00   4.7334e-18   4.8063e-19
 6780.00   5.1185e-18   4.7851e-19
 6785.00   5.0001e-18   4.6910e-19
 6790.00   5.9826e-18   4.7049e-19
 6795.00   4.1836e-18   4.6414e-19
 6800.00   6.1859e-18   4.6767e-19
 6805.00   5.8182e-18   4.6404e-19
 6810.00   4.8005e-18   4.6131e-19
 6815.00   5.0070e-18   4.6225e-19
 6820.00   5.9424e-18   4.6561e-19
 6825.00   5.2901e-18   4.7675e-19
 6830.00   6.0611e-18   5.4772e-19
 6835.00   4.9728e-18   5.2423e-19
 6840.00   5.1436e-18   4.9160e-19
 6845.00   6.5636e-18   4.7164e-19
 6850.00   6.0723e-18   4.8535e-19
 6855.00   7.0636e-18   4.8694e-19
 6860.00   6.3402e-18   4.9530e-19
 6865.00   5.0872e-18   5.7463e-19
 6870.00   3.4326e-18   5.2438e-19
 6875.00   4.4295e-18   4.7802e-19
 6880.00   6.3949e-18   5.2830e-19
 6885.00   6.1245e-18   5.2194e-19
 6890.00   6.4757e-18   5.5523e-19
 6895.00   5.3919e-18   5.2888e-19
 6900.00   6.0849e-18   5.7808e-19
 6905.00   4.5954e-18   5.5964e-19
 6910.00   6.9382e-18   5.9070e-19
 6915.00   5.4459e-18   5.1638e-19
 6920.00   5.9157e-18   4.9703e-19
 6925.00   6.7594e-18   5.3934e-19
 6930.00   5.8668e-18   4.9697e-19
 6935.00   6.9066e-18   4.9646e-19
 6940.00   6.4439e-18   5.2476e-19
 6945.00   6.2953e-18   4.9136e-19
 6950.00   5.3115e-18   5.3651e-19
 6955.00   6.1636e-18   5.6447e-19
 6960.00   4.8030e-18   6.3680e-19
 6965.00   5.9096e-18   6.2426e-19
 6970.00   5.3212e-18   6.2497e-19
 6975.00   4.4980e-18   5.6903e-19
 6980.00   5.4472e-18   6.0438e-19
 6985.00   4.8378e-18   5.4615e-19
 6990.00   5.2356e-18   5.2875e-19
 6995.00   3.4382e-18   5.1664e-19
 7000.00   4.0250e-18   5.1297e-19
 7005.00   4.1852e-18   5.0529e-19
 7010.00   4.8716e-18   5.1009e-19
 7015.00   4.7480e-18   4.7641e-19
 7020.00   4.8948e-18   4.6209e-19
 7025.00   5.4741e-18   4.5089e-19
 7030.00   5.9438e-18   4.5214e-19
 7035.00   5.1833e-18   4.3973e-19
 7040.00   4.9333e-18   4.4503e-19
 7045.00   5.5737e-18   4.4407e-19
 7050.00   6.3834e-18   4.6261e-19
 7055.00   5.8536e-18   4.3072e-19
 7060.00   6.2817e-18   4.2292e-19
 7065.00   5.6624e-18   4.2895e-19
 7070.00   6.3978e-18   4.1988e-19
 7075.00   7.2630e-18   4.2075e-19
 7080.00   6.6168e-18   4.1932e-19
 7085.00   7.4606e-18   4.1186e-19
 7090.00   6.4370e-18   4.1975e-19
 7095.00   6.1645e-18   4.0333e-19
 7100.00   7.4824e-18   4.0796e-19
 7105.00   6.8163e-18   4.0449e-19
 7110.00   6.9986e-18   4.0641e-19
 7115.00   7.3725e-18   4.0478e-19
 7120.00   7.3026e-18   4.0142e-19
 7125.00   7.5149e-18   4.1060e-19
 7130.00   7.4090e-18   4.1122e-19
 7135.00   6.4679e-18   4.1285e-19
 7140.00   7.2148e-18   4.1725e-19
 7145.00   7.2225e-18   4.3232e-19
 7150.00   7.2158e-18   4.2352e-19
 7155.00   8.0391e-18   4.2655e-19
 7160.00   7.5929e-18   4.3430e-19
 7165.00   6.1695e-18   4.2891e-19
 7170.00   7.3584e-18   4.3907e-19
 7175.00   6.7193e-18   4.4616e-19
 7180.00   7.0673e-18   4.5061e-19
 7185.00   6.5765e-18   4.4328e-19
 7190.00   7.4299e-18   4.5760e-19
 7195.00   7.5743e-18   4.6339e-19
 7200.00   7.2847e-18   4.7404e-19
 7205.00   6.4037e-18   4.8146e-19
 7210.00   7.7993e-18   5.0061e-19
 7215.00   6.3195e-18   5.1020e-19
 7220.00   7.7245e-18   4.4321e-19
 7225.00   7.0620e-18   4.4103e-19
 7230.00   7.7308e-18   4.4989e-19
 7235.00   6.9088e-18   4.3971e-19
 7240.00   7.3796e-18   6.1728e-19
 7245.00   7.3870e-18   5.3277e-19
 7250.00   5.6151e-18   4.5185e-19
 7255.00   6.5223e-18   4.8185e-19
 7260.00   6.9538e-18   4.3586e-19
 7265.00   6.0830e-18   5.3871e-19
 7270.00   7.4603e-18   5.6849e-19
 7275.00   7.6013e-18   6.4067e-19
 7280.00   8.3942e-18   5.3223e-19
 7285.00   7.6257e-18   5.7466e-19
 7290.00   6.9403e-18   4.9612e-19
 7295.00   5.7254e-18   5.0319e-19
 7300.00   6.3504e-18   4.6416e-19
 7305.00   6.8703e-18   5.0375e-19
 7310.00   6.7646e-18   4.5756e-19
 7315.00   6.8910e-18   4.9593e-19
 7320.00   5.6555e-18   4.2715e-19
 7325.00   5.7726e-18   4.1755e-19
 7330.00   6.1173e-18   4.6728e-19
 7335.00   5.9798e-18   4.0742e-19
 7340.00   1.3690e-17   4.6727e-19
 7345.00   6.4679e-18   4.0725e-19
 7350.00   6.1386e-18   4.0464e-19
 7355.00   5.6962e-18   3.9113e-19
 7360.00   5.5952e-18   4.2555e-19
 7365.00   6.3656e-18   3.9113e-19
 7370.00   5.9020e-18   4.3703e-19
 7375.00   6.0426e-18   3.8853e-19
 7380.00   7.3791e-18   3.8195e-19
 7385.00   5.7726e-18   3.6898e-19
 7390.00   6.8392e-18   4.0104e-19
 7395.00   7.1959e-18   3.7909e-19
 7400.00   5.7815e-18   4.1332e-19
 7405.00   8.9343e-18   3.7068e-19
 7410.00   6.3906e-18   3.6572e-19
 7415.00   6.5613e-18   3.6972e-19
 7420.00   5.8020e-18   3.6302e-19
 7425.00   6.1725e-18   3.6668e-19
 7430.00   6.3948e-18   3.9367e-19
 7435.00   6.1629e-18   3.6451e-19
 7440.00   5.9133e-18   4.2194e-19
 7445.00   7.8069e-18   3.7213e-19
 7450.00   7.3556e-18   3.7104e-19
 7455.00   6.8072e-18   3.7616e-19
 7460.00   6.2971e-18   3.8773e-19
 7465.00   6.2014e-18   4.1083e-19
 7470.00   7.2857e-18   4.1585e-19
 7475.00   6.6847e-18   4.1206e-19
 7480.00   6.4668e-18   4.3662e-19
 7485.00   6.8997e-18   4.2713e-19
 7490.00   5.6639e-18   3.9389e-19
 7495.00   6.6899e-18   4.1525e-19
 7500.00   6.5672e-18   4.0563e-19
 7505.00   6.5944e-18   4.0793e-19
 7510.00   6.9448e-18   4.1315e-19
 7515.00   6.6787e-18   4.3182e-19
 7520.00   6.4102e-18   4.5027e-19
 7525.00   7.5220e-18   5.1396e-19
 7530.00   7.4346e-18   4.8210e-19
 7535.00   6.5055e-18   4.5354e-19
 7540.00   8.3693e-18   4.8519e-19
 7545.00   6.3208e-18   4.7117e-19
 7550.00   6.3836e-18   4.3782e-19
 7555.00   7.3980e-18   4.1235e-19
 7560.00   7.2662e-18   4.1381e-19
 7565.00   6.9265e-18   4.0293e-19
 7570.00   6.3248e-18   4.4382e-19
 7575.00   6.2158e-18   4.1504e-19
 7580.00   6.0670e-18   3.9736e-19
 7585.00   5.7583e-18   4.1565e-19
 7590.00   4.6978e-18   3.8549e-19
 7595.00   4.0885e-18   3.4885e-19
 7600.00   2.1307e-18   4.0274e-19
 7605.00   9.5574e-19   4.0371e-19
 7610.00   2.2761e-18   3.9972e-19
 7615.00   2.6484e-18   4.0799e-19
 7620.00   5.5954e-18   4.6508e-19
 7625.00   3.8512e-18   3.9486e-19
 7630.00   2.5191e-18   4.0646e-19
 7635.00   2.9747e-18   3.7257e-19
 7640.00   4.7681e-18   3.7819e-19
 7645.00   4.0249e-18   3.6883e-19
 7650.00   4.2205e-18   3.7108e-19
 7655.00   4.9016e-18   3.8626e-19
 7660.00   4.1911e-18   3.7594e-19
 7665.00   4.9510e-18   3.6947e-19
 7670.00   5.9206e-18   3.6395e-19
 7675.00   5.6123e-18   3.6568e-19
 7680.00   6.0700e-18   3.6941e-19
 7685.00   5.6749e-18   3.6734e-19
 7690.00   6.0440e-18   3.7254e-19
 7695.00   6.0816e-18   3.6325e-19
 7700.00   6.1151e-18   3.7647e-19
 7705.00   5.9013e-18   3.4962e-19
 7710.00   5.0942e-18   3.7344e-19
 7715.00   4.9637e-18   5.3937e-19
 7720.00   5.5297e-18   3.7609e-19
 7725.00   6.0534e-18   4.1547e-19
 7730.00   5.5026e-18   3.4829e-19
 7735.00   6.3185e-18   3.6818e-19
 7740.00   5.7344e-18   3.5036e-19
 7745.00   5.5908e-18   3.4565e-19
 7750.00   4.1384e-18   4.5982e-19
 7755.00   5.5278e-18   3.5023e-19
 7760.00   4.9150e-18   3.7485e-19
 7765.00   5.3111e-18   3.3499e-19
 7770.00   4.7821e-18   3.7068e-19
 7775.00   5.0132e-18   4.2334e-19
 7780.00   4.5727e-18   3.7325e-19
 7785.00   3.9383e-18   3.4366e-19
 7790.00   4.7929e-18   3.6079e-19
 7795.00   3.3457e-18   3.8828e-19
 7800.00   3.6072e-18   3.3404e-19
 7805.00   3.2387e-18   3.3844e-19
 7810.00   2.9436e-18   3.8256e-19
 7815.00   2.6393e-18   3.5240e-19
 7820.00   2.3764e-18   4.0972e-19
 7825.00  -5.0625e-19   3.3990e-19
 7830.00   2.2465e-18   3.4615e-19
 7835.00   2.4319e-18   3.4456e-19
 7840.00   1.7399e-18   3.8383e-19
 7845.00   2.8247e-18   3.4592e-19
 7850.00   2.8496e-18   4.1320e-19
 7855.00   2.4634e-18   4.2073e-19
 7860.00   2.3269e-18   4.3653e-19
 7865.00   2.5570e-18   3.6770e-19
 7870.00   1.4133e-18   4.3915e-19
 7875.00   2.0407e-18   3.6895e-19
 7880.00   1.3783e-18   4.7700e-19
 7885.00   2.7416e-18   4.0432e-19
 7890.00   2.0843e-18   4.7504e-19
 7895.00   1.8637e-18   4.0961e-19
 7900.00   3.9519e-18   4.0148e-19
 7905.00   1.7951e-18   4.1788e-19
 7910.00   3.1329e-18   4.4630e-19
 7915.00   2.7869e-18   4.4064e-19
 7920.00   3.4227e-18   4.3183e-19
 7925.00   3.3285e-18   3.5395e-19
 7930.00   3.3254e-18   4.3060e-19
 7935.00   3.8191e-18   3.5516e-19
 7940.00   3.4770e-18   3.5105e-19
 7945.00   3.0211e-18   3.6028e-19
 7950.00   3.5620e-18   3.8720e-19
 7955.00   3.9373e-18   3.4889e-19
 7960.00   2.8537e-18   3.4443e-19
 7965.00   3.4102e-18   4.0610e-19
 7970.00   4.4734e-18   4.1719e-19
 7975.00   5.0201e-18   4.7265e-19
 7980.00   5.1012e-18   5.0687e-19
 7985.00   4.7317e-18   4.2518e-19
 7990.00   5.0685e-18   4.3102e-19
 7995.00   3.0855e-18   4.8988e-19
 8000.00   4.9358e-18   4.1908e-19
 8005.00   4.5091e-18   4.0072e-19
 8010.00   3.9923e-18   3.9516e-19
 8015.00   5.8196e-18   4.4206e-19
 8020.00   3.9548e-18   4.0236e-19
 8025.00   5.3086e-18   4.4783e-19
 8030.00   4.9071e-18   4.0945e-19
 8035.00   5.7797e-18   3.6560e-19
 8040.00   6.1073e-18   3.6486e-19
 8045.00   5.4277e-18   3.5291e-19
 8050.00   4.9055e-18   3.9038e-19
 8055.00   5.4586e-18   3.5192e-19
 8060.00   5.3462e-18   3.7985e-19
 8065.00   5.5406e-18   3.5709e-19
 8070.00   5.3103e-18   3.3173e-19
 8075.00   4.6243e-18   3.3955e-19
 8080.00   5.3900e-18   3.3417e-19
 8085.00   5.1297e-18   3.4080e-19
 8090.00   6.2343e-18   3.2224e-19
 8095.00   4.7498e-18   3.4536e-19
 8100.00   4.5447e-18   3.3556e-19
 8105.00   4.7836e-18   3.3940e-19
 8110.00   5.6045e-18   3.1909e-19
 8115.00   5.7148e-18   3.1423e-19
 8120.00   4.8067e-18   3.1062e-19
 8125.00   4.8539e-18   3.0866e-19
 8130.00   4.7735e-18   3.1350e-19
 8135.00   4.0314e-18   3.0469e-19
 8140.00   4.3512e-18   3.2422e-19
 8145.00   4.5273e-18   3.2479e-19
 8150.00   4.8077e-18   3.0103e-19
 8155.00   4.6285e-18   2.9870e-19
 8160.00   4.0181e-18   2.9547e-19
 8165.00   4.7243e-18   2.9865e-19
 8170.00   4.8644e-18   2.9788e-19
 8175.00   4.5821e-18   2.9916e-19
 8180.00   4.3862e-18   2.9832e-19
 8185.00   4.8189e-18   3.0370e-19
 8190.00   4.5433e-18   3.1239e-19
 8195.00   3.9075e-18   3.1254e-19
 8200.00   4.1899e-18   2.9916e-19
 8205.00   4.3706e-18   3.2007e-19
 8210.00   5.0091e-18   3.1838e-19
 8215.00   4.6623e-18   3.1827e-19
 8220.00   4.1336e-18   3.1278e-19
 8225.00   4.5184e-18   3.1931e-19
 8230.00   3.3473e-18   3.0390e-19
 8235.00   4.0351e-18   3.2613e-19
 8240.00   3.9832e-18   3.3616e-19
 8245.00   3.2270e-18   3.3245e-19
 8250.00   4.0479e-18   3.4710e-19
 8255.00   3.6998e-18   3.4123e-19
 8260.00   5.2622e-18   3.4650e-19
 8265.00   3.4416e-18   3.4462e-19
 8270.00   3.7567e-18   3.5531e-19
 8275.00   4.1929e-18   3.5590e-19
 8280.00   3.3987e-18   5.7099e-19
 8285.00   5.4500e-18   4.4138e-19
 8290.00   4.8699e-18   4.5562e-19
 8295.00   4.0281e-18   4.1820e-19
 8300.00   4.3160e-18   4.6348e-19
 8305.00   3.6366e-18   4.0038e-19
 8310.00   5.2562e-18   4.4338e-19
 8315.00   4.9653e-18   3.9954e-19
 8320.00   3.9435e-18   3.3730e-19
 8325.00   3.6713e-18   3.2925e-19
 8330.00   2.8225e-18   3.2537e-19
 8335.00   4.1291e-18   3.3149e-19
 8340.00   3.9677e-18   3.4177e-19
 8345.00   4.0299e-18   4.4966e-19
 8350.00   3.8616e-18   3.6371e-19
 8355.00   3.3048e-18   3.7042e-19
 8360.00   3.8364e-18   3.5048e-19
 8365.00   3.4734e-18   3.9549e-19
 8370.00   3.7845e-18   3.3083e-19
 8375.00   3.4078e-18   3.3075e-19
 8380.00   4.3367e-18   4.6259e-19
 8385.00   2.7996e-18   4.2017e-19
 8390.00   3.6610e-18   4.0715e-19
 8395.00   3.0761e-18   3.8646e-19
 8400.00   4.0521e-18   4.6157e-19
 8405.00   4.2791e-18   3.7519e-19
 8410.00   3.2951e-18   3.6474e-19
 8415.00   3.9519e-18   4.2056e-19
 8420.00   4.0400e-18   3.5786e-19
 8425.00   3.5343e-18   3.7533e-19
 8430.00   4.1285e-18   4.4484e-19
 8435.00   2.8649e-18   3.5565e-19
 8440.00   3.3048e-18   3.3553e-19
 8445.00   1.8571e-18   3.6631e-19
 8450.00   3.7383e-18   3.6619e-19
 8455.00   3.1694e-18   3.4722e-19
 8460.00   3.9652e-18   3.2874e-19
 8465.00   3.1913e-18   3.9444e-19
 8470.00   3.7314e-18   3.1656e-19
 8475.00   3.1940e-18   3.2809e-19
 8480.00   3.3462e-18   3.0928e-19
 8485.00   4.1514e-18   3.0844e-19
 8490.00   2.7288e-18   3.0447e-19
 8495.00   3.1582e-18   3.6207e-19
 8500.00   3.4188e-18   3.0800e-19
 8505.00   4.8177e-18   3.7780e-19
 8510.00   3.7829e-18   2.9793e-19
 8515.00   3.2812e-18   2.9554e-19
 8520.00   3.4695e-18   3.0082e-19
 8525.00   3.0651e-18   2.9211e-19
 8530.00   3.2293e-18   2.9173e-19
 8535.00   3.4648e-18   2.8582e-19
 8540.00   3.6765e-18   3.1530e-19
 8545.00   3.7213e-18   2.8103e-19
 8550.00   3.4325e-18   3.5165e-19
 8555.00   3.5130e-18   2.8722e-19
 8560.00   3.7204e-18   2.8435e-19
 8565.00   3.6912e-18   2.8893e-19
 8570.00   3.5075e-18   2.8810e-19
 8575.00   3.6040e-18   2.9572e-19
 8580.00   3.2242e-18   2.8713e-19
 8585.00   3.3288e-18   2.8047e-19
 8590.00   2.5262e-18   3.1042e-19
 8595.00   3.3414e-18   3.0884e-19
 8600.00   3.3709e-18   2.8967e-19
 8605.00   3.3540e-18   2.8898e-19
 8610.00   3.4258e-18   3.1385e-19
 8615.00   2.4003e-18   3.7484e-19
 8620.00   2.5233e-18   4.3581e-19
 8625.00   3.1087e-18   4.5237e-19
 8630.00   3.0185e-18   4.7420e-19
 8635.00   2.3353e-18   4.3433e-19
 8640.00   2.9117e-18   3.7238e-19
 8645.00   2.6439e-18   3.1530e-19
 8650.00   2.3637e-18   3.8631e-19
 8655.00   2.8371e-18   3.9010e-19
 8660.00   2.7522e-18   3.7260e-19
 8665.00   2.9544e-18   3.7270e-19
 8670.00   2.7030e-18   3.8266e-19
 8675.00   3.1325e-18   3.7853e-19
 8680.00   3.6677e-18   3.6722e-19
 8685.00   3.3006e-18   3.4204e-19
 8690.00   2.2087e-18   3.2607e-19
 8695.00   3.2299e-18   3.3099e-19
 8700.00   3.2412e-18   3.5372e-19
 8705.00   3.3830e-18   3.4248e-19
 8710.00   2.4249e-18   3.4127e-19
 8715.00   2.7489e-18   3.2818e-19
 8720.00   2.5348e-18   3.2567e-19
 8725.00   2.5812e-18   3.4214e-19
 8730.00   2.1755e-18   3.3129e-19
 8735.00   2.6397e-18   3.4357e-19
 8740.00   3.0578e-18   3.6009e-19
 8745.00   2.5658e-18   3.6171e-19
 8750.00   2.8329e-18   3.6857e-19
 8755.00   2.5083e-18   3.7025e-19
 8760.00   3.3652e-18   6.4247e-19
 8765.00   3.5543e-18   3.9766e-19
 8770.00   2.2973e-18   3.7236e-19
 8775.00   3.2502e-18   3.6644e-19
 8780.00   2.3395e-18   3.6562e-19
 8785.00   1.6567e-18   3.0527e-19
 8790.00   2.1591e-18   3.6946e-19
 8795.00   2.1516e-18   3.0761e-19
 8800.00   3.4060e-18   3.1269e-19
 8805.00   2.2281e-18   3.0176e-19
 8810.00   2.6615e-18   3.3621e-19
 8815.00   2.0518e-18   3.0886e-19
 8820.00   2.8411e-18   3.1229e-19
 8825.00   1.8833e-18   4.2768e-19
 8830.00   1.6586e-18   4.1360e-19
 8835.00   3.2022e-18   5.8872e-19
 8840.00   3.1879e-18   3.7362e-19
 8845.00   3.3791e-18   3.8601e-19
 8850.00   1.8641e-18   4.2659e-19
 8855.00   2.6374e-18   3.5785e-19
 8860.00   2.7316e-18   3.6295e-19
 8865.00   2.1483e-18   3.9404e-19
 8870.00   2.3797e-18   3.7188e-19
 8875.00   2.6581e-18   3.2908e-19
 8880.00   2.4976e-18   3.2462e-19
 8885.00   3.4362e-18   4.1911e-19
 8890.00   2.1876e-18   3.3776e-19
 8895.00   2.9492e-18   3.3215e-19
 8900.00   2.7827e-18   3.2005e-19
 8905.00   2.5188e-18   3.7632e-19
 8910.00   2.0998e-18   3.2681e-19
 8915.00   2.3689e-18   3.0525e-19
 8920.00   1.6114e-18   3.9782e-19
 8925.00   1.7893e-18   3.0886e-19
 8930.00   2.5472e-18   3.1011e-19
 8935.00   2.3245e-18   3.0337e-19
 8940.00   2.7871e-18   2.9396e-19
 8945.00   2.4670e-18   3.4129e-19
 8950.00   2.2979e-18   2.8097e-19
 8955.00   1.3787e-18   2.8675e-19
 8960.00   2.5191e-18   3.3154e-19
 8965.00   2.1732e-18   2.6876e-19
 8970.00   1.7775e-18   2.8708e-19
 8975.00   1.9204e-18   2.6950e-19
 8980.00   2.1745e-18   2.9280e-19
 8985.00   2.0986e-18   2.8111e-19
 8990.00   2.6124e-18   3.1635e-19
 8995.00   2.2353e-18   2.7251e-19
 9000.00   2.5524e-18   3.4656e-19
 9005.00   1.9643e-18   2.5960e-19
 9010.00   2.0158e-18   2.5201e-19
 9015.00   1.4572e-18   2.4481e-19
 9020.00   2.1811e-18   2.7062e-19
 9025.00   9.7341e-19   2.4961e-19
 9030.00   1.8785e-18   2.9057e-19
 9035.00   2.3634e-18   2.7078e-19
 9040.00   2.5800e-18   3.0572e-19
 9045.00   2.1929e-18   2.7711e-19
 9050.00   2.2611e-18   3.4465e-19
 9055.00   2.0224e-18   2.7624e-19
 9060.00   1.9459e-18   2.6756e-19
 9065.00   2.6028e-18   2.8975e-19
 9070.00   1.6402e-18   2.8508e-19
 9075.00   1.8237e-18   2.7322e-19
 9080.00   1.6742e-18   2.6657e-19
 9085.00   1.7106e-18   2.7756e-19
 9090.00   2.1008e-18   2.9328e-19
 9095.00   2.4255e-18   3.0693e-19
 9100.00   2.4381e-18   2.9604e-19
 9105.00   1.5065e-18   3.1065e-19
 9110.00   2.4031e-18   2.8440e-19
 9115.00   2.3785e-18   2.8627e-19
 9120.00   2.0664e-18   2.8369e-19
 9125.00   1.6319e-18   2.9099e-19
 9130.00   1.4475e-18   2.8578e-19
 9135.00   1.2652e-18   2.9787e-19
 9140.00   2.2400e-18   3.0742e-19
 9145.00   2.3263e-18   3.0952e-19
 9150.00   3.1677e-18   3.4308e-19
 9155.00   2.2447e-18   3.3387e-19
 9160.00   1.9681e-18   3.9044e-19
 9165.00   2.2817e-18   3.2415e-19
 9170.00   2.0759e-18   3.2541e-19
 9175.00   2.0067e-18   3.2255e-19
 9180.00   2.3574e-18   3.3819e-19
 9185.00   2.3091e-18   3.3882e-19
 9190.00   2.3923e-18   3.4658e-19
 9195.00   1.8476e-18   3.4567e-19
 9200.00   2.4995e-18   3.5960e-19
 9205.00   1.7109e-18   3.7054e-19
 9210.00   2.7207e-18   3.6862e-19
 9215.00   1.5740e-18   4.0436e-19
 9220.00   1.9394e-18   3.7914e-19
 9225.00   1.3187e-18   4.4515e-19
 9230.00   2.6828e-18   3.9522e-19
 9235.00   1.9695e-18   3.9999e-19
 9240.00   1.1147e-18   4.0216e-19
 9245.00   1.8589e-18   4.1896e-19
 9250.00   1.5334e-18   4.6131e-19
 9255.00   1.6753e-18   4.4528e-19
 9260.00   1.2595e-18   3.6672e-19
 9265.00   2.6964e-18   3.9276e-19
 9270.00   1.3522e-18   3.4431e-19
 9275.00   1.6259e-18   3.4528e-19
 9280.00   1.3130e-18   3.4056e-19
 9285.00   1.5362e-18   3.7028e-19
 9290.00   1.6888e-18   3.6079e-19
 9295.00   1.7894e-18   3.8970e-19
 9300.00   1.2836e-18   3.4174e-19
 9305.00   2.0417e-18   4.7360e-19
 9310.00   1.9794e-18   6.4070e-19
 9315.00   1.0614e-18   4.8117e-19
 9320.00   1.9600e-18   4.3200e-19
 9325.00   1.3628e-18   4.7168e-19
 9330.00   1.6827e-18   4.2490e-19
 9335.00   6.3137e-19   4.2567e-19
 9340.00   8.4844e-19   4.6386e-19
 9345.00   6.7072e-19   3.7826e-19
 9350.00   1.1043e-18   5.1334e-19
 9355.00   6.8156e-19   3.8691e-19
 9360.00   8.1874e-19   4.1005e-19
 9365.00   2.7702e-18   3.9684e-19
 9370.00  -6.5781e-19   3.9890e-19
 9375.00  -5.6023e-20   8.6328e-19
 9380.00   9.6836e-19   4.0160e-19
 9385.00   2.3371e-18   4.8523e-19
 9390.00   1.7487e-18   3.8802e-19
 9395.00   1.1102e-18   4.1776e-19
 9400.00   5.8336e-19   4.4929e-19
 9405.00   1.4688e-18   4.1614e-19
 9410.00   1.4199e-18   3.7037e-19
 9415.00   1.4215e-18   3.9661e-19
 9420.00   1.9284e-18   5.3473e-19
 9425.00   1.1475e-18   3.8355e-19
 9430.00   1.7418e-18   3.3999e-19
 9435.00   2.2818e-18   3.9249e-19
 9440.00  -6.6428e-19   5.9978e-19
 9445.00   7.4060e-19   3.7534e-19
 9450.00   1.0433e-18   4.2437e-19
 9455.00   1.7440e-18   3.7708e-19
 9460.00   1.0063e-18   4.7326e-19
 9465.00   7.8776e-19   3.5260e-19
 9470.00   7.5386e-20   3.5644e-19
 9475.00   1.0004e-18   4.7591e-19
 9480.00   1.0748e-18   3.8650e-19
 9485.00   1.1889e-18   3.6528e-19
 9490.00   2.2261e-18   3.8286e-19
 9495.00   1.5940e-18   3.3401e-19
 9500.00   2.6693e-19   3.6523e-19
 9505.00   1.4917e-18   4.3378e-19
 9510.00   2.1228e-18   3.5869e-19
 9515.00   1.2932e-18   3.4998e-19
 9520.00   5.5054e-19   4.8980e-19
 9525.00   1.0334e-18   3.4916e-19
 9530.00   2.4258e-18   3.8435e-19
 9535.00   9.9101e-19   4.0562e-19
 9540.00   1.8787e-18   3.4845e-19
 9545.00   1.0165e-18   3.2340e-19
 9550.00   1.2378e-18   4.0010e-19
 9555.00   6.0315e-19   3.7988e-19
 9560.00   1.4222e-18   3.7215e-19
 9565.00   5.4768e-19   4.1971e-19
 9570.00   4.6372e-19   4.4996e-19
 9575.00   1.4410e-18   3.7336e-19
 9580.00   1.0306e-18   3.3693e-19
 9585.00   1.3396e-18   3.5365e-19
 9590.00   1.3504e-18   3.4967e-19
 9595.00   1.3859e-18   3.5410e-19
 9600.00   1.1083e-18   3.5507e-19
 9605.00   9.5410e-19   3.8854e-19
 9610.00   1.4954e-18   4.3054e-19
 9615.00   1.7458e-18   3.8558e-19
 9620.00   1.4183e-19   5.1213e-19
 9625.00   1.7239e-18   4.1406e-19
 9630.00  -3.1139e-19   4.2014e-19
 9635.00   9.0125e-19   3.8365e-19
 9640.00   9.3938e-19   3.8998e-19
 9645.00   1.1592e-18   3.7913e-19
 9650.00   1.3208e-18   4.1171e-19
 9655.00   7.9852e-19   4.5663e-19
 9660.00   1.9489e-18   4.7030e-19
 9665.00   9.8770e-19   4.3272e-19
 9670.00   9.7747e-19   5.8997e-19
 9675.00   1.6886e-19   4.8811e-19
 9680.00   3.5643e-19   6.9840e-19
 9685.00   2.1193e-18   5.1622e-19
 9690.00   3.7632e-18   5.4090e-19
 9695.00   1.8676e-18   4.8698e-19
 9700.00   7.3351e-19   6.4346e-19
 9705.00   1.4158e-18   4.9550e-19
 9710.00   2.6185e-19   5.7394e-19
 9715.00  -7.9313e-20   5.0602e-19
 9720.00   1.6594e-18   7.3633e-19
 9725.00   2.2888e-18   5.5532e-19
 9730.00   8.8648e-19   5.6116e-19
 9735.00   1.1893e-18   6.7186e-19
 9740.00   1.6041e-18   6.5158e-19
 9745.00   1.2048e-18   6.7935e-19
 9750.00   1.7592e-18   5.6529e-19
 9755.00   5.4715e-19   5.8408e-19
 9760.00  -2.3577e-19   5.7655e-19
 9765.00   1.0073e-18   5.9600e-19
 9770.00   9.3765e-21   6.0731e-19
 9775.00   1.9082e-18   6.4285e-19
 9780.00   3.6303e-18   6.6019e-19
 9785.00   2.8556e-19   6.8292e-19
 9790.00   1.5246e-18   1.1962e-18
 9795.00  -2.0555e-18   6.9102e-19
 9800.00   1.4407e-18   7.8377e-19
 9805.00   7.4005e-19   6.5539e-19
 9810.00   1.7882e-18   8.4486e-19
 9815.00   3.6899e-18   1.1252e-18
 9820.00  -3.8607e-19   1.0305e-18
 9825.00  -1.1433e-18   9.8424e-19
 9830.00   1.1390e-18   1.0052e-18
 9835.00   3.2271e-19   9.4436e-19
 9840.00  -8.9268e-19   8.9995e-19
 9845.00   5.7945e-19   9.6038e-19
 9850.00   7.3374e-19   1.1315e-18
 9855.00   1.7121e-18   8.9017e-19
 9860.00   1.0038e-18   8.8043e-19
 9865.00   1.0002e-21   8.9055e-19
 9870.00  -2.6278e-18   1.1812e-18
 9875.00  -9.6226e-19   1.0134e-18
 9880.00   3.0427e-18   8.7040e-19
 9885.00   9.1410e-19   9.5754e-19
 9890.00   1.1459e-18   8.7240e-19
 9895.00   1.8739e-18   1.2181e-18
 9900.00  -5.9633e-19   8.6746e-19
 9905.00   4.8288e-19   8.4020e-19
 9910.00   1.3978e-18   9.1555e-19
 9915.00   2.0946e-18   1.4105e-18
 9920.00  -1.0261e-19   8.6772e-19
 9925.00   1.8389e-18   8.3474e-19
 9930.00   2.0914e-18   8.2873e-19
 9935.00   1.3488e-18   8.7397e-19
 9940.00  -1.2240e-18   1.2191e-18
 9945.00   3.7014e-18   1.9714e-18
 9950.00   3.1514e-18   1.2776e-18
 9955.00   2.1032e-19   1.3409e-18
 9960.00  -2.0919e-18   1.5531e-18
 9965.00   2.0994e-18   1.0059e-18
 9970.00   4.0065e-18   1.0430e-18
 9975.00   5.8699e-19   1.0546e-18
 9980.00  -1.3277e-18   9.9261e-19
 9985.00   4.4337e-18   8.4685e-19
 9990.00   2.4424e-18   8.7619e-19
 9995.00   2.4424e-18   9.9999e+04
10000.00   2.4424e-18   9.9999e+04
