 
TRANSIENT_NAME:     DES14C2fkd 
SNID:               1299775    
OBS_DATE:           2014-10-23
MJD:                56953. 
PHASE:              +11.   
MJD_MAX:            56939.8
TYPE:               1  
SPEC_EVAL:          SNIa
REDSHIFT:           0.1604  
REDSHIFT_ERR:       0.0005  
REDSHIFT_SOURCE:    Z_GAL
TELESCOPE:          MMT
INSTRUMENT:         BCS
 
======================================
 
# WAVE  FLUX  FLUX_ERR
 3332.00   6.9482e-02   9.5385e-03
 3333.95   6.0203e-02   8.1701e-03
 3335.90   3.7418e-03   4.6427e-04
 3337.85   1.5306e-02   1.9088e-03
 3339.80   2.8190e-02   3.6381e-03
 3341.75  -5.2676e-03  -6.6046e-04
 3343.70  -6.5993e-04  -8.0570e-05
 3345.65   9.1427e-03   1.1526e-03
 3347.60  -1.1823e-02  -1.4626e-03
 3349.55   2.9876e-02   3.7408e-03
 3351.50   5.7649e-02   7.2103e-03
 3353.45   4.2397e-02   5.4169e-03
 3355.40   1.9502e-02   2.4610e-03
 3357.35  -1.1462e-02  -1.4003e-03
 3359.30   1.5120e-02   1.8833e-03
 3361.25   4.4423e-02   5.7891e-03
 3363.20  -6.9406e-03  -9.0337e-04
 3365.15  -1.0661e-03  -1.5529e-04
 3367.10  -1.1489e-02  -1.9022e-03
 3369.05   3.1202e-02   5.7119e-03
 3371.00   8.7532e-02   1.6853e-02
 3372.95   1.9990e-02   3.7972e-03
 3374.90   1.3810e-02   2.5685e-03
 3376.85   9.0598e-02   1.6553e-02
 3378.80   2.3024e-02   4.0303e-03
 3380.75  -1.3013e-02  -2.2270e-03
 3382.70   1.0669e-02   1.7812e-03
 3384.65  -2.1411e-02  -3.4300e-03
 3386.60  -4.2979e-02  -6.7054e-03
 3388.55   1.0091e-02   1.5486e-03
 3390.50   4.3499e-02   6.6593e-03
 3392.45   5.1061e-02   7.7546e-03
 3394.40   6.5275e-02   9.8731e-03
 3396.35   2.4742e-02   3.6150e-03
 3398.30   3.1214e-02   4.4607e-03
 3400.25   4.3529e-02   6.1022e-03
 3402.20   3.6763e-02   5.0190e-03
 3404.15   6.0025e-02   8.2906e-03
 3406.10   6.1588e-02   8.3907e-03
 3408.05   1.8946e-02   2.4261e-03
 3410.00   1.8200e-02   2.2979e-03
 3411.95   2.7909e-02   3.5873e-03
 3413.90   5.7868e-02   7.8282e-03
 3415.85   5.1828e-02   7.1814e-03
 3417.80   1.9838e-02   2.7264e-03
 3419.75   5.7455e-02   8.1142e-03
 3421.70   1.7306e-02   2.4300e-03
 3423.65  -2.3847e-02  -3.2965e-03
 3425.60   7.2342e-03   9.9322e-04
 3427.55   8.7103e-04   1.1809e-04
 3429.50   5.1618e-03   6.9149e-04
 3431.45   4.5081e-03   6.0518e-04
 3433.40   2.5350e-03   3.4926e-04
 3435.35   2.3069e-02   3.2579e-03
 3437.30   4.1392e-02   5.8787e-03
 3439.25   3.0111e-02   4.1992e-03
 3441.20   3.7473e-03   5.1128e-04
 3443.15   6.6581e-03   8.9125e-04
 3445.10   3.5345e-02   4.7276e-03
 3447.05   1.5578e-02   2.0851e-03
 3449.00   6.7344e-03   9.3590e-04
 3450.95   1.1162e-02   1.6342e-03
 3452.90   1.7114e-02   2.5828e-03
 3454.85  -3.2741e-03  -4.9472e-04
 3456.80  -7.7321e-03  -1.1448e-03
 3458.75   7.0601e-03   1.0316e-03
 3460.70   1.8062e-02   2.5985e-03
 3462.65   1.6198e-02   2.2326e-03
 3464.60  -3.6742e-03  -4.9221e-04
 3466.55   1.6552e-02   2.2344e-03
 3468.50   1.8074e-02   2.3819e-03
 3470.45   2.0191e-02   2.6038e-03
 3472.40   2.9030e-02   3.7175e-03
 3474.35   2.1705e-02   2.8048e-03
 3476.30   2.8039e-02   3.8040e-03
 3478.25   1.4451e-02   2.0766e-03
 3480.20  -1.2944e-02  -1.9751e-03
 3482.15   4.9123e-03   7.7616e-04
 3484.10   3.1741e-02   5.0339e-03
 3486.05   3.2957e-02   5.1339e-03
 3488.00   3.8810e-02   5.8893e-03
 3489.95   1.3193e-02   1.9345e-03
 3491.90   2.0316e-02   2.9007e-03
 3493.85   3.0356e-02   4.2580e-03
 3495.80   1.8080e-02   2.4624e-03
 3497.75   3.1235e-02   4.1874e-03
 3499.70   4.0421e-02   5.2701e-03
 3501.65   1.9220e-02   2.4327e-03
 3503.60   3.5946e-03   4.4423e-04
 3505.55   1.7551e-02   2.1645e-03
 3507.50   3.1511e-02   3.9828e-03
 3509.45   2.9629e-02   3.8300e-03
 3511.40   4.8067e-03   6.1233e-04
 3513.35   2.8970e-02   3.6965e-03
 3515.30   4.5179e-02   5.8071e-03
 3517.25   3.8038e-02   4.8100e-03
 3519.20   1.1836e-02   1.4363e-03
 3521.15   1.3489e-05   1.5965e-06
 3523.10   6.9262e-03   8.2113e-04
 3525.05   1.0386e-02   1.2284e-03
 3527.00  -1.2667e-03  -1.4673e-04
 3528.95   4.5592e-03   5.2453e-04
 3530.90   2.3266e-02   2.7080e-03
 3532.85   3.3061e-02   3.8847e-03
 3534.80   2.6416e-02   3.0941e-03
 3536.75   2.4611e-02   2.9297e-03
 3538.70   1.1816e-02   1.4890e-03
 3540.65   2.2930e-02   3.1786e-03
 3542.60   4.1693e-02   6.2379e-03
 3544.55   1.6713e-02   2.5712e-03
 3546.50   5.4085e-02   8.3198e-03
 3548.45   2.5066e-02   3.7255e-03
 3550.40   3.9094e-02   5.7829e-03
 3552.35   5.0949e-02   7.6309e-03
 3554.30   5.9803e-02   9.0211e-03
 3556.25   5.6616e-02   8.4518e-03
 3558.20   7.5702e-03   1.0878e-03
 3560.15   1.5555e-02   2.1871e-03
 3562.10   3.8508e-02   5.2965e-03
 3564.05   3.8897e-02   5.2211e-03
 3566.00   5.0395e-02   6.6385e-03
 3567.95   3.8824e-02   4.9651e-03
 3569.90   1.9149e-02   2.3648e-03
 3571.85   3.2187e-02   3.9452e-03
 3573.80   1.9975e-02   2.3864e-03
 3575.75   7.9489e-03   9.1685e-04
 3577.70   1.8989e-02   2.1695e-03
 3579.65   3.4254e-02   3.9256e-03
 3581.60   1.8159e-02   2.0097e-03
 3583.55   1.4461e-02   1.5547e-03
 3585.50   2.1050e-02   2.2233e-03
 3587.45   1.3039e-02   1.3586e-03
 3589.40   4.2051e-04   4.3320e-05
 3591.35   7.6915e-03   7.9920e-04
 3593.30   5.0883e-03   5.3772e-04
 3595.25   4.4267e-03   4.7682e-04
 3597.20   3.2146e-02   3.4799e-03
 3599.15   2.1424e-02   2.2533e-03
 3601.10   2.7479e-02   2.8888e-03
 3603.05   1.6904e-02   1.7282e-03
 3605.00   1.3534e-02   1.3455e-03
 3606.95   2.5905e-02   2.6032e-03
 3608.90   1.5050e-02   1.5061e-03
 3610.85   2.0670e-02   2.1058e-03
 3612.80   3.4442e-02   3.7104e-03
 3614.75   3.8031e-02   4.3826e-03
 3616.70   3.5368e-02   4.2473e-03
 3618.65   2.7526e-02   3.3224e-03
 3620.60   2.4695e-02   2.9455e-03
 3622.55   1.5962e-02   1.8760e-03
 3624.50   2.2672e-02   2.6576e-03
 3626.45   3.7645e-02   4.4778e-03
 3628.40   2.7448e-02   3.2731e-03
 3630.35   7.6314e-03   9.1898e-04
 3632.30   2.5102e-02   3.1556e-03
 3634.25   1.5785e-02   1.9896e-03
 3636.20   2.7145e-02   3.4425e-03
 3638.15   7.2018e-02   9.2992e-03
 3640.10   4.8953e-02   6.1483e-03
 3642.05   2.6575e-02   3.2596e-03
 3644.00   4.4312e-02   5.4662e-03
 3645.95   2.7148e-02   3.3417e-03
 3647.90   1.1701e-02   1.4680e-03
 3649.85   3.1762e-02   4.1512e-03
 3651.80   5.6496e-02   7.4786e-03
 3653.75   4.4366e-02   5.6760e-03
 3655.70   3.3550e-02   4.1334e-03
 3657.65   1.1301e-02   1.3434e-03
 3659.60   1.3750e-02   1.6159e-03
 3661.55   1.6302e-02   1.9202e-03
 3663.50   2.9420e-02   3.4877e-03
 3665.45   4.4687e-02   5.2415e-03
 3667.40   3.1781e-02   3.5320e-03
 3669.35   1.9720e-02   2.0941e-03
 3671.30   1.5796e-02   1.6436e-03
 3673.25   2.5025e-02   2.5841e-03
 3675.20   3.0744e-02   3.1416e-03
 3677.15   3.5774e-02   3.6291e-03
 3679.10   2.9027e-02   2.8819e-03
 3681.05   2.8864e-02   2.8381e-03
 3683.00   1.9460e-02   1.8683e-03
 3684.95   1.2918e-02   1.2111e-03
 3686.90   2.0463e-02   1.9338e-03
 3688.85   1.5133e-02   1.4251e-03
 3690.80   1.3631e-02   1.2892e-03
 3692.75   1.9735e-02   1.9021e-03
 3694.70   1.5668e-02   1.5092e-03
 3696.65   1.9598e-02   1.9542e-03
 3698.60   2.6260e-02   2.7828e-03
 3700.55   2.2790e-02   2.4886e-03
 3702.50   2.7176e-02   3.0102e-03
 3704.45   3.0309e-02   3.3401e-03
 3706.40   3.1137e-02   3.3692e-03
 3708.35   2.1108e-02   2.2322e-03
 3710.30   1.1540e-02   1.1939e-03
 3712.25   3.1536e-02   3.2898e-03
 3714.20   3.6263e-02   3.7421e-03
 3716.15   1.7873e-02   1.7727e-03
 3718.10   2.2062e-02   2.1613e-03
 3720.05   2.5618e-02   2.4866e-03
 3722.00   1.5568e-02   1.4734e-03
 3723.95   1.8849e-02   1.7949e-03
 3725.90   1.7403e-02   1.6740e-03
 3727.85   1.2041e-02   1.1723e-03
 3729.80   1.8607e-02   1.8971e-03
 3731.75   2.9406e-02   3.1387e-03
 3733.70   4.0613e-02   4.4820e-03
 3735.65   2.8117e-02   3.1266e-03
 3737.60   1.1529e-02   1.2870e-03
 3739.55   7.7164e-03   8.6852e-04
 3741.50   3.8435e-03   4.2850e-04
 3743.45   1.2642e-02   1.3924e-03
 3745.40   2.3521e-02   2.5364e-03
 3747.35   2.4903e-02   2.6141e-03
 3749.30   2.5474e-02   2.6466e-03
 3751.25   1.8699e-02   1.9174e-03
 3753.20   1.3682e-02   1.3815e-03
 3755.15   1.7596e-02   1.7551e-03
 3757.10   2.0074e-02   1.9820e-03
 3759.05   1.5639e-02   1.5030e-03
 3761.00   1.7619e-02   1.6634e-03
 3762.95   2.1805e-02   2.0459e-03
 3764.90   1.2783e-02   1.1707e-03
 3766.85   6.4648e-03   5.7920e-04
 3768.80   6.8321e-03   6.1090e-04
 3770.75   1.6048e-02   1.4918e-03
 3772.70   2.8005e-02   2.6951e-03
 3774.65   2.7786e-02   2.6848e-03
 3776.60   2.4933e-02   2.3758e-03
 3778.55   1.9630e-02   1.8337e-03
 3780.50   2.2544e-02   2.0950e-03
 3782.45   1.7407e-02   1.5836e-03
 3784.40   2.1476e-02   1.9620e-03
 3786.35   2.5922e-02   2.3879e-03
 3788.30   2.3599e-02   2.1867e-03
 3790.25   3.2017e-02   3.0493e-03
 3792.20   3.5938e-02   3.4697e-03
 3794.15   3.4118e-02   3.2673e-03
 3796.10   2.2060e-02   2.0490e-03
 3798.05   1.8452e-02   1.6729e-03
 3800.00   2.7822e-02   2.5227e-03
 3801.95   3.0519e-02   2.7754e-03
 3803.90   3.3671e-02   3.0473e-03
 3805.85   2.4189e-02   2.1223e-03
 3807.80   1.8211e-02   1.5761e-03
 3809.75   2.1257e-02   1.8830e-03
 3811.70   1.5728e-02   1.4172e-03
 3813.65   1.5081e-02   1.3944e-03
 3815.60   2.0160e-02   1.9095e-03
 3817.55   2.1540e-02   2.0409e-03
 3819.50   2.4237e-02   2.2739e-03
 3821.45   3.8867e-02   3.6504e-03
 3823.40   3.5018e-02   3.2634e-03
 3825.35   2.1287e-02   1.9803e-03
 3827.30   3.0499e-02   2.9737e-03
 3829.25   4.2722e-02   4.3942e-03
 3831.20   4.5007e-02   4.7420e-03
 3833.15   3.8292e-02   3.9974e-03
 3835.10   3.1641e-02   3.2111e-03
 3837.05   2.3632e-02   2.3104e-03
 3839.00   2.3046e-02   2.2096e-03
 3840.95   2.4404e-02   2.3334e-03
 3842.90   2.4363e-02   2.3293e-03
 3844.85   2.5203e-02   2.3999e-03
 3846.80   2.7025e-02   2.5405e-03
 3848.75   3.0407e-02   2.8248e-03
 3850.70   2.9280e-02   2.6720e-03
 3852.65   2.8031e-02   2.5124e-03
 3854.60   2.9520e-02   2.6114e-03
 3856.55   2.8835e-02   2.5035e-03
 3858.50   2.7974e-02   2.4094e-03
 3860.45   3.2183e-02   2.7781e-03
 3862.40   2.7989e-02   2.3983e-03
 3864.35   2.7602e-02   2.3633e-03
 3866.30   2.8666e-02   2.4245e-03
 3868.25   2.3116e-02   1.9112e-03
 3870.20   2.0869e-02   1.6931e-03
 3872.15   2.9802e-02   2.4541e-03
 3874.10   3.6137e-02   3.0531e-03
 3876.05   3.6139e-02   3.0633e-03
 3878.00   3.5876e-02   2.9948e-03
 3879.95   3.5902e-02   2.9522e-03
 3881.90   2.9294e-02   2.3665e-03
 3883.85   2.4325e-02   1.9141e-03
 3885.80   2.8056e-02   2.1878e-03
 3887.75   2.9149e-02   2.2753e-03
 3889.70   3.5182e-02   2.8060e-03
 3891.65   3.7846e-02   3.0528e-03
 3893.60   3.2616e-02   2.6238e-03
 3895.55   2.8254e-02   2.2858e-03
 3897.50   2.2463e-02   1.8183e-03
 3899.45   1.7479e-02   1.4112e-03
 3901.40   1.9768e-02   1.6332e-03
 3903.35   2.6054e-02   2.2528e-03
 3905.30   2.9938e-02   2.7019e-03
 3907.25   2.1788e-02   2.0003e-03
 3909.20   2.3542e-02   2.2039e-03
 3911.15   3.3393e-02   3.1590e-03
 3913.10   2.2049e-02   2.0222e-03
 3915.05   1.8086e-02   1.6144e-03
 3917.00   2.5332e-02   2.2300e-03
 3918.95   2.3745e-02   2.0324e-03
 3920.90   2.4643e-02   2.0629e-03
 3922.85   2.9575e-02   2.4501e-03
 3924.80   2.7820e-02   2.2641e-03
 3926.75   2.6315e-02   2.1135e-03
 3928.70   2.7725e-02   2.2211e-03
 3930.65   3.1919e-02   2.5923e-03
 3932.60   3.2585e-02   2.6658e-03
 3934.55   2.3320e-02   1.8685e-03
 3936.50   2.3423e-02   1.8840e-03
 3938.45   3.1464e-02   2.6254e-03
 3940.40   3.3431e-02   2.8776e-03
 3942.35   3.0584e-02   2.6765e-03
 3944.30   2.9728e-02   2.6119e-03
 3946.25   2.7078e-02   2.3414e-03
 3948.20   2.1743e-02   1.8315e-03
 3950.15   2.5043e-02   2.0956e-03
 3952.10   2.9168e-02   2.4297e-03
 3954.05   3.0103e-02   2.4725e-03
 3956.00   2.5131e-02   2.0287e-03
 3957.95   2.4452e-02   1.9560e-03
 3959.90   3.1131e-02   2.4922e-03
 3961.85   2.8982e-02   2.2822e-03
 3963.80   2.7173e-02   2.1001e-03
 3965.75   3.1656e-02   2.4415e-03
 3967.70   3.3219e-02   2.5431e-03
 3969.65   3.1551e-02   2.3931e-03
 3971.60   2.7604e-02   2.1091e-03
 3973.55   2.9761e-02   2.3415e-03
 3975.50   3.4149e-02   2.7533e-03
 3977.45   3.2652e-02   2.6551e-03
 3979.40   3.4053e-02   2.7687e-03
 3981.35   3.3253e-02   2.6762e-03
 3983.30   2.9788e-02   2.3770e-03
 3985.25   2.6155e-02   2.0641e-03
 3987.20   2.1694e-02   1.6840e-03
 3989.15   2.4375e-02   1.8891e-03
 3991.10   2.7684e-02   2.1453e-03
 3993.05   2.5144e-02   1.9402e-03
 3995.00   2.0317e-02   1.5614e-03
 3996.95   2.0315e-02   1.5577e-03
 3998.90   2.7158e-02   2.1114e-03
 4000.85   2.9630e-02   2.3289e-03
 4002.80   3.0200e-02   2.3763e-03
 4004.75   3.2521e-02   2.5849e-03
 4006.70   3.1312e-02   2.5394e-03
 4008.65   2.7172e-02   2.2344e-03
 4010.60   3.0296e-02   2.5192e-03
 4012.55   3.3423e-02   2.7892e-03
 4014.50   2.9189e-02   2.4038e-03
 4016.45   2.5828e-02   2.1002e-03
 4018.40   2.5532e-02   2.0874e-03
 4020.35   3.0699e-02   2.5621e-03
 4022.30   3.0646e-02   2.5677e-03
 4024.25   2.8672e-02   2.3832e-03
 4026.20   2.6153e-02   2.1316e-03
 4028.15   3.2111e-02   2.5872e-03
 4030.10   4.3154e-02   3.5054e-03
 4032.05   3.4970e-02   2.8027e-03
 4034.00   2.7259e-02   2.1575e-03
 4035.95   3.6587e-02   2.9306e-03
 4037.90   3.9016e-02   3.1422e-03
 4039.85   3.3902e-02   2.7620e-03
 4041.80   2.4261e-02   2.0460e-03
 4043.75   1.4088e-02   1.2799e-03
 4045.70   1.4528e-02   1.4268e-03
 4047.65   4.2539e-02   4.3265e-03
 4049.60   3.9601e-02   3.8285e-03
 4051.55   2.4578e-02   2.1612e-03
 4053.50   2.7282e-02   2.2602e-03
 4055.45   2.9781e-02   2.4181e-03
 4057.40   2.9598e-02   2.3826e-03
 4059.35   2.6019e-02   2.0848e-03
 4061.30   2.4296e-02   1.9695e-03
 4063.25   2.4868e-02   2.0564e-03
 4065.20   2.9836e-02   2.5163e-03
 4067.15   3.2278e-02   2.7278e-03
 4069.10   3.5822e-02   3.0058e-03
 4071.05   3.7457e-02   3.1099e-03
 4073.00   3.6258e-02   2.9858e-03
 4074.95   2.8595e-02   2.3578e-03
 4076.90   2.1125e-02   1.7639e-03
 4078.85   2.3917e-02   2.0120e-03
 4080.80   3.0823e-02   2.5809e-03
 4082.75   3.5304e-02   2.9344e-03
 4084.70   2.8482e-02   2.3130e-03
 4086.65   2.3567e-02   1.8755e-03
 4088.60   2.9184e-02   2.3127e-03
 4090.55   3.6854e-02   2.9277e-03
 4092.50   3.5208e-02   2.7574e-03
 4094.45   3.9170e-02   3.0687e-03
 4096.40   3.6982e-02   2.8870e-03
 4098.35   3.6919e-02   2.8605e-03
 4100.30   3.7357e-02   2.8763e-03
 4102.25   3.1184e-02   2.3480e-03
 4104.20   2.8849e-02   2.1403e-03
 4106.15   2.7807e-02   2.0634e-03
 4108.10   3.3033e-02   2.4928e-03
 4110.05   3.6349e-02   2.7660e-03
 4112.00   2.2977e-02   1.6923e-03
 4113.95   2.2557e-02   1.6552e-03
 4115.90   3.4278e-02   2.5771e-03
 4117.85   3.1714e-02   2.3608e-03
 4119.80   2.7659e-02   2.0559e-03
 4121.75   2.7755e-02   2.0897e-03
 4123.70   3.1591e-02   2.4282e-03
 4125.65   3.6713e-02   2.8615e-03
 4127.60   4.0238e-02   3.1644e-03
 4129.55   3.8952e-02   3.0741e-03
 4131.50   3.4134e-02   2.6721e-03
 4133.45   3.3870e-02   2.6517e-03
 4135.40   3.5956e-02   2.8362e-03
 4137.35   3.8732e-02   3.0612e-03
 4139.30   3.6376e-02   2.8472e-03
 4141.25   3.1535e-02   2.4219e-03
 4143.20   2.5008e-02   1.8691e-03
 4145.15   2.7190e-02   2.0305e-03
 4147.10   2.7041e-02   2.0109e-03
 4149.05   2.1846e-02   1.5982e-03
 4151.00   2.8766e-02   2.1545e-03
 4152.95   3.1574e-02   2.4226e-03
 4154.90   4.0378e-02   3.2052e-03
 4156.85   3.6484e-02   2.8991e-03
 4158.80   2.5411e-02   1.9857e-03
 4160.75   2.4809e-02   1.9455e-03
 4162.70   2.4211e-02   1.9180e-03
 4164.65   2.7880e-02   2.2673e-03
 4166.60   3.6901e-02   3.0688e-03
 4168.55   3.8054e-02   3.1618e-03
 4170.50   3.4322e-02   2.8268e-03
 4172.45   3.1221e-02   2.5409e-03
 4174.40   3.1986e-02   2.5705e-03
 4176.35   3.3358e-02   2.6608e-03
 4178.30   3.4154e-02   2.7068e-03
 4180.25   3.4878e-02   2.7354e-03
 4182.20   3.0935e-02   2.3792e-03
 4184.15   3.0205e-02   2.3041e-03
 4186.10   3.5398e-02   2.7050e-03
 4188.05   3.3793e-02   2.5528e-03
 4190.00   2.4805e-02   1.8353e-03
 4191.95   2.4224e-02   1.7903e-03
 4193.90   3.1603e-02   2.3661e-03
 4195.85   3.1145e-02   2.3136e-03
 4197.80   2.6070e-02   1.8894e-03
 4199.75   2.5530e-02   1.8245e-03
 4201.70   3.2465e-02   2.3520e-03
 4203.65   3.2257e-02   2.3420e-03
 4205.60   2.7894e-02   2.0215e-03
 4207.55   3.5614e-02   2.6497e-03
 4209.50   4.0639e-02   3.0583e-03
 4211.45   3.8061e-02   2.8322e-03
 4213.40   3.7883e-02   2.7925e-03
 4215.35   3.4412e-02   2.5049e-03
 4217.30   2.8003e-02   2.0083e-03
 4219.25   2.7250e-02   1.9426e-03
 4221.20   3.4775e-02   2.5015e-03
 4223.15   3.7683e-02   2.7208e-03
 4225.10   3.4793e-02   2.4987e-03
 4227.05   3.5859e-02   2.5745e-03
 4229.00   4.0008e-02   2.8860e-03
 4230.95   3.5207e-02   2.5325e-03
 4232.90   2.9923e-02   2.1427e-03
 4234.85   3.2540e-02   2.3501e-03
 4236.80   3.2681e-02   2.3596e-03
 4238.75   3.2728e-02   2.3549e-03
 4240.70   3.4689e-02   2.4891e-03
 4242.65   3.2631e-02   2.3349e-03
 4244.60   3.0976e-02   2.2507e-03
 4246.55   2.9945e-02   2.2247e-03
 4248.50   3.2768e-02   2.4757e-03
 4250.45   3.5881e-02   2.7141e-03
 4252.40   2.9989e-02   2.2173e-03
 4254.35   2.4597e-02   1.7825e-03
 4256.30   2.8720e-02   2.0983e-03
 4258.25   3.2122e-02   2.3628e-03
 4260.20   3.1470e-02   2.2919e-03
 4262.15   2.6759e-02   1.9162e-03
 4264.10   2.7923e-02   2.0020e-03
 4266.05   3.0496e-02   2.1950e-03
 4268.00   2.6676e-02   1.9068e-03
 4269.95   2.8228e-02   2.0217e-03
 4271.90   3.0184e-02   2.1636e-03
 4273.85   3.3692e-02   2.4262e-03
 4275.80   3.1278e-02   2.2417e-03
 4277.75   2.9589e-02   2.0998e-03
 4279.70   2.6513e-02   1.8590e-03
 4281.65   2.9849e-02   2.1180e-03
 4283.60   3.6949e-02   2.6703e-03
 4285.55   3.7047e-02   2.6627e-03
 4287.50   3.8853e-02   2.7834e-03
 4289.45   3.9606e-02   2.8309e-03
 4291.40   3.4123e-02   2.4246e-03
 4293.35   3.2893e-02   2.3513e-03
 4295.30   2.8579e-02   2.0319e-03
 4297.25   2.8060e-02   1.9832e-03
 4299.20   3.0823e-02   2.1690e-03
 4301.15   3.1208e-02   2.1849e-03
 4303.10   2.5365e-02   1.7577e-03
 4305.05   3.2573e-02   2.3063e-03
 4307.00   3.0604e-02   2.1816e-03
 4308.95   2.4780e-02   1.7558e-03
 4310.90   2.6341e-02   1.8944e-03
 4312.85   3.3202e-02   2.4543e-03
 4314.80   3.5081e-02   2.6275e-03
 4316.75   2.7688e-02   2.0355e-03
 4318.70   3.6422e-02   2.6998e-03
 4320.65   4.9952e-02   3.7767e-03
 4322.60   4.6575e-02   3.4778e-03
 4324.55   5.5665e-02   4.2051e-03
 4326.50   6.4373e-02   4.8922e-03
 4328.45   5.5922e-02   4.1433e-03
 4330.40   4.7849e-02   3.4396e-03
 4332.35   3.3779e-02   2.3512e-03
 4334.30   2.4224e-02   1.6561e-03
 4336.25   2.8747e-02   1.9920e-03
 4338.20   3.3616e-02   2.3573e-03
 4340.15   2.8865e-02   2.0076e-03
 4342.10   3.7240e-02   2.6462e-03
 4344.05   3.7055e-02   2.6517e-03
 4346.00   3.1705e-02   2.2665e-03
 4347.95   2.5751e-02   1.8303e-03
 4349.90   2.0951e-02   1.4792e-03
 4351.85   2.4333e-02   1.7506e-03
 4353.80   2.3601e-02   1.8123e-03
 4355.75   3.2748e-02   2.8904e-03
 4357.70   4.5109e-02   4.4427e-03
 4359.65   4.8719e-02   4.8907e-03
 4361.60   2.9918e-02   2.7763e-03
 4363.55   3.4599e-02   2.8560e-03
 4365.50   4.3060e-02   3.2641e-03
 4367.45   4.0025e-02   2.9107e-03
 4369.40   3.4466e-02   2.4574e-03
 4371.35   3.5309e-02   2.5194e-03
 4373.30   3.4344e-02   2.4576e-03
 4375.25   3.7337e-02   2.6991e-03
 4377.20   4.1542e-02   3.0430e-03
 4379.15   4.5361e-02   3.3240e-03
 4381.10   4.3384e-02   3.1282e-03
 4383.05   4.6756e-02   3.3622e-03
 4385.00   4.6583e-02   3.3354e-03
 4386.95   4.4627e-02   3.1904e-03
 4388.90   4.3999e-02   3.1333e-03
 4390.85   4.5960e-02   3.2844e-03
 4392.80   4.6012e-02   3.2885e-03
 4394.75   4.1744e-02   2.9544e-03
 4396.70   4.0645e-02   2.8847e-03
 4398.65   3.5959e-02   2.5393e-03
 4400.60   3.4036e-02   2.4297e-03
 4402.55   3.6066e-02   2.6171e-03
 4404.50   3.5676e-02   2.6067e-03
 4406.45   4.0681e-02   3.0115e-03
 4408.40   4.2040e-02   3.1368e-03
 4410.35   4.2831e-02   3.2083e-03
 4412.30   4.4124e-02   3.3090e-03
 4414.25   4.6433e-02   3.4974e-03
 4416.20   5.0101e-02   3.7919e-03
 4418.15   4.4449e-02   3.3235e-03
 4420.10   4.4055e-02   3.2704e-03
 4422.05   4.9536e-02   3.6942e-03
 4424.00   4.6362e-02   3.4298e-03
 4425.95   4.2845e-02   3.1496e-03
 4427.90   4.4475e-02   3.2585e-03
 4429.85   4.6727e-02   3.4081e-03
 4431.80   4.5745e-02   3.3067e-03
 4433.75   4.8084e-02   3.4707e-03
 4435.70   4.4162e-02   3.1586e-03
 4437.65   4.6407e-02   3.3460e-03
 4439.60   5.0109e-02   3.6452e-03
 4441.55   4.4141e-02   3.1661e-03
 4443.50   3.4492e-02   2.4164e-03
 4445.45   3.6583e-02   2.5630e-03
 4447.40   4.0947e-02   2.8820e-03
 4449.35   4.2280e-02   2.9716e-03
 4451.30   4.4144e-02   3.0992e-03
 4453.25   4.0573e-02   2.8149e-03
 4455.20   4.2920e-02   2.9831e-03
 4457.15   4.5802e-02   3.1982e-03
 4459.10   4.4987e-02   3.1366e-03
 4461.05   4.7810e-02   3.3546e-03
 4463.00   5.0687e-02   3.5727e-03
 4464.95   5.1487e-02   3.6330e-03
 4466.90   5.0579e-02   3.5637e-03
 4468.85   5.0046e-02   3.5094e-03
 4470.80   5.3595e-02   3.7754e-03
 4472.75   5.8550e-02   4.1714e-03
 4474.70   5.5471e-02   3.9353e-03
 4476.65   5.2615e-02   3.7061e-03
 4478.60   5.6778e-02   4.0234e-03
 4480.55   5.9089e-02   4.2061e-03
 4482.50   5.6503e-02   4.0070e-03
 4484.45   5.8109e-02   4.1525e-03
 4486.40   6.2381e-02   4.5065e-03
 4488.35   5.9957e-02   4.3155e-03
 4490.30   5.4602e-02   3.8773e-03
 4492.25   5.6964e-02   4.0687e-03
 4494.20   6.3992e-02   4.6585e-03
 4496.15   6.0578e-02   4.3898e-03
 4498.10   5.6237e-02   4.0436e-03
 4500.05   5.6005e-02   4.0118e-03
 4502.00   5.6970e-02   4.0807e-03
 4503.95   5.4793e-02   3.9115e-03
 4505.90   5.4513e-02   3.8809e-03
 4507.85   5.5573e-02   3.9622e-03
 4509.80   4.6502e-02   3.2583e-03
 4511.75   4.6872e-02   3.2852e-03
 4513.70   5.0053e-02   3.5228e-03
 4515.65   5.4485e-02   3.8728e-03
 4517.60   5.8472e-02   4.1840e-03
 4519.55   6.2733e-02   4.5305e-03
 4521.50   5.9663e-02   4.2974e-03
 4523.45   5.8816e-02   4.2361e-03
 4525.40   6.2387e-02   4.5425e-03
 4527.35   6.0209e-02   4.3754e-03
 4529.30   6.0915e-02   4.4474e-03
 4531.25   5.9593e-02   4.3734e-03
 4533.20   6.1432e-02   4.5378e-03
 4535.15   5.9244e-02   4.3437e-03
 4537.10   5.5874e-02   4.0704e-03
 4539.05   6.2431e-02   4.5873e-03
 4541.00   6.0581e-02   4.4509e-03
 4542.95   5.5820e-02   4.0781e-03
 4544.90   5.3221e-02   3.8835e-03
 4546.85   5.6758e-02   4.1739e-03
 4548.80   6.1036e-02   4.4917e-03
 4550.75   5.9211e-02   4.3174e-03
 4552.70   5.5210e-02   3.9874e-03
 4554.65   5.4554e-02   3.9125e-03
 4556.60   5.4864e-02   3.9250e-03
 4558.55   5.3399e-02   3.7969e-03
 4560.50   4.1501e-02   2.8667e-03
 4562.45   3.7924e-02   2.5900e-03
 4564.40   4.2910e-02   2.9489e-03
 4566.35   4.3641e-02   2.9894e-03
 4568.30   4.4876e-02   3.1008e-03
 4570.25   5.3637e-02   3.7937e-03
 4572.20   5.7275e-02   4.0798e-03
 4574.15   5.5334e-02   3.9226e-03
 4576.10   5.2601e-02   3.7214e-03
 4578.05   5.7384e-02   4.1136e-03
 4580.00   5.7183e-02   4.1099e-03
 4581.95   6.3019e-02   4.5991e-03
 4583.90   6.3007e-02   4.5963e-03
 4585.85   5.1082e-02   3.6273e-03
 4587.80   5.1225e-02   3.6194e-03
 4589.75   5.5952e-02   3.9896e-03
 4591.70   5.5099e-02   3.9095e-03
 4593.65   4.9320e-02   3.4428e-03
 4595.60   5.2449e-02   3.6805e-03
 4597.55   4.5439e-02   3.1335e-03
 4599.50   4.2030e-02   2.8799e-03
 4601.45   3.8920e-02   2.6320e-03
 4603.40   3.5491e-02   2.3646e-03
 4605.35   3.0950e-02   2.0534e-03
 4607.30   3.4974e-02   2.3484e-03
 4609.25   4.3306e-02   2.9791e-03
 4611.20   4.9796e-02   3.4745e-03
 4613.15   4.7838e-02   3.3168e-03
 4615.10   4.9679e-02   3.4516e-03
 4617.05   4.9079e-02   3.4031e-03
 4619.00   5.6728e-02   3.9842e-03
 4620.95   5.6557e-02   3.9666e-03
 4622.90   5.7870e-02   4.0662e-03
 4624.85   5.9865e-02   4.2238e-03
 4626.80   5.3376e-02   3.7310e-03
 4628.75   4.9383e-02   3.4114e-03
 4630.70   5.6286e-02   3.9346e-03
 4632.65   6.2355e-02   4.4033e-03
 4634.60   6.3620e-02   4.4980e-03
 4636.55   5.5022e-02   3.8490e-03
 4638.50   5.3293e-02   3.7018e-03
 4640.45   6.0615e-02   4.2667e-03
 4642.40   5.6290e-02   3.9252e-03
 4644.35   5.7965e-02   4.0505e-03
 4646.30   5.9463e-02   4.1676e-03
 4648.25   5.7110e-02   3.9921e-03
 4650.20   4.9802e-02   3.4332e-03
 4652.15   5.2911e-02   3.7073e-03
 4654.10   5.2417e-02   3.6812e-03
 4656.05   5.9496e-02   4.2797e-03
 4658.00   5.4171e-02   3.8910e-03
 4659.95   5.9841e-02   4.3973e-03
 4661.90   6.2316e-02   4.6034e-03
 4663.85   6.0697e-02   4.4885e-03
 4665.80   5.7863e-02   4.2686e-03
 4667.75   6.1761e-02   4.5855e-03
 4669.70   6.9485e-02   5.2422e-03
 4671.65   5.8272e-02   4.3252e-03
 4673.60   6.1414e-02   4.5780e-03
 4675.55   6.0887e-02   4.5202e-03
 4677.50   5.3269e-02   3.8989e-03
 4679.45   5.5782e-02   4.0730e-03
 4681.40   5.4065e-02   3.9171e-03
 4683.35   4.9696e-02   3.5681e-03
 4685.30   5.6011e-02   4.0569e-03
 4687.25   5.5986e-02   4.0079e-03
 4689.20   6.5799e-02   4.7623e-03
 4691.15   6.2633e-02   4.5084e-03
 4693.10   5.5312e-02   3.9322e-03
 4695.05   5.7176e-02   4.0682e-03
 4697.00   6.0939e-02   4.3388e-03
 4698.95   6.3415e-02   4.5406e-03
 4700.90   5.8303e-02   4.1453e-03
 4702.85   5.6642e-02   4.0139e-03
 4704.80   5.6272e-02   3.9929e-03
 4706.75   5.0923e-02   3.5960e-03
 4708.70   5.6935e-02   4.0656e-03
 4710.65   6.4565e-02   4.6625e-03
 4712.60   6.1716e-02   4.3975e-03
 4714.55   5.2570e-02   3.6946e-03
 4716.50   5.6247e-02   3.9802e-03
 4718.45   5.7858e-02   4.0887e-03
 4720.40   5.8449e-02   4.1123e-03
 4722.35   5.4420e-02   3.8097e-03
 4724.30   5.8615e-02   4.1360e-03
 4726.25   6.2675e-02   4.4618e-03
 4728.20   5.4519e-02   3.8471e-03
 4730.15   5.3301e-02   3.7705e-03
 4732.10   5.6946e-02   4.0521e-03
 4734.05   5.4424e-02   3.8535e-03
 4736.00   5.0724e-02   3.5859e-03
 4737.95   5.5168e-02   3.9487e-03
 4739.90   6.3270e-02   4.6034e-03
 4741.85   6.0750e-02   4.4244e-03
 4743.80   5.9961e-02   4.3566e-03
 4745.75   6.3933e-02   4.6587e-03
 4747.70   6.1771e-02   4.4261e-03
 4749.65   5.5426e-02   3.8962e-03
 4751.60   5.7266e-02   4.0380e-03
 4753.55   5.8655e-02   4.1374e-03
 4755.50   5.4524e-02   3.8034e-03
 4757.45   5.8082e-02   4.0323e-03
 4759.40   4.9564e-02   3.3566e-03
 4761.35   5.3100e-02   3.6246e-03
 4763.30   5.4403e-02   3.7227e-03
 4765.25   5.5042e-02   3.7571e-03
 4767.20   6.1539e-02   4.2447e-03
 4769.15   5.6812e-02   3.8817e-03
 4771.10   5.5817e-02   3.7897e-03
 4773.05   6.0832e-02   4.1746e-03
 4775.00   6.1802e-02   4.2720e-03
 4776.95   6.1356e-02   4.2339e-03
 4778.90   6.5815e-02   4.5953e-03
 4780.85   6.4045e-02   4.4706e-03
 4782.80   5.8904e-02   4.0462e-03
 4784.75   6.2375e-02   4.2986e-03
 4786.70   6.6105e-02   4.5865e-03
 4788.65   6.5325e-02   4.5118e-03
 4790.60   6.2204e-02   4.2915e-03
 4792.55   6.4326e-02   4.4725e-03
 4794.50   6.7249e-02   4.6861e-03
 4796.45   6.6399e-02   4.6211e-03
 4798.40   7.0133e-02   4.8888e-03
 4800.35   6.5742e-02   4.5409e-03
 4802.30   5.8778e-02   4.0312e-03
 4804.25   6.0553e-02   4.1680e-03
 4806.20   5.6857e-02   3.8825e-03
 4808.15   5.9261e-02   4.0621e-03
 4810.10   6.1426e-02   4.2298e-03
 4812.05   5.8106e-02   3.9752e-03
 4814.00   6.2916e-02   4.3553e-03
 4815.95   6.1497e-02   4.2779e-03
 4817.90   6.5231e-02   4.6151e-03
 4819.85   6.6417e-02   4.7401e-03
 4821.80   6.1596e-02   4.3733e-03
 4823.75   6.0691e-02   4.3031e-03
 4825.70   5.6215e-02   3.9677e-03
 4827.65   6.1490e-02   4.3703e-03
 4829.60   7.3073e-02   5.2857e-03
 4831.55   6.4211e-02   4.5928e-03
 4833.50   6.0809e-02   4.3345e-03
 4835.45   6.7066e-02   4.8172e-03
 4837.40   6.7684e-02   4.8608e-03
 4839.35   6.2002e-02   4.4178e-03
 4841.30   5.9458e-02   4.2222e-03
 4843.25   5.7959e-02   4.0723e-03
 4845.20   5.8724e-02   4.1111e-03
 4847.15   6.1470e-02   4.3050e-03
 4849.10   5.5093e-02   3.8140e-03
 4851.05   6.3538e-02   4.4547e-03
 4853.00   6.5535e-02   4.5936e-03
 4854.95   6.2010e-02   4.3121e-03
 4856.90   6.1830e-02   4.2746e-03
 4858.85   6.3644e-02   4.4076e-03
 4860.80   5.7334e-02   3.9242e-03
 4862.75   6.0323e-02   4.1597e-03
 4864.70   6.9290e-02   4.8340e-03
 4866.65   6.3653e-02   4.4081e-03
 4868.60   6.4536e-02   4.4768e-03
 4870.55   6.4601e-02   4.4801e-03
 4872.50   6.6974e-02   4.6514e-03
 4874.45   6.0395e-02   4.1321e-03
 4876.40   6.6578e-02   4.6243e-03
 4878.35   6.7323e-02   4.7114e-03
 4880.30   6.5087e-02   4.5608e-03
 4882.25   6.8724e-02   4.8771e-03
 4884.20   6.8894e-02   4.8789e-03
 4886.15   6.1069e-02   4.2411e-03
 4888.10   5.9692e-02   4.1310e-03
 4890.05   6.1636e-02   4.2870e-03
 4892.00   7.2049e-02   5.0719e-03
 4893.95   7.8370e-02   5.5517e-03
 4895.90   6.3753e-02   4.4111e-03
 4897.85   5.8430e-02   3.9811e-03
 4899.80   6.7033e-02   4.6352e-03
 4901.75   6.2854e-02   4.3051e-03
 4903.70   6.0035e-02   4.1024e-03
 4905.65   6.3824e-02   4.3892e-03
 4907.60   6.0015e-02   4.0972e-03
 4909.55   6.3795e-02   4.3942e-03
 4911.50   6.4251e-02   4.4078e-03
 4913.45   6.3844e-02   4.3968e-03
 4915.40   6.6693e-02   4.6166e-03
 4917.35   6.7022e-02   4.6196e-03
 4919.30   6.3392e-02   4.3428e-03
 4921.25   6.4431e-02   4.3872e-03
 4923.20   7.0303e-02   4.8496e-03
 4925.15   6.6874e-02   4.5914e-03
 4927.10   6.5980e-02   4.5121e-03
 4929.05   6.0635e-02   4.1086e-03
 4931.00   6.6323e-02   4.5392e-03
 4932.95   6.6494e-02   4.5522e-03
 4934.90   6.3098e-02   4.2797e-03
 4936.85   6.3015e-02   4.2862e-03
 4938.80   6.5199e-02   4.4687e-03
 4940.75   6.2805e-02   4.2861e-03
 4942.70   6.0377e-02   4.0879e-03
 4944.65   6.1897e-02   4.2025e-03
 4946.60   5.8541e-02   3.9362e-03
 4948.55   6.7427e-02   4.6162e-03
 4950.50   6.9481e-02   4.7806e-03
 4952.45   6.4924e-02   4.4444e-03
 4954.40   6.4668e-02   4.4459e-03
 4956.35   6.1499e-02   4.1881e-03
 4958.30   5.3011e-02   3.5394e-03
 4960.25   6.0281e-02   4.0857e-03
 4962.20   6.2499e-02   4.2744e-03
 4964.15   6.1823e-02   4.2493e-03
 4966.10   6.6439e-02   4.6549e-03
 4968.05   6.5040e-02   4.5662e-03
 4970.00   6.1970e-02   4.3564e-03
 4971.95   6.0716e-02   4.2836e-03
 4973.90   5.9599e-02   4.2449e-03
 4975.85   5.7697e-02   4.1616e-03
 4977.80   5.5125e-02   4.0144e-03
 4979.75   6.2197e-02   4.6516e-03
 4981.70   5.8843e-02   4.4357e-03
 4983.65   5.3460e-02   4.0033e-03
 4985.60   5.8690e-02   4.4072e-03
 4987.55   5.5893e-02   4.1540e-03
 4989.50   5.8465e-02   4.3065e-03
 4991.45   5.0337e-02   3.6176e-03
 4993.40   4.6690e-02   3.2922e-03
 4995.35   4.7115e-02   3.2846e-03
 4997.30   5.4256e-02   3.7697e-03
 4999.25   5.1876e-02   3.5549e-03
 5001.20   5.0369e-02   3.4431e-03
 5003.15   4.5297e-02   3.0639e-03
 5005.10   5.1212e-02   3.4748e-03
 5007.05   5.8197e-02   3.9882e-03
 5009.00   6.6814e-02   4.6380e-03
 5010.95   6.0988e-02   4.1891e-03
 5012.90   5.5571e-02   3.7664e-03
 5014.85   5.9882e-02   4.0875e-03
 5016.80   5.6238e-02   3.8084e-03
 5018.75   5.1152e-02   3.4375e-03
 5020.70   4.9715e-02   3.3375e-03
 5022.65   5.1079e-02   3.4189e-03
 5024.60   5.6977e-02   3.8293e-03
 5026.55   6.4140e-02   4.3761e-03
 5028.50   6.3273e-02   4.2985e-03
 5030.45   6.4793e-02   4.4295e-03
 5032.40   6.2840e-02   4.2758e-03
 5034.35   5.9461e-02   4.0064e-03
 5036.30   4.9722e-02   3.2809e-03
 5038.25   4.8533e-02   3.1843e-03
 5040.20   5.2779e-02   3.4913e-03
 5042.15   5.3415e-02   3.5374e-03
 5044.10   5.3929e-02   3.5613e-03
 5046.05   5.6038e-02   3.7146e-03
 5048.00   5.8964e-02   3.9549e-03
 5049.95   6.6219e-02   4.5101e-03
 5051.90   5.6181e-02   3.7423e-03
 5053.85   5.6339e-02   3.7516e-03
 5055.80   5.8479e-02   3.9131e-03
 5057.75   5.9104e-02   3.9577e-03
 5059.70   5.8764e-02   3.9373e-03
 5061.65   6.0458e-02   4.0714e-03
 5063.60   6.8366e-02   4.6875e-03
 5065.55   6.9821e-02   4.8263e-03
 5067.50   6.4352e-02   4.4275e-03
 5069.45   5.8881e-02   4.0099e-03
 5071.40   5.5700e-02   3.7617e-03
 5073.35   5.6453e-02   3.8091e-03
 5075.30   6.1480e-02   4.1710e-03
 5077.25   5.9017e-02   3.9842e-03
 5079.20   5.5158e-02   3.7448e-03
 5081.15   5.9180e-02   4.1257e-03
 5083.10   5.9405e-02   4.2048e-03
 5085.05   5.1805e-02   3.6521e-03
 5087.00   5.0689e-02   3.5673e-03
 5088.95   5.4587e-02   3.8232e-03
 5090.90   5.4106e-02   3.7064e-03
 5092.85   5.7810e-02   3.9377e-03
 5094.80   5.7515e-02   3.9032e-03
 5096.75   5.8217e-02   3.9664e-03
 5098.70   6.1161e-02   4.2144e-03
 5100.65   6.3871e-02   4.4182e-03
 5102.60   6.1241e-02   4.1799e-03
 5104.55   6.0179e-02   4.0743e-03
 5106.50   6.3388e-02   4.3145e-03
 5108.45   5.8052e-02   3.8990e-03
 5110.40   5.4157e-02   3.6066e-03
 5112.35   5.2932e-02   3.5305e-03
 5114.30   5.3800e-02   3.5899e-03
 5116.25   5.7777e-02   3.8954e-03
 5118.20   6.2147e-02   4.2303e-03
 5120.15   6.7118e-02   4.5830e-03
 5122.10   6.0215e-02   4.0521e-03
 5124.05   5.8637e-02   3.9357e-03
 5126.00   6.7875e-02   4.6250e-03
 5127.95   6.9897e-02   4.7813e-03
 5129.90   6.8795e-02   4.7258e-03
 5131.85   6.0431e-02   4.1299e-03
 5133.80   6.3381e-02   4.3784e-03
 5135.75   6.2685e-02   4.3350e-03
 5137.70   6.2396e-02   4.3042e-03
 5139.65   6.9005e-02   4.8210e-03
 5141.60   6.6403e-02   4.6307e-03
 5143.55   6.3371e-02   4.4126e-03
 5145.50   7.0362e-02   4.9814e-03
 5147.45   6.8598e-02   4.8692e-03
 5149.40   6.0494e-02   4.2685e-03
 5151.35   6.7075e-02   4.8173e-03
 5153.30   7.0481e-02   5.1179e-03
 5155.25   6.3749e-02   4.5805e-03
 5157.20   6.2445e-02   4.4345e-03
 5159.15   6.7103e-02   4.7469e-03
 5161.10   6.9016e-02   4.8472e-03
 5163.05   6.9372e-02   4.8486e-03
 5165.00   6.5489e-02   4.5393e-03
 5166.95   6.0583e-02   4.1464e-03
 5168.90   6.5217e-02   4.4820e-03
 5170.85   6.7923e-02   4.6694e-03
 5172.80   7.1885e-02   4.9773e-03
 5174.75   6.6362e-02   4.5700e-03
 5176.70   6.1389e-02   4.1882e-03
 5178.65   6.8099e-02   4.6758e-03
 5180.60   6.6832e-02   4.5696e-03
 5182.55   6.6956e-02   4.5702e-03
 5184.50   7.0319e-02   4.8344e-03
 5186.45   7.2193e-02   5.0174e-03
 5188.40   7.7658e-02   5.4844e-03
 5190.35   7.8838e-02   5.5809e-03
 5192.30   7.9618e-02   5.6179e-03
 5194.25   8.2375e-02   5.8582e-03
 5196.20   8.1722e-02   5.8844e-03
 5198.15   8.3672e-02   6.1158e-03
 5200.10   8.5485e-02   6.2990e-03
 5202.05   8.1389e-02   5.9343e-03
 5204.00   7.7655e-02   5.5647e-03
 5205.95   8.3767e-02   6.0039e-03
 5207.90   8.5464e-02   6.1169e-03
 5209.85   7.9006e-02   5.5939e-03
 5211.80   8.0589e-02   5.7392e-03
 5213.75   8.1054e-02   5.7758e-03
 5215.70   7.9345e-02   5.6253e-03
 5217.65   8.6528e-02   6.2310e-03
 5219.60   9.1726e-02   6.6846e-03
 5221.55   9.2070e-02   6.7401e-03
 5223.50   8.5147e-02   6.1782e-03
 5225.45   8.4439e-02   6.1047e-03
 5227.40   9.0629e-02   6.5888e-03
 5229.35   9.3803e-02   6.8245e-03
 5231.30   8.6452e-02   6.2425e-03
 5233.25   8.4783e-02   6.1068e-03
 5235.20   8.5599e-02   6.1720e-03
 5237.15   7.9316e-02   5.6765e-03
 5239.10   7.7727e-02   5.5802e-03
 5241.05   8.5492e-02   6.2093e-03
 5243.00   8.6900e-02   6.2884e-03
 5244.95   9.0508e-02   6.5485e-03
 5246.90   9.0876e-02   6.5682e-03
 5248.85   8.5249e-02   6.1149e-03
 5250.80   8.5737e-02   6.1623e-03
 5252.75   9.2419e-02   6.7384e-03
 5254.70   9.0941e-02   6.6545e-03
 5256.65   8.2883e-02   6.0162e-03
 5258.60   8.6488e-02   6.3007e-03
 5260.55   9.0103e-02   6.5655e-03
 5262.50   8.8016e-02   6.3535e-03
 5264.45   8.9226e-02   6.4020e-03
 5266.40   8.6453e-02   6.1578e-03
 5268.35   8.9493e-02   6.4360e-03
 5270.30   8.9255e-02   6.4290e-03
 5272.25   8.5901e-02   6.1537e-03
 5274.20   9.1137e-02   6.6130e-03
 5276.15   9.4393e-02   6.9132e-03
 5278.10   9.2087e-02   6.7206e-03
 5280.05   8.7779e-02   6.3411e-03
 5282.00   9.2685e-02   6.7477e-03
 5283.95   9.0529e-02   6.5570e-03
 5285.90   8.4309e-02   6.0643e-03
 5287.85   9.1414e-02   6.6547e-03
 5289.80   9.5817e-02   7.0049e-03
 5291.75   9.6937e-02   7.1113e-03
 5293.70   9.8256e-02   7.2055e-03
 5295.65   9.4221e-02   6.8851e-03
 5297.60   9.2762e-02   6.8076e-03
 5299.55   9.1720e-02   6.7361e-03
 5301.50   9.3809e-02   6.9020e-03
 5303.45   9.6244e-02   7.1064e-03
 5305.40   9.2629e-02   6.8106e-03
 5307.35   8.9343e-02   6.5317e-03
 5309.30   9.2095e-02   6.7554e-03
 5311.25   9.2319e-02   6.7913e-03
 5313.20   8.7076e-02   6.3848e-03
 5315.15   8.7539e-02   6.4222e-03
 5317.10   8.4304e-02   6.1328e-03
 5319.05   8.1897e-02   5.9524e-03
 5321.00   8.3149e-02   6.0770e-03
 5322.95   8.7914e-02   6.4817e-03
 5324.90   8.5870e-02   6.3087e-03
 5326.85   7.9748e-02   5.7940e-03
 5328.80   8.4672e-02   6.2198e-03
 5330.75   8.6336e-02   6.3886e-03
 5332.70   8.5601e-02   6.3219e-03
 5334.65   8.6749e-02   6.4156e-03
 5336.60   8.1062e-02   5.9429e-03
 5338.55   8.6346e-02   6.3690e-03
 5340.50   8.6509e-02   6.4066e-03
 5342.45   8.8637e-02   6.5886e-03
 5344.40   9.0388e-02   6.7017e-03
 5346.35   9.1570e-02   6.8223e-03
 5348.30   9.1376e-02   6.8382e-03
 5350.25   8.9070e-02   6.6684e-03
 5352.20   8.9376e-02   6.6795e-03
 5354.15   8.4065e-02   6.2306e-03
 5356.10   7.9763e-02   5.8834e-03
 5358.05   8.8988e-02   6.6379e-03
 5360.00   8.9783e-02   6.6591e-03
 5361.95   8.9284e-02   6.5794e-03
 5363.90   8.5222e-02   6.2337e-03
 5365.85   8.1091e-02   5.8966e-03
 5367.80   8.3258e-02   6.0978e-03
 5369.75   8.2054e-02   6.0112e-03
 5371.70   7.6898e-02   5.6109e-03
 5373.65   7.9557e-02   5.8566e-03
 5375.60   8.2866e-02   6.1303e-03
 5377.55   8.4385e-02   6.2495e-03
 5379.50   8.6352e-02   6.4124e-03
 5381.45   7.5887e-02   5.5399e-03
 5383.40   7.7020e-02   5.6131e-03
 5385.35   7.9216e-02   5.7787e-03
 5387.30   7.9403e-02   5.8066e-03
 5389.25   8.1371e-02   6.0020e-03
 5391.20   8.0472e-02   5.9417e-03
 5393.15   7.7231e-02   5.6669e-03
 5395.10   7.4825e-02   5.4769e-03
 5397.05   7.0935e-02   5.1620e-03
 5399.00   6.9232e-02   5.0165e-03
 5400.95   7.5477e-02   5.5355e-03
 5402.90   7.1893e-02   5.2477e-03
 5404.85   7.5434e-02   5.5325e-03
 5406.80   7.7114e-02   5.6708e-03
 5408.75   7.4865e-02   5.5235e-03
 5410.70   7.8235e-02   5.8448e-03
 5412.65   7.3790e-02   5.5081e-03
 5414.60   7.1891e-02   5.3691e-03
 5416.55   7.3196e-02   5.5062e-03
 5418.50   6.9361e-02   5.2295e-03
 5420.45   7.0505e-02   5.3268e-03
 5422.40   7.7342e-02   5.8944e-03
 5424.35   8.0718e-02   6.1676e-03
 5426.30   7.4269e-02   5.6042e-03
 5428.25   6.5786e-02   4.9019e-03
 5430.20   6.9746e-02   5.2234e-03
 5432.15   7.5212e-02   5.6713e-03
 5434.10   7.9213e-02   6.0206e-03
 5436.05   8.0041e-02   6.0997e-03
 5438.00   7.4809e-02   5.6568e-03
 5439.95   6.8921e-02   5.1721e-03
 5441.90   7.1315e-02   5.3789e-03
 5443.85   7.4045e-02   5.6264e-03
 5445.80   6.8413e-02   5.1586e-03
 5447.75   6.2061e-02   4.6540e-03
 5449.70   6.7421e-02   5.1041e-03
 5451.65   7.1958e-02   5.4537e-03
 5453.60   6.5268e-02   4.8876e-03
 5455.55   6.1588e-02   4.6862e-03
 5457.50   6.2527e-02   5.0403e-03
 5459.45   6.6117e-02   5.7502e-03
 5461.40   6.8590e-02   6.2417e-03
 5463.35   6.8505e-02   6.1376e-03
 5465.30   6.7736e-02   5.6919e-03
 5467.25   6.5622e-02   5.1769e-03
 5469.20   6.7929e-02   5.2166e-03
 5471.15   7.2932e-02   5.5634e-03
 5473.10   7.4963e-02   5.7039e-03
 5475.05   7.4951e-02   5.7007e-03
 5477.00   7.0256e-02   5.2882e-03
 5478.95   6.5421e-02   4.8912e-03
 5480.90   7.1372e-02   5.4198e-03
 5482.85   7.9654e-02   6.1647e-03
 5484.80   7.3923e-02   5.6843e-03
 5486.75   6.7040e-02   5.0805e-03
 5488.70   7.0643e-02   5.3384e-03
 5490.65   7.1686e-02   5.4065e-03
 5492.60   7.5842e-02   5.7507e-03
 5494.55   7.6390e-02   5.7914e-03
 5496.50   7.4657e-02   5.6563e-03
 5498.45   7.3761e-02   5.5970e-03
 5500.40   7.3026e-02   5.5369e-03
 5502.35   7.4330e-02   5.6441e-03
 5504.30   7.0006e-02   5.2866e-03
 5506.25   6.9872e-02   5.2720e-03
 5508.20   7.3509e-02   5.5803e-03
 5510.15   7.2644e-02   5.5071e-03
 5512.10   7.2544e-02   5.4903e-03
 5514.05   6.8564e-02   5.1716e-03
 5516.00   6.6082e-02   4.9825e-03
 5517.95   6.8835e-02   5.2152e-03
 5519.90   7.0368e-02   5.3440e-03
 5521.85   6.8893e-02   5.2265e-03
 5523.80   6.8513e-02   5.1806e-03
 5525.75   7.1385e-02   5.3970e-03
 5527.70   6.9331e-02   5.2160e-03
 5529.65   7.1636e-02   5.3914e-03
 5531.60   6.8383e-02   5.1225e-03
 5533.55   6.7555e-02   5.0538e-03
 5535.50   7.3206e-02   5.5204e-03
 5537.45   6.9375e-02   5.2186e-03
 5539.40   6.7237e-02   5.0565e-03
 5541.35   7.0858e-02   5.3816e-03
 5543.30   7.0988e-02   5.4364e-03
 5545.25   6.9814e-02   5.3471e-03
 5547.20   7.0007e-02   5.3450e-03
 5549.15   7.3007e-02   5.5947e-03
 5551.10   7.0266e-02   5.3502e-03
 5553.05   7.4222e-02   5.6399e-03
 5555.00   7.9322e-02   6.0570e-03
 5556.95   7.2978e-02   5.5446e-03
 5558.90   7.0092e-02   5.3182e-03
 5560.85   7.5969e-02   5.8401e-03
 5562.80   7.9238e-02   6.1755e-03
 5564.75   7.8621e-02   6.1286e-03
 5566.70   7.8002e-02   6.0414e-03
 5568.65   7.7385e-02   5.9867e-03
 5570.60   7.6766e-02   6.2885e-03
 5572.55   7.6149e-02   7.7838e-03
 5574.50   7.5531e-02   1.0296e-02
 5576.45   7.4913e-02   1.2301e-02
 5578.40   7.4295e-02   1.2895e-02
 5580.35   7.3677e-02   1.1892e-02
 5582.30   7.3059e-02   9.7481e-03
 5584.25   7.2441e-02   7.4805e-03
 5586.20   7.1823e-02   6.0677e-03
 5588.15   7.1205e-02   5.6037e-03
 5590.10   7.5761e-02   5.9131e-03
 5592.05   7.4876e-02   5.7967e-03
 5594.00   7.4810e-02   5.7403e-03
 5595.95   7.1066e-02   5.4351e-03
 5597.90   7.0140e-02   5.3698e-03
 5599.85   7.2406e-02   5.5375e-03
 5601.80   7.2060e-02   5.5301e-03
 5603.75   7.5598e-02   5.8723e-03
 5605.70   7.9210e-02   6.1994e-03
 5607.65   6.9968e-02   5.3949e-03
 5609.60   6.2696e-02   4.7457e-03
 5611.55   6.8778e-02   5.2389e-03
 5613.50   7.5476e-02   5.8002e-03
 5615.45   7.6061e-02   5.8246e-03
 5617.40   7.3039e-02   5.5775e-03
 5619.35   7.3309e-02   5.6195e-03
 5621.30   7.8351e-02   6.0608e-03
 5623.25   7.5178e-02   5.8199e-03
 5625.20   6.8835e-02   5.2886e-03
 5627.15   7.5186e-02   5.7905e-03
 5629.10   7.7790e-02   5.9868e-03
 5631.05   7.0596e-02   5.3806e-03
 5633.00   7.2919e-02   5.5745e-03
 5634.95   7.3356e-02   5.6105e-03
 5636.90   6.5392e-02   4.9515e-03
 5638.85   7.0201e-02   5.3583e-03
 5640.80   7.0352e-02   5.3800e-03
 5642.75   7.0150e-02   5.3651e-03
 5644.70   7.4189e-02   5.7209e-03
 5646.65   6.6781e-02   5.1156e-03
 5648.60   6.7203e-02   5.1526e-03
 5650.55   7.1022e-02   5.4734e-03
 5652.50   6.8224e-02   5.2255e-03
 5654.45   6.5449e-02   4.9902e-03
 5656.40   6.5234e-02   4.9838e-03
 5658.35   6.8099e-02   5.2392e-03
 5660.30   6.9911e-02   5.4196e-03
 5662.25   7.0633e-02   5.5083e-03
 5664.20   6.8565e-02   5.3551e-03
 5666.15   6.9291e-02   5.4457e-03
 5668.10   6.6858e-02   5.3041e-03
 5670.05   6.0226e-02   4.8114e-03
 5672.00   6.0102e-02   4.8402e-03
 5673.95   6.1129e-02   4.9416e-03
 5675.90   6.3605e-02   5.1502e-03
 5677.85   6.4738e-02   5.2567e-03
 5679.80   6.5921e-02   5.4407e-03
 5681.75   7.5811e-02   6.4947e-03
 5683.70   8.4759e-02   7.5389e-03
 5685.65   8.3310e-02   7.5847e-03
 5687.60   8.0886e-02   7.4639e-03
 5689.55   7.2816e-02   6.7171e-03
 5691.50   6.4005e-02   5.8270e-03
 5693.45   7.0220e-02   6.2761e-03
 5695.40   7.7570e-02   6.7650e-03
 5697.35   6.7319e-02   5.6883e-03
 5699.30   6.1300e-02   5.0747e-03
 5701.25   6.9052e-02   5.6783e-03
 5703.20   6.9986e-02   5.6907e-03
 5705.15   6.5444e-02   5.2439e-03
 5707.10   6.3354e-02   5.0336e-03
 5709.05   6.4578e-02   5.1260e-03
 5711.00   6.7146e-02   5.3391e-03
 5712.95   7.0272e-02   5.6024e-03
 5714.90   6.8298e-02   5.4198e-03
 5716.85   6.2392e-02   4.8995e-03
 5718.80   6.9795e-02   5.4993e-03
 5720.75   7.3895e-02   5.8328e-03
 5722.70   6.4171e-02   5.0066e-03
 5724.65   6.3761e-02   4.9650e-03
 5726.60   6.5301e-02   5.0772e-03
 5728.55   6.2352e-02   4.8205e-03
 5730.50   5.9426e-02   4.5728e-03
 5732.45   6.3310e-02   4.8845e-03
 5734.40   6.9029e-02   5.3653e-03
 5736.35   7.1008e-02   5.5271e-03
 5738.30   7.3681e-02   5.7281e-03
 5740.25   6.9301e-02   5.3605e-03
 5742.20   6.9158e-02   5.3588e-03
 5744.15   7.8924e-02   6.1868e-03
 5746.10   7.6293e-02   5.9696e-03
 5748.05   7.0556e-02   5.4837e-03
 5750.00   7.7556e-02   6.0794e-03
 5751.95   7.3478e-02   5.7276e-03
 5753.90   6.7434e-02   5.2155e-03
 5755.85   7.7102e-02   6.0506e-03
 5757.80   7.5302e-02   5.9041e-03
 5759.75   6.6183e-02   5.1353e-03
 5761.70   7.0573e-02   5.5241e-03
 5763.65   7.3474e-02   5.8073e-03
 5765.60   6.4029e-02   5.0676e-03
 5767.55   6.0157e-02   4.8494e-03
 5769.50   7.2104e-02   6.0094e-03
 5771.45   8.4252e-02   7.0989e-03
 5773.40   8.1299e-02   6.6937e-03
 5775.35   7.3416e-02   5.8717e-03
 5777.30   6.8427e-02   5.3746e-03
 5779.25   6.0989e-02   4.7340e-03
 5781.20   6.1380e-02   4.7708e-03
 5783.15   6.9092e-02   5.4311e-03
 5785.10   6.6135e-02   5.2285e-03
 5787.05   6.3235e-02   5.0421e-03
 5789.00   7.2580e-02   5.9468e-03
 5790.95   7.8842e-02   6.6083e-03
 5792.90   7.1388e-02   5.9334e-03
 5794.85   6.3384e-02   5.1266e-03
 5796.80   6.3716e-02   5.0657e-03
 5798.75   7.0370e-02   5.6036e-03
 5800.70   7.7033e-02   6.1915e-03
 5802.65   7.2438e-02   5.8156e-03
 5804.60   6.7183e-02   5.3598e-03
 5806.55   7.3674e-02   5.9116e-03
 5808.50   7.3235e-02   5.8823e-03
 5810.45   6.9983e-02   5.6052e-03
 5812.40   7.4648e-02   6.0149e-03
 5814.35   7.3326e-02   5.9126e-03
 5816.30   6.9885e-02   5.6153e-03
 5818.25   6.7689e-02   5.4286e-03
 5820.20   6.6583e-02   5.3530e-03
 5822.15   6.3266e-02   5.0887e-03
 5824.10   6.6194e-02   5.3554e-03
 5826.05   6.6734e-02   5.4031e-03
 5828.00   6.2838e-02   5.0688e-03
 5829.95   6.2375e-02   5.0473e-03
 5831.90   5.8932e-02   4.7570e-03
 5833.85   6.4860e-02   5.2682e-03
 5835.80   7.6757e-02   6.3265e-03
 5837.75   7.9109e-02   6.5529e-03
 5839.70   7.2291e-02   5.9590e-03
 5841.65   6.7779e-02   5.5653e-03
 5843.60   6.7737e-02   5.5767e-03
 5845.55   6.3642e-02   5.2291e-03
 5847.50   6.2121e-02   5.1007e-03
 5849.45   6.6106e-02   5.4656e-03
 5851.40   7.0388e-02   5.8571e-03
 5853.35   7.1835e-02   6.0000e-03
 5855.30   7.3860e-02   6.1933e-03
 5857.25   7.2091e-02   6.0328e-03
 5859.20   6.1365e-02   5.0892e-03
 5861.15   6.1801e-02   5.1674e-03
 5863.10   7.4624e-02   6.4091e-03
 5865.05   8.3718e-02   7.3655e-03
 5867.00   7.9688e-02   7.0720e-03
 5868.95   7.3258e-02   6.4852e-03
 5870.90   7.2041e-02   6.3170e-03
 5872.85   7.3605e-02   6.3934e-03
 5874.80   7.8046e-02   6.7321e-03
 5876.75   7.9744e-02   6.8186e-03
 5878.70   7.4029e-02   6.2430e-03
 5880.65   7.0166e-02   5.8413e-03
 5882.60   6.4462e-02   5.3307e-03
 5884.55   7.6969e-02   6.5677e-03
 5886.50   7.6829e-02   7.4783e-03
 5888.45   7.0985e-02   8.0533e-03
 5890.40   7.5154e-02   9.2143e-03
 5892.35   7.7247e-02   9.4050e-03
 5894.30   7.6408e-02   8.9958e-03
 5896.25   8.4995e-02   9.7675e-03
 5898.20   7.5014e-02   8.1855e-03
 5900.15   6.8958e-02   6.8027e-03
 5902.10   5.7745e-02   5.1214e-03
 5904.05   6.2683e-02   5.3250e-03
 5906.00   6.9866e-02   5.9290e-03
 5907.95   7.3026e-02   6.2034e-03
 5909.90   7.5983e-02   6.4529e-03
 5911.85   7.4116e-02   6.3364e-03
 5913.80   7.5653e-02   6.5923e-03
 5915.75   7.3628e-02   6.4591e-03
 5917.70   6.5868e-02   5.7179e-03
 5919.65   6.9183e-02   5.9757e-03
 5921.60   7.0661e-02   6.0887e-03
 5923.55   6.6413e-02   5.7322e-03
 5925.50   6.9400e-02   6.0604e-03
 5927.45   7.1902e-02   6.3162e-03
 5929.40   6.9284e-02   6.0948e-03
 5931.35   7.2967e-02   6.4901e-03
 5933.30   8.0394e-02   7.2564e-03
 5935.25   7.7018e-02   6.9137e-03
 5937.20   7.5837e-02   6.7176e-03
 5939.15   7.6005e-02   6.6384e-03
 5941.10   7.1897e-02   6.1931e-03
 5943.05   7.1994e-02   6.2097e-03
 5945.00   7.5799e-02   6.5826e-03
 5946.95   7.5195e-02   6.5442e-03
 5948.90   7.1904e-02   6.2487e-03
 5950.85   7.7747e-02   6.8305e-03
 5952.80   7.4613e-02   6.6260e-03
 5954.75   7.2964e-02   6.4856e-03
 5956.70   7.8664e-02   6.9312e-03
 5958.65   7.7394e-02   6.7167e-03
 5960.60   7.5257e-02   6.5026e-03
 5962.55   7.9087e-02   6.8594e-03
 5964.50   7.4495e-02   6.4162e-03
 5966.45   6.6585e-02   5.6841e-03
 5968.40   7.1158e-02   6.1212e-03
 5970.35   7.7605e-02   6.7505e-03
 5972.30   7.8291e-02   6.8070e-03
 5974.25   8.1526e-02   7.1231e-03
 5976.20   8.0854e-02   7.0937e-03
 5978.15   7.8188e-02   6.8399e-03
 5980.10   8.0219e-02   7.0113e-03
 5982.05   7.3880e-02   6.3656e-03
 5984.00   7.6524e-02   6.5472e-03
 5985.95   7.9809e-02   6.8529e-03
 5987.90   8.1745e-02   7.0246e-03
 5989.85   8.0980e-02   6.9330e-03
 5991.80   8.1587e-02   6.9823e-03
 5993.75   9.0259e-02   7.7924e-03
 5995.70   8.7504e-02   7.5407e-03
 5997.65   7.2108e-02   6.1250e-03
 5999.60   6.2408e-02   5.2429e-03
 6001.55   6.9654e-02   5.8986e-03
 6003.50   8.2103e-02   7.0484e-03
 6005.45   7.9319e-02   6.7732e-03
 6007.40   7.3744e-02   6.2339e-03
 6009.35   8.3475e-02   7.0724e-03
 6011.30   8.2531e-02   6.9427e-03
 6013.25   7.2941e-02   6.0499e-03
 6015.20   8.1477e-02   6.8240e-03
 6017.15   8.3520e-02   7.0064e-03
 6019.10   7.9706e-02   6.6389e-03
 6021.05   8.1345e-02   6.7928e-03
 6023.00   8.2001e-02   6.8449e-03
 6024.95   8.0174e-02   6.6684e-03
 6026.90   9.1088e-02   7.6606e-03
 6028.85   9.2237e-02   7.7760e-03
 6030.80   8.3716e-02   6.9957e-03
 6032.75   8.6141e-02   7.2179e-03
 6034.70   9.2982e-02   7.8630e-03
 6036.65   8.8112e-02   7.3815e-03
 6038.60   8.4384e-02   7.0053e-03
 6040.55   8.3133e-02   6.8780e-03
 6042.50   8.4870e-02   7.0287e-03
 6044.45   8.8399e-02   7.3400e-03
 6046.40   8.1957e-02   6.7397e-03
 6048.35   9.1251e-02   7.5790e-03
 6050.30   8.8658e-02   7.3335e-03
 6052.25   8.3772e-02   6.8761e-03
 6054.20   8.8786e-02   7.3197e-03
 6056.15   9.1081e-02   7.5126e-03
 6058.10   9.2299e-02   7.6112e-03
 6060.05   8.7737e-02   7.2098e-03
 6062.00   8.9130e-02   7.3360e-03
 6063.95   8.5573e-02   7.0042e-03
 6065.90   8.0231e-02   6.5373e-03
 6067.85   8.0250e-02   6.5329e-03
 6069.80   8.4612e-02   6.9027e-03
 6071.75   8.6523e-02   7.0558e-03
 6073.70   8.5533e-02   6.9620e-03
 6075.65   9.4127e-02   7.7279e-03
 6077.60   9.3752e-02   7.6737e-03
 6079.55   8.6042e-02   6.9670e-03
 6081.50   8.3756e-02   6.7480e-03
 6083.45   8.7672e-02   7.1071e-03
 6085.40   9.0461e-02   7.3584e-03
 6087.35   9.2426e-02   7.5307e-03
 6089.30   9.3194e-02   7.6151e-03
 6091.25   8.6177e-02   6.9905e-03
 6093.20   8.3502e-02   6.7473e-03
 6095.15   8.0712e-02   6.5350e-03
 6097.10   9.2658e-02   7.6356e-03
 6099.05   9.5472e-02   7.8955e-03
 6101.00   8.9696e-02   7.3847e-03
 6102.95   8.4253e-02   6.9083e-03
 6104.90   9.0098e-02   7.4478e-03
 6106.85   8.7098e-02   7.2280e-03
 6108.80   7.9193e-02   6.5733e-03
 6110.75   8.2585e-02   6.9365e-03
 6112.70   7.9043e-02   6.6805e-03
 6114.65   7.4821e-02   6.3168e-03
 6116.60   8.3338e-02   7.0469e-03
 6118.55   8.4869e-02   7.0991e-03
 6120.50   8.7315e-02   7.2161e-03
 6122.45   9.0731e-02   7.4450e-03
 6124.40   9.4290e-02   7.7293e-03
 6126.35   9.1455e-02   7.4499e-03
 6128.30   8.6533e-02   6.9967e-03
 6130.25   9.2524e-02   7.5156e-03
 6132.20   9.5973e-02   7.8133e-03
 6134.15   9.5401e-02   7.7607e-03
 6136.10   9.8210e-02   8.0421e-03
 6138.05   9.7686e-02   8.0207e-03
 6140.00   9.5536e-02   7.8347e-03
 6141.95   9.2757e-02   7.5704e-03
 6143.90   9.2156e-02   7.5318e-03
 6145.85   9.1898e-02   7.5107e-03
 6147.80   8.5857e-02   6.9109e-03
 6149.75   8.5033e-02   6.8062e-03
 6151.70   9.4618e-02   7.7029e-03
 6153.65   8.9978e-02   7.3606e-03
 6155.60   8.9233e-02   7.3210e-03
 6157.55   9.3770e-02   7.7171e-03
 6159.50   9.4096e-02   7.7942e-03
 6161.45   9.7239e-02   8.1213e-03
 6163.40   9.6837e-02   8.0545e-03
 6165.35   9.2312e-02   7.5315e-03
 6167.30   9.3426e-02   7.5271e-03
 6169.25   9.0174e-02   7.2426e-03
 6171.20   8.7639e-02   7.0384e-03
 6173.15   9.4156e-02   7.5690e-03
 6175.10   9.0390e-02   7.1968e-03
 6177.05   8.9055e-02   7.0489e-03
 6179.00   9.1885e-02   7.2556e-03
 6180.95   8.5890e-02   6.7022e-03
 6182.90   8.8625e-02   6.9258e-03
 6184.85   9.2597e-02   7.2807e-03
 6186.80   8.9316e-02   6.9886e-03
 6188.75   9.5980e-02   7.5724e-03
 6190.70   9.3691e-02   7.3807e-03
 6192.65   9.1739e-02   7.2119e-03
 6194.60   9.1439e-02   7.1907e-03
 6196.55   9.0969e-02   7.1280e-03
 6198.50   8.8547e-02   6.8879e-03
 6200.45   8.3702e-02   6.4928e-03
 6202.40   9.2348e-02   7.3038e-03
 6204.35   9.5506e-02   7.5900e-03
 6206.30   9.6071e-02   7.5832e-03
 6208.25   9.3348e-02   7.3289e-03
 6210.20   9.1640e-02   7.1890e-03
 6212.15   9.5732e-02   7.5590e-03
 6214.10   9.3294e-02   7.3348e-03
 6216.05   9.0523e-02   7.0804e-03
 6218.00   8.8274e-02   6.9007e-03
 6219.95   8.8661e-02   6.9669e-03
 6221.90   9.2285e-02   7.3288e-03
 6223.85   9.3856e-02   7.4584e-03
 6225.80   8.9193e-02   7.0062e-03
 6227.75   9.4232e-02   7.3690e-03
 6229.70   9.2860e-02   7.2441e-03
 6231.65   8.4914e-02   6.6888e-03
 6233.60   8.1915e-02   6.6881e-03
 6235.55   7.8562e-02   6.6241e-03
 6237.50   9.4037e-02   8.0917e-03
 6239.45   9.9677e-02   8.4875e-03
 6241.40   9.4249e-02   7.8405e-03
 6243.35   9.8997e-02   8.1419e-03
 6245.30   9.7215e-02   7.8679e-03
 6247.25   8.3541e-02   6.5859e-03
 6249.20   8.3072e-02   6.4950e-03
 6251.15   9.3600e-02   7.3593e-03
 6253.10   9.0382e-02   7.0783e-03
 6255.05   8.9748e-02   7.2072e-03
 6257.00   8.7801e-02   7.3076e-03
 6258.95   9.3229e-02   7.9628e-03
 6260.90   8.8978e-02   7.4645e-03
 6262.85   8.6789e-02   7.1058e-03
 6264.80   8.7064e-02   7.0427e-03
 6266.75   8.3164e-02   6.6602e-03
 6268.70   8.4457e-02   6.7808e-03
 6270.65   9.1347e-02   7.3291e-03
 6272.60   9.0126e-02   7.1652e-03
 6274.55   8.4012e-02   6.6381e-03
 6276.50   8.5068e-02   6.7700e-03
 6278.45   8.6098e-02   6.9160e-03
 6280.40   8.0979e-02   6.4713e-03
 6282.35   8.8037e-02   7.0289e-03
 6284.30   8.8829e-02   7.1528e-03
 6286.25   8.5948e-02   7.1258e-03
 6288.20   8.9070e-02   7.5371e-03
 6290.15   8.3444e-02   6.9072e-03
 6292.10   8.0259e-02   6.4369e-03
 6294.05   8.0887e-02   6.4573e-03
 6296.00   8.1869e-02   6.9141e-03
 6297.95   8.5386e-02   8.1623e-03
 6299.90   8.7339e-02   9.1057e-03
 6301.85   9.7271e-02   1.0268e-02
 6303.80   9.0452e-02   9.0001e-03
 6305.75   7.4167e-02   6.7946e-03
 6307.70   8.3178e-02   7.3531e-03
 6309.65   8.9156e-02   7.6666e-03
 6311.60   9.1183e-02   7.5362e-03
 6313.55   9.0786e-02   7.2675e-03
 6315.50   8.8280e-02   6.9303e-03
 6317.45   9.4120e-02   7.4850e-03
 6319.40   9.2526e-02   7.4923e-03
 6321.35   8.9658e-02   7.3141e-03
 6323.30   9.0445e-02   7.4023e-03
 6325.25   8.9540e-02   7.2721e-03
 6327.20   8.8917e-02   7.2540e-03
 6329.15   8.8084e-02   7.3703e-03
 6331.10   8.4063e-02   7.0571e-03
 6333.05   8.3677e-02   6.8736e-03
 6335.00   8.4529e-02   6.6905e-03
 6336.95   8.4493e-02   6.5297e-03
 6338.90   8.3265e-02   6.3780e-03
 6340.85   8.1835e-02   6.2671e-03
 6342.80   8.5079e-02   6.6264e-03
 6344.75   8.9660e-02   7.1072e-03
 6346.70   9.1845e-02   7.3071e-03
 6348.65   8.9407e-02   7.0662e-03
 6350.60   8.6617e-02   6.7888e-03
 6352.55   8.7795e-02   6.8912e-03
 6354.50   8.9880e-02   7.1652e-03
 6356.45   9.6077e-02   7.8272e-03
 6358.40   8.9803e-02   7.2776e-03
 6360.35   7.9422e-02   6.4359e-03
 6362.30   8.2053e-02   6.9632e-03
 6364.25   8.5342e-02   7.5047e-03
 6366.20   8.5476e-02   7.3982e-03
 6368.15   8.1854e-02   6.7056e-03
 6370.10   8.1641e-02   6.3544e-03
 6372.05   8.5114e-02   6.5306e-03
 6374.00   8.9200e-02   6.8534e-03
 6375.95   8.9019e-02   6.8261e-03
 6377.90   8.8780e-02   6.8694e-03
 6379.85   9.1001e-02   7.0970e-03
 6381.80   9.2653e-02   7.2415e-03
 6383.75   8.1921e-02   6.3315e-03
 6385.70   7.4638e-02   5.7493e-03
 6387.65   7.9821e-02   6.2031e-03
 6389.60   8.1869e-02   6.3167e-03
 6391.55   8.2456e-02   6.2869e-03
 6393.50   8.0637e-02   6.0797e-03
 6395.45   8.1407e-02   6.1230e-03
 6397.40   8.0000e-02   5.9757e-03
 6399.35   8.1318e-02   6.0727e-03
 6401.30   8.3419e-02   6.2794e-03
 6403.25   8.4798e-02   6.4041e-03
 6405.20   8.7465e-02   6.6123e-03
 6407.15   8.6611e-02   6.5264e-03
 6409.10   8.9310e-02   6.7550e-03
 6411.05   8.4301e-02   6.3557e-03
 6413.00   7.8324e-02   5.9050e-03
 6414.95   7.8794e-02   5.9688e-03
 6416.90   7.7683e-02   5.8567e-03
 6418.85   8.5064e-02   6.4736e-03
 6420.80   8.7621e-02   6.7238e-03
 6422.75   8.4355e-02   6.4338e-03
 6424.70   8.0922e-02   6.0939e-03
 6426.65   8.6217e-02   6.5095e-03
 6428.60   8.8970e-02   6.7294e-03
 6430.55   8.3922e-02   6.2857e-03
 6432.50   8.8332e-02   6.6520e-03
 6434.45   9.7586e-02   7.4566e-03
 6436.40   8.9239e-02   6.7314e-03
 6438.35   7.9950e-02   5.9330e-03
 6440.30   8.9683e-02   6.7407e-03
 6442.25   8.5376e-02   6.3730e-03
 6444.20   7.9573e-02   5.8685e-03
 6446.15   7.9726e-02   5.9165e-03
 6448.10   8.1914e-02   6.1216e-03
 6450.05   7.9517e-02   5.9224e-03
 6452.00   8.6425e-02   6.5385e-03
 6453.95   8.5138e-02   6.4356e-03
 6455.90   8.2493e-02   6.2150e-03
 6457.85   8.6922e-02   6.6050e-03
 6459.80   9.0829e-02   6.9573e-03
 6461.75   8.6989e-02   6.6838e-03
 6463.70   8.2811e-02   6.4588e-03
 6465.65   8.6317e-02   6.8774e-03
 6467.60   8.8124e-02   7.0580e-03
 6469.55   8.9793e-02   7.1981e-03
 6471.50   9.1031e-02   7.2587e-03
 6473.45   8.6350e-02   6.7416e-03
 6475.40   7.6798e-02   5.8014e-03
 6477.35   7.9033e-02   5.9148e-03
 6479.30   8.9456e-02   6.7479e-03
 6481.25   8.7419e-02   6.5460e-03
 6483.20   7.8338e-02   5.7369e-03
 6485.15   8.1485e-02   5.9567e-03
 6487.10   7.8028e-02   5.6738e-03
 6489.05   7.9981e-02   5.8496e-03
 6491.00   8.2400e-02   6.0399e-03
 6492.95   8.1207e-02   5.9511e-03
 6494.90   7.5673e-02   5.6001e-03
 6496.85   8.0516e-02   6.2674e-03
 6498.80   8.6043e-02   6.9799e-03
 6500.75   9.0571e-02   7.3616e-03
 6502.70   8.8116e-02   6.9873e-03
 6504.65   7.9638e-02   6.1552e-03
 6506.60   8.2916e-02   6.3478e-03
 6508.55   8.5410e-02   6.4526e-03
 6510.50   8.4716e-02   6.3202e-03
 6512.45   8.0533e-02   5.9425e-03
 6514.40   8.2970e-02   6.1286e-03
 6516.35   7.9496e-02   5.8305e-03
 6518.30   7.2203e-02   5.2171e-03
 6520.25   7.3298e-02   5.3419e-03
 6522.20   7.9572e-02   5.9360e-03
 6524.15   7.9865e-02   5.9926e-03
 6526.10   8.5059e-02   6.3790e-03
 6528.05   9.0142e-02   6.7546e-03
 6530.00   8.1739e-02   6.1581e-03
 6531.95   7.6590e-02   5.9236e-03
 6533.90   9.4200e-02   7.5735e-03
 6535.85   8.0044e-02   6.2285e-03
 6537.80   7.9848e-02   6.0216e-03
 6539.75   7.7862e-02   5.7759e-03
 6541.70   8.0060e-02   5.9912e-03
 6543.65   7.9100e-02   6.0027e-03
 6545.60   8.6577e-02   6.6235e-03
 6547.55   8.7389e-02   6.5964e-03
 6549.50   8.3409e-02   6.2527e-03
 6551.45   7.3344e-02   5.5805e-03
 6553.40   8.6806e-02   6.9316e-03
 6555.35   9.1757e-02   7.3945e-03
 6557.30   8.1606e-02   6.3115e-03
 6559.25   7.9761e-02   5.9399e-03
 6561.20   8.4558e-02   6.3319e-03
 6563.15   8.2998e-02   6.2488e-03
 6565.10   6.9390e-02   5.0984e-03
 6567.05   7.5940e-02   5.6546e-03
 6569.00   8.4098e-02   6.3877e-03
 6570.95   8.1712e-02   6.1637e-03
 6572.90   7.1274e-02   5.2692e-03
 6574.85   7.4656e-02   5.6243e-03
 6576.80   8.0033e-02   6.2438e-03
 6578.75   8.2924e-02   6.5155e-03
 6580.70   8.6487e-02   6.7030e-03
 6582.65   8.3422e-02   6.2631e-03
 6584.60   8.0344e-02   5.9255e-03
 6586.55   8.3033e-02   6.1081e-03
 6588.50   7.7388e-02   5.6339e-03
 6590.45   8.2158e-02   6.0177e-03
 6592.40   8.4439e-02   6.2221e-03
 6594.35   7.5247e-02   5.4993e-03
 6596.30   7.9374e-02   5.8742e-03
 6598.25   8.6402e-02   6.4701e-03
 6600.20   8.6352e-02   6.4628e-03
 6602.15   8.0395e-02   6.0159e-03
 6604.10   8.1905e-02   6.2197e-03
 6606.05   8.3968e-02   6.3840e-03
 6608.00   8.2824e-02   6.1655e-03
 6609.95   7.1985e-02   5.1899e-03
 6611.90   7.9977e-02   5.7851e-03
 6613.85   7.9679e-02   5.7313e-03
 6615.80   8.0184e-02   5.7724e-03
 6617.75   7.9154e-02   5.7092e-03
 6619.70   9.3761e-02   6.9000e-03
 6621.65   8.6672e-02   6.3223e-03
 6623.60   7.9107e-02   5.7073e-03
 6625.55   8.1608e-02   5.9202e-03
 6627.50   7.4853e-02   5.4012e-03
 6629.45   7.5140e-02   5.4380e-03
 6631.40   7.7286e-02   5.6395e-03
 6633.35   7.7610e-02   5.6827e-03
 6635.30   8.0175e-02   5.8872e-03
 6637.25   8.3522e-02   6.1672e-03
 6639.20   8.4959e-02   6.1878e-03
 6641.15   7.6242e-02   5.4768e-03
 6643.10   8.3126e-02   6.0020e-03
 6645.05   8.1448e-02   5.8456e-03
 6647.00   7.4379e-02   5.2775e-03
 6648.95   7.9903e-02   5.7209e-03
 6650.90   8.5016e-02   6.1580e-03
 6652.85   8.6571e-02   6.2650e-03
 6654.80   7.9288e-02   5.6695e-03
 6656.75   8.1929e-02   5.8728e-03
 6658.70   7.8067e-02   5.5637e-03
 6660.65   8.8140e-02   6.4396e-03
 6662.60   9.0444e-02   6.6285e-03
 6664.55   8.4110e-02   6.1063e-03
 6666.50   8.6719e-02   6.3379e-03
 6668.45   8.2936e-02   6.0301e-03
 6670.40   8.6070e-02   6.2657e-03
 6672.35   8.3412e-02   6.0337e-03
 6674.30   7.5764e-02   5.3760e-03
 6676.25   7.8826e-02   5.6068e-03
 6678.20   7.6739e-02   5.4363e-03
 6680.15   8.1460e-02   5.8078e-03
 6682.10   8.2083e-02   5.8464e-03
 6684.05   7.7189e-02   5.4745e-03
 6686.00   7.7439e-02   5.5046e-03
 6687.95   7.6161e-02   5.3874e-03
 6689.90   8.2686e-02   5.9143e-03
 6691.85   8.8065e-02   6.3372e-03
 6693.80   8.5230e-02   6.0984e-03
 6695.75   8.9631e-02   6.4727e-03
 6697.70   8.3952e-02   6.0440e-03
 6699.65   8.2658e-02   5.9606e-03
 6701.60   8.7254e-02   6.3305e-03
 6703.55   8.4822e-02   6.1329e-03
 6705.50   7.6525e-02   5.4658e-03
 6707.45   8.1676e-02   5.8727e-03
 6709.40   7.3158e-02   5.1788e-03
 6711.35   8.0017e-02   5.6860e-03
 6713.30   7.2540e-02   5.0906e-03
 6715.25   7.9352e-02   5.6503e-03
 6717.20   8.7643e-02   6.3314e-03
 6719.15   8.8729e-02   6.3905e-03
 6721.10   8.4768e-02   6.0370e-03
 6723.05   9.1065e-02   6.5351e-03
 6725.00   9.1364e-02   6.5599e-03
 6726.95   8.3450e-02   5.9090e-03
 6728.90   8.0550e-02   5.6784e-03
 6730.85   8.1337e-02   5.7438e-03
 6732.80   8.5531e-02   6.1302e-03
 6734.75   8.5098e-02   6.0731e-03
 6736.70   8.3968e-02   5.9713e-03
 6738.65   8.6751e-02   6.2378e-03
 6740.60   8.8970e-02   6.4324e-03
 6742.55   8.8245e-02   6.3545e-03
 6744.50   8.4636e-02   6.0298e-03
 6746.45   8.1798e-02   5.8016e-03
 6748.40   7.9984e-02   5.6307e-03
 6750.35   9.1038e-02   6.5423e-03
 6752.30   9.1793e-02   6.5902e-03
 6754.25   8.8431e-02   6.2662e-03
 6756.20   8.1260e-02   5.7223e-03
 6758.15   8.3603e-02   5.8956e-03
 6760.10   8.6566e-02   6.1044e-03
 6762.05   9.1880e-02   6.5393e-03
 6764.00   9.4324e-02   6.7526e-03
 6765.95   9.1232e-02   6.4849e-03
 6767.90   8.1073e-02   5.6619e-03
 6769.85   7.8247e-02   5.4465e-03
 6771.80   9.1628e-02   6.4835e-03
 6773.75   8.7822e-02   6.1634e-03
 6775.70   8.4248e-02   5.8931e-03
 6777.65   9.0753e-02   6.4139e-03
 6779.60   8.1540e-02   5.6737e-03
 6781.55   8.4322e-02   5.8802e-03
 6783.50   8.1491e-02   5.6749e-03
 6785.45   8.1388e-02   5.6885e-03
 6787.40   8.2175e-02   5.7677e-03
 6789.35   8.3815e-02   5.8775e-03
 6791.30   7.4354e-02   5.0951e-03
 6793.25   7.4701e-02   5.1194e-03
 6795.20   8.8283e-02   6.1813e-03
 6797.15   8.4589e-02   5.8766e-03
 6799.10   8.3968e-02   5.8280e-03
 6801.05   8.4956e-02   5.8896e-03
 6803.00   7.9973e-02   5.4924e-03
 6804.95   7.7728e-02   5.3222e-03
 6806.90   8.3589e-02   5.7871e-03
 6808.85   8.9688e-02   6.2696e-03
 6810.80   8.8145e-02   6.1481e-03
 6812.75   9.0319e-02   6.3081e-03
 6814.70   8.7660e-02   6.0880e-03
 6816.65   8.8402e-02   6.1595e-03
 6818.60   9.0923e-02   6.3467e-03
 6820.55   9.0590e-02   6.3110e-03
 6822.50   8.6185e-02   5.9988e-03
 6824.45   8.2570e-02   5.8548e-03
 6826.40   8.0670e-02   6.0529e-03
 6828.35   8.1355e-02   6.5086e-03
 6830.30   7.5752e-02   6.2258e-03
 6832.25   6.9313e-02   5.6759e-03
 6834.20   7.6302e-02   6.2098e-03
 6836.15   5.9609e-02   4.6570e-03
 6838.10   5.0364e-02   3.6768e-03
 6840.05   6.1093e-02   4.3475e-03
 6842.00   6.8452e-02   4.9097e-03
 6843.95   6.8103e-02   4.8429e-03
 6845.90   7.1912e-02   5.0556e-03
 6847.85   7.8422e-02   5.4584e-03
 6849.80   8.0341e-02   5.5724e-03
 6851.75   8.2569e-02   5.7512e-03
 6853.70   8.8554e-02   6.2119e-03
 6855.65   9.1593e-02   6.3941e-03
 6857.60   8.4753e-02   5.8717e-03
 6859.55   8.7131e-02   6.2732e-03
 6861.50   8.5812e-02   6.6729e-03
 6863.45   7.6720e-02   6.3723e-03
 6865.40   8.1835e-02   7.0496e-03
 6867.35   8.8216e-02   7.5227e-03
 6869.30   8.3280e-02   6.7933e-03
 6871.25   8.4368e-02   6.5809e-03
 6873.20   9.0417e-02   6.9175e-03
 6875.15   8.2694e-02   6.0065e-03
 6877.10   6.4168e-02   4.1163e-03
 6879.05   7.9476e-02   5.6462e-03
 6881.00   8.8769e-02   6.5531e-03
 6882.95   8.8612e-02   6.4919e-03
 6884.90   8.1311e-02   5.9769e-03
 6886.85   8.2389e-02   6.1845e-03
 6888.80   8.0791e-02   6.1664e-03
 6890.75   7.7699e-02   5.9402e-03
 6892.70   7.4933e-02   5.5704e-03
 6894.65   7.5590e-02   5.4503e-03
 6896.60   8.0593e-02   5.8201e-03
 6898.55   7.0402e-02   5.0805e-03
 6900.50   8.2166e-02   6.1198e-03
 6902.45   8.8531e-02   6.7002e-03
 6904.40   8.1839e-02   6.0806e-03
 6906.35   8.1138e-02   5.8702e-03
 6908.30   7.6500e-02   5.4579e-03
 6910.25   7.3904e-02   5.4450e-03
 6912.20   7.6359e-02   5.8842e-03
 6914.15   8.3094e-02   6.4678e-03
 6916.10   8.7199e-02   6.5575e-03
 6918.05   8.7824e-02   6.3880e-03
 6920.00   8.4104e-02   6.2291e-03
 6921.95   8.7798e-02   6.9507e-03
 6923.90   8.7236e-02   7.1420e-03
 6925.85   8.7477e-02   6.9886e-03
 6927.80   9.3061e-02   7.0178e-03
 6929.75   8.3622e-02   5.9872e-03
 6931.70   7.6551e-02   5.4257e-03
 6933.65   7.5315e-02   5.2681e-03
 6935.60   7.8632e-02   5.5240e-03
 6937.55   8.1768e-02   6.0330e-03
 6939.50   8.1048e-02   6.2228e-03
 6941.45   8.2780e-02   6.3575e-03
 6943.40   7.9701e-02   5.8913e-03
 6945.35   7.8174e-02   5.7015e-03
 6947.30   8.6628e-02   6.7366e-03
 6949.25   9.3229e-02   7.6861e-03
 6951.20   9.0755e-02   7.3882e-03
 6953.15   7.5840e-02   5.7193e-03
 6955.10   7.0763e-02   5.0393e-03
 6957.05   7.7272e-02   5.4919e-03
 6959.00   8.3200e-02   5.9725e-03
 6960.95   8.7485e-02   6.2779e-03
 6962.90   8.0344e-02   5.6459e-03
 6964.85   7.8804e-02   5.5205e-03
 6966.80   8.6592e-02   6.2494e-03
 6968.75   7.9207e-02   5.7899e-03
 6970.70   7.1578e-02   5.2399e-03
 6972.65   7.2543e-02   5.2715e-03
 6974.60   7.3147e-02   5.3231e-03
 6976.55   7.7437e-02   5.8591e-03
 6978.50   8.2702e-02   6.4897e-03
 6980.45   7.9340e-02   6.1902e-03
 6982.40   6.8244e-02   5.0725e-03
 6984.35   7.0184e-02   5.0318e-03
 6986.30   7.5016e-02   5.3066e-03
 6988.25   8.1312e-02   5.8429e-03
 6990.20   8.5624e-02   6.2741e-03
 6992.15   7.5166e-02   5.3679e-03
 6994.10   7.9030e-02   5.5604e-03
 6996.05   8.1812e-02   5.8148e-03
 6998.00   7.0185e-02   4.9930e-03
 6999.95   6.6404e-02   4.7328e-03
 7001.90   7.5855e-02   5.5174e-03
 7003.85   8.4017e-02   6.2335e-03
 7005.80   7.7339e-02   5.7346e-03
 7007.75   7.8045e-02   5.8053e-03
 7009.70   8.5481e-02   6.4315e-03
 7011.65   8.4133e-02   6.3467e-03
 7013.60   8.2722e-02   6.1883e-03
 7015.55   7.3963e-02   5.3661e-03
 7017.50   6.6359e-02   4.6498e-03
 7019.45   7.7427e-02   5.4448e-03
 7021.40   8.4561e-02   6.0250e-03
 7023.35   7.9220e-02   5.6253e-03
 7025.30   7.2071e-02   5.0666e-03
 7027.25   7.5495e-02   5.3359e-03
 7029.20   8.2260e-02   5.8179e-03
 7031.15   7.7528e-02   5.4010e-03
 7033.10   7.2866e-02   5.0706e-03
 7035.05   6.8462e-02   4.7095e-03
 7037.00   6.9252e-02   4.7407e-03
 7038.95   7.1423e-02   5.0011e-03
 7040.90   7.7215e-02   5.5904e-03
 7042.85   7.9322e-02   5.7860e-03
 7044.80   7.8306e-02   5.7247e-03
 7046.75   8.2724e-02   6.2539e-03
 7048.70   8.0720e-02   6.2566e-03
 7050.65   7.4008e-02   5.7090e-03
 7052.60   7.0197e-02   5.2341e-03
 7054.55   7.5937e-02   5.5420e-03
 7056.50   8.0318e-02   5.8767e-03
 7058.45   7.1297e-02   5.1280e-03
 7060.40   7.1200e-02   5.1514e-03
 7062.35   7.0588e-02   5.1456e-03
 7064.30   7.7809e-02   5.7260e-03
 7066.25   8.0444e-02   5.9683e-03
 7068.20   7.1267e-02   5.2249e-03
 7070.15   7.2374e-02   5.2406e-03
 7072.10   5.5268e-02   3.8933e-03
 7074.05   5.6572e-02   4.2590e-03
 7076.00   8.0074e-02   6.2768e-03
 7077.95   8.0399e-02   5.8933e-03
 7079.90   7.7311e-02   5.6105e-03
 7081.85   7.4979e-02   5.5200e-03
 7083.80   7.6406e-02   5.6327e-03
 7085.75   7.2697e-02   5.3124e-03
 7087.70   7.4386e-02   5.4770e-03
 7089.65   7.5851e-02   5.6101e-03
 7091.60   7.7449e-02   5.7309e-03
 7093.55   7.2112e-02   5.2631e-03
 7095.50   6.9256e-02   4.9802e-03
 7097.45   7.5137e-02   5.3879e-03
 7099.40   6.7793e-02   4.8144e-03
 7101.35   6.2954e-02   4.4896e-03
 7103.30   6.8394e-02   4.9324e-03
 7105.25   7.1532e-02   5.1824e-03
 7107.20   8.2731e-02   6.1344e-03
 7109.15   8.6702e-02   6.5300e-03
 7111.10   7.6794e-02   5.6919e-03
 7113.05   7.3278e-02   5.4138e-03
 7115.00   7.8712e-02   5.8382e-03
 7116.95   8.5215e-02   6.3689e-03
 7118.90   8.3428e-02   6.2252e-03
 7120.85   7.7549e-02   5.6961e-03
 7122.80   7.6086e-02   5.5544e-03
 7124.75   7.2092e-02   5.2278e-03
 7126.70   6.7903e-02   4.8968e-03
 7128.65   7.3900e-02   5.3701e-03
 7130.60   8.2392e-02   6.0424e-03
 7132.55   7.6176e-02   5.5066e-03
 7134.50   7.2987e-02   5.2353e-03
 7136.45   7.6828e-02   5.5448e-03
 7138.40   8.1826e-02   5.9549e-03
 7140.35   8.1871e-02   6.0168e-03
 7142.30   8.5553e-02   6.4390e-03
 7144.25   8.1798e-02   6.2520e-03
 7146.20   7.3513e-02   5.6229e-03
 7148.15   7.2748e-02   5.5401e-03
 7150.10   7.1014e-02   5.3712e-03
 7152.05   6.8444e-02   5.0814e-03
 7154.00   6.9385e-02   5.1202e-03
 7155.95   7.3801e-02   5.5216e-03
 7157.90   8.1976e-02   6.2042e-03
 7159.85   7.5285e-02   5.6648e-03
 7161.80   7.0450e-02   5.3085e-03
 7163.75   7.1185e-02   5.3844e-03
 7165.70   6.9058e-02   5.2298e-03
 7167.65   6.9595e-02   5.2913e-03
 7169.60   7.5212e-02   5.7620e-03
 7171.55   7.7786e-02   5.9656e-03
 7173.50   8.1138e-02   6.2657e-03
 7175.45   7.4851e-02   5.7288e-03
 7177.40   6.6152e-02   4.9668e-03
 7179.35   7.5246e-02   5.7113e-03
 7181.30   7.9055e-02   6.0275e-03
 7183.25   7.5288e-02   5.7542e-03
 7185.20   8.2940e-02   6.4361e-03
 7187.15   8.8896e-02   6.8492e-03
 7189.10   8.4900e-02   6.4562e-03
 7191.05   7.7037e-02   5.7933e-03
 7193.00   7.7141e-02   5.8010e-03
 7194.95   7.9038e-02   6.0127e-03
 7196.90   8.1503e-02   6.2678e-03
 7198.85   8.5789e-02   6.6983e-03
 7200.80   8.1839e-02   6.3861e-03
 7202.75   7.6156e-02   5.9052e-03
 7204.70   7.5404e-02   5.8217e-03
 7206.65   7.5011e-02   5.7159e-03
 7208.60   7.7707e-02   5.9024e-03
 7210.55   7.7170e-02   5.8161e-03
 7212.50   7.2251e-02   5.3307e-03
 7214.45   7.9618e-02   5.9208e-03
 7216.40   8.0916e-02   6.0603e-03
 7218.35   7.2844e-02   5.3466e-03
 7220.30   7.6189e-02   5.5815e-03
 7222.25   7.4901e-02   5.5564e-03
 7224.20   7.6730e-02   5.7867e-03
 7226.15   8.7800e-02   6.7219e-03
 7228.10   8.5784e-02   6.5339e-03
 7230.05   8.0303e-02   6.0362e-03
 7232.00   8.0897e-02   6.1228e-03
 7233.95   7.5898e-02   5.9216e-03
 7235.90   6.8528e-02   5.7117e-03
 7237.85   8.2744e-02   7.8102e-03
 7239.80   9.5276e-02   1.0001e-02
 7241.75   8.8119e-02   9.6672e-03
 7243.70   7.2978e-02   7.9756e-03
 7245.65   6.4515e-02   6.8527e-03
 7247.60   6.2415e-02   6.2257e-03
 7249.55   6.1186e-02   5.5713e-03
 7251.50   7.6090e-02   6.6483e-03
 7253.45   7.9337e-02   6.9617e-03
 7255.40   7.6391e-02   6.6354e-03
 7257.35   7.6864e-02   6.3905e-03
 7259.30   7.5408e-02   5.9401e-03
 7261.25   7.9563e-02   6.1978e-03
 7263.20   7.9097e-02   6.2454e-03
 7265.15   7.7549e-02   6.0975e-03
 7267.10   8.2694e-02   6.4797e-03
 7269.05   8.7572e-02   6.9117e-03
 7271.00   8.1979e-02   6.5572e-03
 7272.95   8.7034e-02   7.6847e-03
 7274.90   1.1103e-01   1.1341e-02
 7276.85   1.1742e-01   1.2880e-02
 7278.80   1.0547e-01   1.1115e-02
 7280.75   8.6543e-02   8.1630e-03
 7282.70   6.8833e-02   6.2128e-03
 7284.65   7.5629e-02   7.0479e-03
 7286.60   8.5393e-02   7.9072e-03
 7288.55   7.8211e-02   6.8075e-03
 7290.50   8.0104e-02   6.6987e-03
 7292.45   8.2653e-02   6.9150e-03
 7294.40   7.9679e-02   6.6895e-03
 7296.35   8.1588e-02   6.8683e-03
 7298.30   7.7055e-02   6.3757e-03
 7300.25   7.4878e-02   6.1662e-03
 7302.20   7.2730e-02   6.2568e-03
 7304.15   7.5403e-02   6.7315e-03
 7306.10   8.2641e-02   7.2132e-03
 7308.05   7.9721e-02   6.5249e-03
 7310.00   7.4658e-02   5.8733e-03
 7311.95   7.1292e-02   5.7635e-03
 7313.90   7.2846e-02   6.5702e-03
 7315.85   9.5602e-02   9.5543e-03
 7317.80   1.1807e-01   1.1966e-02
 7319.75   1.0421e-01   9.6704e-03
 7321.70   8.6566e-02   7.0596e-03
 7323.65   8.2912e-02   6.4023e-03
 7325.60   8.0438e-02   6.4346e-03
 7327.55   8.3825e-02   7.3083e-03
 7329.50   8.7975e-02   8.1627e-03
 7331.45   7.8594e-02   7.1476e-03
 7333.40   6.9533e-02   5.8535e-03
 7335.35   7.2458e-02   5.8651e-03
 7337.30   7.5692e-02   6.5673e-03
 7339.25   8.5909e-02   8.6277e-03
 7341.20   8.9044e-02   9.5908e-03
 7343.15   7.7856e-02   7.9989e-03
 7345.10   7.1941e-02   6.5126e-03
 7347.05   7.1773e-02   5.7611e-03
 7349.00   6.9759e-02   5.3245e-03
 7350.95   7.4100e-02   5.6448e-03
 7352.90   8.0284e-02   6.1456e-03
 7354.85   8.4165e-02   6.6204e-03
 7356.80   8.7602e-02   7.3393e-03
 7358.75   9.0820e-02   8.0470e-03
 7360.70   9.1696e-02   8.1439e-03
 7362.65   8.5735e-02   7.1743e-03
 7364.60   8.8000e-02   7.1489e-03
 7366.55   9.2725e-02   8.2126e-03
 7368.50   9.5137e-02   9.4012e-03
 7370.45   9.9038e-02   1.0099e-02
 7372.40   8.9077e-02   8.4461e-03
 7374.35   8.0431e-02   6.7754e-03
 7376.30   7.9406e-02   6.2827e-03
 7378.25   8.0195e-02   6.2513e-03
 7380.20   7.9500e-02   6.1660e-03
 7382.15   7.2164e-02   5.5702e-03
 7384.10   7.0917e-02   5.4710e-03
 7386.05   7.5483e-02   5.8373e-03
 7388.00   7.5449e-02   5.9339e-03
 7389.95   7.4829e-02   6.1448e-03
 7391.90   8.7142e-02   7.5116e-03
 7393.85   9.3247e-02   8.0197e-03
 7395.80   9.1502e-02   7.4884e-03
 7397.75   9.1426e-02   7.3881e-03
 7399.70   8.8222e-02   7.6848e-03
 7401.65   9.0820e-02   8.4901e-03
 7403.60   9.7697e-02   9.1068e-03
 7405.55   8.9937e-02   7.6956e-03
 7407.50   7.6606e-02   5.9119e-03
 7409.45   7.7363e-02   5.8509e-03
 7411.40   7.6664e-02   5.8068e-03
 7413.35   7.3012e-02   5.5061e-03
 7415.30   8.0846e-02   6.1427e-03
 7417.25   7.9390e-02   5.9757e-03
 7419.20   7.7893e-02   5.8578e-03
 7421.15   7.7308e-02   5.8032e-03
 7423.10   7.2415e-02   5.3793e-03
 7425.05   6.8223e-02   5.0593e-03
 7427.00   6.9579e-02   5.3390e-03
 7428.95   7.1659e-02   5.7720e-03
 7430.90   7.8522e-02   6.4658e-03
 7432.85   8.5519e-02   6.9380e-03
 7434.80   8.1660e-02   6.5687e-03
 7436.75   8.6992e-02   7.4341e-03
 7438.70   8.7401e-02   7.7900e-03
 7440.65   8.8296e-02   7.7163e-03
 7442.60   8.8813e-02   7.2928e-03
 7444.55   8.8961e-02   6.9794e-03
 7446.50   9.0633e-02   7.0404e-03
 7448.45   8.2169e-02   6.2879e-03
 7450.40   8.2817e-02   6.3357e-03
 7452.35   8.9152e-02   6.8869e-03
 7454.30   8.6197e-02   6.6198e-03
 7456.25   7.7795e-02   5.9232e-03
 7458.20   7.1704e-02   5.4692e-03
 7460.15   7.3544e-02   5.7125e-03
 7462.10   8.0779e-02   6.4450e-03
 7464.05   7.4651e-02   6.0041e-03
 7466.00   7.3129e-02   5.9551e-03
 7467.95   7.8936e-02   6.5441e-03
 7469.90   7.7147e-02   6.5135e-03
 7471.85   7.9663e-02   6.9365e-03
 7473.80   8.1723e-02   7.1782e-03
 7475.75   7.4385e-02   6.3837e-03
 7477.70   7.5891e-02   6.5375e-03
 7479.65   8.7185e-02   7.8060e-03
 7481.60   1.0227e-01   9.4126e-03
 7483.55   1.0095e-01   9.1794e-03
 7485.50   9.0283e-02   7.8851e-03
 7487.45   8.4232e-02   6.9920e-03
 7489.40   8.6301e-02   6.9856e-03
 7491.35   8.9137e-02   7.2624e-03
 7493.30   8.0637e-02   6.5514e-03
 7495.25   8.5626e-02   6.9642e-03
 7497.20   8.5177e-02   6.7903e-03
 7499.15   8.0779e-02   6.3486e-03
 7501.10   8.1632e-02   6.4161e-03
 7503.05   8.0131e-02   6.2675e-03
 7505.00   8.5313e-02   6.7046e-03
 7506.95   8.4337e-02   6.6211e-03
 7508.90   8.0057e-02   6.2611e-03
 7510.85   7.6401e-02   5.9276e-03
 7512.80   7.6712e-02   5.9714e-03
 7514.75   8.0213e-02   6.3850e-03
 7516.70   7.6966e-02   6.2105e-03
 7518.65   7.2918e-02   5.9720e-03
 7520.60   7.5736e-02   6.5993e-03
 7522.55   8.0632e-02   7.6826e-03
 7524.50   7.6812e-02   7.6033e-03
 7526.45   7.1900e-02   6.8297e-03
 7528.40   8.3623e-02   7.5215e-03
 7530.35   8.8285e-02   7.7598e-03
 7532.30   8.5263e-02   7.3387e-03
 7534.25   8.1880e-02   6.7660e-03
 7536.20   7.2778e-02   5.7944e-03
 7538.15   6.9924e-02   5.5464e-03
 7540.10   7.7990e-02   6.2874e-03
 7542.05   8.0827e-02   6.5177e-03
 7544.00   8.4159e-02   6.7523e-03
 7545.95   8.0734e-02   6.3932e-03
 7547.90   7.3939e-02   5.7752e-03
 7549.85   7.8527e-02   6.1789e-03
 7551.80   8.4709e-02   6.7383e-03
 7553.75   7.9428e-02   6.3491e-03
 7555.70   7.7698e-02   6.3589e-03
 7557.65   7.3483e-02   6.0965e-03
 7559.60   6.7683e-02   5.5035e-03
 7561.55   7.8129e-02   6.3394e-03
 7563.50   8.1672e-02   6.6669e-03
 7565.45   7.2584e-02   5.9072e-03
 7567.40   7.2765e-02   6.0656e-03
 7569.35   7.6522e-02   6.7748e-03
 7571.30   8.3742e-02   7.9095e-03
 7573.25   8.0347e-02   7.5447e-03
 7575.20   7.8796e-02   6.9331e-03
 7577.15   8.8882e-02   7.3792e-03
 7579.10   8.7423e-02   7.0037e-03
 7581.05   8.0969e-02   6.3988e-03
 7583.00   9.1662e-02   7.5296e-03
 7584.95   1.0013e-01   8.5971e-03
 7586.90   9.5414e-02   8.2401e-03
 7588.85   9.3289e-02   7.8452e-03
 7590.80   8.9822e-02   7.3292e-03
 7592.75   7.6374e-02   6.2128e-03
 7594.70   6.1071e-02   5.5048e-03
 7596.65   6.9428e-02   7.4851e-03
 7598.60   8.1285e-02   9.5802e-03
 7600.55   6.4757e-02   7.6836e-03
 7602.50   6.1101e-02   7.0593e-03
 7604.45   5.4329e-02   6.0252e-03
 7606.40   3.8071e-02   4.1098e-03
 7608.35   5.3671e-02   5.8683e-03
 7610.30   8.3116e-02   8.9257e-03
 7612.25   9.5454e-02   9.7344e-03
 7614.20   9.4476e-02   9.1597e-03
 7616.15   1.0561e-01   9.9671e-03
 7618.10   1.0724e-01   1.0076e-02
 7620.05   9.2176e-02   8.7373e-03
 7622.00   7.8170e-02   7.3421e-03
 7623.95   6.7300e-02   6.2478e-03
 7625.90   7.6624e-02   7.4846e-03
 7627.85   8.2881e-02   8.5398e-03
 7629.80   8.4708e-02   8.7202e-03
 7631.75   9.4021e-02   9.2977e-03
 7633.70   9.8001e-02   9.3646e-03
 7635.65   1.0566e-01   1.0034e-02
 7637.60   1.0043e-01   9.4728e-03
 7639.55   9.6877e-02   9.2093e-03
 7641.50   9.6892e-02   9.2376e-03
 7643.45   9.4954e-02   8.8965e-03
 7645.40   9.1727e-02   8.4366e-03
 7647.35   8.7074e-02   8.0388e-03
 7649.30   8.2153e-02   7.6502e-03
 7651.25   8.4724e-02   7.9390e-03
 7653.20   8.8575e-02   8.2624e-03
 7655.15   8.1565e-02   7.4154e-03
 7657.10   7.9327e-02   7.0357e-03
 7659.05   7.6277e-02   6.8445e-03
 7661.00   7.8890e-02   7.3307e-03
 7662.95   8.0689e-02   7.4325e-03
 7664.90   7.8484e-02   6.8638e-03
 7666.85   7.8854e-02   6.5014e-03
 7668.80   7.7287e-02   6.1810e-03
 7670.75   8.3841e-02   6.7775e-03
 7672.70   9.1106e-02   7.3863e-03
 7674.65   8.6355e-02   6.9224e-03
 7676.60   7.9357e-02   6.3127e-03
 7678.55   7.8624e-02   6.2812e-03
 7680.50   8.9299e-02   7.3346e-03
 7682.45   8.9264e-02   7.3812e-03
 7684.40   8.3819e-02   6.9632e-03
 7686.35   7.8872e-02   6.5684e-03
 7688.30   8.0597e-02   6.7241e-03
 7690.25   8.1857e-02   6.9270e-03
 7692.20   8.2495e-02   7.1634e-03
 7694.15   8.1676e-02   7.1559e-03
 7696.10   7.6470e-02   6.7494e-03
 7698.05   7.5446e-02   6.8052e-03
 7700.00   8.3058e-02   7.5104e-03
 7701.95   7.0321e-02   6.0380e-03
 7703.90   7.2272e-02   6.0399e-03
 7705.85   7.7909e-02   6.4794e-03
 7707.80   6.9544e-02   5.9830e-03
 7709.75   7.0349e-02   6.9801e-03
 7711.70   8.1065e-02   9.0944e-03
 7713.65   1.1557e-01   1.3998e-02
 7715.60   1.0187e-01   1.2474e-02
 7717.55   1.1966e-01   1.4284e-02
 7719.50   1.1682e-01   1.2780e-02
 7721.45   9.8431e-02   9.6679e-03
 7723.40   1.0537e-01   1.0213e-02
 7725.35   1.0320e-01   1.0109e-02
 7727.30   9.1027e-02   8.6325e-03
 7729.25   8.3836e-02   7.4616e-03
 7731.20   8.3290e-02   7.1218e-03
 7733.15   8.7528e-02   7.6108e-03
 7735.10   7.8604e-02   6.8133e-03
 7737.05   7.3886e-02   6.3578e-03
 7739.00   8.0908e-02   6.9555e-03
 7740.95   7.9631e-02   6.8214e-03
 7742.90   7.9443e-02   6.9187e-03
 7744.85   7.0351e-02   6.3116e-03
 7746.80   6.9401e-02   7.0514e-03
 7748.75   7.6725e-02   8.9678e-03
 7750.70   7.2390e-02   8.8719e-03
 7752.65   5.6187e-02   6.4104e-03
 7754.60   5.2568e-02   5.1626e-03
 7756.55   5.9279e-02   5.5079e-03
 7758.50   7.6336e-02   7.6364e-03
 7760.45   9.2594e-02   9.5651e-03
 7762.40   9.3111e-02   9.0816e-03
 7764.35   8.9851e-02   7.9835e-03
 7766.30   8.0695e-02   6.7524e-03
 7768.25   7.8119e-02   6.5452e-03
 7770.20   8.6860e-02   7.7139e-03
 7772.15   8.3195e-02   7.6928e-03
 7774.10   8.6045e-02   8.0354e-03
 7776.05   6.9839e-02   6.2851e-03
 7778.00   6.6233e-02   6.1635e-03
 7779.95   8.6589e-02   8.5405e-03
 7781.90   8.5305e-02   8.3255e-03
 7783.85   6.9908e-02   6.3859e-03
 7785.80   7.0750e-02   6.2825e-03
 7787.75   8.1358e-02   7.4828e-03
 7789.70   7.7334e-02   7.6802e-03
 7791.65   9.0102e-02   1.0039e-02
 7793.60   7.7835e-02   9.1411e-03
 7795.55   5.5115e-02   6.2285e-03
 7797.50   5.7165e-02   5.6717e-03
 7799.45   7.2230e-02   6.3469e-03
 7801.40   7.3195e-02   6.1723e-03
 7803.35   6.9395e-02   5.9361e-03
 7805.30   8.1888e-02   7.7301e-03
 7807.25   8.3116e-02   8.5530e-03
 7809.20   9.5282e-02   1.0042e-02
 7811.15   1.0320e-01   1.0336e-02
 7813.10   9.5465e-02   8.9285e-03
 7815.05   9.2440e-02   8.5067e-03
 7817.00   7.7271e-02   7.5107e-03
 7818.95   1.0205e-01   1.1623e-02
 7820.90   1.2997e-01   1.6359e-02
 7822.85   1.1183e-01   1.3654e-02
 7824.80   8.3694e-02   8.8698e-03
 7826.75   7.3730e-02   6.7277e-03
 7828.70   7.1933e-02   6.2246e-03
 7830.65   6.6452e-02   5.6701e-03
 7832.60   7.3812e-02   6.3273e-03
 7834.55   7.6235e-02   6.5096e-03
 7836.50   7.5260e-02   6.5767e-03
 7838.45   7.0098e-02   6.6886e-03
 7840.40   7.0991e-02   7.2951e-03
 7842.35   8.0776e-02   8.2787e-03
 7844.30   6.7978e-02   6.4385e-03
 7846.25   6.9019e-02   6.2773e-03
 7848.20   6.2583e-02   6.0770e-03
 7850.15   6.1032e-02   6.8577e-03
 7852.10   8.1214e-02   1.0260e-02
 7854.05   8.9941e-02   1.1457e-02
 7856.00   8.9355e-02   1.0550e-02
 7857.95   7.4550e-02   8.1521e-03
 7859.90   8.9268e-02   9.8367e-03
 7861.85   9.8551e-02   1.0600e-02
 7863.80   8.4297e-02   8.4394e-03
 7865.75   7.2013e-02   7.1003e-03
 7867.70   8.7765e-02   9.3622e-03
 7869.65   1.0101e-01   1.1409e-02
 7871.60   8.3489e-02   9.1392e-03
 7873.55   9.1144e-02   9.2932e-03
 7875.50   7.0349e-02   6.8060e-03
 7877.45   6.3414e-02   6.4926e-03
 7879.40   7.9588e-02   8.5824e-03
 7881.35   6.9740e-02   7.3669e-03
 7883.30   6.8103e-02   6.8206e-03
 7885.25   7.1937e-02   7.1581e-03
 7887.20   6.6751e-02   7.2184e-03
 7889.15   6.6464e-02   7.6852e-03
 7891.10   4.7797e-02   5.3464e-03
 7893.05   4.5635e-02   4.5705e-03
 7895.00   5.7213e-02   5.2354e-03
 7896.95   7.0202e-02   6.2942e-03
 7898.90   6.8303e-02   6.0417e-03
 7900.85   7.0427e-02   6.2119e-03
 7902.80   7.7531e-02   6.9643e-03
 7904.75   7.3259e-02   6.6528e-03
 7906.70   6.8980e-02   6.3598e-03
 7908.65   7.6943e-02   7.7880e-03
 7910.60   9.6327e-02   1.1515e-02
 7912.55   1.2777e-01   1.7107e-02
 7914.50   1.4028e-01   1.8807e-02
 7916.45   1.0227e-01   1.2438e-02
 7918.40   7.7831e-02   8.9048e-03
 7920.35   8.7633e-02   1.0364e-02
 7922.30   7.0885e-02   8.0408e-03
 7924.25   7.0812e-02   7.2131e-03
 7926.20   6.6762e-02   6.3699e-03
 7928.15   7.7585e-02   7.9741e-03
 7930.10   8.0082e-02   8.8694e-03
 7932.05   7.4047e-02   8.1465e-03
 7934.00   4.7555e-02   4.7034e-03
 7935.95   6.2344e-02   5.6868e-03
 7937.90   7.1527e-02   6.3835e-03
 7939.85   7.3429e-02   6.5766e-03
 7941.80   7.2694e-02   6.5875e-03
 7943.75   6.8911e-02   6.3838e-03
 7945.70   7.1804e-02   7.0037e-03
 7947.65   6.2215e-02   6.3930e-03
 7949.60   7.3577e-02   7.6790e-03
 7951.55   8.2451e-02   8.2566e-03
 7953.50   7.5213e-02   6.9948e-03
 7955.45   7.5387e-02   6.8158e-03
 7957.40   6.0536e-02   5.3760e-03
 7959.35   5.9964e-02   5.6476e-03
 7961.30   7.1600e-02   7.8892e-03
 7963.25   8.8982e-02   1.1132e-02
 7965.20   1.3963e-01   1.8193e-02
 7967.15   1.1142e-01   1.3162e-02
 7969.10   9.7494e-02   1.0193e-02
 7971.05   8.7553e-02   8.5042e-03
 7973.00   7.6443e-02   7.3413e-03
 7974.95   6.8033e-02   6.8688e-03
 7976.90   7.0729e-02   7.8311e-03
 7978.85   8.7171e-02   1.0082e-02
 7980.80   7.8116e-02   8.6288e-03
 7982.75   6.2891e-02   6.1913e-03
 7984.70   6.2777e-02   5.8082e-03
 7986.65   7.4055e-02   7.0556e-03
 7988.60   7.3931e-02   7.7103e-03
 7990.55   5.8149e-02   6.9501e-03
 7992.50   5.7901e-02   7.5442e-03
 7994.45   6.8295e-02   8.7332e-03
 7996.40   4.7642e-02   5.2321e-03
 7998.35   6.3057e-02   6.1545e-03
 8000.30   7.9707e-02   7.6090e-03
 8002.25   7.2115e-02   6.7357e-03
 8004.20   7.8436e-02   7.3593e-03
 8006.15   7.9601e-02   7.4398e-03
 8008.10   8.0323e-02   7.6181e-03
 8010.05   8.3158e-02   8.3135e-03
 8012.00   8.3661e-02   9.0567e-03
 8013.95   8.0782e-02   8.9256e-03
 8015.90   9.0002e-02   9.7020e-03
 8017.85   8.7026e-02   8.9668e-03
 8019.80   8.6170e-02   8.9094e-03
 8021.75   8.7345e-02   9.7684e-03
 8023.70   9.5031e-02   1.1794e-02
 8025.65   9.0926e-02   1.1746e-02
 8027.60   8.2643e-02   1.0014e-02
 8029.55   7.0070e-02   7.4966e-03
 8031.50   7.2458e-02   7.1234e-03
 8033.45   7.6593e-02   7.3078e-03
 8035.40   7.1572e-02   6.6686e-03
 8037.35   6.9121e-02   6.3633e-03
 8039.30   7.6465e-02   7.1110e-03
 8041.25   8.6339e-02   8.1676e-03
 8043.20   8.5543e-02   8.0489e-03
 8045.15   8.1571e-02   7.6875e-03
 8047.10   7.6905e-02   7.4211e-03
 8049.05   7.7786e-02   7.9179e-03
 8051.00   8.0479e-02   8.5361e-03
 8052.95   7.2511e-02   7.5371e-03
 8054.90   6.3179e-02   6.1906e-03
 8056.85   6.1093e-02   5.9208e-03
 8058.80   6.8066e-02   7.2323e-03
 8060.75   9.5999e-02   1.1156e-02
 8062.70   1.0311e-01   1.2001e-02
 8064.65   8.3891e-02   8.9720e-03
 8066.60   8.5482e-02   8.4516e-03
 8068.55   9.1064e-02   8.8691e-03
 8070.50   9.0753e-02   8.7886e-03
 8072.45   8.0852e-02   7.7267e-03
 8074.40   6.2516e-02   5.8748e-03
 8076.35   7.2099e-02   6.9349e-03
 8078.30   8.1850e-02   7.9130e-03
 8080.25   7.2232e-02   6.8603e-03
 8082.20   8.5857e-02   8.3418e-03
 8084.15   8.3696e-02   8.1269e-03
 8086.10   7.1899e-02   6.8886e-03
 8088.05   6.4807e-02   6.1022e-03
 8090.00   6.7752e-02   6.5288e-03
 8091.95   7.9523e-02   8.0290e-03
 8093.90   6.8809e-02   6.9148e-03
 8095.85   5.9861e-02   5.8230e-03
 8097.80   6.0764e-02   5.8983e-03
 8099.75   7.3082e-02   7.6058e-03
 8101.70   6.7496e-02   7.1974e-03
 8103.65   8.0289e-02   8.5332e-03
 8105.60   9.1555e-02   9.4367e-03
 8107.55   7.1857e-02   6.9792e-03
 8109.50   7.3214e-02   7.0562e-03
 8111.45   7.3034e-02   7.0089e-03
 8113.40   7.8669e-02   7.6147e-03
 8115.35   8.8338e-02   8.6905e-03
 8117.30   8.0137e-02   7.7847e-03
 8119.25   8.4089e-02   8.1393e-03
 8121.20   1.0058e-01   9.9628e-03
 8123.15   8.5231e-02   8.3867e-03
 8125.10   7.9473e-02   7.7775e-03
 8127.05   8.1589e-02   7.9879e-03
 8129.00   8.5555e-02   8.4232e-03
 8130.95   6.9438e-02   6.6504e-03
 8132.90   7.7387e-02   7.4748e-03
 8134.85   8.1001e-02   7.9157e-03
 8136.80   6.6542e-02   6.4891e-03
 8138.75   7.6291e-02   7.6309e-03
 8140.70   7.3977e-02   7.2470e-03
 8142.65   8.2046e-02   8.0241e-03
 8144.60   8.4692e-02   8.4773e-03
 8146.55   6.5346e-02   6.4364e-03
 8148.50   8.7082e-02   8.6456e-03
 8150.45   8.0092e-02   7.7090e-03
 8152.40   7.1004e-02   6.6854e-03
 8154.35   7.4473e-02   7.0806e-03
 8156.30   9.5512e-02   9.3533e-03
 8158.25   6.7777e-02   6.3454e-03
 8160.20   7.0358e-02   6.6486e-03
 8162.15   8.0608e-02   7.6853e-03
 8164.10   9.7712e-02   9.5323e-03
 8166.05   6.7542e-02   6.3946e-03
 8168.00   8.4196e-02   8.2714e-03
 8169.95   7.0199e-02   6.7805e-03
 8171.90   8.0821e-02   8.0241e-03
 8173.85   8.6737e-02   8.7459e-03
 8175.80   7.9298e-02   7.8364e-03
 8177.75   7.9749e-02   7.9808e-03
 8179.70   9.8072e-02   1.0194e-02
 8181.65   7.8352e-02   8.2027e-03
 8183.60   6.6880e-02   6.9468e-03
 8185.55   8.2750e-02   8.8377e-03
 8187.50   6.8758e-02   7.1805e-03
 8189.45   7.4879e-02   7.8164e-03
 8191.40   5.8369e-02   6.0639e-03
 8193.35   4.9910e-02   5.2951e-03
 8195.30   5.2008e-02   5.4904e-03
 8197.25   7.5546e-02   7.9790e-03
 8199.20   6.1388e-02   6.2563e-03
 8201.15   7.9197e-02   8.2944e-03
 8203.10   7.9209e-02   8.3806e-03
 8205.05   8.3852e-02   8.9562e-03
 8207.00   7.4519e-02   7.8134e-03
 8208.95   7.7953e-02   8.1350e-03
 8210.90   9.5480e-02   1.0133e-02
 8212.85   8.4850e-02   8.7604e-03
 8214.80   7.5001e-02   7.6616e-03
 8216.75   7.4928e-02   7.6488e-03
 8218.70   7.6451e-02   7.7179e-03
 8220.65   6.6561e-02   6.5715e-03
 8222.60   6.4410e-02   6.2397e-03
 8224.55   8.3803e-02   8.3370e-03
 8226.50   8.0205e-02   8.1338e-03
 8228.45   7.4832e-02   7.5129e-03
 8230.40   5.8301e-02   5.5967e-03
 8232.35   6.8256e-02   6.7236e-03
 8234.30   8.0140e-02   8.0037e-03
 8236.25   7.0550e-02   6.9117e-03
 8238.20   6.6558e-02   6.5451e-03
 8240.15   6.5286e-02   6.4785e-03
 8242.10   6.9321e-02   6.9440e-03
 8244.05   7.2388e-02   7.3359e-03
 8246.00   7.8683e-02   8.1547e-03
 8247.95   8.0370e-02   8.4142e-03
 8249.90   7.7995e-02   8.0677e-03
 8251.85   6.9936e-02   7.0965e-03
 8253.80   7.0671e-02   7.1645e-03
 8255.75   7.3363e-02   7.4419e-03
 8257.70   7.1743e-02   7.2748e-03
 8259.65   8.5966e-02   8.8908e-03
 8261.60   8.2759e-02   8.5386e-03
 8263.55   7.0960e-02   7.2513e-03
 8265.50   7.4922e-02   7.7305e-03
 8267.45   7.8124e-02   8.0959e-03
 8269.40   7.1860e-02   7.4608e-03
 8271.35   6.4476e-02   6.8010e-03
 8273.30   7.3661e-02   8.1922e-03
 8275.25   7.6173e-02   9.2308e-03
 8277.20   5.3950e-02   7.0921e-03
 8279.15   5.7671e-02   8.0902e-03
 8281.10   6.6742e-02   9.4899e-03
 8283.05   2.7965e-02   3.7911e-03
 8285.00   4.0236e-02   5.5809e-03
 8286.95   7.5782e-02   1.1133e-02
 8288.90   8.1839e-02   1.1723e-02
 8290.85   8.6462e-02   1.1445e-02
 8292.80   5.8661e-02   7.5195e-03
 8294.75   9.8908e-02   1.4106e-02
 8296.70   1.1932e-01   1.8285e-02
 8298.65   1.0117e-01   1.5169e-02
 8300.60   1.0276e-01   1.3945e-02
 8302.55   7.6737e-02   8.9674e-03
 8304.50   8.3692e-02   9.4677e-03
 8306.45   7.0017e-02   8.0915e-03
 8308.40   8.0195e-02   9.9240e-03
 8310.35   9.6301e-02   1.2100e-02
 8312.30   9.3725e-02   1.1064e-02
 8314.25   6.9821e-02   7.4135e-03
 8316.20   6.8621e-02   7.1752e-03
 8318.15   5.7972e-02   5.9576e-03
 8320.10   6.2450e-02   6.4554e-03
 8322.05   7.0358e-02   7.2456e-03
 8324.00   7.5078e-02   7.6658e-03
 8325.95   7.5065e-02   7.7805e-03
 8327.90   7.6164e-02   7.9722e-03
 8329.85   6.9275e-02   7.2588e-03
 8331.80   6.0459e-02   6.3498e-03
 8333.75   7.6066e-02   8.4357e-03
 8335.70   7.9335e-02   9.5525e-03
 8337.65   1.0803e-01   1.4499e-02
 8339.60   8.8702e-02   1.3261e-02
 8341.55   6.6647e-02   1.1344e-02
 8343.50   8.6326e-02   1.5428e-02
 8345.45   5.6621e-02   9.3793e-03
 8347.40  -7.8330e-03  -1.0793e-03
 8349.35   5.8049e-02   7.9135e-03
 8351.30   7.4445e-02   1.0610e-02
 8353.25   5.7225e-02   7.8138e-03
 8355.20   4.9127e-02   5.9126e-03
 8357.15   5.2451e-02   5.8351e-03
 8359.10   7.7854e-02   9.0548e-03
 8361.05   9.0093e-02   1.1089e-02
 8363.00   1.0630e-01   1.3597e-02
 8364.95   9.3839e-02   1.1624e-02
 8366.90   8.4637e-02   9.7081e-03
 8368.85   8.0055e-02   8.5946e-03
 8370.80   7.6292e-02   8.0921e-03
 8372.75   8.2128e-02   8.9565e-03
 8374.70   9.1126e-02   1.0362e-02
 8376.65   7.7532e-02   9.1827e-03
 8378.60   7.0152e-02   8.8842e-03
 8380.55   6.2531e-02   8.3006e-03
 8382.50   6.5174e-02   8.4708e-03
 8384.45   7.5046e-02   8.9290e-03
 8386.40   8.4606e-02   9.4897e-03
 8388.35   8.7540e-02   1.0000e-02
 8390.30   7.2487e-02   8.5336e-03
 8392.25   8.4051e-02   1.0562e-02
 8394.20   4.9208e-02   6.6381e-03
 8396.15   9.0591e-02   1.4124e-02
 8398.10   8.8332e-02   1.4323e-02
 8400.05   6.8675e-02   1.0180e-02
 8402.00   5.7759e-02   7.0092e-03
 8403.95   7.3780e-02   8.1079e-03
 8405.90   7.1025e-02   7.7155e-03
 8407.85   7.1737e-02   7.9915e-03
 8409.80   7.6725e-02   9.0608e-03
 8411.75   9.3804e-02   1.2313e-02
 8413.70   1.1225e-01   1.5624e-02
 8415.65   6.5321e-02   8.4856e-03
 8417.60   5.2273e-02   5.9715e-03
 8419.55   6.7735e-02   7.6413e-03
 8421.50   8.5479e-02   1.0357e-02
 8423.45   7.8173e-02   9.9957e-03
 8425.40   3.3939e-02   4.7187e-03
 8427.35   8.4209e-02   1.3512e-02
 8429.30   1.1183e-01   1.8628e-02
 8431.25   8.5563e-02   1.2710e-02
 8433.20   7.4789e-02   9.1039e-03
 8435.15   7.6315e-02   8.1989e-03
 8437.10   6.2557e-02   6.3579e-03
 8439.05   6.2617e-02   6.3329e-03
 8441.00   7.6509e-02   7.9181e-03
 8442.95   7.0366e-02   7.3589e-03
 8444.90   5.5893e-02   5.9684e-03
 8446.85   6.7970e-02   7.8245e-03
 8448.80   9.5852e-02   1.2363e-02
 8450.75   9.0196e-02   1.2123e-02
 8452.70   6.9425e-02   8.8028e-03
 8454.65   5.4858e-02   6.3315e-03
 8456.60   7.0235e-02   8.1109e-03
 8458.55   8.9031e-02   1.0840e-02
 8460.50   7.1009e-02   9.3388e-03
 8462.45   7.5889e-02   1.1225e-02
 8464.40   8.7986e-02   1.3476e-02
 8466.35   7.9283e-02   1.0921e-02
 8468.30   8.0929e-02   9.3483e-03
 8470.25   8.3119e-02   8.8651e-03
 8472.20   7.6551e-02   8.0067e-03
 8474.15   6.8010e-02   6.9312e-03
 8476.10   6.8449e-02   6.8987e-03
 8478.05   7.3094e-02   7.3730e-03
 8480.00   7.0487e-02   7.0846e-03
 8481.95   7.4016e-02   7.6411e-03
 8483.90   9.4780e-02   1.0320e-02
 8485.85   8.1199e-02   8.7641e-03
 8487.80   7.3397e-02   8.1439e-03
 8489.75   9.3360e-02   1.1315e-02
 8491.70   8.8447e-02   1.1178e-02
 8493.65   7.4846e-02   9.2485e-03
 8495.60   8.1509e-02   9.7304e-03
 8497.55   8.1184e-02   9.5460e-03
 8499.50   9.0702e-02   1.1340e-02
 8501.45   8.7794e-02   1.1894e-02
 8503.40   8.4333e-02   1.1791e-02
 8505.35   6.6386e-02   8.6051e-03
 8507.30   7.7692e-02   8.9217e-03
 8509.25   9.9477e-02   1.0803e-02
 8511.20   7.3934e-02   7.5695e-03
 8513.15   7.4661e-02   7.6586e-03
 8515.10   8.1681e-02   8.5173e-03
 8517.05   7.0035e-02   7.2061e-03
 8519.00   8.7700e-02   9.3010e-03
 8520.95   9.8390e-02   1.0651e-02
 8522.90   9.2486e-02   9.8841e-03
 8524.85   9.0902e-02   9.6097e-03
 8526.80   8.2215e-02   8.7397e-03
 8528.75   7.6078e-02   8.0973e-03
 8530.70   7.8014e-02   8.3441e-03
 8532.65   7.6411e-02   8.3168e-03
 8534.60   7.7880e-02   8.9649e-03
 8536.55   9.9564e-02   1.2258e-02
 8538.50   6.4856e-02   7.7123e-03
 8540.45   6.9234e-02   8.0272e-03
