 
TRANSIENT_NAME:     DES14X1oes 
SNID:               1313594    
OBS_DATE:           2014-12-19
MJD:                57010. 
PHASE:              +6.    
MJD_MAX:            57002.2
TYPE:               1  
SPEC_EVAL:          SNIa
REDSHIFT:           0.2970  
REDSHIFT_ERR:       0.0050  
REDSHIFT_SOURCE:    Z_SN
TELESCOPE:          SALT
INSTRUMENT:         RSS
 
======================================
 
# WAVE  FLUX  FLUX_ERR
 3832.82   3.1697e-19   2.3377e-19
 3835.88   2.5008e-19   2.3956e-19
 3838.94   1.7614e-19   1.6736e-19
 3842.00   1.3489e-19   1.9599e-19
 3845.06   2.0152e-19   2.1661e-19
 3848.11   3.4856e-19   2.2727e-19
 3851.17   2.9964e-19   2.2870e-19
 3854.23   5.7541e-20   1.1784e-19
 3857.29   3.2065e-19   2.3027e-19
 3860.35   4.2409e-19   2.1666e-19
 3863.41  -7.5163e-20   1.2544e-19
 3866.47   6.0913e-21   3.9867e-20
 3869.53   3.6645e-19   2.3579e-19
 3872.58   3.3380e-19   2.0783e-19
 3875.64   3.2912e-19   2.0671e-19
 3878.70   2.6343e-19   2.0629e-19
 3881.76   2.5702e-19   2.2386e-19
 3884.82   1.5687e-19   1.9608e-19
 3887.88   2.1176e-19   2.0349e-19
 3890.94   2.6397e-19   2.0419e-19
 3894.00   3.9664e-19   2.7753e-19
 3897.05   4.2701e-19   2.8986e-19
 3900.11   2.9843e-19   2.5630e-19
 3903.17   2.9168e-19   2.1993e-19
 3906.23   3.8542e-19   2.3483e-19
 3909.29   4.4594e-19   2.3521e-19
 3912.35   4.7925e-19   2.4365e-19
 3915.41   3.8068e-19   2.2578e-19
 3918.47   3.4120e-19   2.3264e-19
 3921.53   3.3109e-19   2.0497e-19
 3924.58   5.7342e-19   2.3951e-19
 3927.64   4.3495e-19   2.1636e-19
 3930.70   3.3615e-19   1.9843e-19
 3933.76   3.3777e-19   2.1502e-19
 3936.82   2.1013e-19   2.3290e-19
 3939.88   2.7203e-19   2.3658e-19
 3942.94   3.8438e-19   2.3316e-19
 3946.00   1.8540e-19   1.6625e-19
 3949.05   2.2165e-19   2.1909e-19
 3952.11   3.2828e-19   2.4017e-19
 3955.17   3.9598e-19   2.2641e-19
 3958.23   4.2411e-19   2.1576e-19
 3961.29   3.9659e-19   2.1362e-19
 3964.35   2.2585e-19   1.6902e-19
 3967.41   2.4845e-19   1.8935e-19
 3970.47   4.3835e-19   2.2255e-19
 3973.52   4.9038e-19   2.4203e-19
 3976.58   5.4577e-19   2.5005e-19
 3979.64   4.6734e-19   2.5126e-19
 3982.70   6.1756e-19   2.4393e-19
 3985.76   4.2930e-19   2.1024e-19
 3988.82   1.0161e-19   1.2802e-19
 3991.88  -1.9244e-19   1.6013e-19
 3994.94   1.2701e-19   1.7121e-19
 3997.99   4.0529e-19   2.6247e-19
 4001.05   4.8631e-19   2.7860e-19
 4004.11   4.6170e-19   2.5042e-19
 4007.17   4.8591e-19   2.4774e-19
 4010.23   4.9508e-19   2.7610e-19
 4013.29   4.1997e-19   2.5396e-19
 4016.35   5.2888e-19   2.3516e-19
 4019.41   4.0427e-19   2.4215e-19
 4022.46   3.3894e-19   2.2680e-19
 4025.52   4.9745e-19   2.2831e-19
 4028.58   4.1935e-19   2.2719e-19
 4031.64   3.4298e-19   2.9783e-19
 4034.70   3.4607e-19   2.7723e-19
 4037.76   4.5360e-19   2.7043e-19
 4040.82   5.6646e-19   2.4723e-19
 4043.88   7.0691e-19   2.3299e-19
 4046.94   7.2108e-19   2.3018e-19
 4049.99   5.5973e-19   2.4202e-19
 4053.05   4.5934e-19   2.4128e-19
 4056.11   6.9271e-19   2.5689e-19
 4059.17   6.0640e-19   2.5860e-19
 4062.23   5.5678e-19   2.6396e-19
 4065.29   5.0935e-19   2.6160e-19
 4068.35   6.6912e-19   2.4621e-19
 4071.41   5.5465e-19   2.3851e-19
 4074.46   4.3743e-19   2.5968e-19
 4077.52   4.5528e-19   2.9105e-19
 4080.58   4.8386e-19   2.6182e-19
 4083.64   3.1985e-19   2.3384e-19
 4086.70   3.7871e-19   2.6416e-19
 4089.76   5.2765e-19   2.3371e-19
 4092.82   5.3109e-19   2.3269e-19
 4095.88   5.1115e-19   2.1581e-19
 4098.93   5.1528e-19   2.2909e-19
 4101.99   5.1391e-19   2.2412e-19
 4105.05   4.0591e-19   2.3873e-19
 4108.11   5.4737e-19   2.3264e-19
 4111.17   5.3200e-19   2.2035e-19
 4114.23   4.3209e-19   2.1803e-19
 4117.29   3.2484e-19   2.3062e-19
 4120.35   4.9619e-19   2.5883e-19
 4123.40   5.8713e-19   2.3623e-19
 4126.46   5.2826e-19   2.3583e-19
 4129.52   4.8938e-19   2.5431e-19
 4132.58   4.9269e-19   2.3797e-19
 4135.64   3.5750e-19   2.1521e-19
 4138.70   3.7863e-19   2.1940e-19
 4141.76   4.5339e-19   2.3669e-19
 4144.82   4.2093e-19   2.7334e-19
 4147.88   3.9461e-19   2.3382e-19
 4150.93   6.6901e-19   2.2879e-19
 4153.99   7.5827e-19   2.4459e-19
 4157.05   6.6667e-19   2.7274e-19
 4160.11   3.8090e-19   2.3918e-19
 4163.17   5.1715e-19   2.4481e-19
 4166.23   5.1612e-19   2.4594e-19
 4169.29   5.2412e-19   2.4626e-19
 4172.35   5.3113e-19   2.4047e-19
 4175.40   4.8895e-19   2.2800e-19
 4178.46   5.4206e-19   2.3173e-19
 4181.52   5.7124e-19   2.3474e-19
 4184.58   6.6852e-19   2.4681e-19
 4187.64   6.5257e-19   2.1951e-19
 4190.70   6.5100e-19   2.3556e-19
 4193.76   4.9625e-19   2.3209e-19
 4196.82   4.8823e-19   2.1455e-19
 4199.87   5.1672e-19   2.0805e-19
 4202.93   5.1775e-19   2.2443e-19
 4205.99   4.6275e-19   2.0671e-19
 4209.05   3.4888e-19   2.0659e-19
 4212.11   3.9879e-19   2.0927e-19
 4215.17   5.8805e-19   2.1410e-19
 4218.23   5.2868e-19   1.9416e-19
 4221.29   4.9657e-19   1.9156e-19
 4224.34   4.8187e-19   1.8936e-19
 4227.40   6.4287e-19   2.0652e-19
 4230.46   5.8820e-19   1.8991e-19
 4233.52   4.7945e-19   1.9210e-19
 4236.58   5.1979e-19   1.9790e-19
 4239.64   5.4060e-19   2.0477e-19
 4242.70   4.6955e-19   2.0460e-19
 4245.76   2.9008e-19   1.9134e-19
 4248.81   4.3547e-19   2.1976e-19
 4251.87   4.9581e-19   2.1994e-19
 4254.93   4.7557e-19   2.0855e-19
 4257.99   5.6767e-19   2.0359e-19
 4261.05   5.7136e-19   2.0529e-19
 4264.11   4.9629e-19   2.2522e-19
 4267.17   3.9360e-19   1.9821e-19
 4270.23   5.6556e-19   1.9986e-19
 4273.28   6.5199e-19   2.0781e-19
 4276.34   5.9071e-19   2.0819e-19
 4279.40   6.6054e-19   2.0400e-19
 4282.46   6.0508e-19   1.9036e-19
 4285.52   6.7063e-19   1.9601e-19
 4288.58   8.0774e-19   2.0895e-19
 4291.64   5.8999e-19   1.8398e-19
 4294.70   6.4835e-19   1.9352e-19
 4297.75   5.9241e-19   1.8958e-19
 4300.81   5.0408e-19   2.0034e-19
 4303.87   3.6771e-19   1.9483e-19
 4306.93   3.9605e-19   1.9048e-19
 4309.99   4.3412e-19   1.9787e-19
 4313.05   4.6502e-19   2.1672e-19
 4316.11   4.5741e-19   1.9860e-19
 4319.17   3.5480e-19   1.9700e-19
 4322.23   4.8333e-19   2.0276e-19
 4325.28   5.2811e-19   1.9823e-19
 4328.34   5.4497e-19   1.9729e-19
 4331.40   5.5395e-19   1.8889e-19
 4334.46   5.5432e-19   1.8679e-19
 4337.52   7.4066e-19   1.9573e-19
 4340.58   7.0437e-19   1.9878e-19
 4343.64   5.4836e-19   1.9785e-19
 4346.70   4.4309e-19   1.8374e-19
 4349.75   5.0555e-19   2.0464e-19
 4352.81   4.8514e-19   2.1258e-19
 4355.87   4.5796e-19   2.1666e-19
 4358.93   4.9346e-19   1.9928e-19
 4361.99   5.4533e-19   1.9373e-19
 4365.05   6.1670e-19   1.9707e-19
 4368.11   6.0438e-19   1.9977e-19
 4371.17   5.1910e-19   2.0197e-19
 4374.22   4.3484e-19   1.9309e-19
 4377.28   4.4132e-19   1.9026e-19
 4380.34   5.6279e-19   1.8667e-19
 4383.40   6.8270e-19   1.8957e-19
 4386.46   6.0856e-19   1.8116e-19
 4389.52   4.8817e-19   1.7699e-19
 4392.58   5.4258e-19   1.9523e-19
 4395.64   4.3463e-19   1.8246e-19
 4398.69   4.6917e-19   2.1074e-19
 4401.75   5.1134e-19   1.9662e-19
 4404.81   6.9243e-19   2.2028e-19
 4407.87   6.1920e-19   2.2753e-19
 4410.93   6.4218e-19   2.1925e-19
 4413.99   6.1736e-19   2.0117e-19
 4417.05   6.3995e-19   2.0034e-19
 4420.11   7.1998e-19   2.0398e-19
 4423.17   7.4589e-19   2.0481e-19
 4426.22   5.7121e-19   2.0068e-19
 4429.28   4.4503e-19   2.0583e-19
 4432.34   4.3920e-19   1.9975e-19
 4435.40   3.9925e-19   1.8352e-19
 4438.46   4.7794e-19   1.8590e-19
 4441.52   5.2912e-19   1.8911e-19
 4444.58   6.0735e-19   1.9162e-19
 4447.64   7.0344e-19   1.8861e-19
 4450.69   7.3354e-19   1.8291e-19
 4453.75   7.7605e-19   1.8402e-19
 4456.81   6.4398e-19   1.9442e-19
 4459.87   5.0696e-19   1.8687e-19
 4462.93   5.4910e-19   1.7721e-19
 4465.99   5.7394e-19   1.8054e-19
 4469.05   5.4898e-19   1.8380e-19
 4472.11   4.5715e-19   1.8376e-19
 4475.16   5.2005e-19   2.0127e-19
 4478.22   5.1668e-19   1.7408e-19
 4481.28   5.0379e-19   1.7823e-19
 4484.34   5.5652e-19   1.8999e-19
 4487.40   6.3914e-19   1.7856e-19
 4490.46   6.0625e-19   1.7467e-19
 4493.52   5.9062e-19   1.8073e-19
 4496.58   6.8102e-19   1.9293e-19
 4499.63   6.2057e-19   1.9133e-19
 4502.69   6.5145e-19   1.8039e-19
 4505.75   6.6641e-19   1.9003e-19
 4508.81   6.6618e-19   1.9125e-19
 4511.87   7.6150e-19   1.9157e-19
 4514.93   7.9010e-19   1.8522e-19
 4517.99   8.0726e-19   1.9107e-19
 4521.05   7.0557e-19   1.8762e-19
 4524.10   6.9537e-19   1.8879e-19
 4527.16   8.6539e-19   1.9577e-19
 4530.22   8.6853e-19   1.8967e-19
 4533.28   7.4670e-19   1.9367e-19
 4536.34   5.8516e-19   1.9770e-19
 4539.40   6.9594e-19   1.9063e-19
 4542.46   7.5182e-19   1.9229e-19
 4545.52   7.5859e-19   1.8656e-19
 4548.58   7.8775e-19   1.9014e-19
 4551.63   9.2610e-19   1.8990e-19
 4554.69   7.9809e-19   1.8392e-19
 4557.75   6.7462e-19   1.8891e-19
 4560.81   8.0994e-19   1.8187e-19
 4563.87   9.0590e-19   1.7981e-19
 4566.93   9.3238e-19   1.8199e-19
 4569.99   8.8189e-19   1.8271e-19
 4573.05   8.4508e-19   1.8250e-19
 4576.10   9.5161e-19   1.8220e-19
 4579.16   9.2554e-19   1.8433e-19
 4582.22   7.9767e-19   1.8250e-19
 4585.28   9.8762e-19   1.8248e-19
 4588.34   9.0921e-19   1.7836e-19
 4591.40   8.3961e-19   1.8493e-19
 4594.46   7.6696e-19   1.7902e-19
 4597.52   8.2894e-19   1.8085e-19
 4600.57   9.7907e-19   1.8388e-19
 4603.63   9.1891e-19   1.7883e-19
 4606.69   8.8348e-19   1.8036e-19
 4609.75   8.9190e-19   1.7919e-19
 4612.81   1.0014e-18   1.7543e-19
 4615.87   9.1923e-19   1.7741e-19
 4618.93   8.9483e-19   1.8008e-19
 4621.99   7.9748e-19   1.7293e-19
 4625.04   9.6994e-19   1.7309e-19
 4628.10   8.7772e-19   1.7059e-19
 4631.16   7.9435e-19   1.7710e-19
 4634.22   9.0895e-19   1.7795e-19
 4637.28   9.8156e-19   1.7430e-19
 4640.34   8.8271e-19   1.7439e-19
 4643.40   1.0115e-18   1.8366e-19
 4646.46   9.7271e-19   1.7720e-19
 4649.51   8.3394e-19   1.7150e-19
 4652.57   8.0761e-19   1.7592e-19
 4655.63   7.6099e-19   1.8165e-19
 4658.69   8.5224e-19   1.7654e-19
 4661.75   8.7006e-19   1.7427e-19
 4664.81   9.5312e-19   1.8530e-19
 4667.87   9.5244e-19   1.8281e-19
 4670.93   8.5094e-19   1.7783e-19
 4673.98   8.4009e-19   1.7055e-19
 4677.04   8.4704e-19   1.7551e-19
 4680.10   1.0125e-18   1.7955e-19
 4683.16   9.8423e-19   1.7545e-19
 4686.22   8.8137e-19   1.8452e-19
 4689.28   9.4760e-19   1.8474e-19
 4692.34   1.0590e-18   1.8079e-19
 4695.40   1.0408e-18   1.7402e-19
 4698.46   9.1521e-19   1.7036e-19
 4701.51   8.5814e-19   1.7163e-19
 4704.57   8.8238e-19   1.6565e-19
 4707.63   9.8596e-19   1.7400e-19
 4710.69   9.2466e-19   1.7581e-19
 4713.75   7.4454e-19   1.6692e-19
 4716.81   7.6955e-19   1.7321e-19
 4719.87   8.0493e-19   1.6306e-19
 4722.93   8.0527e-19   1.6465e-19
 4725.98   9.6154e-19   1.6400e-19
 4729.04   8.8042e-19   1.6450e-19
 4732.10   8.8828e-19   1.7446e-19
 4735.16   8.4545e-19   1.6591e-19
 4738.22   8.3546e-19   1.6614e-19
 4741.28   8.1058e-19   1.5835e-19
 4744.34   8.8522e-19   1.6460e-19
 4747.40   8.8217e-19   1.6298e-19
 4750.45   7.1277e-19   1.5819e-19
 4753.51   8.1175e-19   1.7035e-19
 4756.57   9.3239e-19   1.8361e-19
 4759.63   6.7306e-19   1.7046e-19
 4762.69   8.0361e-19   1.7202e-19
 4765.75   7.0138e-19   1.6123e-19
 4768.81   8.1715e-19   1.6329e-19
 4771.87   6.6595e-19   1.6852e-19
 4774.92   5.9785e-19   1.6792e-19
 4777.98   7.5917e-19   1.5632e-19
 4781.04   7.0576e-19   1.6143e-19
 4784.10   6.4331e-19   1.7108e-19
 4787.16   8.0522e-19   1.6344e-19
 4790.22   6.6851e-19   1.5663e-19
 4793.28   6.7716e-19   1.5562e-19
 4796.34   7.9406e-19   1.6716e-19
 4799.40   8.5239e-19   1.6058e-19
 4802.45   8.2901e-19   1.5615e-19
 4805.51   9.5025e-19   1.5855e-19
 4808.57   9.9757e-19   1.6258e-19
 4811.63   7.6196e-19   1.6011e-19
 4814.69   7.9150e-19   1.6866e-19
 4817.75   8.5367e-19   1.5914e-19
 4820.81   8.3076e-19   1.6494e-19
 4823.87   7.5432e-19   1.6535e-19
 4826.92   6.9078e-19   1.7522e-19
 4829.98   8.5252e-19   1.6524e-19
 4833.04   6.7048e-19   1.7247e-19
 4836.10   7.3778e-19   1.5917e-19
 4839.16   5.6443e-19   1.7633e-19
 4842.22   5.8292e-19   1.6377e-19
 4845.28   5.9429e-19   1.6937e-19
 4848.34   6.5941e-19   1.5621e-19
 4851.39   7.4069e-19   1.5533e-19
 4854.45   5.0526e-19   1.4194e-19
 4857.51   5.8195e-19   1.5718e-19
 4860.57   5.2381e-19   1.4845e-19
 4863.63   8.1121e-19   1.6159e-19
 4866.69   6.4947e-19   1.5305e-19
 4869.75   6.7318e-19   1.6661e-19
 4872.81   6.6178e-19   1.7199e-19
 4875.86   6.3151e-19   1.7552e-19
 4878.92   6.5729e-19   1.6019e-19
 4881.98   6.9176e-19   1.5100e-19
 4885.04   6.5143e-19   1.5410e-19
 4888.10   5.8226e-19   1.4918e-19
 4891.16   6.5098e-19   1.6026e-19
 4894.22   6.7242e-19   1.6758e-19
 4897.28   5.3439e-19   1.7185e-19
 4900.33   6.0184e-19   1.5501e-19
 4903.39   6.4165e-19   1.5006e-19
 4906.45   5.6022e-19   1.6894e-19
 4909.51   6.7167e-19   1.4235e-19
 4912.57   6.8872e-19   1.4519e-19
 4915.63   5.2633e-19   1.4785e-19
 4918.69   6.1253e-19   1.4178e-19
 4921.75   8.2060e-19   1.5235e-19
 4924.80   5.9398e-19   1.4508e-19
 4927.86   5.1315e-19   1.4272e-19
 4930.92   5.9938e-19   1.3309e-19
 5093.04   1.0446e-18   1.3715e-19
 5096.10   1.1941e-18   1.4539e-19
 5099.16   1.1882e-18   1.4251e-19
 5102.21   1.2451e-18   1.4256e-19
 5105.27   1.2697e-18   1.4219e-19
 5108.33   1.1311e-18   1.4543e-19
 5111.39   1.1078e-18   1.4607e-19
 5114.45   1.0532e-18   1.4301e-19
 5117.51   9.8726e-19   1.3704e-19
 5120.57   1.0350e-18   1.3960e-19
 5123.63   1.0556e-18   1.4337e-19
 5126.68   1.0561e-18   1.4919e-19
 5129.74   1.1269e-18   1.5220e-19
 5132.80   1.1683e-18   1.4771e-19
 5135.86   1.0704e-18   1.4856e-19
 5138.92   9.7536e-19   1.4670e-19
 5141.98   9.9292e-19   1.4225e-19
 5145.04   1.0142e-18   1.4378e-19
 5148.10   1.0772e-18   1.4454e-19
 5151.15   1.1280e-18   1.4669e-19
 5154.21   1.0216e-18   1.4488e-19
 5157.27   9.2690e-19   1.4198e-19
 5160.33   9.1336e-19   1.3848e-19
 5163.39   9.9063e-19   1.4135e-19
 5166.45   9.3440e-19   1.4011e-19
 5169.51   9.1160e-19   1.3358e-19
 5172.57   9.3634e-19   1.3449e-19
 5175.62   1.0547e-18   1.3711e-19
 5178.68   1.0831e-18   1.3951e-19
 5181.74   1.0732e-18   1.4779e-19
 5184.80   1.0763e-18   1.4811e-19
 5187.86   1.1014e-18   1.5256e-19
 5190.92   1.1254e-18   1.5924e-19
 5193.98   1.2607e-18   1.5932e-19
 5197.04   1.3629e-18   1.6294e-19
 5200.09   1.1160e-18   1.6011e-19
 5203.15   1.0935e-18   1.5365e-19
 5206.21   1.0888e-18   1.5315e-19
 5209.27   1.0405e-18   1.4593e-19
 5212.33   1.1186e-18   1.4540e-19
 5215.39   1.2068e-18   1.5003e-19
 5218.45   1.0095e-18   1.4163e-19
 5221.51   1.0677e-18   1.4455e-19
 5224.56   1.1802e-18   1.4352e-19
 5227.62   1.1953e-18   1.4463e-19
 5230.68   1.0925e-18   1.4247e-19
 5233.74   1.1984e-18   1.4630e-19
 5236.80   1.3532e-18   1.4729e-19
 5239.86   1.2660e-18   1.4641e-19
 5242.92   1.2433e-18   1.4502e-19
 5245.98   1.2097e-18   1.4790e-19
 5249.04   1.2350e-18   1.4726e-19
 5252.09   1.2832e-18   1.4423e-19
 5255.15   1.0877e-18   1.3822e-19
 5258.21   1.0914e-18   1.3908e-19
 5261.27   1.1048e-18   1.4026e-19
 5264.33   1.0633e-18   1.4051e-19
 5267.39   1.2004e-18   1.4105e-19
 5270.45   1.3565e-18   1.4131e-19
 5273.51   1.1551e-18   1.4085e-19
 5276.56   1.2161e-18   1.4054e-19
 5279.62   1.1115e-18   1.4246e-19
 5282.68   1.1164e-18   1.4243e-19
 5285.74   1.1359e-18   1.4642e-19
 5288.80   1.1191e-18   1.4152e-19
 5291.86   1.2378e-18   1.4156e-19
 5294.92   1.2105e-18   1.4406e-19
 5297.98   1.1602e-18   1.4404e-19
 5301.03   1.1106e-18   1.4462e-19
 5304.09   1.0913e-18   1.3889e-19
 5307.15   1.0811e-18   1.4023e-19
 5310.21   1.2417e-18   1.4983e-19
 5313.27   1.2926e-18   1.4946e-19
 5316.33   1.0309e-18   1.4049e-19
 5319.39   1.1763e-18   1.5739e-19
 5322.45   1.0410e-18   1.3904e-19
 5325.50   1.3014e-18   1.5166e-19
 5328.56   1.1483e-18   1.4154e-19
 5331.62   1.3349e-18   1.4692e-19
 5334.68   1.3694e-18   1.4716e-19
 5337.74   1.2749e-18   1.4514e-19
 5340.80   1.0441e-18   1.4035e-19
 5343.86   1.0645e-18   1.4139e-19
 5346.92   1.1145e-18   1.4327e-19
 5349.98   1.0887e-18   1.3672e-19
 5353.03   1.1219e-18   1.3952e-19
 5356.09   1.2170e-18   1.3871e-19
 5359.15   9.8105e-19   1.3763e-19
 5362.21   1.1692e-18   1.3664e-19
 5365.27   1.2505e-18   1.4024e-19
 5368.33   1.0133e-18   1.3734e-19
 5371.39   1.1223e-18   1.4078e-19
 5374.45   1.0575e-18   1.3925e-19
 5377.50   1.1979e-18   1.4341e-19
 5380.56   1.1173e-18   1.4152e-19
 5383.62   1.3328e-18   1.4391e-19
 5386.68   1.3375e-18   1.4560e-19
 5389.74   1.0994e-18   1.3816e-19
 5392.80   1.1621e-18   1.3796e-19
 5395.86   1.1620e-18   1.3361e-19
 5398.92   1.2461e-18   1.3386e-19
 5401.97   1.2487e-18   1.3395e-19
 5405.03   1.0616e-18   1.3411e-19
 5408.09   1.2372e-18   1.3904e-19
 5411.15   1.2914e-18   1.3649e-19
 5414.21   1.1359e-18   1.3673e-19
 5417.27   1.0878e-18   1.3742e-19
 5420.33   1.0857e-18   1.3746e-19
 5423.39   1.1710e-18   1.3772e-19
 5426.44   1.0984e-18   1.3919e-19
 5429.50   1.0696e-18   1.3596e-19
 5432.56   1.1516e-18   1.3814e-19
 5435.62   1.3392e-18   1.4338e-19
 5438.68   1.2223e-18   1.4015e-19
 5441.74   1.2254e-18   1.3774e-19
 5444.80   1.1230e-18   1.3568e-19
 5447.86   1.1151e-18   1.3479e-19
 5450.92   1.0886e-18   1.3460e-19
 5453.97   1.1248e-18   1.3354e-19
 5457.03   1.0628e-18   1.3718e-19
 5460.09   1.1490e-18   1.3957e-19
 5463.15   1.0825e-18   1.3783e-19
 5466.21   1.0186e-18   1.3513e-19
 5469.27   1.0031e-18   1.3178e-19
 5472.33   9.6490e-19   1.2906e-19
 5475.39   9.2940e-19   1.3358e-19
 5478.44   9.8812e-19   1.3674e-19
 5481.50   9.7503e-19   1.3545e-19
 5484.56   1.0095e-18   1.4041e-19
 5487.62   9.8302e-19   1.3772e-19
 5490.68   1.0081e-18   1.3408e-19
 5493.74   1.0296e-18   1.3347e-19
 5496.80   1.0603e-18   1.3451e-19
 5499.86   1.0512e-18   1.3848e-19
 5502.91   1.0632e-18   1.4262e-19
 5505.97   9.8841e-19   1.3747e-19
 5509.03   9.2300e-19   1.3226e-19
 5512.09   9.8424e-19   1.3649e-19
 5515.15   9.9521e-19   1.3980e-19
 5518.21   9.7089e-19   1.3770e-19
 5521.27   1.0778e-18   1.3677e-19
 5524.33   1.0869e-18   1.3949e-19
 5527.38   1.0842e-18   1.4009e-19
 5530.44   1.0758e-18   1.3930e-19
 5533.50   8.6334e-19   1.3965e-19
 5536.56   8.8698e-19   1.4317e-19
 5539.62   1.0773e-18   1.4490e-19
 5542.68   7.8741e-19   1.4107e-19
 5545.74   7.6437e-19   1.4191e-19
 5548.80   1.0139e-18   1.4997e-19
 5551.85   9.0426e-19   1.4903e-19
 5554.91   8.9276e-19   1.5404e-19
 5557.97   8.8942e-19   1.6298e-19
 5561.03   9.2974e-19   2.0110e-19
 5594.68   8.0181e-19   1.4970e-19
 5597.74   8.9562e-19   1.4784e-19
 5600.79   9.6669e-19   1.4877e-19
 5603.85   9.2058e-19   1.4437e-19
 5606.91   1.0226e-18   1.4694e-19
 5609.97   9.7965e-19   1.4166e-19
 5613.03   9.9125e-19   1.3666e-19
 5616.09   9.4048e-19   1.3688e-19
 5619.15   9.2134e-19   1.3533e-19
 5622.21   7.4046e-19   1.3320e-19
 5625.27   8.5819e-19   1.3096e-19
 5628.32   7.8088e-19   1.2898e-19
 5631.38   8.6290e-19   1.3212e-19
 5634.44   1.0179e-18   1.3426e-19
 5637.50   9.1712e-19   1.3466e-19
 5640.56   8.3112e-19   1.2967e-19
 5643.62   7.3389e-19   1.3189e-19
 5646.68   7.9232e-19   1.3761e-19
 5649.74   7.7595e-19   1.3052e-19
 5652.79   7.8366e-19   1.2787e-19
 5655.85   8.3848e-19   1.2902e-19
 5658.91   9.5672e-19   1.3685e-19
 5661.97   8.0222e-19   1.2976e-19
 5665.03   7.6954e-19   1.2718e-19
 5668.09   7.3741e-19   1.2857e-19
 5671.15   7.6176e-19   1.2715e-19
 5674.21   8.6553e-19   1.3233e-19
 5677.26   7.9076e-19   1.2693e-19
 5680.32   9.5132e-19   1.2962e-19
 5683.38   1.0022e-18   1.3365e-19
 5686.44   8.7308e-19   1.2691e-19
 5689.50   7.7333e-19   1.3168e-19
 5692.56   9.0683e-19   1.3144e-19
 5695.62   1.0323e-18   1.3130e-19
 5698.68   8.3066e-19   1.2653e-19
 5701.73   8.7099e-19   1.2859e-19
 5704.79   1.0060e-18   1.2752e-19
 5707.85   1.0038e-18   1.2684e-19
 5710.91   8.5126e-19   1.2962e-19
 5713.97   1.0494e-18   1.3700e-19
 5717.03   1.0232e-18   1.3811e-19
 5720.09   9.8459e-19   1.3325e-19
 5723.15   9.1332e-19   1.2533e-19
 5726.21   1.1668e-18   1.3782e-19
 5729.26   8.1153e-19   1.2669e-19
 5732.32   1.0021e-18   1.2724e-19
 5735.38   1.1011e-18   1.2755e-19
 5738.44   9.3671e-19   1.2682e-19
 5741.50   9.4322e-19   1.2309e-19
 5744.56   9.2090e-19   1.2116e-19
 5747.62   1.0342e-18   1.2863e-19
 5750.68   9.5604e-19   1.2483e-19
 5753.73   1.0563e-18   1.2798e-19
 5756.79   1.1127e-18   1.2675e-19
 5759.85   1.0988e-18   1.2524e-19
 5762.91   9.5544e-19   1.2549e-19
 5765.97   9.4336e-19   1.2357e-19
 5769.03   1.2138e-18   1.2730e-19
 5772.09   1.1462e-18   1.2382e-19
 5775.15   1.1636e-18   1.2370e-19
 5778.20   1.0388e-18   1.2179e-19
 5781.26   9.9192e-19   1.2610e-19
 5784.32   1.0245e-18   1.2386e-19
 5787.38   1.1005e-18   1.2624e-19
 5790.44   1.1462e-18   1.2695e-19
 5793.50   1.1113e-18   1.2770e-19
 5796.56   9.9262e-19   1.2219e-19
 5799.62   1.2085e-18   1.2721e-19
 5802.67   1.1224e-18   1.2599e-19
 5805.73   1.2661e-18   1.2934e-19
 5808.79   1.1367e-18   1.2480e-19
 5811.85   1.1991e-18   1.2663e-19
 5814.91   1.1907e-18   1.2585e-19
 5817.97   1.1595e-18   1.2658e-19
 5821.03   1.0360e-18   1.2599e-19
 5824.09   9.9042e-19   1.2106e-19
 5827.14   1.0389e-18   1.1982e-19
 5830.20   1.1036e-18   1.2243e-19
 5833.26   1.1252e-18   1.2449e-19
 5836.32   1.0433e-18   1.2258e-19
 5839.38   1.2120e-18   1.2575e-19
 5842.44   1.2098e-18   1.2581e-19
 5845.50   1.0980e-18   1.2526e-19
 5848.56   1.0121e-18   1.2449e-19
 5851.61   1.0792e-18   1.2511e-19
 5854.67   1.1058e-18   1.2764e-19
 5857.73   1.0797e-18   1.2941e-19
 5860.79   1.2111e-18   1.3176e-19
 5863.85   1.2636e-18   1.3445e-19
 5866.91   1.2664e-18   1.3870e-19
 5869.97   7.3251e-19   1.3021e-19
 5873.03   6.4410e-19   1.3045e-19
 5876.08   8.5145e-19   1.5191e-19
 5879.14   7.3467e-19   1.4589e-19
 5882.20   9.7068e-19   1.6192e-19
 5885.26   1.2030e-18   1.6222e-19
 5888.32   1.1561e-18   1.6464e-19
 5891.38   9.7580e-19   1.7487e-19
 5894.44   9.7231e-19   1.6766e-19
 5897.50   1.0139e-18   1.5475e-19
 5900.56   1.1563e-18   1.4977e-19
 5903.61   1.2136e-18   1.4516e-19
 5906.67   1.2695e-18   1.4315e-19
 5909.73   1.2295e-18   1.3863e-19
 5912.79   1.1907e-18   1.3743e-19
 5915.85   1.2412e-18   1.3976e-19
 5918.91   1.0377e-18   1.3634e-19
 5921.97   8.5165e-19   1.4111e-19
 5925.03   1.0780e-18   1.4132e-19
 5928.08   1.1175e-18   1.3662e-19
 5931.14   1.0301e-18   1.3185e-19
 5934.20   1.1213e-18   1.3244e-19
 5937.26   1.0717e-18   1.3474e-19
 5940.32   9.5423e-19   1.3362e-19
 5943.38   1.1754e-18   1.3250e-19
 5946.44   1.1649e-18   1.3454e-19
 5949.50   1.1111e-18   1.3287e-19
 5952.55   9.6595e-19   1.3020e-19
 5955.61   8.9628e-19   1.3023e-19
 5958.67   9.9240e-19   1.2934e-19
 5961.73   1.0794e-18   1.2799e-19
 5964.79   1.1798e-18   1.3416e-19
 5967.85   1.1433e-18   1.3369e-19
 5970.91   1.1207e-18   1.2959e-19
 5973.97   1.1407e-18   1.2911e-19
 5977.02   1.1619e-18   1.2642e-19
 5980.08   1.0160e-18   1.2378e-19
 5983.14   1.0853e-18   1.1979e-19
 5986.20   9.8692e-19   1.1813e-19
 5989.26   1.0155e-18   1.1804e-19
 5992.32   9.6162e-19   1.2078e-19
 5995.38   1.0385e-18   1.2374e-19
 5998.44   8.9300e-19   1.1727e-19
 6001.50   9.2366e-19   1.2261e-19
 6004.55   8.5097e-19   1.2104e-19
 6007.61   8.7436e-19   1.2281e-19
 6010.67   9.5769e-19   1.1925e-19
 6013.73   8.6359e-19   1.1637e-19
 6016.79   1.0022e-18   1.2245e-19
 6019.85   8.8318e-19   1.1530e-19
 6022.91   1.0316e-18   1.1953e-19
 6025.97   1.1888e-18   1.2533e-19
 6029.02   1.0030e-18   1.1953e-19
 6032.08   8.8172e-19   1.1717e-19
 6035.14   7.6992e-19   1.1341e-19
 6038.20   8.2061e-19   1.1694e-19
 6041.26   9.0454e-19   1.1820e-19
 6044.32   9.2213e-19   1.1313e-19
 6047.38   8.0362e-19   1.1349e-19
 6050.44   1.0401e-18   1.2116e-19
 6053.49   9.0691e-19   1.1577e-19
 6056.55   9.0088e-19   1.1537e-19
 6059.61   7.9635e-19   1.1642e-19
 6062.67   8.0528e-19   1.1104e-19
 6065.73   8.4967e-19   1.1182e-19
 6068.79   1.0479e-18   1.1683e-19
 6071.85   7.5463e-19   1.1267e-19
 6074.91   7.0796e-19   1.1065e-19
 6077.96   6.5340e-19   1.1395e-19
 6081.02   8.6418e-19   1.1724e-19
 6084.08   9.4050e-19   1.1236e-19
 6087.14   8.6702e-19   1.1685e-19
 6090.20   7.6312e-19   1.1087e-19
 6093.26   8.0387e-19   1.1146e-19
 6096.32   9.1107e-19   1.1244e-19
 6099.38   7.9598e-19   1.1250e-19
 6102.43   1.0184e-18   1.1611e-19
 6105.49   7.4081e-19   1.0916e-19
 6108.55   9.0991e-19   1.0969e-19
 6111.61   8.8813e-19   1.0927e-19
 6114.67   6.0094e-19   1.0531e-19
 6117.73   8.2988e-19   1.0799e-19
 6120.79   7.5983e-19   1.0559e-19
 6123.85   7.5702e-19   1.0951e-19
 6126.91   7.5805e-19   1.0821e-19
 6129.96   7.8163e-19   1.1227e-19
 6133.02   8.0160e-19   1.1590e-19
 6136.08   7.1645e-19   1.1351e-19
 6139.14   8.0087e-19   1.1476e-19
 6142.20   8.4846e-19   1.1760e-19
 6145.26   8.4337e-19   1.2810e-19
 6148.32   8.7975e-19   1.2090e-19
 6151.38   6.9476e-19   1.2153e-19
 6154.43   7.2772e-19   1.2392e-19
 6157.49   5.7131e-19   1.1462e-19
 6160.55   6.0864e-19   1.2459e-19
 6163.61   4.9677e-19   1.1860e-19
 6166.67   4.9918e-19   1.1955e-19
 6169.73   5.0397e-19   1.1694e-19
 6172.79   7.0018e-19   1.2731e-19
 6175.85   7.8621e-19   1.2653e-19
 6178.90   7.5110e-19   1.1910e-19
 6181.96   6.7884e-19   1.1230e-19
 6185.02   7.8926e-19   1.1010e-19
 6188.08   9.1060e-19   1.1688e-19
 6191.14   9.1715e-19   1.1888e-19
 6194.20   8.6035e-19   1.2082e-19
 6197.26   7.4973e-19   1.1742e-19
 6200.32   7.7104e-19   1.1317e-19
 6203.37   7.9672e-19   1.1656e-19
 6206.43   8.2268e-19   1.1756e-19
 6209.49   7.2695e-19   1.1855e-19
 6212.55   7.6506e-19   1.1854e-19
 6215.61   8.4544e-19   1.1677e-19
 6218.67   7.5029e-19   1.1694e-19
 6221.73   6.8038e-19   1.2097e-19
 6224.79   7.6133e-19   1.2820e-19
 6227.84   9.0110e-19   1.3540e-19
 6230.90   8.3606e-19   1.3747e-19
 6233.96   7.7116e-19   1.4634e-19
 6237.02   7.0342e-19   1.3600e-19
 6240.08   7.6793e-19   1.3779e-19
 6243.14   8.5222e-19   1.3632e-19
 6246.20   6.9543e-19   1.2981e-19
 6249.26   7.2557e-19   1.3557e-19
 6252.31   6.4911e-19   1.3556e-19
 6255.37   6.9894e-19   1.3641e-19
 6258.43   7.6272e-19   1.3648e-19
 6261.49   7.3173e-19   1.4180e-19
 6264.55   6.5156e-19   1.3527e-19
 6267.61   7.9530e-19   1.3311e-19
 6270.67   5.7419e-19   1.2808e-19
 6273.73   5.6848e-19   1.2388e-19
 6276.79   5.3238e-19   1.3358e-19
 6279.84   6.5709e-19   1.4180e-19
 6282.90   8.1460e-19   1.4179e-19
 6319.61   1.0221e-18   1.4146e-19
 6322.67   9.6366e-19   1.3953e-19
 6325.73   9.0653e-19   1.2812e-19
 6328.78   8.9877e-19   1.2895e-19
 6331.84   8.8856e-19   1.3029e-19
 6334.90   9.5725e-19   1.2850e-19
 6337.96   9.9140e-19   1.2621e-19
 6341.02   9.4616e-19   1.2280e-19
 6344.08   8.9774e-19   1.2323e-19
 6347.14   7.6398e-19   1.2445e-19
 6383.84   8.2896e-19   1.1508e-19
 6386.90   8.5683e-19   1.1470e-19
 6389.96   9.3590e-19   1.1317e-19
 6393.02   7.9768e-19   1.1062e-19
 6396.08   6.6152e-19   1.0599e-19
 6399.14   6.6957e-19   1.0793e-19
 6402.20   6.6436e-19   1.0756e-19
 6405.25   8.1593e-19   1.0958e-19
 6408.31   7.1449e-19   1.1114e-19
 6411.37   6.2630e-19   1.0670e-19
 6414.43   6.5034e-19   1.0540e-19
 6417.49   6.5883e-19   1.0799e-19
 6420.55   7.4472e-19   1.0850e-19
 6423.61   7.9236e-19   1.0940e-19
 6426.67   7.3868e-19   1.0577e-19
 6429.72   6.8959e-19   1.0581e-19
 6432.78   7.1748e-19   1.0931e-19
 6435.84   6.7298e-19   1.0392e-19
 6438.90   6.8884e-19   1.0415e-19
 6441.96   6.5998e-19   1.0533e-19
 6445.02   6.5155e-19   1.0642e-19
 6448.08   7.9886e-19   1.0833e-19
 6451.14   7.8543e-19   1.0861e-19
 6454.19   8.0263e-19   1.1170e-19
 6457.25   7.7871e-19   1.1633e-19
 6460.31   7.7424e-19   1.2231e-19
 6463.37   8.3534e-19   1.2790e-19
 6466.43   8.6882e-19   1.2935e-19
 6469.49   7.9456e-19   1.2652e-19
 6472.55   7.6476e-19   1.2440e-19
 6475.61   7.2123e-19   1.1722e-19
 6478.66   6.3434e-19   1.0932e-19
 6481.72   6.3019e-19   1.0552e-19
 6484.78   7.4741e-19   1.1053e-19
 6487.84   6.0340e-19   1.1098e-19
 6490.90   5.7625e-19   1.1759e-19
 6493.96   6.7237e-19   1.2092e-19
 6497.02   8.5573e-19   1.2651e-19
 6500.08   8.1025e-19   1.2820e-19
 6503.13   7.5490e-19   1.2552e-19
 6506.19   7.5814e-19   1.2112e-19
 6509.25   8.2659e-19   1.1529e-19
 6512.31   8.5807e-19   1.0914e-19
 6515.37   8.3576e-19   1.0942e-19
 6518.43   9.1212e-19   1.1716e-19
 6521.49   7.7064e-19   1.1511e-19
 6524.55   8.0590e-19   1.1822e-19
 6527.60   7.6293e-19   1.2454e-19
 6530.66   7.0687e-19   1.2130e-19
 6533.72   8.9453e-19   1.2475e-19
 6536.78   8.7908e-19   1.2034e-19
 6539.84   9.6054e-19   1.2379e-19
 6542.90   8.9830e-19   1.2554e-19
 6545.96   7.5923e-19   1.2528e-19
 6549.02   7.9322e-19   1.2730e-19
 6552.08   9.7037e-19   1.3389e-19
 6555.13   8.7721e-19   1.3100e-19
 6558.19   8.7400e-19   1.3157e-19
 6561.25   8.0524e-19   1.2649e-19
 6564.31   8.4220e-19   1.2357e-19
 6567.37   7.8065e-19   1.2365e-19
 6570.43   8.3142e-19   1.2469e-19
 6573.49   8.1720e-19   1.1995e-19
 6576.55   8.9424e-19   1.2190e-19
 6579.60   8.9829e-19   1.1672e-19
 6582.66   9.0582e-19   1.1803e-19
 6585.72   1.1265e-18   1.1238e-19
 6588.78   1.0455e-18   1.1380e-19
 6591.84   9.1903e-19   1.1134e-19
 6594.90   1.0703e-18   1.1317e-19
 6597.96   1.1518e-18   1.1692e-19
 6601.02   7.9273e-19   1.1060e-19
 6604.07   8.7845e-19   1.0686e-19
 6607.13   8.4943e-19   1.1052e-19
 6610.19   8.9163e-19   1.1015e-19
 6613.25   7.9839e-19   1.0170e-19
 6616.31   8.1272e-19   9.9766e-20
 6619.37   7.8140e-19   1.0334e-19
 6622.43   8.6904e-19   1.0609e-19
 6625.49   8.1803e-19   1.0712e-19
 6628.54   8.8823e-19   1.0403e-19
 6631.60   7.2794e-19   1.0033e-19
 6634.66   8.8224e-19   1.0752e-19
 6637.72   8.0459e-19   1.0509e-19
 6640.78   9.3904e-19   1.1017e-19
 6643.84   9.7777e-19   1.0145e-19
 6646.90   7.6449e-19   9.8111e-20
 6649.96   8.6728e-19   9.7983e-20
 6653.02   8.2978e-19   9.9837e-20
 6656.07   7.7951e-19   9.7713e-20
 6659.13   7.3118e-19   1.0447e-19
 6662.19   8.2432e-19   1.0237e-19
 6665.25   9.0897e-19   1.0531e-19
 6668.31   7.5238e-19   1.0113e-19
 6671.37   9.2391e-19   1.0612e-19
 6674.43   8.9647e-19   1.0284e-19
 6677.49   8.9486e-19   1.0856e-19
 6680.54   8.2190e-19   1.0315e-19
 6683.60   8.7723e-19   1.0376e-19
 6686.66   9.2264e-19   1.0584e-19
 6689.72   1.0172e-18   1.1315e-19
 6692.78   8.9621e-19   1.1005e-19
 6695.84   7.9470e-19   1.0961e-19
 6698.90   9.1867e-19   1.0813e-19
 6701.96   1.0439e-18   1.1041e-19
 6705.01   9.6500e-19   1.0700e-19
 6708.07   8.2482e-19   1.0380e-19
 6711.13   8.9533e-19   1.0354e-19
 6714.19   9.2563e-19   1.0024e-19
 6717.25   8.0177e-19   9.7274e-20
 6720.31   8.2034e-19   9.8522e-20
 6723.37   8.3348e-19   9.9892e-20
 6726.43   7.7840e-19   9.6442e-20
 6729.48   7.7893e-19   9.6575e-20
 6732.54   8.3163e-19   9.6448e-20
 6735.60   8.5499e-19   9.8047e-20
 6738.66   8.5059e-19   1.0076e-19
 6741.72   8.2597e-19   9.9669e-20
 6744.78   7.7901e-19   9.7277e-20
 6747.84   8.1303e-19   9.7434e-20
 6750.90   8.0795e-19   9.5028e-20
 6753.95   8.1487e-19   9.4317e-20
 6757.01   7.8136e-19   9.5250e-20
 6760.07   7.6278e-19   9.4509e-20
 6763.13   7.6170e-19   9.4090e-20
 6766.19   6.6063e-19   9.1313e-20
 6769.25   6.8913e-19   9.3267e-20
 6772.31   7.3764e-19   9.3336e-20
 6775.37   6.9369e-19   9.2071e-20
 6778.42   6.3562e-19   9.2025e-20
 6781.48   6.4429e-19   9.3931e-20
 6784.54   5.9525e-19   9.1425e-20
 6787.60   7.2174e-19   9.3232e-20
 6790.66   7.3325e-19   9.1823e-20
 6793.72   6.7617e-19   9.4880e-20
 6796.78   6.9916e-19   9.3541e-20
 6799.84   6.3243e-19   9.0729e-20
 6802.90   5.7412e-19   9.0990e-20
 6805.95   6.5373e-19   9.2162e-20
 6809.01   6.4338e-19   9.4362e-20
 6812.07   6.1565e-19   9.2371e-20
 6815.13   6.6009e-19   9.6857e-20
 6818.19   8.6885e-19   1.1590e-19
 6821.25   6.3992e-19   1.1925e-19
 6824.31   7.4594e-19   1.3542e-19
 6827.37   8.6352e-19   1.3775e-19
 6830.42   7.6589e-19   1.4257e-19
 6833.48   9.5079e-19   1.4903e-19
 6836.54   7.0418e-19   1.3216e-19
 6839.60   6.0381e-19   1.2049e-19
 6842.66   7.7922e-19   1.2623e-19
 6845.72   7.6542e-19   1.0324e-19
 6848.78   7.4096e-19   1.0231e-19
 6851.84   8.4511e-19   1.3301e-19
 6854.89   8.5066e-19   1.3480e-19
 6857.95   8.4573e-19   1.3402e-19
 6861.01   6.5637e-19   1.3385e-19
 6864.07   7.1790e-19   1.4355e-19
 6867.13   6.7867e-19   1.3227e-19
 6870.19   8.4685e-19   1.3072e-19
 6873.25   4.6466e-19   1.1647e-19
 6876.31   5.1487e-19   1.0321e-19
 6879.36   7.3913e-19   1.1296e-19
 6882.42   6.0044e-19   1.0954e-19
 6885.48   6.2515e-19   1.0548e-19
 6888.54   6.2383e-19   1.0689e-19
 6891.60   6.8063e-19   1.0733e-19
 6894.66   6.0392e-19   1.0490e-19
 6897.72   6.7887e-19   1.0533e-19
 6900.78   7.1502e-19   1.1138e-19
 6903.83   4.5574e-19   1.0649e-19
 6906.89   7.3883e-19   1.1699e-19
 6909.95   6.1450e-19   1.0879e-19
 6913.01   7.8075e-19   1.1836e-19
 6916.07   6.9721e-19   1.2546e-19
 6919.13   6.8993e-19   1.3167e-19
 6922.19   6.2902e-19   1.1469e-19
 6925.25   7.6281e-19   1.1276e-19
 6928.31   6.6029e-19   1.1593e-19
 6931.36   7.2461e-19   1.1214e-19
 6934.42   8.8024e-19   1.0914e-19
 6937.48   7.3688e-19   1.1044e-19
 6940.54   7.5723e-19   1.1949e-19
 6943.60   7.6821e-19   1.2184e-19
 6946.66   8.7650e-19   1.2739e-19
 6949.72   5.9717e-19   1.1364e-19
 6952.78   6.6683e-19   1.1685e-19
 6955.83   6.1158e-19   1.1588e-19
 6958.89   6.9701e-19   1.0511e-19
 6961.95   7.0564e-19   1.0692e-19
 6965.01   6.7979e-19   1.0322e-19
 6968.07   7.5123e-19   1.1284e-19
 6971.13   7.3493e-19   1.1573e-19
 6974.19   5.9618e-19   1.2066e-19
 6977.25   6.4286e-19   1.1522e-19
 6980.30   6.3758e-19   1.0705e-19
 6983.36   6.3812e-19   1.0610e-19
 6986.42   6.5799e-19   1.0608e-19
 6989.48   6.4306e-19   9.6037e-20
 6992.54   6.1512e-19   9.2526e-20
 6995.60   5.8773e-19   9.6232e-20
 6998.66   5.7982e-19   9.5309e-20
 7001.72   7.0135e-19   1.0007e-19
 7004.77   6.4952e-19   1.0112e-19
 7007.83   6.5987e-19   9.9589e-20
 7010.89   6.2285e-19   9.8537e-20
 7013.95   5.2632e-19   9.5247e-20
 7017.01   5.2053e-19   9.3087e-20
 7020.07   6.0583e-19   9.0807e-20
 7023.13   6.4496e-19   8.9881e-20
 7026.19   6.3582e-19   8.7575e-20
 7029.25   5.7399e-19   8.8235e-20
 7032.30   6.4558e-19   9.2317e-20
 7035.36   5.9238e-19   9.3964e-20
 7038.42   5.3860e-19   9.4133e-20
 7041.48   5.3070e-19   9.4371e-20
 7044.54   5.9575e-19   9.8319e-20
 7047.60   6.0951e-19   1.0072e-19
 7050.66   7.3201e-19   1.0226e-19
 7053.72   7.1234e-19   1.0134e-19
 7056.77   6.4713e-19   1.0349e-19
 7059.83   5.5505e-19   9.6123e-20
 7062.89   4.7981e-19   9.0482e-20
 7065.95   5.0336e-19   9.4769e-20
 7069.01   7.1117e-19   9.6595e-20
 7072.07   5.7074e-19   1.0091e-19
 7075.13   5.6310e-19   9.4990e-20
 7078.19   6.9986e-19   9.4486e-20
 7081.24   7.0722e-19   9.6507e-20
 7084.30   7.1447e-19   9.7283e-20
 7087.36   6.8206e-19   9.6778e-20
 7090.42   6.2396e-19   9.3460e-20
 7093.48   7.1014e-19   9.4201e-20
 7096.54   6.6418e-19   9.0804e-20
 7099.60   5.8340e-19   8.8846e-20
 7102.66   5.9892e-19   8.9924e-20
 7105.71   6.4164e-19   9.0848e-20
 7108.77   7.4775e-19   9.0965e-20
 7111.83   6.2738e-19   8.8484e-20
 7114.89   7.1360e-19   9.3079e-20
 7117.95   6.8370e-19   8.9445e-20
 7121.01   8.3697e-19   9.5449e-20
 7124.07   8.0956e-19   9.7151e-20
 7127.13   6.7330e-19   9.4420e-20
 7130.18   7.5625e-19   9.8721e-20
 7133.24   6.9184e-19   9.9540e-20
 7136.30   9.1377e-19   1.0517e-19
 7139.36   5.8281e-19   9.7191e-20
 7142.42   6.6480e-19   9.4107e-20
 7145.48   7.3757e-19   1.0130e-19
 7148.54   7.3473e-19   9.9065e-20
 7151.60   6.5762e-19   9.6707e-20
 7154.65   6.3960e-19   9.4851e-20
 7157.71   7.3513e-19   9.6316e-20
 7160.77   8.2896e-19   9.4670e-20
 7163.83   6.5563e-19   9.2097e-20
 7166.89   5.9239e-19   9.6631e-20
 7169.95   7.2409e-19   9.5799e-20
 7173.01   7.2258e-19   9.5713e-20
 7176.07   7.0508e-19   9.1462e-20
 7179.12   6.1097e-19   9.3231e-20
 7182.18   5.8749e-19   8.9831e-20
 7185.24   6.1242e-19   8.9228e-20
 7188.30   6.0672e-19   8.6455e-20
 7191.36   6.4500e-19   8.6759e-20
 7194.42   5.6562e-19   8.6221e-20
 7197.48   6.8657e-19   8.9644e-20
 7200.54   6.4823e-19   8.8660e-20
 7203.60   6.5897e-19   8.6327e-20
 7206.65   6.0047e-19   8.6554e-20
 7209.71   6.1857e-19   8.8168e-20
 7212.77   5.6907e-19   8.7096e-20
 7215.83   6.0357e-19   8.8717e-20
 7218.89   7.0514e-19   9.4374e-20
 7221.95   6.7905e-19   9.2861e-20
 7225.01   6.6888e-19   9.7367e-20
 7228.07   6.5595e-19   1.1197e-19
 7231.12   6.5592e-19   1.3678e-19
 7234.18   8.2491e-19   1.5358e-19
 7237.24   7.1533e-19   1.6788e-19
 7240.30   9.3752e-19   1.8609e-19
 7243.36   7.2371e-19   1.8037e-19
 7246.42   8.4251e-19   1.9438e-19
 7249.48   8.5116e-19   1.8834e-19
 7252.54   7.4454e-19   1.5493e-19
 7255.59   7.1620e-19   1.2904e-19
 7258.65   6.3457e-19   1.1310e-19
 7261.71   6.1665e-19   1.0929e-19
 7264.77   7.6690e-19   1.2790e-19
 7267.83   8.0898e-19   1.5179e-19
 7270.89   8.1821e-19   1.6220e-19
 7273.95   8.8318e-19   1.6964e-19
 7277.01   8.5553e-19   1.7928e-19
 7280.06   8.3663e-19   1.8598e-19
 7283.12   8.0957e-19   1.6867e-19
 7286.18   8.0290e-19   1.5420e-19
 7289.24   7.2235e-19   1.3932e-19
 7292.30   7.6534e-19   1.3492e-19
 7295.36   6.8005e-19   1.2396e-19
 7298.42   6.2296e-19   1.1952e-19
 7301.48   5.8079e-19   1.2260e-19
 7304.54   6.7886e-19   1.4131e-19
 7307.59   7.7097e-19   1.5997e-19
 7310.65   8.5131e-19   1.5688e-19
 7313.71   6.9127e-19   1.5210e-19
 7316.77   5.9284e-19   1.5059e-19
 7319.83   6.0719e-19   1.5640e-19
 7322.89   7.3139e-19   1.6227e-19
 7325.95   6.7470e-19   1.4319e-19
 7329.01   8.1512e-19   1.4744e-19
 7332.06   6.5939e-19   1.6622e-19
 7335.12   8.9047e-19   1.7514e-19
 7338.18   7.3671e-19   1.6983e-19
 7341.24   9.1364e-19   1.6390e-19
 7344.30   8.2642e-19   1.5493e-19
 7347.36   8.1731e-19   1.6594e-19
 7350.42   7.9252e-19   1.5421e-19
 7353.48   7.5910e-19   1.2438e-19
 7356.53   6.7844e-19   1.2522e-19
 7359.59   7.0766e-19   1.5178e-19
 7362.65   6.8286e-19   1.5993e-19
 7365.71   8.4922e-19   1.6004e-19
 7368.77   8.2569e-19   1.5046e-19
 7371.83   6.6143e-19   1.4409e-19
 7374.89   6.4430e-19   1.3953e-19
 7377.95   6.8623e-19   1.3054e-19
 7381.00   7.7262e-19   1.1300e-19
 7384.06   7.4334e-19   1.1193e-19
 7387.12   7.4713e-19   1.1483e-19
 7390.18   6.2825e-19   1.2196e-19
 7393.24   7.4709e-19   1.3146e-19
 7396.30   5.0238e-19   1.3782e-19
 7399.36   7.1510e-19   1.4151e-19
 7402.42   7.4462e-19   1.3712e-19
 7405.47   6.2058e-19   1.2469e-19
 7408.53   7.5599e-19   1.2205e-19
 7411.59   8.9805e-19   1.1858e-19
 7414.65   5.2366e-19   9.7194e-20
 7417.71   6.3635e-19   9.4485e-20
 7420.77   7.1473e-19   1.0027e-19
 7423.83   7.6275e-19   1.0566e-19
 7426.89   6.1736e-19   1.0193e-19
 7429.94   8.0715e-19   1.1384e-19
 7433.00   6.2689e-19   1.1726e-19
 7436.06   8.6807e-19   1.2337e-19
 7439.12   8.2814e-19   1.1679e-19
 7442.18   5.8234e-19   1.1067e-19
 7445.24   6.8665e-19   1.0816e-19
 7448.30   6.6451e-19   9.9818e-20
 7451.36   7.3680e-19   9.1716e-20
 7454.42   6.3793e-19   9.3317e-20
 7457.47   6.3059e-19   1.0047e-19
 7460.53   6.5767e-19   1.0610e-19
 7463.59   7.4681e-19   1.1469e-19
 7466.65   7.2062e-19   1.2146e-19
 7469.71   6.9377e-19   1.1630e-19
 7472.77   7.6983e-19   1.3431e-19
 7475.83   7.6578e-19   1.3708e-19
 7478.89   6.9377e-19   1.3937e-19
 7481.94   7.4330e-19   1.3015e-19
 7485.00   8.0625e-19   1.3022e-19
 7488.06   7.0101e-19   1.1852e-19
 7491.12   6.8578e-19   1.1466e-19
 7494.18   7.5603e-19   1.0522e-19
 7497.24   6.3538e-19   9.7310e-20
 7500.30   6.4086e-19   9.4811e-20
 7503.36   5.9912e-19   9.2303e-20
 7506.41   7.3482e-19   9.3646e-20
 7509.47   7.2115e-19   9.6582e-20
 7512.53   6.9203e-19   1.0614e-19
 7515.59   6.6136e-19   1.2272e-19
 7518.65   7.2730e-19   1.3396e-19
 7521.71   8.3849e-19   1.4126e-19
 7524.77   8.0738e-19   1.5493e-19
 7527.83   7.3593e-19   1.5562e-19
 7530.88   7.8605e-19   1.4233e-19
 7533.94   7.6889e-19   1.3239e-19
 7537.00   6.4243e-19   1.1309e-19
 7540.06   5.2414e-19   1.0413e-19
 7543.12   6.1902e-19   9.8175e-20
 7546.18   6.8595e-19   9.7417e-20
 7549.24   6.2758e-19   9.9174e-20
 7552.30   6.4760e-19   1.0073e-19
 7555.35   6.9141e-19   1.0339e-19
 7558.41   7.2887e-19   1.0392e-19
 7561.47   6.6439e-19   1.1196e-19
 7564.53   6.9833e-19   1.2799e-19
 7567.59   6.1383e-19   1.2391e-19
 7570.65   6.8822e-19   1.2569e-19
 7573.71   7.2720e-19   1.2330e-19
 7576.77   9.0383e-19   1.3142e-19
 7579.83   8.6680e-19   1.3143e-19
 7582.88   7.2886e-19   1.1538e-19
 7585.94   7.0801e-19   1.0426e-19
 7589.00   5.8677e-19   1.0283e-19
 7592.06   5.5700e-19   1.0763e-19
 7595.12   5.0593e-19   1.0530e-19
 7598.18   4.8201e-19   9.8053e-20
 7601.24   3.9973e-19   9.5918e-20
 7604.30   3.4752e-19   9.0226e-20
 7607.35   2.9238e-19   9.2530e-20
 7610.41   2.5910e-19   8.8951e-20
 7613.47   2.7921e-19   9.7222e-20
 7616.53   3.1941e-19   1.0298e-19
 7619.59   4.6009e-19   1.0475e-19
 7622.65   4.6706e-19   1.0523e-19
 7625.71   4.9642e-19   1.0967e-19
 7628.77   4.7604e-19   1.0086e-19
 7631.82   4.7218e-19   9.6509e-20
 7634.88   4.6874e-19   1.0383e-19
 7637.94   4.2261e-19   9.5528e-20
 7641.00   4.1894e-19   9.3266e-20
 7644.06   3.4804e-19   9.0453e-20
 7647.12   4.5424e-19   8.9426e-20
 7650.18   4.2139e-19   9.1849e-20
 7653.24   4.2228e-19   9.6730e-20
 7656.29   6.0719e-19   1.0356e-19
 7659.35   4.8781e-19   1.0177e-19
 7662.41   6.7840e-19   1.0435e-19
 7665.47   6.6928e-19   9.8573e-20
 7668.53   6.6415e-19   1.0324e-19
 7671.59   7.5532e-19   1.0313e-19
 7674.65   6.4067e-19   9.8278e-20
 7677.71   7.1776e-19   9.7132e-20
 7680.76   8.0990e-19   9.7605e-20
 7683.82   6.8914e-19   1.0015e-19
 7686.88   7.2300e-19   1.0778e-19
 7689.94   7.9722e-19   1.0470e-19
 7693.00   6.9030e-19   1.1190e-19
 7696.06   6.1641e-19   1.1191e-19
 7699.12   6.4752e-19   1.0930e-19
 7702.18   6.4134e-19   1.1697e-19
 7705.24   1.2238e-18   1.6212e-19
 7708.29   9.0766e-19   1.9328e-19
 7711.35   1.0316e-18   2.2273e-19
 7714.41   1.0801e-18   2.0717e-19
 7717.47   1.0459e-18   2.2058e-19
 7720.53   9.0211e-19   2.3473e-19
 7723.59   1.0567e-18   2.0802e-19
 7726.65   9.0002e-19   1.8246e-19
 7729.71   9.1698e-19   1.5774e-19
 7732.76   8.4112e-19   1.3489e-19
 7735.82   7.8950e-19   1.2409e-19
 7738.88   8.7375e-19   1.2475e-19
 7741.94   5.9254e-19   1.4657e-19
 7745.00   9.8301e-19   1.7641e-19
 7748.06   9.9133e-19   1.8848e-19
 7751.12   8.8278e-19   1.8996e-19
 7754.18   9.5709e-19   1.9916e-19
 7757.23   8.9233e-19   1.9790e-19
 7760.29   8.6675e-19   1.9290e-19
 7763.35   8.9089e-19   1.6706e-19
 7766.41   6.4529e-19   1.4773e-19
 7769.47   7.3563e-19   1.4897e-19
 7772.53   8.2710e-19   1.4422e-19
 7775.59   5.8125e-19   1.4215e-19
 7778.65   7.0326e-19   1.4326e-19
 7781.70   6.6133e-19   1.4672e-19
 7784.76   7.2469e-19   1.5759e-19
 7787.82   8.4558e-19   1.7611e-19
 7790.88   8.2365e-19   1.7774e-19
 7793.94   7.6096e-19   1.7605e-19
 7797.00   8.6856e-19   1.7388e-19
 7800.06   7.2074e-19   1.6954e-19
 7803.12   8.3120e-19   1.7972e-19
 7806.17   9.0288e-19   1.6441e-19
 7809.23   8.8384e-19   1.4240e-19
 7812.29   9.6272e-19   1.5374e-19
 7815.35   8.7699e-19   1.7866e-19
 7818.41   9.3137e-19   1.9323e-19
 7821.47   9.8554e-19   1.9823e-19
 7824.53   9.6086e-19   1.9029e-19
 7827.59   1.0417e-18   1.8472e-19
 7830.65   9.1013e-19   1.7922e-19
 7833.70   9.1063e-19   1.6957e-19
 7836.76   7.4594e-19   1.4177e-19
 7839.82   5.8515e-19   1.3683e-19
 7842.88   6.2916e-19   1.5043e-19
 7845.94   6.3746e-19   1.7578e-19
 7849.00   6.7065e-19   2.0971e-19
 7852.06   5.3369e-19   2.1726e-19
 7855.12   6.7021e-19   2.2709e-19
 7858.17   7.7032e-19   2.1689e-19
 7861.23   6.2187e-19   2.3407e-19
 7864.29   5.6671e-19   2.2120e-19
 7867.35   7.2617e-19   1.9579e-19
 7870.41   6.5946e-19   1.9195e-19
 7873.47   5.0382e-19   1.8140e-19
 7876.53   5.5479e-19   1.9166e-19
 7879.59   6.8044e-19   1.8105e-19
 7882.64   6.6986e-19   1.7809e-19
 7885.70   5.1129e-19   1.8742e-19
 7888.76   4.0958e-19   1.7970e-19
 7891.82   4.0457e-19   1.6792e-19
 7894.88   5.0938e-19   1.7489e-19
 7897.94   5.3972e-19   1.4997e-19
 7901.00   4.8635e-19   1.5321e-19
 7904.06   6.7832e-19   1.4365e-19
 7907.11   5.1651e-19   1.7968e-19
 7910.17   4.8557e-19   1.9704e-19
 7913.23   5.9345e-19   2.0868e-19
 7916.29   8.3214e-19   2.3244e-19
 7919.35   5.4091e-19   2.2526e-19
 7922.41   5.9656e-19   2.4012e-19
 7925.47   8.2538e-19   2.2136e-19
 7928.53   4.9394e-19   2.0551e-19
 7931.58   6.0361e-19   1.9040e-19
 7934.64   4.2650e-19   1.4985e-19
 7937.70   4.6643e-19   1.4363e-19
 7940.76   5.3642e-19   1.4761e-19
 7943.82   3.9990e-19   1.4338e-19
 7946.88   4.5278e-19   1.4827e-19
 7949.94   5.4391e-19   1.3418e-19
 7953.00   4.7861e-19   1.3905e-19
 7956.06   4.5410e-19   1.3968e-19
 7959.11   4.3612e-19   1.3903e-19
 7962.17   3.9323e-19   1.6748e-19
 7965.23   4.5998e-19   1.9434e-19
 7968.29   7.1695e-19   2.0149e-19
 7971.35   5.2624e-19   1.8362e-19
 7974.41   7.7804e-19   2.1502e-19
 7977.47   7.7323e-19   2.0163e-19
 7980.53   4.4506e-19   1.5686e-19
 7983.58   3.7120e-19   1.4388e-19
 7986.64   6.3347e-19   1.7304e-19
 7989.70   1.0153e-18   2.0004e-19
 7992.76   6.3893e-19   2.0682e-19
 7995.82   8.5114e-19   1.9757e-19
 7998.88   1.0482e-18   1.9341e-19
 8001.94   7.2492e-19   1.8707e-19
 8005.00   8.1572e-19   1.8724e-19
 8008.05   5.9030e-19   1.5089e-19
 8011.11   6.3554e-19   1.5500e-19
 8014.17   7.5037e-19   1.4150e-19
 8017.23   4.5276e-19   1.4345e-19
 8020.29   5.9249e-19   1.8353e-19
 8023.35   7.2903e-19   2.1720e-19
 8026.41   5.0046e-19   1.6796e-19
 8029.47   6.3825e-19   1.7839e-19
 8032.52   4.0386e-19   1.7404e-19
 8035.58   4.2985e-19   1.5686e-19
 8038.64   5.8146e-19   1.6160e-19
 8041.70   7.4785e-19   1.2914e-19
 8044.76   5.4091e-19   1.1433e-19
 8047.82   6.1620e-19   1.1599e-19
 8050.88   6.6640e-19   1.1790e-19
 8053.94   6.2318e-19   1.2098e-19
 8056.99   7.8300e-19   1.4055e-19
 8060.05   6.3369e-19   1.4054e-19
 8063.11   8.4647e-19   1.4712e-19
 8066.17   6.9600e-19   1.3623e-19
 8069.23   7.3027e-19   1.3170e-19
 8072.29   6.6452e-19   1.3509e-19
 8075.35   6.8873e-19   1.2201e-19
 8078.41   6.5957e-19   1.1121e-19
 8081.46   5.3847e-19   1.0171e-19
 8084.52   5.1159e-19   1.0186e-19
 8087.58   6.1839e-19   1.0561e-19
 8090.64   6.2213e-19   1.0527e-19
 8093.70   5.1870e-19   1.0727e-19
 8096.76   5.1242e-19   1.1142e-19
 8099.82   4.7863e-19   1.1087e-19
 8102.88   5.5768e-19   1.1650e-19
 8105.94   6.5016e-19   1.2299e-19
 8108.99   6.3420e-19   1.1957e-19
 8112.05   5.2531e-19   1.1778e-19
 8115.11   5.7904e-19   1.1403e-19
 8118.17   6.8566e-19   1.0337e-19
 8121.23   7.1305e-19   9.7541e-20
 8124.29   6.7368e-19   9.7810e-20
 8127.35   5.5226e-19   9.3250e-20
 8130.41   6.0940e-19   9.7047e-20
 8133.46   6.1176e-19   9.7682e-20
 8136.52   6.3260e-19   9.9271e-20
 8139.58   6.8431e-19   1.0379e-19
 8142.64   6.8696e-19   1.0796e-19
 8145.70   6.4965e-19   1.0638e-19
 8148.76   5.2570e-19   1.0240e-19
 8151.82   5.2803e-19   1.0280e-19
 8154.88   6.0829e-19   1.0103e-19
 8157.93   5.5085e-19   9.4150e-20
 8160.99   5.6508e-19   9.3877e-20
 8164.05   5.5565e-19   8.9867e-20
 8167.11   5.4029e-19   8.8532e-20
 8170.17   5.1090e-19   8.8511e-20
 8173.23   5.0880e-19   8.9638e-20
 8176.29   5.5295e-19   9.0418e-20
 8179.35   5.0373e-19   8.7985e-20
 8182.40   6.0213e-19   9.2300e-20
 8185.46   5.8732e-19   9.4667e-20
 8188.52   4.6531e-19   9.1542e-20
