 
TRANSIENT_NAME:     DES15E2flp 
SNID:               1308751    
OBS_DATE:           2015-09-21
MJD:                57286. 
PHASE:              -4.    
MJD_MAX:            57291.1 (derived from r-band light-curve)
TYPE:               101
SPEC_EVAL:          SNIa?
REDSHIFT:           0.3000  
REDSHIFT_ERR:       0.0050  
REDSHIFT_SOURCE:    Z_SN
TELESCOPE:          VLT
INSTRUMENT:         X-SHOOTER
 
======================================
 
# WAVE  FLUX  FLUX_ERR
 3210.00   1.2805e-18   1.6991e-18
 3215.00   6.1729e-19   1.5523e-18
 3220.00   1.2610e-18   1.4733e-18
 3225.00   1.7256e-19   1.3468e-18
 3230.00   2.0634e-18   1.2541e-18
 3235.00   3.8709e-19   1.1963e-18
 3240.00   9.4285e-19   1.1797e-18
 3245.00  -6.6574e-19   1.1674e-18
 3250.00  -3.4068e-20   1.1149e-18
 3255.00  -5.6414e-19   1.1550e-18
 3260.00   1.0913e-18   1.1930e-18
 3265.00  -2.7483e-19   1.1716e-18
 3270.00  -1.2478e-18   1.1568e-18
 3275.00   1.1179e-18   1.1951e-18
 3280.00  -1.2068e-18   1.1649e-18
 3285.00   5.2498e-19   1.1776e-18
 3290.00   6.8911e-19   1.2363e-18
 3295.00   7.9721e-19   1.3758e-18
 3300.00  -1.0595e-18   1.3696e-18
 3305.00   8.3847e-19   1.3703e-18
 3310.00   1.0339e-18   1.4796e-18
 3315.00   2.6746e-18   1.5430e-18
 3320.00   2.2302e-18   1.6154e-18
 3325.00  -4.3016e-19   1.6422e-18
 3330.00   1.4142e-18   1.6917e-18
 3335.00  -1.5512e-18   1.7292e-18
 3340.00   1.4273e-18   1.7981e-18
 3345.00  -3.5871e-19   2.4596e-18
 3350.00  -7.3806e-19   2.2332e-18
 3355.00  -7.8966e-19   2.1489e-18
 3360.00  -1.6645e-19   1.8640e-18
 3365.00  -1.0500e-18   1.9317e-18
 3370.00  -3.2510e-19   1.9208e-18
 3375.00  -1.6205e-18   1.8621e-18
 3380.00   7.5020e-20   1.7502e-18
 3385.00   1.0851e-18   1.7559e-18
 3390.00   6.3787e-19   1.6793e-18
 3395.00   1.1657e-19   1.6276e-18
 3400.00  -2.5979e-18   1.6808e-18
 3405.00  -2.0013e-18   1.6188e-18
 3410.00  -9.3591e-19   1.6355e-18
 3415.00   1.7930e-18   1.6320e-18
 3420.00  -2.2155e-18   1.7218e-18
 3425.00  -1.2294e-19   1.7052e-18
 3430.00   5.5795e-20   1.7627e-18
 3435.00  -1.1696e-18   1.7392e-18
 3440.00  -6.5123e-19   1.6816e-18
 3445.00  -1.3644e-18   1.7126e-18
 3450.00  -1.4270e-18   1.8359e-18
 3455.00  -3.0450e-19   1.8478e-18
 3460.00  -5.9998e-19   1.7816e-18
 3465.00  -2.3027e-18   1.7918e-18
 3470.00  -1.7180e-18   1.7650e-18
 3475.00  -2.9145e-18   1.6314e-18
 3480.00  -2.0541e-18   1.7161e-18
 3485.00  -2.4502e-19   1.6145e-18
 3490.00  -2.7093e-18   1.4747e-18
 3495.00  -2.4922e-18   1.4735e-18
 3500.00  -2.4790e-19   1.4632e-18
 3505.00  -2.3599e-18   1.3662e-18
 3510.00  -2.1545e-19   1.3167e-18
 3515.00  -1.7784e-19   1.2154e-18
 3520.00  -1.5313e-18   1.1867e-18
 3525.00  -1.5530e-18   1.0594e-18
 3530.00   2.0923e-18   1.1484e-18
 3535.00  -2.2119e-19   1.0863e-18
 3540.00  -1.8281e-18   1.0864e-18
 3545.00   2.2768e-18   1.1468e-18
 3550.00   3.0417e-19   1.0680e-18
 3555.00   6.9039e-19   1.0262e-18
 3560.00  -7.5264e-19   9.8241e-19
 3565.00  -5.9722e-19   9.0175e-19
 3570.00   1.0290e-18   8.7087e-19
 3575.00  -4.9729e-19   9.0856e-19
 3580.00  -6.3939e-19   8.1075e-19
 3585.00   1.5058e-19   8.2516e-19
 3590.00   3.1964e-19   9.2087e-19
 3595.00   1.2372e-19   9.7692e-19
 3600.00  -1.7008e-18   1.0188e-18
 3605.00  -3.1314e-19   1.0152e-18
 3610.00   1.7297e-18   1.0658e-18
 3615.00  -1.2278e-18   1.1390e-18
 3620.00  -4.0668e-19   1.1446e-18
 3625.00  -9.0134e-19   1.2702e-18
 3630.00  -1.9494e-18   1.2430e-18
 3635.00  -2.6277e-18   1.2611e-18
 3640.00  -8.6486e-19   1.3310e-18
 3645.00  -7.0914e-19   1.3012e-18
 3650.00  -1.3999e-18   1.3227e-18
 3655.00  -1.1459e-18   1.9140e-18
 3660.00   6.0701e-19   1.8293e-18
 3665.00   9.9908e-19   1.6766e-18
 3670.00  -1.2162e-18   1.5511e-18
 3675.00   1.3843e-18   1.5034e-18
 3680.00  -1.3517e-18   1.3357e-18
 3685.00   9.8530e-19   1.3192e-18
 3690.00   8.5232e-19   1.3128e-18
 3695.00  -9.5540e-19   1.2514e-18
 3700.00   1.0419e-19   1.3002e-18
 3705.00   1.2615e-18   1.1600e-18
 3710.00   5.5397e-20   1.1332e-18
 3715.00   3.8934e-19   1.2104e-18
 3720.00   6.5654e-20   9.8425e-19
 3725.00   6.4591e-19   1.0821e-18
 3730.00   7.8162e-19   1.0802e-18
 3735.00   9.2254e-19   9.2475e-19
 3740.00   6.6450e-19   1.0868e-18
 3745.00  -1.8459e-19   9.5472e-19
 3750.00   1.1105e-18   9.3361e-19
 3755.00  -4.1796e-19   1.0720e-18
 3760.00   7.7008e-19   9.7097e-19
 3765.00   1.3109e-20   9.9893e-19
 3770.00  -1.4859e-18   1.0387e-18
 3775.00  -4.3378e-19   1.1361e-18
 3780.00  -9.8717e-19   1.1620e-18
 3785.00  -9.5039e-19   1.1706e-18
 3790.00  -4.0113e-19   1.1609e-18
 3795.00   3.8068e-19   1.1742e-18
 3800.00   1.2744e-18   1.1778e-18
 3805.00  -9.6627e-19   1.2542e-18
 3810.00   4.7759e-20   1.2882e-18
 3815.00   5.7194e-19   1.2083e-18
 3820.00  -1.7910e-18   1.1659e-18
 3825.00  -4.8536e-19   1.1429e-18
 3830.00   2.5821e-19   1.1619e-18
 3835.00   5.1795e-19   1.1363e-18
 3840.00  -8.6451e-19   1.0901e-18
 3845.00  -4.3014e-19   1.3603e-18
 3850.00   1.9684e-19   1.2715e-18
 3855.00   8.3889e-19   1.1859e-18
 3860.00   8.2412e-21   1.0485e-18
 3865.00   7.2519e-19   1.1240e-18
 3870.00   6.0912e-19   9.9263e-19
 3875.00  -1.4634e-20   1.0183e-18
 3880.00   2.0737e-19   9.1558e-19
 3885.00   1.2567e-19   8.9684e-19
 3890.00   1.2339e-18   9.2453e-19
 3895.00  -1.4707e-19   9.6482e-19
 3900.00   5.0737e-19   9.5158e-19
 3905.00  -5.9726e-19   9.0396e-19
 3910.00  -9.1941e-19   9.7384e-19
 3915.00  -1.7616e-21   9.5559e-19
 3920.00   1.0482e-18   8.8386e-19
 3925.00   3.8576e-19   8.4685e-19
 3930.00  -8.3773e-19   6.7738e-19
 3935.00  -3.5277e-19   6.1231e-19
 3940.00  -2.3218e-19   7.7363e-19
 3945.00   2.4926e-19   8.1839e-19
 3950.00   7.4048e-21   8.6832e-19
 3955.00   8.7679e-19   8.5015e-19
 3960.00  -8.6352e-19   8.0388e-19
 3965.00  -3.8310e-19   7.1545e-19
 3970.00   3.9894e-19   6.6045e-19
 3975.00   3.7560e-19   8.3077e-19
 3980.00  -2.8394e-19   9.3989e-19
 3985.00  -8.2415e-19   9.3598e-19
 3990.00   1.0302e-18   1.0005e-18
 3995.00   5.3617e-19   9.9312e-19
 4000.00  -1.8983e-19   1.0002e-18
 4005.00  -3.1770e-19   9.7267e-19
 4010.00   3.3387e-19   1.0213e-18
 4015.00  -8.8335e-19   1.0031e-18
 4020.00  -9.4299e-20   9.9492e-19
 4025.00  -3.6557e-19   9.8934e-19
 4030.00   9.6388e-21   9.5848e-19
 4035.00  -2.3380e-19   9.3787e-19
 4040.00   1.9247e-19   9.7176e-19
 4045.00  -2.1810e-19   1.0292e-18
 4050.00   3.9511e-19   1.0788e-18
 4055.00  -6.6492e-20   9.9023e-19
 4060.00   3.7179e-19   9.5697e-19
 4065.00  -9.4714e-19   8.6990e-19
 4070.00   4.1908e-19   8.7552e-19
 4075.00  -3.0669e-19   8.5595e-19
 4080.00   3.1207e-19   8.3930e-19
 4085.00   7.4098e-19   8.2606e-19
 4090.00   2.1107e-18   8.4309e-19
 4095.00  -3.8922e-19   7.8482e-19
 4100.00  -1.0354e-19   7.0574e-19
 4105.00  -6.4187e-20   7.4887e-19
 4110.00  -1.6753e-19   7.6196e-19
 4115.00   9.3397e-19   7.9041e-19
 4120.00   1.4406e-18   7.6438e-19
 4125.00   5.1088e-19   7.7061e-19
 4130.00  -3.7371e-19   7.3508e-19
 4135.00   2.1670e-20   7.4290e-19
 4140.00   9.6611e-21   7.6463e-19
 4145.00   1.1183e-18   7.2500e-19
 4150.00  -8.4191e-19   7.2849e-19
 4155.00   1.8904e-19   7.2549e-19
 4160.00   1.0015e-18   7.5334e-19
 4165.00   1.1311e-18   7.6725e-19
 4170.00   1.3514e-18   7.4807e-19
 4175.00   1.4936e-19   7.1621e-19
 4180.00   1.8766e-19   7.1966e-19
 4185.00   3.6157e-19   7.1039e-19
 4190.00  -3.9794e-19   7.0590e-19
 4195.00   1.7069e-19   7.1126e-19
 4200.00   6.1954e-19   6.7164e-19
 4205.00   9.5971e-19   6.9918e-19
 4210.00  -5.0788e-19   6.8779e-19
 4215.00  -1.8791e-19   6.5742e-19
 4220.00   7.2063e-19   6.6005e-19
 4225.00   5.4314e-20   5.7523e-19
 4230.00  -1.0123e-19   6.1768e-19
 4235.00  -6.6972e-19   5.7185e-19
 4240.00   2.1714e-19   5.7405e-19
 4245.00   1.7285e-20   5.5976e-19
 4250.00   1.4748e-19   5.2898e-19
 4255.00   3.8413e-19   5.2640e-19
 4260.00   2.5589e-19   4.8829e-19
 4265.00   4.3075e-19   5.0835e-19
 4270.00  -4.4025e-20   4.4893e-19
 4275.00   1.0186e-19   4.4921e-19
 4280.00   3.2055e-19   4.7067e-19
 4285.00   1.8225e-19   4.4339e-19
 4290.00   2.8803e-19   4.1710e-19
 4295.00   2.3939e-19   4.0992e-19
 4300.00   9.8263e-20   3.6008e-19
 4305.00   4.1560e-19   3.5764e-19
 4310.00   2.6525e-19   3.3338e-19
 4315.00   1.5680e-19   3.7812e-19
 4320.00  -2.6619e-20   3.8706e-19
 4325.00   5.1767e-19   3.3380e-19
 4330.00   3.2546e-19   3.7253e-19
 4335.00   3.9633e-19   3.6210e-19
 4340.00   1.8892e-19   3.1481e-19
 4345.00   2.9738e-19   3.4788e-19
 4350.00   3.0138e-19   3.4482e-19
 4355.00   4.9686e-20   3.4466e-19
 4360.00   3.6032e-19   3.5592e-19
 4365.00   2.8742e-19   3.5194e-19
 4370.00   2.2318e-19   3.4390e-19
 4375.00  -1.4332e-19   3.3111e-19
 4380.00   2.1941e-19   3.4439e-19
 4385.00   6.4555e-19   3.0462e-19
 4390.00  -6.4273e-20   3.2787e-19
 4395.00   3.4874e-20   3.3766e-19
 4400.00  -1.1269e-19   3.3530e-19
 4405.00   8.0038e-20   3.2956e-19
 4410.00   6.6113e-19   3.5614e-19
 4415.00   1.0253e-19   3.4633e-19
 4420.00   6.3306e-19   3.6750e-19
 4425.00   9.7690e-20   3.5881e-19
 4430.00   2.1895e-20   3.6612e-19
 4435.00   2.5678e-19   3.6156e-19
 4440.00   1.5108e-19   3.7782e-19
 4445.00   1.0797e-19   3.7743e-19
 4450.00   2.8972e-19   3.8756e-19
 4455.00   5.0834e-20   3.7250e-19
 4460.00   3.5727e-19   3.7909e-19
 4465.00  -1.3378e-19   3.9687e-19
 4470.00   3.0223e-19   4.0519e-19
 4475.00   4.0075e-19   4.2485e-19
 4480.00   1.1724e-18   4.2202e-19
 4485.00  -2.8727e-19   4.3633e-19
 4490.00  -4.4104e-19   4.3098e-19
 4495.00   6.1494e-19   4.4879e-19
 4500.00  -3.2107e-20   4.5565e-19
 4505.00   8.8014e-19   4.7891e-19
 4510.00   3.7858e-19   8.8140e-19
 4515.00  -6.0731e-19   8.1971e-19
 4520.00  -3.6788e-19   7.9524e-19
 4525.00   6.4308e-19   7.5437e-19
 4530.00   2.0760e-19   7.1213e-19
 4535.00  -5.5023e-19   6.8434e-19
 4540.00   1.0192e-18   6.9795e-19
 4545.00   1.3848e-18   6.7456e-19
 4550.00   1.0982e-18   6.3786e-19
 4555.00  -1.3150e-19   6.1388e-19
 4560.00   7.5198e-19   6.2166e-19
 4565.00   3.3788e-19   5.8662e-19
 4570.00   1.1279e-18   5.9083e-19
 4575.00  -3.3430e-19   5.7489e-19
 4580.00   6.2992e-21   5.5166e-19
 4585.00   6.0139e-20   5.3898e-19
 4590.00   1.7702e-19   5.3836e-19
 4595.00   1.0225e-18   5.3038e-19
 4600.00   6.7153e-19   5.1809e-19
 4605.00   5.6682e-19   5.1374e-19
 4610.00   7.3572e-19   5.1619e-19
 4615.00   1.8541e-19   5.0179e-19
 4620.00   1.1885e-18   5.0628e-19
 4625.00   2.7357e-19   4.9727e-19
 4630.00   9.6953e-19   5.0016e-19
 4635.00   1.2117e-18   4.9260e-19
 4640.00   1.4434e-18   4.9061e-19
 4645.00   1.0440e-18   4.7888e-19
 4650.00   8.1946e-19   4.7864e-19
 4655.00   1.4814e-18   4.8519e-19
 4660.00   1.1967e-18   4.9992e-19
 4665.00   3.5363e-19   4.7117e-19
 4670.00   1.6373e-18   4.8338e-19
 4675.00   1.6997e-18   4.9650e-19
 4680.00   1.4693e-18   4.8484e-19
 4685.00   1.4570e-18   5.0083e-19
 4690.00   1.4576e-18   4.9626e-19
 4695.00   7.6824e-19   5.0112e-19
 4700.00   6.2321e-19   4.8960e-19
 4705.00   6.7801e-19   4.8695e-19
 4710.00   9.8242e-19   4.9865e-19
 4715.00   1.5370e-18   5.0780e-19
 4720.00   1.1112e-18   5.1675e-19
 4725.00   1.1332e-18   5.1975e-19
 4730.00   1.0594e-18   5.0423e-19
 4735.00   4.4332e-19   5.0574e-19
 4740.00   1.1923e-18   5.2214e-19
 4745.00   1.5980e-19   5.2012e-19
 4750.00   5.2303e-19   5.2074e-19
 4755.00   2.7046e-19   5.1244e-19
 4760.00  -2.6807e-19   5.1438e-19
 4765.00   4.7329e-19   5.1137e-19
 4770.00   3.4253e-19   5.1944e-19
 4775.00   3.3339e-19   5.2677e-19
 4780.00   1.2710e-18   5.3217e-19
 4785.00   5.3974e-19   5.1336e-19
 4790.00  -1.8228e-19   7.4552e-19
 4795.00   3.5938e-19   7.3517e-19
 4800.00   1.6312e-18   7.0612e-19
 4805.00   4.5560e-19   6.7258e-19
 4810.00   6.9356e-19   6.4799e-19
 4815.00   9.0777e-19   6.3275e-19
 4820.00   3.8763e-19   6.1504e-19
 4825.00   1.3559e-18   5.8929e-19
 4830.00   1.4796e-18   5.7763e-19
 4835.00   4.8618e-19   5.5842e-19
 4840.00   1.9123e-18   5.4944e-19
 4845.00   1.6092e-18   5.3578e-19
 4850.00   8.0737e-20   5.0491e-19
 4855.00   9.5516e-19   4.8845e-19
 4860.00   5.3528e-19   4.4067e-19
 4865.00   2.2492e-18   4.7791e-19
 4870.00   8.7908e-19   4.5355e-19
 4875.00   5.5013e-19   4.5808e-19
 4880.00   8.6297e-19   4.5713e-19
 4885.00   4.8456e-19   4.4656e-19
 4890.00   4.1576e-19   4.2559e-19
 4895.00   1.2846e-18   4.5440e-19
 4900.00   8.4423e-19   4.4446e-19
 4905.00   9.0544e-19   4.3567e-19
 4910.00   1.7897e-18   4.2688e-19
 4915.00   7.1952e-20   4.2266e-19
 4920.00   1.4026e-18   3.9849e-19
 4925.00   9.9933e-19   4.1431e-19
 4930.00   1.4016e-18   4.2168e-19
 4935.00   1.7579e-18   4.0969e-19
 4940.00   9.7050e-19   4.0192e-19
 4945.00   1.2431e-18   4.1081e-19
 4950.00   8.5011e-19   4.1161e-19
 4955.00   1.1107e-18   3.9978e-19
 4960.00   1.0386e-18   4.0001e-19
 4965.00   1.1308e-18   4.1062e-19
 4970.00   1.1813e-18   4.0964e-19
 4975.00   6.9754e-19   4.1072e-19
 4980.00   1.1954e-18   4.0377e-19
 4985.00   1.4556e-18   3.9816e-19
 4990.00   4.0054e-19   4.1001e-19
 4995.00   1.6114e-18   4.2326e-19
 5000.00   1.5736e-18   4.1862e-19
 5005.00   1.4690e-18   4.1432e-19
 5010.00   9.4648e-19   4.2491e-19
 5015.00   1.3351e-18   4.2160e-19
 5020.00   6.5663e-19   4.2234e-19
 5025.00   5.3616e-19   4.3156e-19
 5030.00   7.0603e-19   4.3995e-19
 5035.00   1.2781e-18   4.4782e-19
 5040.00   1.0322e-18   4.3298e-19
 5045.00   1.8733e-18   4.7333e-19
 5050.00   2.7976e-18   4.6501e-19
 5055.00   1.6033e-18   4.5701e-19
 5060.00   8.8796e-19   4.5783e-19
 5065.00   9.8660e-19   4.5078e-19
 5070.00   1.0087e-18   4.5560e-19
 5075.00   1.5959e-18   4.6029e-19
 5080.00   1.5904e-18   4.4983e-19
 5085.00   1.7542e-18   4.6384e-19
 5090.00   7.1684e-19   4.5920e-19
 5095.00   1.6268e-18   4.6615e-19
 5100.00   7.8934e-19   4.5229e-19
 5105.00   1.5814e-18   4.6567e-19
 5110.00   9.0854e-19   4.6077e-19
 5115.00   1.9720e-18   7.5279e-19
 5120.00   3.9595e-19   7.0463e-19
 5125.00   3.9142e-19   6.6590e-19
 5130.00   7.4782e-19   6.5607e-19
 5135.00   1.8126e-18   6.4974e-19
 5140.00   4.5694e-19   6.0696e-19
 5145.00   1.1861e-18   6.0347e-19
 5150.00   1.9323e-18   5.9421e-19
 5155.00   1.3590e-18   5.7386e-19
 5160.00   9.3792e-19   5.6192e-19
 5165.00   1.6030e-18   5.2367e-19
 5170.00   8.6198e-19   4.9121e-19
 5175.00   1.3195e-18   4.9897e-19
 5180.00   7.7309e-19   5.0482e-19
 5185.00   2.1328e-18   4.6774e-19
 5190.00   1.3213e-18   4.8765e-19
 5195.00   1.7447e-18   4.8182e-19
 5200.00   1.5529e-18   5.0986e-19
 5205.00   2.2457e-18   4.7093e-19
 5210.00   1.5930e-18   4.5661e-19
 5215.00   1.2868e-18   4.4886e-19
 5220.00   1.1160e-18   4.5111e-19
 5225.00   1.3120e-18   4.3087e-19
 5230.00   1.9376e-18   4.4008e-19
 5235.00   1.5804e-18   4.2684e-19
 5240.00   1.6008e-18   4.4358e-19
 5245.00   1.6097e-18   4.2975e-19
 5250.00   1.5072e-18   4.2491e-19
 5255.00   2.0509e-18   4.3522e-19
 5260.00   1.6488e-18   4.2477e-19
 5265.00   1.6151e-18   3.9774e-19
 5270.00   1.5319e-18   4.0105e-19
 5275.00   1.8813e-18   4.2331e-19
 5280.00   2.2300e-18   4.2842e-19
 5285.00   2.2936e-18   4.2546e-19
 5290.00   2.0008e-18   4.3598e-19
 5295.00   2.4357e-18   4.3311e-19
 5300.00   1.7929e-18   4.2798e-19
 5305.00   2.4630e-18   4.4193e-19
 5310.00   1.8635e-18   4.4171e-19
 5315.00   2.3152e-18   4.4251e-19
 5320.00   1.7558e-18   4.4013e-19
 5325.00   2.3126e-18   4.3858e-19
 5330.00   2.7830e-18   4.3975e-19
 5335.00   2.3910e-18   4.4771e-19
 5340.00   1.9987e-18   4.3869e-19
 5345.00   1.9082e-18   4.4679e-19
 5350.00   1.9335e-18   4.4841e-19
 5355.00   1.3467e-18   4.5195e-19
 5360.00   1.4681e-18   4.5265e-19
 5365.00   2.7668e-18   4.5632e-19
 5370.00   2.3230e-18   4.4651e-19
 5375.00   2.0771e-18   4.6643e-19
 5380.00   1.8449e-18   4.6334e-19
 5385.00   2.3289e-18   4.7094e-19
 5390.00   2.1944e-18   4.7333e-19
 5395.00   2.2617e-18   4.6919e-19
 5400.00   1.8522e-18   4.7696e-19
 5405.00   2.2087e-18   4.7204e-19
 5410.00   1.5793e-18   4.8415e-19
 5415.00   2.5542e-18   5.0202e-19
 5420.00   1.8473e-18   5.0823e-19
 5425.00   2.2765e-18   5.1376e-19
 5430.00   2.1672e-18   4.9755e-19
 5435.00   1.7158e-18   4.8360e-19
 5440.00   2.2870e-18   5.0054e-19
 5445.00   1.7832e-18   4.9121e-19
 5450.00   1.2918e-18   5.0480e-19
 5455.00   1.3409e-18   5.0236e-19
 5460.00   1.8432e-18   5.2959e-19
 5465.00   8.7579e-19   5.1547e-19
 5470.00   2.2467e-18   5.3887e-19
 5475.00   2.8955e-18   5.3662e-19
 5480.00   1.6627e-18   5.3566e-19
 5485.00   1.7658e-18   5.3818e-19
 5490.00   8.0364e-19   7.8600e-19
 5495.00   1.2038e-18   7.5801e-19
 5500.00   1.1927e-18   7.3245e-19
 5505.00   1.5505e-18   7.0469e-19
 5510.00   1.5568e-18   6.8435e-19
 5515.00   1.1759e-18   6.5992e-19
 5520.00   1.7861e-18   6.5769e-19
 5525.00   2.2372e-18   6.4776e-19
 5530.00   1.9332e-18   6.3269e-19
 5535.00   1.0663e-18   6.2397e-19
 5540.00   1.8328e-18   6.4412e-19
 5545.00   8.8672e-19   6.4160e-19
 5550.00   2.1773e-18   6.2464e-19
 5555.00   1.2308e-18   5.7413e-19
 5560.00   8.7468e-19   5.6718e-19
 5565.00   1.9217e-18   5.7490e-19
 5570.00   1.2447e-18   5.5653e-19
 5575.00   2.4229e-18   6.2782e-19
 5580.00   5.6871e-19   5.6421e-19
 5585.00   7.1374e-19   5.1550e-19
 5590.00   1.7717e-18   5.1590e-19
 5595.00   1.5924e-18   4.9925e-19
 5600.00   7.5809e-19   5.0188e-19
 5605.00   1.3133e-18   5.9638e-19
 5610.00   9.8129e-19   5.5548e-19
 5615.00   1.2924e-18   5.2037e-19
 5620.00   2.2964e-18   5.1198e-19
 5625.00   2.0678e-18   4.9714e-19
 5630.00   1.5236e-18   4.7647e-19
 5635.00   1.3024e-18   4.6055e-19
 5640.00   1.6117e-18   4.5439e-19
 5645.00   1.0125e-18   4.4735e-19
 5650.00   2.5175e-18   4.4631e-19
 5655.00   8.3857e-19   4.2983e-19
 5660.00   1.4737e-18   4.2656e-19
 5665.00   1.3015e-18   4.2902e-19
 5670.00   1.6140e-18   4.3652e-19
 5675.00   1.8950e-18   4.3715e-19
 5680.00   1.0301e-18   4.3309e-19
 5685.00   1.0789e-18   4.3534e-19
 5690.00   1.8392e-18   4.4513e-19
 5695.00   2.1121e-18   4.5431e-19
 5700.00   4.2577e-19   4.5278e-19
 5705.00   1.7816e-18   4.6845e-19
 5710.00   2.1993e-18   4.7991e-19
 5715.00   1.2035e-18   4.8787e-19
 5720.00   1.3258e-18   4.9930e-19
 5725.00   1.2583e-18   5.1118e-19
 5730.00   2.0512e-18   5.2376e-19
 5735.00   5.9753e-19   5.2719e-19
 5740.00   1.5794e-18   5.3751e-19
 5745.00   9.0501e-19   5.4522e-19
 5750.00   1.7078e-18   5.4498e-19
 5755.00   2.8860e-18   5.5729e-19
 5760.00   1.5797e-18   5.4441e-19
 5765.00   2.1146e-18   5.4447e-19
 5770.00   2.1974e-18   5.4227e-19
 5775.00   1.3610e-18   5.2833e-19
 5780.00   2.1636e-18   5.1812e-19
 5785.00   1.1432e-18   4.8645e-19
 5790.00   2.0958e-18   4.5584e-19
 5795.00   1.5244e-18   4.5955e-19
 5800.00   2.4762e-18   4.5677e-19
 5805.00   2.0135e-18   4.4536e-19
 5810.00   2.7899e-18   4.5004e-19
 5815.00   1.6129e-18   4.2938e-19
 5820.00   2.3365e-18   4.3261e-19
 5825.00   2.1362e-18   4.2615e-19
 5830.00   1.5708e-18   4.1890e-19
 5835.00   2.2537e-18   4.2191e-19
 5840.00   2.0313e-18   4.1730e-19
 5845.00   2.1270e-18   4.2020e-19
 5850.00   1.2630e-18   4.1199e-19
 5855.00   1.9296e-18   4.1712e-19
 5860.00   1.5506e-18   4.1723e-19
 5865.00   3.3789e-18   4.5249e-19
 5870.00   1.5325e-18   4.4354e-19
 5875.00   1.8566e-18   4.3786e-19
 5880.00   2.0761e-18   4.3805e-19
 5885.00   2.3625e-18   4.4460e-19
 5890.00   1.7395e-18   5.0062e-19
 5895.00   1.6403e-18   4.7665e-19
 5900.00   2.1275e-18   4.5180e-19
 5905.00   2.1586e-18   4.6206e-19
 5910.00   1.4859e-18   4.4994e-19
 5915.00   2.1342e-18   4.6793e-19
 5920.00   2.0789e-18   4.5050e-19
 5925.00   1.5405e-18   4.5336e-19
 5930.00   1.5972e-18   4.4478e-19
 5935.00   1.5603e-18   4.5735e-19
 5940.00   2.2106e-18   4.4074e-19
 5945.00   1.7935e-18   4.4194e-19
 5950.00   1.1005e-18   4.2708e-19
 5955.00   1.8715e-18   4.4864e-19
 5960.00   1.5471e-18   4.2766e-19
 5965.00   9.3751e-19   4.2117e-19
 5970.00   1.8292e-18   4.2969e-19
 5975.00   1.7211e-18   4.3171e-19
 5980.00   1.8838e-18   4.2132e-19
 5985.00   1.4655e-18   4.1261e-19
 5990.00   1.6083e-18   4.1566e-19
 5995.00   1.6244e-18   4.1261e-19
 6000.00   1.7191e-18   4.3393e-19
 6005.00   1.0802e-18   4.2107e-19
 6010.00   1.2260e-18   4.0570e-19
 6015.00   1.2114e-18   4.0218e-19
 6020.00   2.3248e-18   4.0587e-19
 6025.00   2.3066e-18   3.9823e-19
 6030.00   2.0983e-18   3.9523e-19
 6035.00   1.9749e-18   3.9431e-19
 6040.00   2.0547e-18   3.8556e-19
 6045.00   1.0808e-18   3.7671e-19
 6050.00   1.7900e-18   3.7979e-19
 6055.00   1.3279e-18   3.6859e-19
 6060.00   2.1109e-18   3.7551e-19
 6065.00   1.5529e-18   3.6793e-19
 6070.00   1.7196e-18   3.6791e-19
 6075.00   2.6745e-18   3.7172e-19
 6080.00   2.3985e-18   3.6620e-19
 6085.00   2.4292e-18   3.6511e-19
 6090.00   2.0394e-18   3.6421e-19
 6095.00   1.5484e-18   3.6087e-19
 6100.00   1.6372e-18   3.6196e-19
 6105.00   1.9757e-18   3.6410e-19
 6110.00   1.4949e-18   3.6033e-19
 6115.00   1.6372e-18   3.6225e-19
 6120.00   1.0520e-18   3.5764e-19
 6125.00   1.3235e-18   3.6138e-19
 6130.00   1.9238e-18   3.6463e-19
 6135.00   1.1143e-18   3.6153e-19
 6140.00   1.9550e-18   3.7124e-19
 6145.00   1.4004e-18   3.7178e-19
 6150.00   1.5153e-18   3.6534e-19
 6155.00   2.0480e-18   3.7209e-19
 6160.00   1.3380e-18   3.6324e-19
 6165.00   1.9166e-18   3.5989e-19
 6170.00   2.1018e-18   3.7925e-19
 6175.00   1.4127e-18   3.6422e-19
 6180.00   1.5545e-18   3.5809e-19
 6185.00   2.0062e-18   3.6266e-19
 6190.00   1.2870e-18   3.5412e-19
 6195.00   1.0830e-18   3.5571e-19
 6200.00   1.3077e-18   3.5460e-19
 6205.00   1.3196e-18   3.5830e-19
 6210.00   1.3901e-18   3.4864e-19
 6215.00   1.6552e-18   3.4973e-19
 6220.00   1.4121e-18   3.7800e-19
 6225.00   2.3208e-18   3.6368e-19
 6230.00   2.1840e-18   3.5170e-19
 6235.00   2.2157e-18   4.0109e-19
 6240.00   1.8117e-18   3.5537e-19
 6245.00   1.5877e-18   3.4099e-19
 6250.00   2.0573e-18   3.3280e-19
 6255.00   1.5918e-18   3.2613e-19
 6260.00   1.5831e-18   3.4412e-19
 6265.00   1.5353e-18   3.3491e-19
 6270.00   1.4194e-18   3.2229e-19
 6275.00   1.8300e-18   3.1939e-19
 6280.00   1.5921e-18   3.1178e-19
 6285.00   1.1162e-18   3.2077e-19
 6290.00   1.5358e-18   3.2316e-19
 6295.00   1.4474e-18   3.1413e-19
 6300.00   3.6520e-20   3.5108e-19
 6305.00   1.5152e-18   3.3461e-19
 6310.00   2.1557e-18   3.1786e-19
 6315.00   1.6887e-18   3.1249e-19
 6320.00   2.1921e-18   3.2953e-19
 6325.00   1.2266e-18   3.1826e-19
 6330.00   1.3381e-18   3.4359e-19
 6335.00   1.5388e-18   3.2258e-19
 6340.00   1.1715e-18   3.2329e-19
 6345.00   1.4089e-18   3.2563e-19
 6350.00   1.4254e-18   3.3813e-19
 6355.00   1.9706e-18   3.5121e-19
 6360.00   1.5994e-18   3.3212e-19
 6365.00   1.2675e-18   3.6880e-19
 6370.00   1.7386e-18   3.3342e-19
 6375.00   1.0775e-19   3.2321e-19
 6380.00  -1.0950e-18   3.1939e-19
 6385.00   1.6578e-18   3.4575e-19
 6390.00   7.7191e-19   3.2883e-19
 6395.00   1.6932e-18   3.3198e-19
 6400.00   2.0159e-18   3.3128e-19
 6405.00   1.8568e-18   3.3488e-19
 6410.00   1.5134e-18   3.2452e-19
 6415.00   1.4777e-18   3.2803e-19
 6420.00   1.7537e-18   3.3210e-19
 6425.00   1.5396e-18   3.2517e-19
 6430.00   1.6382e-18   3.2297e-19
 6435.00   8.0775e-19   3.1906e-19
 6440.00   1.3621e-18   3.1934e-19
 6445.00   1.2319e-18   3.1989e-19
 6450.00   1.5063e-18   3.2121e-19
 6455.00   1.8358e-18   3.2498e-19
 6460.00   1.3501e-18   3.4450e-19
 6465.00   6.2466e-19   3.6630e-19
 6470.00   1.3167e-18   3.5255e-19
 6475.00   1.2038e-18   3.2346e-19
 6480.00   2.3123e-18   3.3154e-19
 6485.00   1.2041e-18   3.0859e-19
 6490.00   1.0107e-18   3.0291e-19
 6495.00   1.8828e-18   3.0308e-19
 6500.00   1.7248e-18   3.3362e-19
 6505.00   1.9072e-18   3.1611e-19
 6510.00   1.6848e-18   2.9421e-19
 6515.00   1.4582e-18   2.9404e-19
 6520.00   1.5318e-18   2.9351e-19
 6525.00   1.5744e-18   2.9335e-19
 6530.00   1.7192e-18   2.8597e-19
 6535.00   2.1616e-18   3.1069e-19
 6540.00   1.6397e-18   2.8522e-19
 6545.00   1.6548e-18   2.9687e-19
 6550.00   1.1817e-18   2.8001e-19
 6555.00   1.7477e-18   3.0635e-19
 6560.00   1.6278e-18   2.7983e-19
 6565.00   1.7361e-18   2.9121e-19
 6570.00   1.6265e-18   2.9869e-19
 6575.00   1.8775e-18   3.0616e-19
 6580.00   1.9076e-18   3.0065e-19
 6585.00   1.6901e-18   2.9566e-19
 6590.00   1.4109e-18   2.9626e-19
 6595.00   1.2789e-18   2.9984e-19
 6600.00   2.1635e-18   3.0269e-19
 6605.00   1.8562e-18   3.1685e-19
 6610.00   1.5760e-18   2.9903e-19
 6615.00   1.4087e-18   2.9938e-19
 6620.00   1.9441e-18   3.0274e-19
 6625.00   2.3508e-18   3.0733e-19
 6630.00   1.7642e-18   3.0507e-19
 6635.00   1.4951e-18   3.1002e-19
 6640.00   1.3853e-18   3.0071e-19
 6645.00   1.9136e-18   3.0143e-19
 6650.00   1.7257e-18   3.0364e-19
 6655.00   1.8530e-18   3.0287e-19
 6660.00   2.2927e-18   3.0723e-19
 6665.00   2.9497e-18   3.2174e-19
 6670.00   1.8827e-18   3.0410e-19
 6675.00   1.4550e-18   2.9884e-19
 6680.00   1.0239e-18   2.9282e-19
 6685.00   1.5703e-18   2.9675e-19
 6690.00   1.5430e-18   2.9677e-19
 6695.00   1.4813e-18   2.9302e-19
 6700.00   9.9909e-19   2.9126e-19
 6705.00   1.7132e-18   2.9479e-19
 6710.00   2.0111e-18   2.9488e-19
 6715.00   2.0191e-18   3.2210e-19
 6720.00   1.8683e-18   3.1167e-19
 6725.00   1.8899e-18   3.0868e-19
 6730.00   1.9952e-18   3.0607e-19
 6735.00   1.3767e-18   2.9400e-19
 6740.00   1.7738e-18   2.9389e-19
 6745.00   1.6061e-18   2.8957e-19
 6750.00   2.0603e-18   2.8725e-19
 6755.00   1.7161e-18   2.8213e-19
 6760.00   1.9606e-18   2.8048e-19
 6765.00   2.0536e-18   2.7848e-19
 6770.00   2.0640e-18   2.7544e-19
 6775.00   1.8221e-18   2.7163e-19
 6780.00   2.1722e-18   2.7108e-19
 6785.00   1.8836e-18   2.6850e-19
 6790.00   1.6315e-18   2.6584e-19
 6795.00   2.1330e-18   2.6458e-19
 6800.00   1.7897e-18   2.6026e-19
 6805.00   1.6791e-18   2.5930e-19
 6810.00   1.8727e-18   2.5780e-19
 6815.00   1.9393e-18   2.5766e-19
 6820.00   2.1567e-18   2.5979e-19
 6825.00   1.9728e-18   2.6654e-19
 6830.00   1.7499e-18   3.0905e-19
 6835.00   1.7962e-18   2.9549e-19
 6840.00   1.9045e-18   2.7260e-19
 6845.00   1.7956e-18   2.5685e-19
 6850.00   1.8545e-18   2.6213e-19
 6855.00   1.8859e-18   2.6026e-19
 6860.00   1.8481e-18   2.6407e-19
 6865.00   1.7405e-18   2.9813e-19
 6870.00   1.1050e-18   2.4668e-19
 6875.00   1.2393e-18   2.4150e-19
 6880.00   1.3734e-18   2.6980e-19
 6885.00   1.6894e-18   2.6066e-19
 6890.00   1.2616e-18   2.7206e-19
 6895.00   1.8076e-18   2.6125e-19
 6900.00   2.0385e-18   2.8523e-19
 6905.00   1.5219e-18   2.6332e-19
 6910.00   1.4622e-18   2.7159e-19
 6915.00   1.1885e-18   2.7430e-19
 6920.00   1.5960e-18   2.6893e-19
 6925.00   1.6423e-18   2.9678e-19
 6930.00   2.1615e-18   2.7259e-19
 6935.00   1.4628e-18   2.6685e-19
 6940.00   1.3768e-18   2.8421e-19
 6945.00   1.4496e-18   2.6477e-19
 6950.00   1.6655e-18   2.9837e-19
 6955.00   1.4242e-18   2.6472e-19
 6960.00   1.8081e-18   2.6728e-19
 6965.00   1.7821e-18   2.6741e-19
 6970.00   2.0697e-18   2.8050e-19
 6975.00   1.9770e-18   2.6511e-19
 6980.00   1.7215e-18   2.8660e-19
 6985.00   1.9320e-18   2.6604e-19
 6990.00   1.7384e-18   2.9687e-19
 6995.00   1.8626e-18   2.9376e-19
 7000.00   1.6169e-18   2.8874e-19
 7005.00   1.4676e-18   2.8607e-19
 7010.00   1.6267e-18   2.9270e-19
 7015.00   1.3359e-18   2.6334e-19
 7020.00   1.4687e-18   2.6286e-19
 7025.00   1.6249e-18   2.5757e-19
 7030.00   1.9123e-18   2.6070e-19
 7035.00   2.2507e-18   2.5719e-19
 7040.00   1.3430e-18   2.5278e-19
 7045.00   1.2662e-18   2.4832e-19
 7050.00   1.9461e-18   2.6692e-19
 7055.00   1.6366e-18   2.4356e-19
 7060.00   1.4121e-18   2.3789e-19
 7065.00   2.0536e-18   2.4623e-19
 7070.00   1.6493e-18   2.3686e-19
 7075.00   2.1429e-18   2.3844e-19
 7080.00   2.0294e-18   2.3948e-19
 7085.00   1.9759e-18   2.3239e-19
 7090.00   1.7144e-18   2.3511e-19
 7095.00   1.7253e-18   2.2404e-19
 7100.00   1.6640e-18   2.2315e-19
 7105.00   1.6563e-18   2.2235e-19
 7110.00   1.7041e-18   2.2268e-19
 7115.00   1.6540e-18   2.2096e-19
 7120.00   1.7444e-18   2.2262e-19
 7125.00   1.6673e-18   2.2527e-19
 7130.00   1.5249e-18   2.2429e-19
 7135.00   1.7511e-18   2.2788e-19
 7140.00   1.3749e-18   2.2510e-19
 7145.00   1.8118e-18   2.3880e-19
 7150.00   1.7786e-18   2.3235e-19
 7155.00   1.5941e-18   2.3077e-19
 7160.00   2.0207e-18   2.4020e-19
 7165.00   1.7194e-18   2.3658e-19
 7170.00   1.5910e-18   2.3291e-19
 7175.00   1.1858e-18   2.3105e-19
 7180.00   1.2143e-18   2.3443e-19
 7185.00   1.5588e-18   2.2930e-19
 7190.00   1.5181e-18   2.3370e-19
 7195.00   1.3238e-18   2.3252e-19
 7200.00   1.2281e-18   2.3284e-19
 7205.00   1.0904e-18   2.3200e-19
 7210.00   2.0832e-18   2.4927e-19
 7215.00   1.1851e-18   2.4119e-19
 7220.00   1.5870e-18   2.4720e-19
 7225.00   1.5814e-18   2.4855e-19
 7230.00   1.7133e-18   2.5227e-19
 7235.00   1.5946e-18   2.4885e-19
 7240.00   2.0848e-18   3.6850e-19
 7245.00   1.3223e-18   3.0664e-19
 7250.00   9.0723e-19   2.4973e-19
 7255.00   1.7851e-18   2.8498e-19
 7260.00   1.2999e-18   2.4966e-19
 7265.00   1.1781e-18   2.4898e-19
 7270.00   1.1869e-18   2.5863e-19
 7275.00   1.3099e-18   3.0158e-19
 7280.00   1.9124e-18   2.5776e-19
 7285.00   1.4999e-18   2.8309e-19
 7290.00   1.5660e-18   2.4714e-19
 7295.00   1.7948e-18   3.1063e-19
 7300.00   1.5655e-18   2.7870e-19
 7305.00   1.8780e-18   3.0900e-19
 7310.00   1.4260e-18   2.7484e-19
 7315.00   1.1817e-18   2.9588e-19
 7320.00   1.7329e-18   2.5903e-19
 7325.00   1.3419e-18   2.5132e-19
 7330.00   1.3509e-18   2.8509e-19
 7335.00   1.8536e-18   2.5078e-19
 7340.00   1.9647e-18   2.9147e-19
 7345.00   1.5053e-18   2.5007e-19
 7350.00   1.7374e-18   2.4919e-19
 7355.00   1.6154e-18   2.4170e-19
 7360.00   1.8329e-18   2.6600e-19
 7365.00   1.7257e-18   2.3937e-19
 7370.00   1.4718e-18   2.6751e-19
 7375.00   1.5084e-18   2.3515e-19
 7380.00   1.7051e-18   2.3082e-19
 7385.00   1.6128e-18   2.2644e-19
 7390.00   1.6792e-18   2.4675e-19
 7395.00   1.3840e-18   2.2622e-19
 7400.00   1.2420e-18   2.5132e-19
 7405.00   1.5742e-18   2.2256e-19
 7410.00   1.4203e-18   2.2017e-19
 7415.00   1.7970e-18   2.2514e-19
 7420.00   1.5033e-18   2.1955e-19
 7425.00   1.6115e-18   2.2109e-19
 7430.00   1.8628e-18   2.4056e-19
 7435.00   1.6453e-18   2.2256e-19
 7440.00   1.5339e-18   2.4955e-19
 7445.00   1.6777e-18   2.2050e-19
 7450.00   1.2145e-18   2.1907e-19
 7455.00   1.5139e-18   2.2178e-19
 7460.00   1.5618e-18   2.3429e-19
 7465.00   1.3769e-18   2.5232e-19
 7470.00   1.6431e-18   2.5204e-19
 7475.00   2.0753e-18   2.6339e-19
 7480.00   1.5509e-18   2.6269e-19
 7485.00   1.3907e-18   2.5358e-19
 7490.00   1.2553e-18   2.2829e-19
 7495.00   1.4233e-18   2.4018e-19
 7500.00   1.7489e-18   2.4112e-19
 7505.00   1.7961e-18   2.3266e-19
 7510.00   1.5757e-18   2.2869e-19
 7515.00   2.1636e-18   2.4927e-19
 7520.00   1.6609e-18   2.4389e-19
 7525.00   1.6821e-18   2.8663e-19
 7530.00   1.3430e-18   2.6419e-19
 7535.00   1.3194e-18   2.3452e-19
 7540.00   1.5993e-18   2.5116e-19
 7545.00   1.5539e-18   2.3562e-19
 7550.00   1.4249e-18   2.3441e-19
 7555.00   1.5088e-18   2.4656e-19
 7560.00   1.3550e-18   2.4275e-19
 7565.00   1.1995e-18   2.3510e-19
 7570.00   1.2103e-18   2.6806e-19
 7575.00   1.4047e-18   2.4216e-19
 7580.00   1.1368e-18   2.2958e-19
 7585.00   2.1174e-18   2.5569e-19
 7590.00   1.8136e-18   2.3306e-19
 7595.00   7.1639e-19   1.9770e-19
 7600.00   7.6328e-20   1.9965e-19
 7605.00   3.5646e-19   1.7636e-19
 7610.00   4.8667e-19   1.8365e-19
 7615.00   7.0056e-19   1.9630e-19
 7620.00   1.1033e-18   2.7779e-19
 7625.00   5.1049e-19   2.1943e-19
 7630.00   4.2583e-19   2.3976e-19
 7635.00   1.0959e-18   2.1629e-19
 7640.00   6.7251e-19   2.1577e-19
 7645.00   6.8755e-19   2.1439e-19
 7650.00   9.5098e-19   2.1831e-19
 7655.00   9.3135e-19   2.3293e-19
 7660.00   9.3749e-19   2.3041e-19
 7665.00   1.2594e-18   2.2956e-19
 7670.00   1.5710e-18   2.2727e-19
 7675.00   1.3596e-18   2.2692e-19
 7680.00   1.3913e-18   2.2992e-19
 7685.00   1.4813e-18   2.3323e-19
 7690.00   1.3276e-18   2.3967e-19
 7695.00   1.2806e-18   2.2536e-19
 7700.00   1.7747e-18   2.4522e-19
 7705.00   1.1964e-18   2.1547e-19
 7710.00   1.4721e-18   2.3547e-19
 7715.00   1.6323e-18   3.5763e-19
 7720.00   2.7874e-18   2.5257e-19
 7725.00   1.2063e-18   2.5854e-19
 7730.00   1.4887e-18   2.1628e-19
 7735.00   1.3153e-18   2.2938e-19
 7740.00   1.4444e-18   2.1915e-19
 7745.00   1.8772e-18   2.1611e-19
 7750.00   1.4093e-18   2.8096e-19
 7755.00   1.6266e-18   2.2069e-19
 7760.00   1.7948e-18   2.3949e-19
 7765.00   1.4719e-18   2.0817e-19
 7770.00   1.2835e-18   2.3217e-19
 7775.00   1.1916e-18   2.7773e-19
 7780.00   1.3133e-18   2.3556e-19
 7785.00   1.3994e-18   2.1767e-19
 7790.00   1.6500e-18   2.3120e-19
 7795.00   1.6376e-18   2.4940e-19
 7800.00   1.2845e-18   2.0876e-19
 7805.00   1.4814e-18   2.1303e-19
 7810.00   1.7479e-18   2.4569e-19
 7815.00   1.6481e-18   2.2272e-19
 7820.00   1.6459e-18   2.6145e-19
 7825.00   1.5600e-18   2.1694e-19
 7830.00   1.0293e-18   2.1630e-19
 7835.00   1.1625e-18   2.1361e-19
 7840.00   1.2866e-18   2.4000e-19
 7845.00   1.6436e-18   2.1365e-19
 7850.00   1.7135e-18   2.6115e-19
 7855.00   1.2757e-18   2.5849e-19
 7860.00   1.9223e-18   2.7782e-19
 7865.00   1.4333e-18   2.2162e-19
 7870.00   1.4951e-18   2.7031e-19
 7875.00   1.1809e-18   2.1441e-19
 7880.00   8.8561e-19   2.7774e-19
 7885.00   1.1569e-18   2.2561e-19
 7890.00   1.3177e-18   2.6894e-19
 7895.00   1.0300e-18   2.2349e-19
 7900.00   1.1716e-18   2.1768e-19
 7905.00   1.1262e-18   2.2351e-19
 7910.00   1.4229e-18   2.3858e-19
 7915.00   9.1601e-19   2.6317e-19
 7920.00   1.7203e-18   2.8067e-19
 7925.00   1.1747e-18   2.1545e-19
 7930.00   1.0576e-18   2.6925e-19
 7935.00   1.1798e-18   2.1424e-19
 7940.00   1.0721e-18   2.1161e-19
 7945.00   1.0224e-18   2.2154e-19
 7950.00   1.4580e-18   2.3915e-19
 7955.00   2.0725e-18   2.1701e-19
 7960.00   1.0455e-18   2.0419e-19
 7965.00   1.5630e-18   2.4852e-19
 7970.00   1.1926e-18   2.2121e-19
 7975.00   1.1755e-18   2.2136e-19
 7980.00   1.6360e-18   2.4854e-19
 7985.00   1.1751e-18   2.5006e-19
 7990.00   1.3215e-18   2.5552e-19
 7995.00   1.3704e-18   3.0077e-19
 8000.00   8.7980e-19   2.4472e-19
 8005.00   1.5775e-18   2.3711e-19
 8010.00   1.2287e-18   2.3162e-19
 8015.00   1.0489e-18   2.6056e-19
 8020.00   1.1583e-18   2.3548e-19
 8025.00   1.1581e-18   2.6422e-19
 8030.00   1.2681e-18   2.5142e-19
 8035.00   1.0286e-18   2.1545e-19
 8040.00   1.2768e-18   2.1429e-19
 8045.00   8.6121e-19   2.0427e-19
 8050.00   9.6831e-19   2.3798e-19
 8055.00   1.0779e-18   2.0485e-19
 8060.00   1.1991e-18   2.2687e-19
 8065.00   1.3631e-18   2.1523e-19
 8070.00   9.8545e-19   1.9675e-19
 8075.00   9.7396e-19   2.0422e-19
 8080.00   1.2935e-18   2.0020e-19
 8085.00   1.3430e-18   2.0752e-19
 8090.00   1.4770e-18   1.9555e-19
 8095.00   1.0696e-18   2.1385e-19
 8100.00   9.3105e-19   2.0376e-19
 8105.00   1.3359e-18   2.1162e-19
 8110.00   1.0126e-18   1.9166e-19
 8115.00   1.4866e-18   1.9109e-19
 8120.00   1.0059e-18   1.8643e-19
 8125.00   1.2861e-18   1.9198e-19
 8130.00   9.1139e-19   1.8849e-19
 8135.00   8.2560e-19   1.8476e-19
 8140.00   1.0368e-18   1.9973e-19
 8145.00   9.9463e-19   1.9899e-19
 8150.00   8.8876e-19   1.8259e-19
 8155.00   1.1574e-18   1.8167e-19
 8160.00   8.3650e-19   1.7634e-19
 8165.00   1.4150e-18   1.8332e-19
 8170.00   8.8372e-19   1.7834e-19
 8175.00   1.2456e-18   1.8372e-19
 8180.00   1.1583e-18   1.8112e-19
 8185.00   8.8414e-19   1.8188e-19
 8190.00   1.1264e-18   1.9463e-19
 8195.00   1.0016e-18   1.9315e-19
 8200.00   1.0014e-18   1.8287e-19
 8205.00   9.5869e-19   1.9238e-19
 8210.00   1.2734e-18   1.9156e-19
 8215.00   1.1824e-18   1.9169e-19
 8220.00   9.5168e-19   1.8570e-19
 8225.00   1.0630e-18   1.8809e-19
 8230.00   1.1126e-18   1.7817e-19
 8235.00   8.9780e-19   1.8780e-19
 8240.00   9.2024e-19   1.9544e-19
 8245.00   6.1422e-19   1.9237e-19
 8250.00   1.5179e-18   2.0348e-19
 8255.00   6.3670e-19   1.9222e-19
 8260.00   1.0172e-18   1.9245e-19
 8265.00   1.3078e-18   1.9651e-19
 8270.00   9.4332e-19   1.9497e-19
 8275.00   9.0981e-19   1.9377e-19
 8280.00   9.1196e-19   3.2263e-19
 8285.00   1.3256e-18   2.3953e-19
 8290.00   1.2233e-18   2.4604e-19
 8295.00   1.1445e-18   2.2100e-19
 8300.00   9.6259e-19   2.4326e-19
 8305.00   9.8871e-19   2.0624e-19
 8310.00   9.0698e-19   2.2741e-19
 8315.00   7.1114e-19   1.9672e-19
 8320.00   1.0536e-18   2.0633e-19
 8325.00   1.0592e-18   2.0050e-19
 8330.00   7.3883e-19   1.9693e-19
 8335.00   1.2747e-18   2.0239e-19
 8340.00   1.6587e-18   2.1473e-19
 8345.00   1.0235e-18   2.8683e-19
 8350.00   8.9622e-19   2.2963e-19
 8355.00   1.1589e-18   2.3117e-19
 8360.00   8.4888e-19   2.1595e-19
 8365.00   1.3646e-18   2.5178e-19
 8370.00   9.5053e-19   2.0114e-19
 8375.00   1.1599e-18   2.7183e-19
 8380.00   1.4145e-18   3.2580e-19
 8385.00   8.4617e-19   2.7211e-19
 8390.00   9.2512e-19   2.5832e-19
 8395.00   9.7118e-19   2.4785e-19
 8400.00   9.6084e-19   3.0643e-19
 8405.00   6.0461e-19   2.3531e-19
 8410.00   1.3905e-18   2.3842e-19
 8415.00   1.0585e-18   2.7689e-19
 8420.00   1.3405e-18   2.3630e-19
 8425.00   1.5256e-18   2.5349e-19
 8430.00   1.4343e-18   3.0022e-19
 8435.00   9.2313e-19   2.3433e-19
 8440.00   8.6879e-19   2.1587e-19
 8445.00   1.2337e-18   2.4582e-19
 8450.00   8.9803e-19   2.3862e-19
 8455.00   7.8164e-19   2.2274e-19
 8460.00   9.7424e-19   2.1360e-19
 8465.00   1.3935e-18   2.6398e-19
 8470.00   1.2054e-18   2.0602e-19
 8475.00   1.0567e-18   2.1817e-19
 8480.00   1.4624e-18   2.0972e-19
 8485.00   8.3764e-19   2.0106e-19
 8490.00   1.0096e-18   1.9650e-19
 8495.00   1.1129e-18   2.4211e-19
 8500.00   1.1682e-18   1.9998e-19
 8505.00   8.5855e-19   2.4322e-19
 8510.00   9.8682e-19   1.9135e-19
 8515.00   1.0212e-18   1.8942e-19
 8520.00   9.6277e-19   1.9872e-19
 8525.00   1.1766e-18   1.9153e-19
 8530.00   9.4345e-19   1.8753e-19
 8535.00   6.9704e-19   1.8190e-19
 8540.00   9.5449e-19   2.0763e-19
 8545.00   1.2189e-18   1.8472e-19
 8550.00   2.1153e-18   2.5002e-19
 8555.00   1.0102e-18   1.8807e-19
 8560.00   1.4486e-19   1.7665e-19
 8565.00   1.5169e-18   1.9314e-19
 8570.00   1.3051e-18   1.9233e-19
 8575.00   9.2883e-19   1.9471e-19
 8580.00   8.2623e-19   1.8616e-19
 8585.00   1.1246e-18   1.8783e-19
 8590.00   9.5983e-19   2.1030e-19
 8595.00   9.9704e-19   2.0726e-19
 8600.00   1.3726e-18   1.9791e-19
 8605.00   8.5110e-19   1.8646e-19
 8610.00   7.0042e-19   1.9057e-19
 8615.00   9.8980e-19   2.2036e-19
 8620.00   1.1055e-18   2.4977e-19
 8625.00   9.2549e-19   2.6389e-19
 8630.00   1.1531e-18   2.8265e-19
 8635.00   1.2336e-18   2.7073e-19
 8640.00   1.0567e-18   2.4680e-19
 8645.00   1.2923e-18   2.1623e-19
 8650.00   1.1410e-18   2.5989e-19
 8655.00   1.3104e-18   2.6005e-19
 8660.00   1.3958e-18   2.4826e-19
 8665.00   1.3258e-18   2.5373e-19
 8670.00   2.0925e-18   2.7361e-19
 8675.00   1.5365e-18   2.3830e-19
 8680.00   8.8870e-19   2.2365e-19
 8685.00   1.1724e-18   2.1893e-19
 8690.00   7.8320e-19   1.9822e-19
 8695.00   9.1415e-19   2.0505e-19
 8700.00   9.3545e-19   2.1967e-19
 8705.00   1.2421e-18   2.1549e-19
 8710.00   1.3150e-18   2.1138e-19
 8715.00   1.1251e-18   2.0270e-19
 8720.00   1.2334e-18   2.0200e-19
 8725.00   4.3992e-19   2.0514e-19
 8730.00   6.9903e-19   1.9715e-19
 8735.00   1.1040e-18   2.0391e-19
 8740.00   8.6517e-19   2.0797e-19
 8745.00   6.2579e-19   2.0303e-19
 8750.00   1.2133e-18   2.0785e-19
 8755.00   1.2328e-18   2.0571e-19
 8760.00   1.0620e-18   3.6930e-19
 8765.00   1.2097e-18   2.6910e-19
 8770.00   1.0815e-18   2.5515e-19
 8775.00   1.3504e-18   2.5335e-19
 8780.00   1.4548e-18   2.5086e-19
 8785.00   5.8023e-19   2.0174e-19
 8790.00   1.1683e-18   2.5023e-19
 8795.00   1.0166e-18   2.0079e-19
 8800.00   1.1101e-18   2.0572e-19
 8805.00   1.2345e-18   2.0071e-19
 8810.00   7.6069e-19   2.1990e-19
 8815.00   8.7545e-19   1.9925e-19
 8820.00   1.3664e-18   2.6799e-19
 8825.00   1.5542e-18   3.9066e-19
 8830.00   5.3337e-19   3.1519e-19
 8835.00   1.7104e-18   4.2913e-19
 8840.00   7.1262e-19   2.5140e-19
 8845.00   9.0633e-19   2.6436e-19
 8850.00   9.5618e-19   2.9494e-19
 8855.00   6.1969e-19   2.3834e-19
 8860.00   1.0249e-18   2.5167e-19
 8865.00   9.0319e-19   2.7260e-19
 8870.00   1.1854e-18   2.5851e-19
 8875.00   1.1247e-18   2.2647e-19
 8880.00   1.1248e-18   2.2138e-19
 8885.00   9.5567e-19   2.9987e-19
 8890.00   1.5046e-18   2.4320e-19
 8895.00   6.5619e-19   2.2655e-19
 8900.00   8.5067e-19   2.2193e-19
 8905.00   1.0299e-18   2.6509e-19
 8910.00   7.4610e-19   2.2615e-19
 8915.00   8.3843e-19   2.1196e-19
 8920.00   9.7748e-19   3.0119e-19
 8925.00   1.1671e-18   2.2221e-19
 8930.00   7.5725e-19   2.2327e-19
 8935.00   8.2783e-19   2.1713e-19
 8940.00   1.0439e-18   2.1211e-19
 8945.00   2.7802e-19   2.3563e-19
 8950.00   9.7028e-19   1.9846e-19
 8955.00   7.5017e-19   2.0693e-19
 8960.00   7.2136e-19   2.4393e-19
 8965.00   7.9431e-19   1.9282e-19
 8970.00   9.2933e-19   2.1543e-19
 8975.00   9.9194e-19   1.9907e-19
 8980.00   9.9153e-19   2.1516e-19
 8985.00   7.1061e-19   2.0259e-19
 8990.00   9.7661e-19   2.3317e-19
 8995.00   9.0945e-19   2.0029e-19
 9000.00   1.0282e-18   2.4481e-19
 9005.00   9.5729e-19   1.8764e-19
 9010.00   7.9219e-19   1.8343e-19
 9015.00   9.6826e-19   1.8023e-19
 9020.00   8.3195e-19   1.9975e-19
 9025.00   8.8040e-19   1.8192e-19
 9030.00   9.0142e-19   2.0066e-19
 9035.00   9.6808e-19   1.9855e-19
 9040.00   4.3477e-19   2.1342e-19
 9045.00   7.6156e-19   2.0031e-19
 9050.00   8.7470e-19   2.4669e-19
 9055.00   1.0682e-18   2.0139e-19
 9060.00   1.0869e-18   1.9051e-19
 9065.00   1.1021e-18   2.0442e-19
 9070.00   1.2158e-18   2.0430e-19
 9075.00   8.8226e-19   1.9151e-19
 9080.00   6.7416e-19   1.8207e-19
 9085.00   6.6866e-19   1.9321e-19
 9090.00   6.6607e-19   2.0238e-19
 9095.00   8.4914e-19   2.1695e-19
 9100.00   7.2900e-19   2.0467e-19
 9105.00   5.8870e-19   2.1659e-19
 9110.00   8.8805e-19   1.9995e-19
 9115.00   9.1544e-19   2.0277e-19
 9120.00   1.0994e-18   1.9882e-19
 9125.00   1.7758e-18   2.1486e-19
 9130.00   6.0791e-19   1.9638e-19
 9135.00   7.2866e-19   2.0469e-19
 9140.00   8.5496e-19   2.1822e-19
 9145.00   7.9165e-19   2.1736e-19
 9150.00   9.9300e-19   2.4323e-19
 9155.00   6.5200e-19   2.2611e-19
 9160.00   4.4715e-19   2.7132e-19
 9165.00   1.1499e-18   2.2620e-19
 9170.00   6.3809e-19   2.2318e-19
 9175.00   6.6745e-19   2.1500e-19
 9180.00   1.0788e-18   2.3491e-19
 9185.00   6.8147e-19   2.2817e-19
 9190.00   7.7289e-19   2.3080e-19
 9195.00   1.0077e-18   2.3198e-19
 9200.00   5.9928e-19   2.2725e-19
 9205.00   7.4149e-19   2.1883e-19
 9210.00   7.7782e-19   2.2130e-19
 9215.00   6.0099e-19   2.4279e-19
 9220.00   4.8887e-19   2.2173e-19
 9225.00   8.6892e-19   2.6584e-19
 9230.00   1.1886e-18   2.2980e-19
 9235.00   6.4513e-19   2.2400e-19
 9240.00   5.0104e-19   2.2167e-19
 9245.00   5.8738e-19   2.2752e-19
 9250.00   8.1653e-19   2.5008e-19
 9255.00   5.4607e-19   2.3432e-19
 9260.00   3.7649e-19   2.4489e-19
 9265.00   9.7960e-19   2.7306e-19
 9270.00   6.3374e-19   2.2946e-19
 9275.00   7.7888e-19   2.2951e-19
 9280.00   5.2110e-19   2.2248e-19
 9285.00   1.2756e-18   2.5647e-19
 9290.00   7.2198e-19   2.4113e-19
 9295.00   2.3834e-19   2.5526e-19
 9300.00   3.8515e-19   3.1800e-19
 9305.00   1.1440e-18   4.7064e-19
 9310.00   1.5907e-18   6.5364e-19
 9315.00   1.0375e-18   4.4718e-19
 9320.00   7.0399e-19   3.9160e-19
 9325.00   9.1148e-19   4.2860e-19
 9330.00   2.0442e-19   3.4583e-19
 9335.00   2.6888e-19   2.9797e-19
 9340.00   4.0978e-19   3.3323e-19
 9345.00   1.4207e-19   2.5350e-19
 9350.00   8.6241e-19   3.7666e-19
 9355.00   1.2377e-19   2.6110e-19
 9360.00   3.6879e-19   2.8582e-19
 9365.00  -1.7222e-19   2.7381e-19
 9370.00   2.1448e-19   2.8726e-19
 9375.00   4.4152e-19   7.1802e-19
 9380.00   7.3449e-19   3.0124e-19
 9385.00   7.8122e-19   3.5895e-19
 9390.00   6.2271e-19   2.9431e-19
 9395.00   6.5478e-19   3.2679e-19
 9400.00   7.8642e-19   3.4134e-19
 9405.00   5.3935e-19   3.1336e-19
 9410.00   2.5798e-19   2.6569e-19
 9415.00   6.9971e-19   2.9037e-19
 9420.00   1.1041e-18   4.3590e-19
 9425.00  -1.2101e-19   2.7745e-19
 9430.00   4.1238e-19   2.4516e-19
 9435.00   6.0955e-19   3.0547e-19
 9440.00   1.0151e-18   5.1069e-19
 9445.00   9.7149e-19   2.9297e-19
 9450.00   5.4971e-19   3.1933e-19
 9455.00   2.9981e-19   2.7486e-19
 9460.00   1.0880e-18   3.5227e-19
 9465.00   3.0656e-19   2.5994e-19
 9470.00   3.5599e-19   2.6114e-19
 9475.00   1.4740e-18   3.8641e-19
 9480.00   5.5555e-20   2.7117e-19
 9485.00   8.1162e-20   2.6802e-19
 9490.00   2.3977e-19   2.9382e-19
 9495.00   6.0663e-19   2.3685e-19
 9500.00   4.1694e-19   2.6537e-19
 9505.00   1.2795e-18   3.3567e-19
 9510.00   1.3663e-18   2.7648e-19
 9515.00   3.8404e-19   2.5161e-19
 9520.00   9.1723e-19   3.6348e-19
 9525.00   4.0358e-19   2.5301e-19
 9530.00   7.3202e-20   2.7521e-19
 9535.00   3.0714e-19   2.9651e-19
 9540.00   8.7245e-19   2.5822e-19
 9545.00   4.7904e-19   2.3371e-19
 9550.00   1.0325e-18   3.0041e-19
 9555.00   6.0537e-19   2.8288e-19
 9560.00   5.7979e-19   2.9039e-19
 9565.00   9.2557e-19   3.1740e-19
 9570.00   1.1444e-18   3.4311e-19
 9575.00   7.0323e-19   2.8341e-19
 9580.00   2.9257e-19   2.5243e-19
 9585.00   9.2121e-19   2.7935e-19
 9590.00   5.9676e-19   2.6746e-19
 9595.00   5.9005e-19   2.7771e-19
 9600.00   8.2615e-19   2.7993e-19
 9605.00   6.2870e-19   3.1238e-19
 9610.00   1.1449e-19   3.3052e-19
 9615.00   8.1679e-19   3.1059e-19
 9620.00   1.4207e-18   4.0962e-19
 9625.00   1.0138e-18   3.2016e-19
 9630.00   7.9892e-19   3.4111e-19
 9635.00   1.1273e-18   3.0416e-19
 9640.00   8.6611e-19   3.0412e-19
 9645.00   5.0040e-19   2.8313e-19
 9650.00   3.9611e-19   3.1522e-19
 9655.00   1.2290e-18   3.5834e-19
 9660.00   1.1172e-18   3.6962e-19
 9665.00   6.4211e-19   3.2571e-19
 9670.00   8.5826e-19   4.6520e-19
 9675.00   1.1082e-18   3.8765e-19
 9680.00   1.5221e-18   5.4649e-19
 9685.00   5.2345e-19   3.9510e-19
 9690.00   1.6534e-18   4.3166e-19
 9695.00   5.9981e-19   3.6384e-19
 9700.00   1.1439e-18   5.2755e-19
 9705.00   1.4120e-18   3.6441e-19
 9710.00   1.2301e-18   4.3927e-19
 9715.00   1.1951e-18   3.8691e-19
 9720.00   3.3269e-18   6.5074e-19
 9725.00   5.9132e-19   4.0562e-19
 9730.00   5.5029e-19   3.9192e-19
 9735.00   1.1571e-18   4.8575e-19
 9740.00   1.1853e-18   4.6714e-19
 9745.00   5.2186e-19   4.6447e-19
 9750.00   8.5436e-19   3.8454e-19
 9755.00   6.9628e-19   3.9346e-19
 9760.00   5.4481e-19   3.8279e-19
 9765.00   7.6838e-19   3.9291e-19
 9770.00   4.1686e-19   4.2116e-19
 9775.00   3.5797e-19   4.0391e-19
 9780.00   2.0279e-19   4.0683e-19
 9785.00   4.5670e-19   4.3396e-19
 9790.00   3.8321e-18   1.0115e-18
 9795.00   3.1497e-18   6.2280e-19
 9800.00   3.0715e-18   6.7929e-19
 9805.00   1.4928e-18   5.0226e-19
 9810.00   6.3780e-19   6.4381e-19
 9815.00   4.6729e-19   5.5863e-19
 9820.00   9.4790e-19   5.1457e-19
 9825.00   1.4925e-18   5.4162e-19
 9830.00  -1.1814e-19   5.5388e-19
 9835.00   5.3175e-19   5.0103e-19
 9840.00   4.9605e-19   4.9139e-19
 9845.00   9.2728e-19   5.4957e-19
 9850.00   1.3191e-18   7.2430e-19
 9855.00   8.3540e-19   5.3043e-19
 9860.00   7.3823e-20   5.2307e-19
 9865.00   1.6360e-18   1.0279e-18
