 
TRANSIENT_NAME:     DES14X1oes 
SNID:               1313594    
OBS_DATE:           2014-12-23
MJD:                57014. 
PHASE:              +9.    
MJD_MAX:            57002.2
TYPE:               1  
SPEC_EVAL:          SNIa
REDSHIFT:           0.2970  
REDSHIFT_ERR:       0.0050  
REDSHIFT_SOURCE:    Z_SN
TELESCOPE:          SALT
INSTRUMENT:         RSS
 
======================================
 
# WAVE  FLUX  FLUX_ERR
 3845.14  -1.5680e-20   6.4417e-20
 3848.17  -4.4003e-20   9.1410e-20
 3851.19   8.1594e-20   1.2711e-19
 3854.22   6.0485e-20   1.2583e-19
 3857.24  -1.1513e-19   1.4276e-19
 3860.27  -8.7508e-20   1.1913e-19
 3863.29   3.8619e-19   2.6347e-19
 3866.32   4.2562e-19   2.7420e-19
 3869.34  -1.0351e-20   3.9769e-20
 3872.37   3.0073e-20   7.4427e-20
 3875.39   3.2205e-19   2.5589e-19
 3878.42   3.8732e-19   2.4898e-19
 3881.44   3.4450e-19   2.7013e-19
 3884.47   3.8969e-19   2.4362e-19
 3887.49   4.0923e-19   2.3238e-19
 3890.52   3.1368e-19   2.3087e-19
 3893.54   1.0477e-19   1.7462e-19
 3896.57   1.7804e-19   2.1176e-19
 3899.59   9.7889e-20   1.6085e-19
 3902.62   1.3476e-19   1.8844e-19
 3905.64   5.9866e-22   1.2788e-20
 3908.67   3.2564e-19   2.5494e-19
 3911.69   5.0251e-19   2.6993e-19
 3914.72   3.0446e-19   2.6805e-19
 3917.75   1.7737e-19   2.4965e-19
 3920.77   1.4568e-19   2.1897e-19
 3923.80   3.4367e-19   2.2516e-19
 3926.82   3.6196e-19   2.3138e-19
 3929.85   2.9490e-19   2.2749e-19
 3932.87   3.0321e-19   2.5395e-19
 3935.90   3.5049e-19   2.4351e-19
 3938.92   2.4053e-19   2.6053e-19
 3941.95   1.0496e-19   1.7565e-19
 3944.97   1.6055e-19   2.5359e-19
 3948.00  -2.7164e-20   9.9536e-20
 3951.02   5.6628e-20   1.3313e-19
 3954.05   2.2595e-19   2.0743e-19
 3957.07   3.5491e-19   2.3399e-19
 3960.10   4.1584e-19   2.4871e-19
 3963.12   4.7416e-19   2.9905e-19
 3966.15   3.3727e-19   2.8217e-19
 3969.17   2.3387e-19   2.4514e-19
 3972.20   2.7074e-19   2.2852e-19
 3975.22   3.1243e-19   2.2260e-19
 3978.25   3.3330e-19   2.3551e-19
 3981.27   2.0500e-19   1.9875e-19
 3984.30   1.7264e-19   2.0462e-19
 3987.32   4.5494e-19   2.6242e-19
 3990.35   5.1188e-19   2.6908e-19
 3993.37   1.8044e-19   1.9993e-19
 3996.40   1.9227e-19   1.9696e-19
 3999.43   3.8876e-19   2.4955e-19
 4002.45   3.6537e-19   2.5624e-19
 4005.48   3.6034e-19   2.7412e-19
 4008.50   2.8768e-19   2.5266e-19
 4011.53   3.3230e-19   2.4771e-19
 4014.55   3.4215e-19   2.4259e-19
 4017.58   3.7220e-19   2.6060e-19
 4020.60   3.4416e-19   2.4418e-19
 4023.63   3.7659e-19   2.5206e-19
 4026.65   3.8477e-19   2.3326e-19
 4029.68   3.6055e-19   2.7733e-19
 4032.70   3.3633e-19   2.6645e-19
 4035.73   5.3426e-19   2.6363e-19
 4038.75   4.9495e-19   2.7268e-19
 4041.78   1.5327e-19   2.0385e-19
 4044.80   2.0993e-19   2.3357e-19
 4047.83   4.5385e-19   2.8902e-19
 4050.85   2.9361e-19   2.3893e-19
 4053.88   3.0713e-19   2.3490e-19
 4056.90   3.5548e-19   2.4581e-19
 4059.93   8.8597e-20   1.5608e-19
 4062.95   1.6854e-19   2.1420e-19
 4065.98   3.7300e-19   2.5174e-19
 4069.00   3.2898e-19   2.7016e-19
 4072.03   2.4183e-19   2.4599e-19
 4075.05   1.7611e-19   2.3388e-19
 4078.08   2.4237e-19   2.1870e-19
 4081.10   1.8163e-19   1.8336e-19
 4084.13   4.0657e-19   2.5717e-19
 4087.16   4.2097e-19   2.6644e-19
 4090.18   4.0768e-19   2.5038e-19
 4093.21   4.4043e-19   2.4292e-19
 4096.23   3.1797e-19   2.3299e-19
 4099.26   3.9008e-19   2.3349e-19
 4102.28   2.3323e-19   2.2672e-19
 4105.31   2.4039e-19   2.3771e-19
 4108.33   2.6491e-19   2.1985e-19
 4111.36   3.6464e-19   2.4845e-19
 4114.38   3.6289e-19   2.3902e-19
 4117.41   3.7832e-19   2.3457e-19
 4120.43   4.5505e-19   2.6377e-19
 4123.46   2.5785e-19   2.3934e-19
 4126.48   1.7604e-19   1.9919e-19
 4129.51   2.7823e-19   2.4771e-19
 4132.53   1.5379e-19   2.0239e-19
 4135.56   3.6200e-19   2.5171e-19
 4138.58   3.2117e-19   2.5451e-19
 4141.61   2.9032e-19   2.3546e-19
 4144.63   3.0133e-19   2.5628e-19
 4147.66   5.3343e-19   2.5833e-19
 4150.68   3.8998e-19   2.3995e-19
 4153.71   2.2208e-19   2.0505e-19
 4156.73   4.4801e-19   2.4383e-19
 4159.76   3.8283e-19   2.4681e-19
 4162.78   1.8426e-19   2.1527e-19
 4165.81   4.5454e-19   2.5849e-19
 4168.83   4.7309e-19   2.7180e-19
 4171.86   5.0491e-19   2.6077e-19
 4174.89   3.5415e-19   2.4932e-19
 4177.91   4.4812e-19   2.3507e-19
 4180.94   5.2251e-19   2.4199e-19
 4183.96   3.8960e-19   2.1411e-19
 4186.99   2.1662e-19   2.1510e-19
 4190.01   3.4063e-19   2.3618e-19
 4193.04   2.9596e-19   2.0578e-19
 4196.06   3.5703e-19   2.2685e-19
 4199.09   3.6560e-19   2.2734e-19
 4202.11   1.6319e-19   1.6250e-19
 4205.14   2.9733e-19   2.4634e-19
 4208.16   3.4607e-19   2.2235e-19
 4211.19   3.8291e-19   2.1550e-19
 4214.21   4.3892e-19   2.3580e-19
 4217.24   2.3984e-19   1.9551e-19
 4220.26   4.1067e-19   2.4950e-19
 4223.29   4.2911e-19   2.3929e-19
 4226.31   1.7789e-19   1.6595e-19
 4229.34   3.1496e-19   2.2045e-19
 4232.36   4.4658e-19   2.1724e-19
 4235.39   4.0088e-19   2.0783e-19
 4238.41   3.2016e-19   2.1393e-19
 4241.44   1.0826e-19   1.5560e-19
 4244.46   2.3918e-19   2.3823e-19
 4247.49   2.5567e-19   2.1983e-19
 4250.51   2.3821e-19   2.2445e-19
 4253.54   3.0698e-19   2.1921e-19
 4256.56   3.5024e-19   2.1970e-19
 4259.59   3.5273e-19   2.2574e-19
 4262.62   2.2841e-19   1.9432e-19
 4265.64   2.6823e-19   2.3533e-19
 4268.67   1.1412e-19   1.6252e-19
 4271.69   1.0635e-19   1.3541e-19
 4274.72   3.1373e-19   2.2205e-19
 4277.74   3.0976e-19   2.3421e-19
 4280.77   3.7103e-19   1.9808e-19
 4283.79   3.4290e-19   1.9990e-19
 4286.82   4.0107e-19   2.2900e-19
 4289.84   4.0726e-19   2.1449e-19
 4292.87   2.3222e-19   2.1149e-19
 4295.89   4.0776e-19   2.0627e-19
 4298.92   4.1412e-19   2.0593e-19
 4301.94   3.4805e-19   1.9980e-19
 4304.97   3.8777e-19   2.1272e-19
 4307.99   3.4461e-19   2.0071e-19
 4311.02   3.8273e-19   2.0120e-19
 4314.04   3.5178e-19   1.9191e-19
 4317.07   3.3412e-19   2.0076e-19
 4320.09   2.8749e-19   1.9253e-19
 4323.12   2.5930e-19   2.2225e-19
 4326.14   1.5631e-20   5.9564e-20
 4329.17   2.1127e-19   2.0109e-19
 4332.19   3.0541e-19   2.0254e-19
 4335.22   1.7658e-19   1.6881e-19
 4338.24   3.7610e-19   2.1377e-19
 4341.27   3.3015e-19   2.1551e-19
 4344.29   3.3789e-19   2.2501e-19
 4347.32   3.5410e-19   2.1377e-19
 4350.35   3.1566e-19   2.2122e-19
 4353.37   3.3810e-19   1.8815e-19
 4356.40   3.0761e-19   1.9565e-19
 4359.42   2.8166e-19   2.0746e-19
 4362.45   3.6648e-19   2.0988e-19
 4365.47   3.3651e-19   1.9614e-19
 4368.50   4.2515e-19   1.9763e-19
 4371.52   3.6609e-19   1.9615e-19
 4374.55   1.8548e-19   1.8813e-19
 4377.57   2.6178e-19   2.1425e-19
 4380.60   3.1035e-19   2.0483e-19
 4383.62   2.9471e-19   2.0080e-19
 4386.65   2.3003e-19   2.0756e-19
 4389.67   1.6876e-19   2.3072e-19
 4392.70   1.7496e-19   1.7653e-19
 4395.72   3.0685e-19   2.2468e-19
 4398.75   2.1892e-19   1.9580e-19
 4401.77   3.8033e-19   2.1968e-19
 4404.80   4.8553e-19   2.1240e-19
 4407.82   4.6015e-19   2.1293e-19
 4410.85   3.8777e-19   2.0920e-19
 4413.87   3.1505e-19   2.1272e-19
 4416.90   1.9545e-19   1.7314e-19
 4419.92   2.7305e-19   2.0475e-19
 4422.95   3.8489e-19   2.1474e-19
 4425.97   3.5045e-19   2.2421e-19
 4429.00   3.2135e-19   2.0995e-19
 4432.02   2.0938e-19   1.8013e-19
 4435.05   2.6669e-19   1.8468e-19
 4438.08   3.5278e-19   2.0425e-19
 4441.10   2.6447e-19   1.9403e-19
 4444.13   1.9033e-19   1.9176e-19
 4447.15   3.0476e-19   1.9360e-19
 4450.18   3.7574e-19   1.8560e-19
 4453.20   3.8042e-19   1.9199e-19
 4456.23   3.2480e-19   1.9096e-19
 4459.25   2.3330e-19   1.8606e-19
 4462.28   2.2506e-19   1.8494e-19
 4465.30   2.5098e-19   1.8277e-19
 4468.33   2.0457e-19   2.0045e-19
 4471.35   2.9755e-19   1.8470e-19
 4474.38   3.5477e-19   1.8371e-19
 4477.40   3.4764e-19   1.9171e-19
 4480.43   2.5328e-19   1.6132e-19
 4483.45   3.2261e-19   1.8582e-19
 4486.48   3.8781e-19   1.9058e-19
 4489.50   3.6443e-19   1.9475e-19
 4492.53   2.9033e-19   1.8583e-19
 4495.55   4.6767e-19   2.2535e-19
 4498.58   4.6911e-19   2.0387e-19
 4501.60   4.4194e-19   1.8278e-19
 4504.63   3.5250e-19   1.8094e-19
 4507.65   3.3782e-19   2.0510e-19
 4510.68   3.2062e-19   1.8957e-19
 4513.71   3.5802e-19   1.7762e-19
 4516.73   4.6513e-19   1.8972e-19
 4519.76   5.1888e-19   2.0119e-19
 4522.78   5.4872e-19   2.0919e-19
 4525.81   4.5617e-19   2.0733e-19
 4528.83   4.6652e-19   2.0423e-19
 4531.86   5.1424e-19   2.0742e-19
 4534.88   4.1581e-19   2.0098e-19
 4537.91   1.8028e-19   1.8544e-19
 4540.93   2.3271e-19   1.8326e-19
 4543.96   4.6845e-19   2.0272e-19
 4546.98   5.1712e-19   1.8579e-19
 4550.01   4.9381e-19   1.8482e-19
 4553.03   4.9511e-19   1.8222e-19
 4556.06   4.7260e-19   1.8940e-19
 4559.08   3.8546e-19   1.8332e-19
 4562.11   5.4530e-19   2.1410e-19
 4565.13   5.7247e-19   2.1163e-19
 4568.16   4.2973e-19   1.9458e-19
 4571.18   4.4404e-19   1.9489e-19
 4574.21   5.1128e-19   1.8384e-19
 4577.23   5.9039e-19   1.8577e-19
 4580.26   4.8094e-19   1.8956e-19
 4583.28   4.8688e-19   1.8943e-19
 4586.31   5.5024e-19   1.8900e-19
 4589.33   4.6945e-19   1.8074e-19
 4592.36   4.9878e-19   1.9048e-19
 4595.38   4.5073e-19   1.8222e-19
 4598.41   4.0433e-19   1.7728e-19
 4601.44   4.7330e-19   1.7530e-19
 4604.46   4.4104e-19   1.8266e-19
 4607.49   4.8122e-19   1.7304e-19
 4610.51   4.4045e-19   1.7477e-19
 4613.54   4.4214e-19   1.8490e-19
 4616.56   4.5854e-19   1.7712e-19
 4619.59   5.2943e-19   1.8502e-19
 4622.61   4.0578e-19   1.7847e-19
 4625.64   4.8541e-19   1.7763e-19
 4628.66   5.1955e-19   1.7644e-19
 4631.69   4.7003e-19   1.7526e-19
 4634.71   4.6566e-19   1.7673e-19
 4637.74   3.8449e-19   1.7524e-19
 4640.76   4.2958e-19   1.9717e-19
 4643.79   3.8941e-19   1.7503e-19
 4646.81   5.3558e-19   1.7258e-19
 4649.84   5.6147e-19   1.7462e-19
 4652.86   4.9600e-19   1.7557e-19
 4655.89   4.4991e-19   2.0020e-19
 4658.91   4.5884e-19   2.0646e-19
 4661.94   4.5142e-19   1.7769e-19
 4664.96   4.1682e-19   1.8262e-19
 4667.99   6.3772e-19   1.8498e-19
 4671.01   5.7591e-19   1.8010e-19
 4674.04   5.2766e-19   2.1195e-19
 4677.06   4.4311e-19   2.0499e-19
 4680.09   3.2042e-19   1.8206e-19
 4683.11   4.0139e-19   1.8201e-19
 4686.14   5.2284e-19   1.7304e-19
 4689.17   4.8001e-19   1.8098e-19
 4692.19   4.5570e-19   2.0220e-19
 4695.22   5.0814e-19   1.6751e-19
 4698.24   5.9435e-19   1.7316e-19
 4701.27   5.2588e-19   1.6975e-19
 4704.29   4.6877e-19   1.6966e-19
 4707.32   5.6891e-19   1.8916e-19
 4710.34   4.7697e-19   1.7033e-19
 4713.37   5.6237e-19   1.7242e-19
 4716.39   4.8948e-19   1.7253e-19
 4719.42   6.5305e-19   1.7607e-19
 4722.44   5.1367e-19   1.7008e-19
 4725.47   5.0515e-19   1.6363e-19
 4728.49   5.6621e-19   1.7376e-19
 4731.52   5.7001e-19   1.7334e-19
 4734.54   5.5659e-19   1.6927e-19
 4737.57   5.3851e-19   1.6742e-19
 4740.59   4.9157e-19   1.6576e-19
 4743.62   5.4464e-19   1.8313e-19
 4746.64   4.5827e-19   1.6563e-19
 4749.67   5.4514e-19   1.7061e-19
 4752.69   4.2650e-19   1.6238e-19
 4755.72   4.2538e-19   1.7023e-19
 4758.74   3.4716e-19   1.6464e-19
 4761.77   3.9360e-19   1.6361e-19
 4764.79   4.2178e-19   1.6011e-19
 4767.82   4.2477e-19   1.5990e-19
 4770.84   4.1289e-19   1.5938e-19
 4773.87   3.6752e-19   1.6507e-19
 4776.90   4.1935e-19   1.7759e-19
 4779.92   4.0780e-19   1.6071e-19
 4782.95   3.5846e-19   1.6010e-19
 4785.97   3.4780e-19   1.7784e-19
 4789.00   3.2745e-19   1.5809e-19
 4792.02   4.3095e-19   1.6159e-19
 4795.05   5.1909e-19   1.6307e-19
 4798.07   4.8145e-19   1.6349e-19
 4801.10   5.2185e-19   1.6975e-19
 4804.12   5.2661e-19   1.5959e-19
 4807.15   6.5254e-19   1.6200e-19
 4810.17   6.5646e-19   1.6933e-19
 4813.20   5.9366e-19   1.7545e-19
 4816.22   5.1647e-19   1.6902e-19
 4819.25   3.9776e-19   1.8138e-19
 4822.27   3.6536e-19   1.8163e-19
 4825.30   3.9411e-19   1.6311e-19
 4828.32   3.5294e-19   1.6386e-19
 4831.35   3.2469e-19   1.7897e-19
 4834.37   4.0816e-19   1.8561e-19
 4837.40   4.7095e-19   1.7588e-19
 4840.42   3.3823e-19   1.6007e-19
 4843.45   3.3347e-19   1.7215e-19
 4846.47   4.4258e-19   1.7971e-19
 4849.50   4.4651e-19   1.7017e-19
 4852.52   4.2040e-19   1.7608e-19
 4855.55   3.8413e-19   1.7788e-19
 4858.57   3.2500e-19   1.7528e-19
 4861.60   1.5556e-19   1.1484e-19
 4864.63   2.3838e-19   1.3372e-19
 4867.65   3.8505e-19   1.8192e-19
 4870.68   3.5769e-19   1.6361e-19
 4873.70   3.5512e-19   1.5768e-19
 4876.73   4.0176e-19   1.8655e-19
 4879.75   3.7736e-19   1.9747e-19
 4882.78   3.0040e-19   1.5195e-19
 4885.80   3.4950e-19   1.5860e-19
 4888.83   3.6747e-19   1.6999e-19
 4891.85   4.2694e-19   1.6059e-19
 4894.88   5.0957e-19   1.5858e-19
 4897.90   3.1391e-19   1.6092e-19
 4900.93   2.1147e-19   1.4005e-19
 4903.95   2.4337e-19   1.5173e-19
 4906.98   3.5625e-19   1.6538e-19
 4910.00   3.8624e-19   1.6994e-19
 4913.03   3.4644e-19   1.5780e-19
 4916.05   3.9102e-19   1.4975e-19
 4919.08   4.4358e-19   1.4485e-19
 4922.10   4.1300e-19   1.4867e-19
 4925.13   4.3530e-19   1.5118e-19
 4928.15   4.1616e-19   1.4756e-19
 4931.18   2.0498e-19   1.1717e-19
 4934.20   8.2792e-20   5.1714e-20
 5091.51   5.8022e-19   1.4108e-19
 5094.54   7.2652e-19   1.4495e-19
 5097.56   6.7737e-19   1.4703e-19
 5100.59   6.4049e-19   1.3940e-19
 5103.61   6.1530e-19   1.4119e-19
 5106.64   6.8812e-19   1.3850e-19
 5109.66   6.1899e-19   1.5035e-19
 5112.69   5.6316e-19   1.3968e-19
 5115.71   6.7561e-19   1.4331e-19
 5118.74   6.1563e-19   1.5016e-19
 5121.77   7.4168e-19   1.5414e-19
 5124.79   6.8019e-19   1.4925e-19
 5127.82   6.1570e-19   1.4714e-19
 5130.84   6.8550e-19   1.4847e-19
 5133.87   6.1436e-19   1.5361e-19
 5136.89   5.4788e-19   1.6105e-19
 5139.92   5.1747e-19   1.5165e-19
 5142.94   7.9146e-19   1.5364e-19
 5145.97   6.3915e-19   1.4280e-19
 5148.99   5.6524e-19   1.4493e-19
 5152.02   5.6009e-19   1.5003e-19
 5155.04   5.8418e-19   1.4456e-19
 5158.07   7.0003e-19   1.4382e-19
 5161.09   6.5076e-19   1.4251e-19
 5164.12   5.9278e-19   1.5590e-19
 5167.14   5.3177e-19   1.5247e-19
 5170.17   5.6123e-19   1.3831e-19
 5173.19   6.6960e-19   1.4458e-19
 5176.22   6.0027e-19   1.4663e-19
 5179.24   6.7557e-19   1.4789e-19
 5182.27   8.2751e-19   1.5099e-19
 5185.29   7.9183e-19   1.6256e-19
 5188.32   5.7449e-19   1.5843e-19
 5191.34   6.1895e-19   1.6751e-19
 5194.37   5.3840e-19   1.6238e-19
 5197.39   5.6769e-19   1.6349e-19
 5200.42   6.2199e-19   1.5809e-19
 5203.44   7.5931e-19   1.6419e-19
 5206.47   7.5278e-19   1.5815e-19
 5209.50   6.6936e-19   1.4476e-19
 5212.52   5.6316e-19   1.4016e-19
 5215.55   6.5013e-19   1.4482e-19
 5218.57   5.4897e-19   1.5301e-19
 5221.60   7.5710e-19   1.4428e-19
 5224.62   5.1192e-19   1.3986e-19
 5227.65   6.7510e-19   1.4639e-19
 5230.67   6.0024e-19   1.3569e-19
 5233.70   7.7319e-19   1.4721e-19
 5236.72   6.2682e-19   1.4239e-19
 5239.75   5.5706e-19   1.3579e-19
 5242.77   5.9293e-19   1.5335e-19
 5245.80   7.3758e-19   1.4894e-19
 5248.82   7.0757e-19   1.4866e-19
 5251.85   7.1036e-19   1.4086e-19
 5254.87   7.6791e-19   1.6369e-19
 5257.90   5.2279e-19   1.3348e-19
 5260.92   5.8095e-19   1.3732e-19
 5263.95   5.8880e-19   1.4371e-19
 5266.97   5.3419e-19   1.4931e-19
 5270.00   6.4852e-19   1.4004e-19
 5273.02   5.6958e-19   1.4569e-19
 5276.05   6.0329e-19   1.3983e-19
 5279.07   6.6621e-19   1.4135e-19
 5282.10   5.2940e-19   1.5014e-19
 5285.12   5.8767e-19   1.4060e-19
 5288.15   6.6618e-19   1.4478e-19
 5291.17   8.8473e-19   1.5063e-19
 5294.20   6.3378e-19   1.3955e-19
 5297.23   4.2514e-19   1.3046e-19
 5300.25   6.8591e-19   1.4519e-19
 5303.28   5.3901e-19   1.4236e-19
 5306.30   9.4739e-19   1.5028e-19
 5309.33   7.1085e-19   1.4910e-19
 5312.35   6.8184e-19   1.4294e-19
 5315.38   8.1152e-19   1.5814e-19
 5318.40   6.3625e-19   1.5015e-19
 5321.43   4.8112e-19   1.4645e-19
 5324.45   6.6437e-19   1.6274e-19
 5327.48   5.9727e-19   1.4018e-19
 5330.50   8.0932e-19   1.3962e-19
 5333.53   6.1945e-19   1.4655e-19
 5336.55   5.9944e-19   1.4633e-19
 5339.58   7.1463e-19   1.5272e-19
 5342.60   5.6929e-19   1.4510e-19
 5345.63   6.4272e-19   1.4134e-19
 5348.65   6.0510e-19   1.3848e-19
 5351.68   6.7168e-19   1.4066e-19
 5354.70   8.9427e-19   1.5537e-19
 5357.73   8.2245e-19   1.4836e-19
 5360.75   7.4056e-19   1.4413e-19
 5363.78   8.0038e-19   1.4426e-19
 5366.80   7.2753e-19   1.4468e-19
 5369.83   6.7771e-19   1.3574e-19
 5372.85   7.5155e-19   1.3801e-19
 5375.88   7.6685e-19   1.4383e-19
 5378.91   6.8439e-19   1.4779e-19
 5381.93   6.9937e-19   1.4693e-19
 5384.96   7.9419e-19   1.4399e-19
 5387.98   8.1302e-19   1.4275e-19
 5391.01   7.5931e-19   1.3741e-19
 5394.03   7.1576e-19   1.4324e-19
 5397.06   5.5215e-19   1.3641e-19
 5400.08   8.4436e-19   1.4156e-19
 5403.11   7.0541e-19   1.3736e-19
 5406.13   6.3063e-19   1.3172e-19
 5409.16   7.3538e-19   1.4168e-19
 5412.18   6.0336e-19   1.4306e-19
 5415.21   6.7061e-19   1.3396e-19
 5418.23   7.0956e-19   1.4020e-19
 5421.26   8.2806e-19   1.4338e-19
 5424.28   6.7378e-19   1.3985e-19
 5427.31   5.9558e-19   1.3686e-19
 5430.33   8.3066e-19   1.4378e-19
 5433.36   7.2068e-19   1.3878e-19
 5436.38   8.5752e-19   1.4182e-19
 5439.41   7.4868e-19   1.4934e-19
 5442.43   6.7646e-19   1.3648e-19
 5445.46   7.7175e-19   1.5202e-19
 5448.48   6.0471e-19   1.3722e-19
 5451.51   6.9963e-19   1.3682e-19
 5454.53   5.9959e-19   1.4112e-19
 5457.56   6.1538e-19   1.3788e-19
 5460.58   5.3432e-19   1.3797e-19
 5463.61   6.9762e-19   1.4339e-19
 5466.64   7.0736e-19   1.3500e-19
 5469.66   5.4207e-19   1.3553e-19
 5472.69   4.4841e-19   1.4105e-19
 5475.71   5.0140e-19   1.3460e-19
 5478.74   5.2126e-19   1.3533e-19
 5481.76   5.9531e-19   1.3717e-19
 5484.79   6.0118e-19   1.3868e-19
 5487.81   5.6341e-19   1.4292e-19
 5490.84   5.7929e-19   1.4611e-19
 5493.86   6.2688e-19   1.4129e-19
 5496.89   6.8519e-19   1.4271e-19
 5499.91   6.1161e-19   1.3785e-19
 5502.94   7.9746e-19   1.4156e-19
 5505.96   6.0921e-19   1.3830e-19
 5508.99   6.3708e-19   1.4952e-19
 5512.01   7.1070e-19   1.4378e-19
 5515.04   1.0399e-18   1.5760e-19
 5518.06   6.0633e-19   1.4238e-19
 5521.09   4.0058e-19   1.3524e-19
 5524.11   3.9876e-19   1.3983e-19
 5527.14   6.4825e-19   1.4047e-19
 5530.16   7.6943e-19   1.4725e-19
 5533.19   6.3727e-19   1.5575e-19
 5536.21   4.8073e-19   1.5228e-19
 5539.24   4.9110e-19   1.4677e-19
 5542.26   4.9837e-19   1.5000e-19
 5545.29   5.6458e-19   1.4900e-19
 5548.31   7.2810e-19   1.5566e-19
 5551.34   5.0450e-19   1.6242e-19
 5554.37   5.2829e-19   1.5346e-19
 5557.39   5.0361e-19   1.7930e-19
 5596.72   4.4293e-19   1.6063e-19
 5599.74   4.1791e-19   1.5500e-19
 5602.77   4.7681e-19   1.6267e-19
 5605.79   5.6250e-19   1.5733e-19
 5608.82   6.1724e-19   1.5856e-19
 5611.84   5.0838e-19   1.4727e-19
 5614.87   5.0096e-19   1.4153e-19
 5617.89   4.9802e-19   1.4181e-19
 5620.92   4.9137e-19   1.4059e-19
 5623.94   6.5549e-19   1.5546e-19
 5626.97   4.9092e-19   1.3944e-19
 5629.99   4.8879e-19   1.4204e-19
 5633.02   5.9013e-19   1.3856e-19
 5636.04   5.6069e-19   1.3834e-19
 5639.07   4.3743e-19   1.4338e-19
 5642.10   5.4782e-19   1.3416e-19
 5645.12   4.8269e-19   1.3285e-19
 5648.15   3.6101e-19   1.3013e-19
 5651.17   4.3281e-19   1.4447e-19
 5654.20   4.2895e-19   1.3195e-19
 5657.22   4.1113e-19   1.2965e-19
 5660.25   3.2874e-19   1.2834e-19
 5663.27   4.0041e-19   1.3468e-19
 5666.30   4.1488e-19   1.3118e-19
 5669.32   4.5342e-19   1.3416e-19
 5672.35   5.2738e-19   1.2907e-19
 5675.37   4.2943e-19   1.2971e-19
 5678.40   3.9170e-19   1.3411e-19
 5681.42   4.8582e-19   1.3186e-19
 5684.45   4.3096e-19   1.3268e-19
 5687.47   5.1218e-19   1.4022e-19
 5690.50   6.2848e-19   1.3363e-19
 5693.52   5.8199e-19   1.5023e-19
 5696.55   5.1317e-19   1.4887e-19
 5699.57   4.6491e-19   1.4579e-19
 5702.60   5.6230e-19   1.4849e-19
 5705.62   4.3493e-19   1.4273e-19
 5708.65   5.6996e-19   1.4065e-19
 5711.67   4.7684e-19   1.3550e-19
 5714.70   6.0424e-19   1.3513e-19
 5717.72   6.0615e-19   1.3749e-19
 5720.75   6.0212e-19   1.3618e-19
 5723.78   5.0211e-19   1.3174e-19
 5726.80   4.6966e-19   1.2385e-19
 5729.83   5.2175e-19   1.2360e-19
 5732.85   4.7587e-19   1.2703e-19
 5735.88   4.6465e-19   1.2983e-19
 5738.90   5.5795e-19   1.2544e-19
 5741.93   6.4357e-19   1.2307e-19
 5744.95   5.1484e-19   1.2654e-19
 5747.98   5.0410e-19   1.3815e-19
 5751.00   4.5506e-19   1.2704e-19
 5754.03   4.6869e-19   1.4691e-19
 5757.05   4.5794e-19   1.3972e-19
 5760.08   6.0376e-19   1.3243e-19
 5763.10   7.1519e-19   1.3750e-19
 5766.13   6.9163e-19   1.3603e-19
 5769.15   5.8815e-19   1.2553e-19
 5772.18   5.5784e-19   1.2822e-19
 5775.20   4.7032e-19   1.2209e-19
 5778.23   5.7909e-19   1.2135e-19
 5781.25   6.7082e-19   1.2803e-19
 5784.28   7.0139e-19   1.2914e-19
 5787.30   6.4859e-19   1.2490e-19
 5790.33   6.1516e-19   1.2521e-19
 5793.35   6.2580e-19   1.2597e-19
 5796.38   6.6646e-19   1.2533e-19
 5799.40   6.0626e-19   1.2293e-19
 5802.43   5.8695e-19   1.2750e-19
 5805.46   7.0390e-19   1.2739e-19
 5808.48   6.8509e-19   1.2521e-19
 5811.51   7.3723e-19   1.2943e-19
 5814.53   7.0118e-19   1.2760e-19
 5817.56   6.3603e-19   1.2085e-19
 5820.58   6.0448e-19   1.2092e-19
 5823.61   6.6329e-19   1.2521e-19
 5826.63   6.6118e-19   1.2765e-19
 5829.66   6.1764e-19   1.2467e-19
 5832.68   5.8998e-19   1.2322e-19
 5835.71   6.6555e-19   1.2624e-19
 5838.73   6.6058e-19   1.2738e-19
 5841.76   6.6372e-19   1.2540e-19
 5844.78   6.3385e-19   1.2656e-19
 5847.81   6.0340e-19   1.2392e-19
 5850.83   5.3046e-19   1.2562e-19
 5853.86   6.7376e-19   1.3511e-19
 5856.88   6.5119e-19   1.3312e-19
 5859.91   5.6763e-19   1.3015e-19
 5862.93   7.4162e-19   1.4324e-19
 5865.96   8.3796e-19   1.4383e-19
 5868.98   8.8448e-19   1.4756e-19
 5872.01   6.1400e-19   1.3842e-19
 5875.03   6.4963e-19   1.4316e-19
 5878.06   6.2724e-19   1.5600e-19
 5881.08   7.0867e-19   1.5615e-19
 5884.11   7.7753e-19   1.6860e-19
 5887.13   5.8579e-19   1.6760e-19
 5890.16   7.1743e-19   1.8870e-19
 5893.19   5.7200e-19   1.7254e-19
 5896.21   6.0896e-19   1.5433e-19
 5899.24   7.2009e-19   1.4225e-19
 5902.26   8.4385e-19   1.4435e-19
 5905.29   6.5281e-19   1.3848e-19
 5908.31   7.0036e-19   1.3671e-19
 5911.34   7.8478e-19   1.4107e-19
 5914.36   7.5618e-19   1.4370e-19
 5917.39   7.8608e-19   1.4405e-19
 5920.41   7.1618e-19   1.3973e-19
 5923.44   5.5759e-19   1.3543e-19
 5926.46   8.3496e-19   1.4624e-19
 5929.49   7.6943e-19   1.4481e-19
 5932.51   7.2267e-19   1.3632e-19
 5935.54   6.9379e-19   1.4501e-19
 5938.56   6.1725e-19   1.3582e-19
 5941.59   6.2631e-19   1.3932e-19
 5944.61   6.9106e-19   1.3593e-19
 5947.64   7.4442e-19   1.3520e-19
 5950.66   6.7062e-19   1.3400e-19
 5953.69   6.2507e-19   1.3005e-19
 5956.71   5.8252e-19   1.3697e-19
 5959.74   5.9264e-19   1.3204e-19
 5962.76   5.7377e-19   1.2688e-19
 5965.79   6.9586e-19   1.2883e-19
 5968.81   7.5192e-19   1.4226e-19
 5971.84   5.6518e-19   1.3286e-19
 5974.86   5.9280e-19   1.3035e-19
 5977.89   7.6703e-19   1.2901e-19
 5980.92   6.4169e-19   1.2668e-19
 5983.94   7.0257e-19   1.2562e-19
 5986.97   6.1493e-19   1.2067e-19
 5989.99   6.0033e-19   1.2407e-19
 5993.02   7.2422e-19   1.3118e-19
 5996.04   5.8701e-19   1.2284e-19
 5999.07   6.0584e-19   1.2950e-19
 6002.09   5.4991e-19   1.2941e-19
 6005.12   5.3464e-19   1.2272e-19
 6008.14   5.5491e-19   1.2099e-19
 6011.17   5.7501e-19   1.2191e-19
 6014.19   4.8318e-19   1.1832e-19
 6017.22   5.2375e-19   1.2009e-19
 6020.24   5.5452e-19   1.1787e-19
 6023.27   4.8187e-19   1.2146e-19
 6026.29   5.7500e-19   1.1816e-19
 6029.32   5.7691e-19   1.2081e-19
 6032.34   7.2117e-19   1.2465e-19
 6035.37   5.3525e-19   1.1852e-19
 6038.39   4.8914e-19   1.1477e-19
 6041.42   5.4907e-19   1.1879e-19
 6044.44   7.2961e-19   1.2535e-19
 6047.47   6.2880e-19   1.2031e-19
 6050.49   6.5231e-19   1.2035e-19
 6053.52   5.4205e-19   1.2296e-19
 6056.54   5.3146e-19   1.1848e-19
 6059.57   7.8361e-19   1.2465e-19
 6062.59   4.7209e-19   1.1921e-19
 6065.62   6.0020e-19   1.1918e-19
 6068.65   6.0394e-19   1.1862e-19
 6071.67   5.6346e-19   1.2243e-19
 6074.70   3.9246e-19   1.1813e-19
 6077.72   5.6545e-19   1.2287e-19
 6080.75   5.7609e-19   1.1769e-19
 6083.77   4.8620e-19   1.1584e-19
 6086.80   5.2923e-19   1.1281e-19
 6089.82   4.9994e-19   1.1827e-19
 6092.85   5.5473e-19   1.2110e-19
 6095.87   5.0833e-19   1.2139e-19
 6098.90   5.2992e-19   1.1363e-19
 6101.92   4.4022e-19   1.1347e-19
 6104.95   3.1469e-19   1.1549e-19
 6107.97   3.4712e-19   1.1077e-19
 6111.00   5.4712e-19   1.1340e-19
 6114.02   4.9004e-19   1.1828e-19
 6117.05   5.9704e-19   1.2017e-19
 6120.07   4.5864e-19   1.1853e-19
 6123.10   3.8364e-19   1.0738e-19
 6126.12   5.6732e-19   1.2959e-19
 6129.15   6.7639e-19   1.3384e-19
 6132.17   3.7640e-19   1.1455e-19
 6135.20   4.6132e-19   1.2025e-19
 6138.22   4.7098e-19   1.2593e-19
 6141.25   5.8301e-19   1.2386e-19
 6144.27   5.2166e-19   1.2430e-19
 6147.30   4.0237e-19   1.2065e-19
 6150.33   3.3946e-19   1.1535e-19
 6153.35   6.1710e-19   1.1908e-19
 6156.38   6.0763e-19   1.2163e-19
 6159.40   5.2899e-19   1.2042e-19
 6162.43   5.5778e-19   1.2740e-19
 6165.45   4.3609e-19   1.2437e-19
 6168.48   4.0595e-19   1.2714e-19
 6171.50   5.1491e-19   1.3483e-19
 6174.53   4.5685e-19   1.1825e-19
 6177.55   3.9098e-19   1.1952e-19
 6180.58   4.7219e-19   1.2542e-19
 6183.60   4.9158e-19   1.2276e-19
 6186.63   4.7407e-19   1.2469e-19
 6189.65   5.6518e-19   1.2131e-19
 6192.68   5.4641e-19   1.2165e-19
 6195.70   5.7769e-19   1.2412e-19
 6198.73   3.9556e-19   1.1851e-19
 6201.75   5.3258e-19   1.2589e-19
 6204.78   5.9903e-19   1.2717e-19
 6207.80   5.6204e-19   1.2098e-19
 6210.83   5.3651e-19   1.2514e-19
 6213.85   3.5323e-19   1.2220e-19
 6216.88   4.9807e-19   1.3366e-19
 6219.90   4.0612e-19   1.2284e-19
 6222.93   5.3004e-19   1.2761e-19
 6225.95   4.1001e-19   1.3735e-19
 6228.98   5.0170e-19   1.5331e-19
 6232.00   5.2818e-19   1.6671e-19
 6235.03   2.7888e-19   1.3654e-19
 6238.06   4.6225e-19   1.6195e-19
 6241.08   4.7028e-19   1.5232e-19
 6244.11   3.8076e-19   1.3802e-19
 6247.13   3.7914e-19   1.3102e-19
 6250.16   4.7458e-19   1.3656e-19
 6253.18   6.1822e-19   1.4151e-19
 6256.21   4.7998e-19   1.4551e-19
 6259.23   4.6260e-19   1.4673e-19
 6262.26   7.6024e-19   1.7444e-19
 6265.28   5.6188e-19   1.3671e-19
 6268.31   3.4097e-19   1.1744e-19
 6271.33   3.4689e-19   1.2755e-19
 6274.36   4.7871e-19   1.4671e-19
 6277.38   6.2790e-19   1.3212e-19
 6280.41   4.1265e-19   1.3941e-19
 6283.43   3.5632e-19   1.3382e-19
 6319.73   4.8293e-19   1.4336e-19
 6322.76   5.8514e-19   1.4891e-19
 6325.79   6.5958e-19   1.3696e-19
 6328.81   6.7240e-19   1.4075e-19
 6331.84   5.8497e-19   1.3731e-19
 6334.86   5.8772e-19   1.3061e-19
 6337.89   6.9943e-19   1.3036e-19
 6340.91   5.7916e-19   1.3143e-19
 6343.94   5.0957e-19   1.2651e-19
 6346.96   8.1548e-19   1.3630e-19
 6383.26   5.7828e-19   1.2350e-19
 6386.29   5.6604e-19   1.2563e-19
 6389.31   4.4685e-19   1.2796e-19
 6392.34   5.1995e-19   1.1226e-19
 6395.36   5.7490e-19   1.1706e-19
 6398.39   4.4392e-19   1.2320e-19
 6401.41   4.4757e-19   1.2580e-19
 6404.44   4.9761e-19   1.1699e-19
 6407.46   4.4285e-19   1.1123e-19
 6410.49   4.6801e-19   1.2231e-19
 6413.52   4.7994e-19   1.2053e-19
 6416.54   5.8110e-19   1.2092e-19
 6419.57   5.7443e-19   1.2521e-19
 6422.59   6.4186e-19   1.1846e-19
 6425.62   5.3437e-19   1.1169e-19
 6428.64   5.3713e-19   1.1592e-19
 6431.67   4.7910e-19   1.0677e-19
 6434.69   3.4003e-19   1.1048e-19
 6437.72   4.5016e-19   1.0984e-19
 6440.74   5.1353e-19   1.1900e-19
 6443.77   4.1147e-19   1.2147e-19
 6446.79   4.4925e-19   1.0893e-19
 6449.82   5.2196e-19   1.0777e-19
 6452.84   6.6288e-19   1.1738e-19
 6455.87   5.4385e-19   1.3041e-19
 6458.89   6.5209e-19   1.2698e-19
 6461.92   5.5369e-19   1.2796e-19
 6464.94   4.7944e-19   1.3084e-19
 6467.97   6.5158e-19   1.5374e-19
 6470.99   5.7610e-19   1.4074e-19
 6474.02   5.6760e-19   1.4223e-19
 6477.04   3.9137e-19   1.1626e-19
 6480.07   4.5820e-19   1.2467e-19
 6483.09   3.9615e-19   1.2082e-19
 6486.12   5.0887e-19   1.2546e-19
 6489.14   6.3492e-19   1.2751e-19
 6492.17   4.3479e-19   1.3957e-19
 6495.19   4.2421e-19   1.2972e-19
 6498.22   4.9784e-19   1.3681e-19
 6501.25   6.5541e-19   1.3897e-19
 6504.27   6.0068e-19   1.3352e-19
 6507.30   5.1496e-19   1.2381e-19
 6510.32   4.7618e-19   1.2083e-19
 6513.35   4.6371e-19   1.1359e-19
 6516.37   4.9408e-19   1.1139e-19
 6519.40   5.4850e-19   1.1752e-19
 6522.42   5.4047e-19   1.2169e-19
 6525.45   5.4620e-19   1.2735e-19
 6528.47   6.6288e-19   1.3745e-19
 6531.50   4.9793e-19   1.3166e-19
 6534.52   6.9183e-19   1.4005e-19
 6537.55   5.9430e-19   1.5135e-19
 6540.57   5.9016e-19   1.3480e-19
 6543.60   5.0741e-19   1.3103e-19
 6546.62   5.8080e-19   1.5232e-19
 6549.65   3.6530e-19   1.2534e-19
 6552.67   4.5712e-19   1.3024e-19
 6555.70   4.8691e-19   1.2941e-19
 6558.72   6.3151e-19   1.3331e-19
 6561.75   5.5623e-19   1.3440e-19
 6564.77   5.4443e-19   1.3002e-19
 6567.80   5.2020e-19   1.2800e-19
 6570.82   8.2425e-19   1.4416e-19
 6573.85   5.2517e-19   1.2513e-19
 6576.88   4.4720e-19   1.2144e-19
 6579.90   3.4257e-19   1.1911e-19
 6582.93   6.8478e-19   1.1983e-19
 6585.95   5.4073e-19   1.1862e-19
 6588.98   6.8128e-19   1.1433e-19
 6592.00   5.6266e-19   1.1895e-19
 6595.03   4.9982e-19   1.1794e-19
 6598.05   5.6170e-19   1.1827e-19
 6601.08   5.4487e-19   1.1457e-19
 6604.10   4.5579e-19   1.1066e-19
 6607.13   5.0204e-19   1.1176e-19
 6610.15   6.2233e-19   1.0953e-19
 6613.18   5.4420e-19   1.0283e-19
 6616.20   6.0776e-19   1.0526e-19
 6619.23   4.2749e-19   1.0830e-19
 6622.25   3.0160e-19   9.6002e-20
 6625.28   4.2480e-19   1.0613e-19
 6628.30   6.2912e-19   1.1387e-19
 6631.33   4.7483e-19   1.0538e-19
 6634.35   6.4175e-19   1.1373e-19
 6637.38   6.0590e-19   1.0566e-19
 6640.40   6.9034e-19   1.2282e-19
 6643.43   5.5851e-19   1.0325e-19
 6646.45   5.0802e-19   9.8566e-20
 6649.48   4.7511e-19   9.8178e-20
 6652.50   4.6202e-19   1.0104e-19
 6655.53   4.9009e-19   1.0016e-19
 6658.55   4.8833e-19   1.0164e-19
 6661.58   3.8451e-19   1.0009e-19
 6664.60   4.4048e-19   1.0267e-19
 6667.63   4.6950e-19   1.0242e-19
 6670.66   3.9171e-19   1.0252e-19
 6673.68   5.7868e-19   1.1024e-19
 6676.71   4.7952e-19   1.0630e-19
 6679.73   5.2185e-19   1.0531e-19
 6682.76   4.8719e-19   1.0043e-19
 6685.78   6.3326e-19   1.0682e-19
 6688.81   5.1753e-19   1.0400e-19
 6691.83   5.5265e-19   1.0516e-19
 6694.86   4.7006e-19   1.0149e-19
 6697.88   5.4714e-19   1.0415e-19
 6700.91   5.7928e-19   1.0451e-19
 6703.93   6.8694e-19   1.0547e-19
 6706.96   5.4434e-19   1.0679e-19
 6709.98   6.1903e-19   1.0624e-19
 6713.01   5.5920e-19   1.0152e-19
 6716.03   4.6868e-19   9.7236e-20
 6719.06   4.9955e-19   1.0173e-19
 6722.08   5.0241e-19   1.0430e-19
 6725.11   4.7625e-19   1.0238e-19
 6728.13   6.8070e-19   1.0314e-19
 6731.16   5.8863e-19   1.0830e-19
 6734.18   4.7348e-19   9.8784e-20
 6737.21   6.6211e-19   1.0179e-19
 6740.23   4.6978e-19   1.0455e-19
 6743.26   4.4916e-19   1.0248e-19
 6746.28   4.4243e-19   1.0641e-19
 6749.31   6.4405e-19   1.1342e-19
 6752.33   4.8289e-19   1.0102e-19
 6755.36   6.0494e-19   9.7504e-20
 6758.39   4.2622e-19   9.4243e-20
 6761.41   4.4500e-19   9.2802e-20
 6764.44   4.8284e-19   9.5076e-20
 6767.46   4.5872e-19   9.6417e-20
 6770.49   4.7144e-19   1.0181e-19
 6773.51   5.6084e-19   9.6534e-20
 6776.54   5.0508e-19   9.3085e-20
 6779.56   4.5474e-19   9.7719e-20
 6782.59   4.0117e-19   9.5550e-20
 6785.61   4.3922e-19   9.9978e-20
 6788.64   4.9097e-19   1.0589e-19
 6791.66   5.3451e-19   1.0320e-19
 6794.69   4.7617e-19   9.6739e-20
 6797.71   4.0479e-19   9.3027e-20
 6800.74   3.9852e-19   9.5101e-20
 6803.76   5.7026e-19   1.0479e-19
 6806.79   5.9292e-19   1.0168e-19
 6809.81   4.0335e-19   9.9998e-20
 6812.84   4.7908e-19   9.7763e-20
 6815.86   5.8950e-19   1.1562e-19
 6818.89   4.0346e-19   1.2416e-19
 6821.91   6.6676e-19   1.4564e-19
 6824.94   4.3633e-19   1.4524e-19
 6827.96   4.8214e-19   1.5597e-19
 6830.99   3.6878e-19   1.4880e-19
 6834.01   4.2822e-19   1.7363e-19
 6837.04   4.6644e-19   1.4797e-19
 6840.06   6.0912e-19   1.3574e-19
 6843.09   4.2153e-19   1.2377e-19
 6846.12   4.9903e-19   1.0812e-19
 6849.14   3.5632e-19   1.0212e-19
 6852.17   3.5353e-19   1.2110e-19
 6855.19   5.0508e-19   1.4025e-19
 6858.22   6.3098e-19   1.4694e-19
 6861.24   5.7728e-19   1.4843e-19
 6864.27   4.0187e-19   1.4139e-19
 6867.29   4.5381e-19   1.3933e-19
 6870.32   7.1291e-19   1.5133e-19
 6873.34   4.1523e-19   1.3327e-19
 6876.37   3.8475e-19   1.1417e-19
 6879.39   4.0741e-19   1.1086e-19
 6882.42   4.0190e-19   1.1354e-19
 6885.44   4.5728e-19   1.0697e-19
 6888.47   5.2014e-19   1.2510e-19
 6891.49   5.0196e-19   1.1895e-19
 6894.52   5.2199e-19   1.1774e-19
 6897.54   2.5627e-19   1.0263e-19
 6900.57   3.5402e-19   1.1181e-19
 6903.59   4.9097e-19   1.1524e-19
 6906.62   4.1008e-19   1.2145e-19
 6909.64   4.1808e-19   1.2427e-19
 6912.67   4.8667e-19   1.2292e-19
 6915.69   6.2511e-19   1.3446e-19
 6918.72   4.0771e-19   1.3220e-19
 6921.74   3.2565e-19   1.2503e-19
 6924.77   4.5529e-19   1.2550e-19
 6927.80   5.4642e-19   1.4780e-19
 6930.82   5.3525e-19   1.2107e-19
 6933.85   4.4918e-19   1.1785e-19
 6936.87   3.4620e-19   1.1395e-19
 6939.90   5.1165e-19   1.2949e-19
 6942.92   4.0939e-19   1.3326e-19
 6945.95   7.1367e-19   1.3871e-19
 6948.97   5.5044e-19   1.3384e-19
 6952.00   4.2156e-19   1.4233e-19
 6955.02   4.1805e-19   1.3627e-19
 6958.05   2.8647e-19   1.0310e-19
 6961.07   3.8071e-19   1.0520e-19
 6964.10   4.5386e-19   1.0891e-19
 6967.12   4.1470e-19   1.2234e-19
 6970.15   4.0992e-19   1.1741e-19
 6973.17   4.8359e-19   1.3274e-19
 6976.20   5.1845e-19   1.2053e-19
 6979.22   4.3380e-19   1.1553e-19
 6982.25   3.8672e-19   1.1864e-19
 6985.27   5.6313e-19   1.0881e-19
 6988.30   5.4670e-19   1.0727e-19
 6991.32   4.1544e-19   9.8624e-20
 6994.35   4.8843e-19   1.1060e-19
 6997.37   3.7642e-19   1.0426e-19
 7000.40   4.2891e-19   1.0084e-19
 7003.42   6.9538e-19   1.1209e-19
 7006.45   3.8115e-19   9.7524e-20
 7009.48   4.4887e-19   1.1703e-19
 7012.50   4.4010e-19   1.0313e-19
 7015.53   3.9181e-19   9.4853e-20
 7018.55   4.1699e-19   1.0468e-19
 7021.58   5.0435e-19   9.7202e-20
 7024.60   3.5793e-19   9.1718e-20
 7027.63   3.2733e-19   8.7166e-20
 7030.65   3.3200e-19   8.9885e-20
 7033.68   3.4832e-19   9.4460e-20
 7036.70   4.5916e-19   9.5337e-20
 7039.73   3.2209e-19   1.0161e-19
 7042.75   3.8106e-19   9.9123e-20
 7045.78   5.7447e-19   1.1114e-19
 7048.80   4.0867e-19   1.0135e-19
 7051.83   3.3857e-19   1.0238e-19
 7054.85   4.0456e-19   1.0521e-19
 7057.88   4.4928e-19   1.0226e-19
 7060.90   5.1430e-19   1.0032e-19
 7063.93   4.1102e-19   1.0374e-19
 7066.95   3.6856e-19   9.2831e-20
 7069.98   4.1899e-19   1.0567e-19
 7073.00   4.9893e-19   1.0681e-19
 7076.03   4.0583e-19   1.0728e-19
 7079.05   5.1389e-19   1.0295e-19
 7082.08   5.0139e-19   9.7714e-20
 7085.10   4.5837e-19   1.0345e-19
 7088.13   5.2811e-19   9.9240e-20
 7091.15   3.9915e-19   9.5189e-20
 7094.18   4.7880e-19   9.9924e-20
 7097.21   4.1100e-19   9.3055e-20
 7100.23   3.2684e-19   9.4053e-20
 7103.26   4.5751e-19   1.0244e-19
 7106.28   4.5706e-19   9.1093e-20
 7109.31   4.1253e-19   9.4803e-20
 7112.33   4.1356e-19   1.0108e-19
 7115.36   3.1058e-19   8.9417e-20
 7118.38   4.7168e-19   9.7012e-20
 7121.41   4.5718e-19   9.5165e-20
 7124.43   3.6300e-19   9.9596e-20
 7127.46   3.5394e-19   9.5347e-20
 7130.48   3.9409e-19   9.8111e-20
 7133.51   4.9581e-19   9.9212e-20
 7136.53   4.0507e-19   1.0050e-19
 7139.56   3.6688e-19   1.0453e-19
 7142.58   4.1081e-19   9.7704e-20
 7145.61   3.3081e-19   1.0154e-19
 7148.63   3.4645e-19   1.0324e-19
 7151.66   3.0247e-19   1.0332e-19
 7154.68   3.2356e-19   9.9312e-20
 7157.71   4.9323e-19   9.7758e-20
 7160.73   4.4522e-19   9.7890e-20
 7163.76   3.6826e-19   9.3607e-20
 7166.78   3.7327e-19   9.6410e-20
 7169.81   3.3942e-19   1.0661e-19
 7172.83   3.6048e-19   9.8213e-20
 7175.86   3.1606e-19   9.9796e-20
 7178.88   2.8196e-19   8.7439e-20
 7181.91   2.9542e-19   9.0630e-20
 7184.94   3.2496e-19   9.6806e-20
 7187.96   3.0661e-19   8.6177e-20
 7190.99   3.2002e-19   8.9190e-20
 7194.01   3.1449e-19   8.6757e-20
 7197.04   3.3904e-19   8.9256e-20
 7200.06   2.7582e-19   8.7753e-20
 7203.09   3.2151e-19   9.0018e-20
 7206.11   2.6487e-19   9.2618e-20
 7209.14   3.9488e-19   9.4675e-20
 7212.16   2.6442e-19   9.8702e-20
 7215.19   3.0174e-19   8.9862e-20
 7218.21   3.3167e-19   1.0105e-19
 7221.24   3.7539e-19   1.0433e-19
 7224.26   3.0935e-19   9.9342e-20
 7227.29   3.7461e-19   1.2008e-19
 7230.31   6.1252e-19   1.3905e-19
 7233.34   2.0215e-19   1.2257e-19
 7236.36   5.8014e-19   1.8727e-19
 7239.39   4.2964e-19   1.6093e-19
 7242.41   5.4793e-19   2.0820e-19
 7245.44   5.4117e-19   1.9457e-19
 7248.46   4.3720e-19   1.6537e-19
 7251.49   5.1801e-19   1.7627e-19
 7254.51   1.7738e-19   1.1015e-19
 7257.54   3.3587e-19   1.1710e-19
 7260.56   4.3123e-19   1.5699e-19
 7263.59  -4.6734e-20   6.1964e-20
 7266.61   5.1335e-19   1.5251e-19
 7269.64   5.5311e-19   1.6981e-19
 7272.67   5.2061e-19   1.9759e-19
 7275.69   7.5924e-19   1.9428e-19
 7278.72   5.9160e-19   1.9663e-19
 7281.74   5.0179e-19   1.7440e-19
 7284.77   8.1663e-19   1.8529e-19
 7287.79   9.5626e-20   6.8065e-20
 7290.82   6.1305e-19   1.6025e-19
 7293.84   4.3760e-19   1.3412e-19
 7296.87   4.2096e-19   1.2814e-19
 7299.89   3.7367e-19   1.3358e-19
 7302.92   1.2965e-19   8.7074e-20
 7305.94   5.0719e-19   1.5298e-19
 7308.97   3.9378e-19   1.7350e-19
 7311.99  -2.8181e-20   4.2475e-20
 7315.02  -1.6053e-19   1.0626e-19
 7318.04   2.8902e-19   1.4529e-19
 7321.07   6.4341e-19   1.9038e-19
 7324.09   5.4531e-19   1.7207e-19
 7327.12  -3.1823e-19   1.1956e-19
 7330.14  -9.2449e-20   8.9444e-20
 7333.17   7.6178e-19   1.9333e-19
 7336.19   6.0052e-19   1.8268e-19
 7339.22   3.9211e-19   1.9029e-19
 7342.24   3.4681e-19   1.6022e-19
 7345.27   6.2668e-19   1.7242e-19
 7348.29   7.6560e-19   1.8004e-19
 7351.32   2.6034e-19   1.2561e-19
 7354.35   3.9521e-19   1.6003e-19
 7357.37   2.0271e-19   1.1082e-19
 7360.40   7.7206e-19   1.7155e-19
 7363.42   5.6990e-19   1.7591e-19
 7366.45   5.6563e-19   1.6939e-19
 7369.47   2.2261e-19   1.1848e-19
 7372.50   5.0574e-19   1.7346e-19
 7375.52   6.3088e-19   1.5915e-19
 7378.55   5.7785e-19   1.3732e-19
 7381.57   1.9473e-20   3.8670e-20
 7384.60   4.0785e-19   1.2013e-19
 7387.62   4.7281e-19   1.1609e-19
 7390.65   2.1860e-19   1.1131e-19
 7393.67   5.9324e-19   1.5545e-19
 7396.70   5.3024e-19   1.4848e-19
 7399.72   4.1375e-19   1.4338e-19
 7402.75   4.1570e-19   1.5833e-19
 7405.77   7.8021e-19   1.7587e-19
 7408.80   4.8050e-19   1.2790e-19
 7411.82   3.8874e-19   1.1556e-19
 7414.85   4.3633e-19   1.0630e-19
 7417.87   4.3806e-19   1.0954e-19
 7420.90   4.1346e-19   9.8546e-20
 7423.92   5.5173e-19   1.0775e-19
 7426.95   4.3487e-19   1.1777e-19
 7429.97   3.8046e-19   1.2177e-19
 7433.00   4.6922e-19   1.2733e-19
 7436.02   4.7834e-19   1.2068e-19
 7439.05   5.6259e-19   1.1553e-19
 7442.08   2.8673e-19   1.1342e-19
 7445.10   5.0436e-19   1.1277e-19
 7448.13   4.2517e-19   1.0796e-19
 7451.15   3.5887e-19   1.0287e-19
 7454.18   5.1352e-19   1.1068e-19
 7457.20   5.3688e-19   1.0992e-19
 7460.23   3.2955e-19   1.1852e-19
 7463.25   3.5615e-19   1.2428e-19
 7466.28   4.0386e-19   1.2627e-19
 7469.30   4.3893e-19   1.2715e-19
 7472.33   6.0436e-19   1.4844e-19
 7475.35   4.9930e-19   1.3716e-19
 7478.38   6.3283e-19   1.5169e-19
 7481.40   4.4963e-19   1.5763e-19
 7484.43   6.3607e-19   1.6610e-19
 7487.45   4.4453e-19   1.2950e-19
 7490.48   5.2070e-19   1.2509e-19
 7493.50   3.9279e-19   1.1379e-19
 7496.53   4.0915e-19   1.1916e-19
 7499.55   4.3243e-19   1.0096e-19
 7502.58   4.6513e-19   9.4691e-20
 7505.60   4.3558e-19   9.6964e-20
 7508.63   4.7017e-19   9.7679e-20
 7511.65   1.4170e-19   7.0917e-20
 7514.68   6.0276e-19   1.3270e-19
 7517.70   6.4792e-19   1.3828e-19
 7520.73   5.0068e-19   1.7752e-19
 7523.75   6.2304e-19   1.8433e-19
 7526.78   3.4286e-19   1.4371e-19
 7529.81   6.2939e-19   1.6573e-19
 7532.83   8.7684e-19   1.5717e-19
 7535.86   2.6296e-19   1.5250e-19
 7538.88   4.8256e-19   1.2442e-19
 7541.91   3.2593e-19   1.0535e-19
 7544.93   3.4490e-19   1.0439e-19
 7547.96   5.2109e-19   1.0623e-19
 7550.98   4.9763e-19   1.0679e-19
 7554.01   5.6112e-19   1.1181e-19
 7557.03   4.2413e-19   1.1401e-19
 7560.06   3.3862e-19   1.1151e-19
 7563.08   6.7803e-19   1.3493e-19
 7566.11   7.8955e-19   1.5136e-19
 7569.13   5.7492e-19   1.4888e-19
 7572.16   7.6547e-19   1.4921e-19
 7575.18   2.8118e-19   1.4175e-19
 7578.21   5.6468e-19   1.4368e-19
 7581.23   7.9602e-19   1.3402e-19
 7584.26   4.2776e-19   1.1977e-19
 7587.28   4.7386e-19   1.1063e-19
 7590.31   4.9239e-19   1.1230e-19
 7593.33   3.2144e-19   1.0819e-19
 7596.36   3.9561e-19   1.1077e-19
 7599.38   1.8488e-19   9.9238e-20
 7602.41   1.2911e-19   9.3824e-20
 7605.43   2.5820e-19   9.1705e-20
 7608.46  -1.1798e-19   6.3760e-20
 7611.48   4.3492e-20   4.3537e-20
 7614.51   2.1974e-19   9.5116e-20
 7617.54   2.1146e-19   1.1282e-19
 7620.56   2.3496e-19   1.0978e-19
 7623.59   1.4722e-19   9.8918e-20
 7626.61   4.6718e-19   1.1705e-19
 7629.64   2.8554e-19   1.0269e-19
 7632.66   3.9589e-19   1.1577e-19
 7635.69   3.5845e-19   1.1328e-19
 7638.71   3.2136e-19   1.0460e-19
 7641.74   2.9730e-19   9.8934e-20
 7644.76   2.5128e-19   9.4735e-20
 7647.79   3.0019e-19   9.9821e-20
 7650.81   4.4225e-19   1.0682e-19
 7653.84   3.9820e-19   1.0151e-19
 7656.86   3.4828e-19   1.1454e-19
 7659.89   4.5745e-19   1.2006e-19
 7662.91   3.1636e-19   1.0369e-19
 7665.94   4.0004e-19   1.1906e-19
 7668.96   1.4084e-19   6.0293e-20
 7671.99  -8.8411e-20   4.1422e-20
 7675.01   3.6865e-19   1.0087e-19
 7678.04   4.3708e-19   9.6415e-20
 7681.06   4.5565e-19   1.0693e-19
 7684.09   4.3315e-19   1.0842e-19
 7687.11   3.8486e-19   1.0391e-19
 7690.14   3.9659e-19   1.0872e-19
 7693.16   3.4169e-19   1.1563e-19
 7696.19   3.6048e-19   1.2185e-19
 7699.21   7.0299e-19   1.3177e-19
 7702.24   4.0073e-19   1.2978e-19
 7705.27   7.0678e-19   1.9182e-19
 7708.29   7.1416e-19   2.2936e-19
 7711.32   9.2237e-19   2.2053e-19
 7714.34   1.0446e-18   2.2514e-19
 7717.37   9.9629e-19   2.3689e-19
 7720.39   7.4998e-19   2.3352e-19
 7723.42   1.0266e-18   2.2031e-19
 7726.44   5.6229e-19   1.9014e-19
 7729.47   5.4789e-19   1.8393e-19
 7732.49   2.5984e-19   1.1325e-19
 7735.52   3.6846e-19   1.3386e-19
 7738.54   5.6956e-19   1.4529e-19
 7741.57   1.8756e-19   1.1321e-19
 7744.59   7.3081e-19   1.8766e-19
 7747.62   8.0494e-19   2.1049e-19
 7750.64   6.9964e-19   1.9664e-19
 7753.67   6.8955e-19   2.3921e-19
 7756.69   4.8428e-19   1.8593e-19
 7759.72   4.2856e-19   2.1273e-19
 7762.74   6.6865e-19   2.1674e-19
 7765.77   1.8959e-19   1.6061e-19
 7768.79   3.2557e-19   1.6107e-19
 7771.82   3.5963e-19   1.4915e-19
 7774.84   3.5069e-19   1.3154e-19
 7777.87   4.1736e-19   1.6596e-19
 7780.90   4.0048e-19   1.5094e-19
 7783.92   3.5536e-19   1.6202e-19
 7786.95   3.7971e-19   1.9889e-19
 7789.97   6.0500e-19   2.2221e-19
 7793.00   3.9147e-19   1.8986e-19
 7796.02   7.1082e-19   2.0420e-19
 7799.05   6.2788e-19   2.0270e-19
 7802.07   3.8776e-19   1.7677e-19
 7805.10   6.3244e-19   1.9416e-19
 7808.12   3.7870e-19   1.6849e-19
 7811.15   6.3667e-19   1.7064e-19
 7814.17   4.0495e-19   1.7032e-19
 7817.20   7.0073e-19   2.2393e-19
 7820.22   5.7187e-19   2.2136e-19
 7823.25   7.5949e-19   2.1185e-19
 7826.27   4.8741e-19   1.7820e-19
 7829.30   5.3447e-19   1.8471e-19
 7832.32   5.8278e-19   1.9077e-19
 7835.35   3.7508e-19   1.5544e-19
 7838.37   4.7028e-19   1.3660e-19
 7841.40   5.7194e-19   1.4549e-19
 7844.42   3.4605e-19   1.7236e-19
 7847.45  -4.8124e-19   1.9307e-19
 7850.47   1.6585e-19   1.6303e-19
 7853.50   4.3561e-19   2.0625e-19
 7856.52   2.8306e-19   2.0653e-19
 7859.55   1.2471e-19   1.3779e-19
 7862.57   1.8346e-20   5.7424e-20
 7865.60   5.8461e-19   2.3646e-19
 7868.62   4.9783e-19   2.0285e-19
 7871.65   3.5181e-19   1.8237e-19
 7874.68   5.0955e-19   2.0722e-19
 7877.70   4.2454e-19   1.9004e-19
 7880.73   4.9036e-19   2.0774e-19
 7883.75   4.5221e-19   1.8740e-19
 7886.78   2.6194e-19   1.7162e-19
 7889.80   5.1005e-19   1.9469e-19
 7892.83   4.8374e-19   1.8111e-19
 7895.85   3.6850e-19   1.9640e-19
 7898.88   1.5731e-19   1.2712e-19
 7901.90   6.7859e-19   1.6384e-19
 7904.93   4.9977e-19   1.8326e-19
 7907.95   4.6349e-19   1.8512e-19
 7910.98   7.7619e-19   2.1815e-19
 7914.00   8.3992e-19   2.3777e-19
 7917.03   1.0453e-18   2.8757e-19
 7920.05   8.0763e-19   2.6730e-19
 7923.08  -1.6057e-20   5.2144e-20
 7926.10   7.8916e-19   2.3331e-19
 7929.13   5.1898e-19   1.9124e-19
 7932.15   5.5652e-19   1.8163e-19
 7935.18   4.8299e-19   1.6906e-19
 7938.20   4.1581e-19   1.6398e-19
 7941.23   1.6654e-19   1.4638e-19
 7944.25   4.5416e-19   1.5267e-19
 7947.28   4.5296e-19   1.5293e-19
 7950.30   3.7240e-19   1.4905e-19
 7953.33   3.5115e-19   1.3119e-19
 7956.35   4.4548e-19   1.6628e-19
 7959.38   9.7233e-20   1.1061e-19
 7962.41   4.4972e-19   2.0489e-19
 7965.43   6.1541e-19   2.1231e-19
 7968.46   6.5069e-19   1.9752e-19
 7971.48   3.2225e-19   1.8816e-19
 7974.51   2.7976e-19   1.8155e-19
 7977.53   6.4361e-19   1.8646e-19
 7980.56   4.4633e-19   1.6373e-19
 7983.58   5.2004e-19   1.6638e-19
 7986.61   4.0041e-19   1.9470e-19
 7989.63   4.6818e-19   2.0222e-19
 7992.66   5.2504e-19   2.2456e-19
 7995.68   3.2035e-19   2.1743e-19
 7998.71   3.5552e-19   1.7666e-19
 8001.73   2.9806e-19   1.6560e-19
 8004.76   9.5906e-20   1.1275e-19
 8007.78   4.0408e-19   1.6523e-19
 8010.81   2.1623e-19   1.5703e-19
 8013.83   2.4541e-19   1.2846e-19
 8016.86   4.4263e-19   1.5700e-19
 8019.88   3.2966e-19   1.6813e-19
 8022.91   2.7243e-19   1.7308e-19
 8025.93   1.5785e-19   1.4558e-19
 8028.96   1.4611e-19   1.2953e-19
 8031.98   1.8728e-19   1.2393e-19
 8035.01   2.4621e-19   1.5664e-19
 8038.03   2.6658e-19   1.5249e-19
 8041.06   6.6634e-19   1.3374e-19
 8044.08   4.8468e-19   1.2301e-19
 8047.11   3.8006e-19   1.2210e-19
 8050.14   4.5788e-19   1.2157e-19
 8053.16   4.7719e-19   1.3120e-19
 8056.19   3.1965e-19   1.4017e-19
 8059.21   3.5770e-19   1.6263e-19
 8062.24   5.3604e-19   1.6624e-19
 8065.26   4.4866e-19   1.4855e-19
 8068.29   3.6716e-19   1.3604e-19
 8071.31   3.9789e-19   1.4243e-19
 8074.34   3.4256e-19   1.2828e-19
 8077.36   4.5601e-19   1.1381e-19
 8080.39   3.4889e-19   1.0797e-19
 8083.41   3.6956e-19   1.0694e-19
 8086.44   3.2369e-19   1.1188e-19
 8089.46   3.2794e-19   1.1354e-19
 8092.49   4.5648e-19   1.1132e-19
 8095.51   4.7985e-19   1.2796e-19
 8098.54   4.8264e-19   1.2662e-19
 8101.56   5.8409e-19   1.3468e-19
 8104.59   4.1877e-19   1.3525e-19
 8107.61   2.9884e-19   1.2194e-19
 8110.64   4.0566e-19   1.1752e-19
 8113.66   4.0086e-19   1.2316e-19
 8116.69   3.7357e-19   1.1502e-19
 8119.71   3.3867e-19   9.8657e-20
 8122.74   3.5330e-19   9.4747e-20
 8125.76   3.7831e-19   1.0195e-19
 8128.79   3.4938e-19   9.8977e-20
 8131.81   4.1278e-19   1.0034e-19
 8134.84   3.8976e-19   1.0380e-19
 8137.87   2.3884e-19   1.0719e-19
 8140.89   3.0627e-19   1.0774e-19
 8143.92   3.9352e-19   1.0736e-19
 8146.94   3.6472e-19   1.0565e-19
 8149.97   3.2054e-19   1.0582e-19
 8152.99   3.1810e-19   1.1035e-19
 8156.02   2.9334e-19   1.0366e-19
 8159.04   3.5367e-19   1.0225e-19
 8162.07   3.4452e-19   9.4789e-20
 8165.09   3.2882e-19   8.9392e-20
 8168.12   3.3708e-19   9.0742e-20
