 
TRANSIENT_NAME:     DES14X2eei 
SNID:               1298893    
OBS_DATE:           2014-10-23
MJD:                56953. 
PHASE:              +14.   
MJD_MAX:            56935.8
TYPE:               1  
SPEC_EVAL:          SNIa
REDSHIFT:           0.1974  
REDSHIFT_ERR:       0.0005  
REDSHIFT_SOURCE:    Z_GAL
TELESCOPE:          MMT
INSTRUMENT:         BCS
 
======================================
 
# WAVE  FLUX  FLUX_ERR
 3332.00  -1.9942e-02  -2.2772e-03
 3333.95  -7.1564e-03  -8.1732e-04
 3335.90   1.4017e-02   1.5940e-03
 3337.85   1.4774e-02   1.6845e-03
 3339.80   1.4088e-02   1.6295e-03
 3341.75   2.0188e-02   2.3710e-03
 3343.70   3.2826e-02   3.8600e-03
 3345.65   1.5140e-02   1.7362e-03
 3347.60  -7.8969e-03  -9.1328e-04
 3349.55  -5.9706e-03  -6.9590e-04
 3351.50   1.1167e-02   1.3048e-03
 3353.45   7.9659e-03   9.3690e-04
 3355.40   3.6754e-02   4.3557e-03
 3357.35   7.8251e-03   9.0673e-04
 3359.30   3.3163e-03   3.8448e-04
 3361.25   1.3350e-02   1.5567e-03
 3363.20   9.2453e-04   1.1395e-04
 3365.15  -2.6147e-03  -3.5757e-04
 3367.10   6.7837e-03   1.0305e-03
 3369.05  -2.9514e-02  -4.8243e-03
 3371.00  -5.0955e-02  -8.5869e-03
 3372.95   1.0282e-02   1.7196e-03
 3374.90   3.3940e-02   5.4879e-03
 3376.85  -8.6089e-03  -1.3349e-03
 3378.80  -8.5417e-03  -1.2844e-03
 3380.75  -1.2326e-02  -1.8033e-03
 3382.70  -9.3103e-03  -1.3239e-03
 3384.65   9.4991e-03   1.3004e-03
 3386.60   7.5292e-03   9.9694e-04
 3388.55  -1.8261e-03  -2.3483e-04
 3390.50   4.1414e-03   5.1937e-04
 3392.45   1.6910e-02   2.1089e-03
 3394.40   7.1098e-03   8.7035e-04
 3396.35   1.3004e-02   1.5532e-03
 3398.30   7.9779e-03   9.2704e-04
 3400.25   2.6424e-03   2.9873e-04
 3402.20   3.1133e-03   3.4465e-04
 3404.15   1.1836e-02   1.2873e-03
 3406.10   9.7125e-03   1.0282e-03
 3408.05  -5.5684e-03  -5.8477e-04
 3410.00   1.5465e-02   1.6620e-03
 3411.95   1.3859e-02   1.4973e-03
 3413.90   8.0867e-03   8.8885e-04
 3415.85   3.3021e-02   3.7967e-03
 3417.80   6.6163e-03   7.6909e-04
 3419.75  -9.0954e-03  -1.0342e-03
 3421.70   2.8443e-03   3.2212e-04
 3423.65   1.0167e-02   1.1721e-03
 3425.60   1.3715e-02   1.5794e-03
 3427.55  -2.9300e-03  -3.3060e-04
 3429.50  -1.6374e-02  -1.8363e-03
 3431.45  -3.1567e-03  -3.5597e-04
 3433.40   9.9333e-03   1.1412e-03
 3435.35   2.5274e-03   2.9403e-04
 3437.30   7.7808e-03   9.0703e-04
 3439.25   2.3027e-02   2.6904e-03
 3441.20   1.2791e-02   1.4580e-03
 3443.15   1.3984e-03   1.5468e-04
 3445.10   1.8841e-02   2.1126e-03
 3447.05   1.7111e-02   1.9778e-03
 3449.00  -1.1980e-02  -1.4470e-03
 3450.95  -6.3351e-04  -8.0550e-05
 3452.90   3.1287e-02   4.1128e-03
 3454.85   2.9266e-02   3.8564e-03
 3456.80   1.3858e-02   1.7877e-03
 3458.75   3.0010e-03   3.7740e-04
 3460.70  -3.9034e-03  -4.8094e-04
 3462.65  -5.0716e-03  -6.1162e-04
 3464.60  -5.7460e-03  -6.7591e-04
 3466.55   3.9287e-03   4.5693e-04
 3468.50   1.5680e-02   1.8084e-03
 3470.45   1.1739e-02   1.3292e-03
 3472.40   1.8763e-02   2.1463e-03
 3474.35   2.9816e-02   3.4959e-03
 3476.30   8.4127e-03   1.0213e-03
 3478.25  -1.1603e-02  -1.5101e-03
 3480.20   3.5857e-03   4.9418e-04
 3482.15   1.9584e-02   2.7660e-03
 3484.10   1.9567e-02   2.7518e-03
 3486.05   4.8431e-03   6.6189e-04
 3488.00  -9.6354e-04  -1.2854e-04
 3489.95   1.6293e-02   2.1454e-03
 3491.90   2.8043e-02   3.6132e-03
 3493.85   2.6570e-02   3.3351e-03
 3495.80   1.3692e-02   1.6734e-03
 3497.75   3.3427e-03   3.9878e-04
 3499.70  -2.7419e-03  -3.1887e-04
 3501.65  -4.2151e-03  -4.8566e-04
 3503.60  -1.5044e-02  -1.7288e-03
 3505.55  -8.9583e-03  -1.0246e-03
 3507.50  -9.2891e-04  -1.0819e-04
 3509.45  -2.8098e-03  -3.3408e-04
 3511.40   1.5965e-02   1.8962e-03
 3513.35   1.6355e-02   1.9051e-03
 3515.30   1.5321e-02   1.7675e-03
 3517.25   2.4950e-02   2.8830e-03
 3519.20   2.5813e-02   2.9304e-03
 3521.15   1.4083e-02   1.5523e-03
 3523.10  -1.8763e-03  -2.0390e-04
 3525.05   1.1572e-02   1.2710e-03
 3527.00   1.3869e-02   1.5275e-03
 3528.95  -1.3953e-02  -1.5026e-03
 3530.90  -4.5767e-03  -4.8503e-04
 3532.85   1.6175e-02   1.7136e-03
 3534.80   7.0900e-03   7.5757e-04
 3536.75  -1.9429e-03  -2.1613e-04
 3538.70  -1.7677e-05  -2.1257e-06
 3540.65   2.9628e-03   3.8668e-04
 3542.60   1.4369e-02   1.9852e-03
 3544.55   1.3839e-02   1.9613e-03
 3546.50  -7.5999e-03  -1.0691e-03
 3548.45  -1.2789e-02  -1.7659e-03
 3550.40  -3.3122e-03  -4.5376e-04
 3552.35   1.3291e-03   1.8357e-04
 3554.30   1.5879e-02   2.2027e-03
 3556.25   1.7800e-02   2.4226e-03
 3558.20   2.2373e-02   2.9986e-03
 3560.15   1.8160e-02   2.3875e-03
 3562.10   6.4167e-03   8.1225e-04
 3564.05   1.9587e-02   2.4176e-03
 3566.00   2.0026e-02   2.4241e-03
 3567.95  -2.0429e-03  -2.4021e-04
 3569.90  -2.2452e-03  -2.5800e-04
 3571.85   8.7924e-03   9.8802e-04
 3573.80  -1.5299e-02  -1.6858e-03
 3575.75  -1.3513e-02  -1.4713e-03
 3577.70   1.3922e-02   1.4999e-03
 3579.65   1.9131e-02   2.0244e-03
 3581.60   2.3611e-02   2.4562e-03
 3583.55   2.2209e-02   2.2617e-03
 3585.50   1.1304e-02   1.1217e-03
 3587.45   3.6631e-03   3.6152e-04
 3589.40   6.2990e-03   6.2715e-04
 3591.35   2.1967e-02   2.2377e-03
 3593.30   2.1372e-02   2.1899e-03
 3595.25   2.0984e-02   2.1653e-03
 3597.20   1.2439e-02   1.2690e-03
 3599.15  -8.4175e-03  -8.3684e-04
 3601.10   3.8078e-04   3.7900e-05
 3603.05   1.2885e-02   1.2701e-03
 3605.00   8.0630e-03   7.6832e-04
 3606.95  -1.2489e-03  -1.1737e-04
 3608.90  -1.1424e-02  -1.0932e-03
 3610.85  -2.9287e-03  -2.8399e-04
 3612.80   1.9987e-02   2.0403e-03
 3614.75   5.5336e-03   6.0219e-04
 3616.70  -1.5592e-02  -1.7695e-03
 3618.65  -4.3674e-03  -5.0134e-04
 3620.60   5.8785e-03   6.6658e-04
 3622.55   3.8495e-03   4.3449e-04
 3624.50   8.6762e-03   9.7287e-04
 3626.45   1.0975e-02   1.2261e-03
 3628.40   5.7817e-03   6.5933e-04
 3630.35   1.1926e-02   1.4144e-03
 3632.30   1.7123e-02   2.1017e-03
 3634.25   1.9975e-02   2.4762e-03
 3636.20   1.6682e-02   2.0419e-03
 3638.15   2.6825e-03   3.2399e-04
 3640.10  -1.1104e-04  -1.3330e-05
 3642.05   7.9517e-03   9.4053e-04
 3644.00   1.8707e-02   2.1994e-03
 3645.95   3.1115e-03   3.6831e-04
 3647.90  -1.2822e-03  -1.5375e-04
 3649.85   1.8874e-02   2.3023e-03
 3651.80   2.1579e-02   2.6075e-03
 3653.75   9.2597e-03   1.0844e-03
 3655.70   1.3670e-04   1.5682e-05
 3657.65   2.1303e-03   2.4108e-04
 3659.60   3.6764e-03   4.1492e-04
 3661.55  -2.0217e-03  -2.2872e-04
 3663.50  -2.7991e-03  -3.1340e-04
 3665.45  -9.1266e-03  -9.9508e-04
 3667.40  -2.6291e-03  -2.7525e-04
 3669.35   1.5262e-02   1.5568e-03
 3671.30   1.5991e-02   1.6178e-03
 3673.25   2.2936e-03   2.2752e-04
 3675.20  -5.6812e-03  -5.5239e-04
 3677.15   1.0859e-02   1.0451e-03
 3679.10   1.2679e-02   1.1936e-03
 3681.05   4.0072e-03   3.7003e-04
 3683.00   1.2244e-02   1.1281e-03
 3684.95   5.4315e-03   5.0065e-04
 3686.90   1.4639e-03   1.3587e-04
 3688.85   1.2655e-02   1.1805e-03
 3690.80   7.3043e-03   6.7771e-04
 3692.75  -4.8075e-04  -4.4572e-05
 3694.70   6.3120e-03   6.0004e-04
 3696.65   1.6307e-02   1.6309e-03
 3698.60   1.4047e-02   1.4603e-03
 3700.55   1.3358e-03   1.4168e-04
 3702.50  -3.4497e-03  -3.6961e-04
 3704.45   7.1373e-03   7.5785e-04
 3706.40   1.4542e-03   1.5072e-04
 3708.35  -4.7508e-03  -4.8506e-04
 3710.30   1.8144e-02   1.8558e-03
 3712.25   3.7066e-02   3.7999e-03
 3714.20   2.6089e-02   2.6059e-03
 3716.15   3.9570e-03   3.7902e-04
 3718.10   6.3547e-03   5.9995e-04
 3720.05   1.1610e-02   1.0867e-03
 3722.00   1.0221e-02   9.4248e-04
 3723.95   1.9139e-03   1.7651e-04
 3725.90  -5.9547e-04  -5.5817e-05
 3727.85   1.0540e-02   1.0167e-03
 3729.80   5.0151e-03   5.0155e-04
 3731.75  -1.2633e-02  -1.3128e-03
 3733.70  -1.6537e-02  -1.7637e-03
 3735.65  -5.0316e-03  -5.4382e-04
 3737.60   1.6845e-02   1.8604e-03
 3739.55   2.1119e-02   2.3617e-03
 3741.50  -1.7574e-03  -1.9315e-04
 3743.45  -9.6904e-03  -1.0317e-03
 3745.40  -1.5125e-03  -1.5696e-04
 3747.35   5.7384e-04   5.8428e-05
 3749.30  -2.2340e-03  -2.2395e-04
 3751.25  -1.0331e-02  -1.0269e-03
 3753.20  -1.0012e-02  -9.8471e-04
 3755.15   9.7027e-03   9.4575e-04
 3757.10   1.7088e-02   1.6427e-03
 3759.05   6.6010e-03   6.1746e-04
 3761.00   4.5726e-03   4.1820e-04
 3762.95   9.2516e-03   8.3546e-04
 3764.90   9.7614e-03   8.7465e-04
 3766.85   9.5964e-03   8.5133e-04
 3768.80   9.2648e-03   8.1889e-04
 3770.75   8.6110e-03   7.7431e-04
 3772.70   2.0220e-02   1.8770e-03
 3774.65   1.4995e-02   1.3911e-03
 3776.60   7.6070e-03   6.9748e-04
 3778.55   8.5207e-03   7.6994e-04
 3780.50   7.8867e-03   6.9963e-04
 3782.45   7.5432e-03   6.6305e-04
 3784.40   3.0094e-03   2.6220e-04
 3786.35   6.2664e-03   5.5044e-04
 3788.30   1.2993e-02   1.1541e-03
 3790.25   1.2047e-02   1.0829e-03
 3792.20   4.7187e-03   4.2579e-04
 3794.15   1.1130e-02   1.0049e-03
 3796.10   2.2881e-02   2.0593e-03
 3798.05   8.6862e-03   7.6530e-04
 3800.00   1.9661e-04   1.6929e-05
 3801.95   7.6739e-03   6.5768e-04
 3803.90   1.4110e-02   1.2090e-03
 3805.85   1.6554e-02   1.4122e-03
 3807.80   6.6986e-03   5.6024e-04
 3809.75   4.4443e-03   3.7313e-04
 3811.70   8.7960e-03   7.6622e-04
 3813.65   5.6719e-03   5.0919e-04
 3815.60   1.3069e-02   1.1863e-03
 3817.55   1.1980e-02   1.0694e-03
 3819.50   7.1724e-03   6.3263e-04
 3821.45  -7.3913e-03  -6.4681e-04
 3823.40   5.2944e-03   4.6576e-04
 3825.35   1.2025e-02   1.0792e-03
 3827.30   1.3238e-03   1.2282e-04
 3829.25   5.9724e-03   5.8244e-04
 3831.20   5.7289e-03   5.7190e-04
 3833.15   7.4434e-03   7.3419e-04
 3835.10   1.5657e-02   1.5107e-03
 3837.05   2.1939e-02   2.0672e-03
 3839.00   2.0144e-02   1.8637e-03
 3840.95   1.6577e-02   1.5238e-03
 3842.90   6.5566e-03   5.9743e-04
 3844.85   2.5322e-03   2.2816e-04
 3846.80   4.8815e-03   4.3291e-04
 3848.75   6.9303e-03   6.0479e-04
 3850.70   9.5569e-03   8.2642e-04
 3852.65   4.5689e-03   3.8629e-04
 3854.60   7.2588e-03   6.0268e-04
 3856.55   9.6151e-03   7.9128e-04
 3858.50   8.3983e-03   6.8155e-04
 3860.45   7.1330e-03   5.7418e-04
 3862.40   1.2435e-02   1.0096e-03
 3864.35   1.0951e-02   8.8501e-04
 3866.30   9.8729e-03   7.8498e-04
 3868.25  -7.8075e-04  -6.0435e-05
 3870.20   1.8550e-03   1.4122e-04
 3872.15   1.6169e-02   1.2533e-03
 3874.10   8.4389e-03   6.5113e-04
 3876.05   2.1783e-03   1.6566e-04
 3878.00   3.9056e-03   2.9510e-04
 3879.95   1.7188e-02   1.3054e-03
 3881.90   2.3505e-02   1.7710e-03
 3883.85   1.5408e-02   1.1360e-03
 3885.80   8.6306e-03   6.3035e-04
 3887.75   5.2184e-03   3.7523e-04
 3889.70   2.4978e-03   1.7911e-04
 3891.65  -1.8530e-03  -1.3507e-04
 3893.60   5.7719e-03   4.2860e-04
 3895.55   1.2466e-02   9.4345e-04
 3897.50   1.1696e-02   9.0425e-04
 3899.45   7.0061e-03   5.4438e-04
 3901.40   1.2825e-02   1.0281e-03
 3903.35   1.5770e-02   1.3144e-03
 3905.30   6.3294e-03   5.4291e-04
 3907.25   8.5756e-03   7.5938e-04
 3909.20   1.9945e-02   1.8042e-03
 3911.15   1.9647e-02   1.7550e-03
 3913.10   1.6942e-02   1.4829e-03
 3915.05   1.1667e-02   9.8878e-04
 3917.00   8.0277e-03   6.5982e-04
 3918.95   1.0402e-02   8.3891e-04
 3920.90   5.5058e-03   4.3280e-04
 3922.85   5.0788e-03   3.9413e-04
 3924.80   2.9519e-03   2.2459e-04
 3926.75   2.8446e-03   2.1336e-04
 3928.70   1.0485e-02   7.9368e-04
 3930.65   1.8201e-02   1.3956e-03
 3932.60   9.1909e-03   6.9499e-04
 3934.55   5.8999e-03   4.4092e-04
 3936.50   7.6480e-03   5.8779e-04
 3938.45   8.2918e-03   6.6807e-04
 3940.40   1.3074e-02   1.0917e-03
 3942.35   4.9047e-03   4.1072e-04
 3944.30   3.8231e-03   3.2076e-04
 3946.25   9.4831e-03   7.9122e-04
 3948.20   1.3337e-02   1.0963e-03
 3950.15   1.0266e-02   8.2839e-04
 3952.10   1.3919e-02   1.1161e-03
 3954.05   1.6285e-02   1.2906e-03
 3956.00   5.6186e-03   4.3242e-04
 3957.95   9.6308e-04   7.3216e-05
 3959.90   9.1334e-03   6.9652e-04
 3961.85   1.5759e-02   1.2010e-03
 3963.80   1.0455e-02   7.7455e-04
 3965.75   2.7387e-03   1.9413e-04
 3967.70   1.3060e-03   9.0186e-05
 3969.65   3.3863e-03   2.3493e-04
 3971.60   1.1478e-02   8.3883e-04
 3973.55   1.0940e-02   8.3137e-04
 3975.50   2.9481e-03   2.2493e-04
 3977.45   9.3696e-03   7.2658e-04
 3979.40   1.9124e-02   1.5083e-03
 3981.35   6.4356e-03   5.0042e-04
 3983.30   1.5233e-03   1.1719e-04
 3985.25   8.8825e-03   6.8259e-04
 3987.20   9.1821e-03   7.0008e-04
 3989.15   1.1232e-02   8.5236e-04
 3991.10   9.2334e-03   6.9304e-04
 3993.05   6.6604e-03   4.9803e-04
 3995.00   5.7313e-03   4.2668e-04
 3996.95   1.0823e-02   8.1344e-04
 3998.90   1.4575e-02   1.1142e-03
 4000.85   7.4677e-03   5.6245e-04
 4002.80   8.6895e-03   6.5139e-04
 4004.75   7.3404e-03   5.5997e-04
 4006.70   1.4966e-02   1.1875e-03
 4008.65   1.4885e-02   1.2102e-03
 4010.60   5.7086e-03   4.6222e-04
 4012.55   9.0394e-03   7.3146e-04
 4014.50   1.4850e-02   1.1981e-03
 4016.45   1.6215e-02   1.2964e-03
 4018.40   6.6782e-03   5.3044e-04
 4020.35   6.5881e-03   5.2736e-04
 4022.30   8.7971e-03   7.0379e-04
 4024.25   1.2088e-02   9.5890e-04
 4026.20   9.6254e-03   7.5028e-04
 4028.15   1.1604e-02   9.0082e-04
 4030.10   6.2594e-03   4.7888e-04
 4032.05   4.8320e-03   3.6496e-04
 4034.00   8.7637e-03   6.6462e-04
 4035.95   1.3936e-02   1.0722e-03
 4037.90   1.3089e-02   1.0184e-03
 4039.85   1.8104e-02   1.4581e-03
 4041.80   1.3057e-02   1.0942e-03
 4043.75   1.0513e-02   9.4199e-04
 4045.70   1.0989e-02   1.0424e-03
 4047.65   2.5892e-02   2.4650e-03
 4049.60   1.7936e-02   1.5998e-03
 4051.55   4.8892e-03   4.0149e-04
 4053.50   4.6774e-03   3.6842e-04
 4055.45   2.9683e-03   2.2985e-04
 4057.40   5.0222e-03   3.8915e-04
 4059.35   1.2456e-02   9.7927e-04
 4061.30   8.9181e-03   7.1513e-04
 4063.25   1.0229e-02   8.3741e-04
 4065.20   2.4233e-02   2.0300e-03
 4067.15   1.8515e-02   1.5337e-03
 4069.10   1.0763e-02   8.7643e-04
 4071.05   1.1956e-02   9.5658e-04
 4073.00   1.0472e-02   8.3226e-04
 4074.95   7.5939e-03   6.1351e-04
 4076.90   7.6127e-03   6.2266e-04
 4078.85   1.1738e-02   9.6183e-04
 4080.80   1.5142e-02   1.2245e-03
 4082.75   1.4582e-02   1.1678e-03
 4084.70   7.8445e-03   6.1785e-04
 4086.65   8.5268e-03   6.6072e-04
 4088.60   1.7860e-02   1.3851e-03
 4090.55   1.0093e-02   7.6130e-04
 4092.50   8.0898e-03   6.0333e-04
 4094.45   6.6505e-03   4.9173e-04
 4096.40   1.6535e-02   1.2394e-03
 4098.35   1.5986e-02   1.1898e-03
 4100.30   9.0325e-03   6.5726e-04
 4102.25   7.4581e-03   5.3326e-04
 4104.20   1.2694e-02   9.1177e-04
 4106.15   1.6043e-02   1.1690e-03
 4108.10   8.2352e-03   5.9182e-04
 4110.05   6.5197e-03   4.6703e-04
 4112.00   1.1162e-02   8.0316e-04
 4113.95   2.0236e-02   1.4723e-03
 4115.90   1.0053e-02   7.1720e-04
 4117.85   6.8649e-03   4.9059e-04
 4119.80   1.5842e-02   1.1555e-03
 4121.75   1.0168e-02   7.4787e-04
 4123.70   4.8893e-03   3.6339e-04
 4125.65   9.2397e-03   6.9483e-04
 4127.60   1.7799e-02   1.3617e-03
 4129.55   1.7768e-02   1.3546e-03
 4131.50   7.1120e-03   5.3424e-04
 4133.45   7.7118e-03   5.8171e-04
 4135.40   1.5290e-02   1.1654e-03
 4137.35   9.4088e-03   7.0773e-04
 4139.30   1.3512e-02   1.0105e-03
 4141.25   1.2074e-02   8.8517e-04
 4143.20   1.0952e-02   8.0125e-04
 4145.15   1.2721e-02   9.2644e-04
 4147.10   1.7399e-02   1.2621e-03
 4149.05   1.1282e-02   8.1379e-04
 4151.00   7.1260e-03   5.1503e-04
 4152.95   1.1736e-02   8.7234e-04
 4154.90   1.1645e-02   8.8477e-04
 4156.85   1.3599e-02   1.0467e-03
 4158.80   9.8204e-03   7.5361e-04
 4160.75   3.9409e-03   3.0170e-04
 4162.70   1.5142e-03   1.1734e-04
 4164.65   5.0296e-03   4.0000e-04
 4166.60   1.6887e-02   1.3685e-03
 4168.55   1.6963e-02   1.3719e-03
 4170.50   2.1990e-02   1.7767e-03
 4172.45   1.6235e-02   1.2906e-03
 4174.40   1.1107e-02   8.6561e-04
 4176.35   1.2750e-02   9.8023e-04
 4178.30   5.7031e-03   4.3038e-04
 4180.25   1.2746e-02   9.6775e-04
 4182.20   1.3404e-02   1.0088e-03
 4184.15   1.4397e-03   1.0502e-04
 4186.10   1.1595e-02   8.4788e-04
 4188.05   1.4445e-02   1.0555e-03
 4190.00   8.7800e-03   6.3415e-04
 4191.95   1.3759e-02   9.9870e-04
 4193.90   1.4062e-02   1.0156e-03
 4195.85   1.3740e-02   9.8042e-04
 4197.80   1.5890e-02   1.1172e-03
 4199.75   9.6025e-03   6.6249e-04
 4201.70   7.1259e-03   4.9221e-04
 4203.65   1.1576e-02   8.0407e-04
 4205.60   7.5373e-03   5.1992e-04
 4207.55   6.7669e-03   4.7229e-04
 4209.50   9.8403e-03   6.9126e-04
 4211.45   1.4906e-02   1.0439e-03
 4213.40   1.4341e-02   9.9600e-04
 4215.35   4.4070e-03   2.9846e-04
 4217.30   2.9772e-03   1.9921e-04
 4219.25   9.1560e-03   6.1616e-04
 4221.20   1.2371e-02   8.3594e-04
 4223.15   1.2849e-02   8.7230e-04
 4225.10   1.6539e-02   1.1273e-03
 4227.05   1.9611e-02   1.3342e-03
 4229.00   1.4235e-02   9.5924e-04
 4230.95   1.2558e-02   8.5010e-04
 4232.90   9.6140e-03   6.5018e-04
 4234.85   9.0161e-03   6.1029e-04
 4236.80   1.4890e-02   1.0168e-03
 4238.75   1.1575e-02   7.7980e-04
 4240.70   7.4577e-03   4.9224e-04
 4242.65   1.5546e-02   1.0534e-03
 4244.60   2.0654e-02   1.4602e-03
 4246.55   1.7846e-02   1.2814e-03
 4248.50   1.9529e-02   1.4103e-03
 4250.45   1.6287e-02   1.1628e-03
 4252.40   5.8256e-03   4.0295e-04
 4254.35   9.8676e-03   6.8597e-04
 4256.30   1.3780e-02   9.5989e-04
 4258.25   7.9945e-03   5.4969e-04
 4260.20   9.2964e-03   6.3490e-04
 4262.15   1.1979e-02   8.1544e-04
 4264.10   1.0950e-02   7.4962e-04
 4266.05   9.0487e-03   6.2020e-04
 4268.00   1.0427e-02   7.1136e-04
 4269.95   1.1642e-02   7.9579e-04
 4271.90   1.1618e-02   7.9578e-04
 4273.85   3.8971e-03   2.6054e-04
 4275.80   2.5076e-03   1.6754e-04
 4277.75   7.8212e-03   5.2726e-04
 4279.70   9.7976e-03   6.6034e-04
 4281.65   1.2177e-02   8.2482e-04
 4283.60   1.1851e-02   7.9769e-04
 4285.55   1.2910e-02   8.7483e-04
 4287.50   7.8585e-03   5.2221e-04
 4289.45   9.3668e-03   6.2315e-04
 4291.40   7.9494e-03   5.3178e-04
 4293.35   3.5907e-03   2.3833e-04
 4295.30   6.5508e-03   4.3796e-04
 4297.25   1.5972e-02   1.0876e-03
 4299.20   1.1799e-02   7.9622e-04
 4301.15   6.0973e-03   4.0185e-04
 4303.10   7.6842e-03   5.0484e-04
 4305.05   1.1347e-02   7.5790e-04
 4307.00   1.7544e-02   1.2166e-03
 4308.95   1.5286e-02   1.0654e-03
 4310.90   6.7259e-03   4.6592e-04
 4312.85   9.4042e-03   6.6283e-04
 4314.80   1.5504e-02   1.1162e-03
 4316.75   2.3940e-02   1.7498e-03
 4318.70   2.1799e-02   1.5701e-03
 4320.65   2.2569e-02   1.6093e-03
 4322.60   1.7339e-02   1.2216e-03
 4324.55   1.5752e-02   1.0839e-03
 4326.50   1.1742e-02   7.9271e-04
 4328.45   1.2573e-02   8.4818e-04
 4330.40   1.1254e-02   7.5573e-04
 4332.35   8.2519e-03   5.5007e-04
 4334.30   6.6991e-03   4.4210e-04
 4336.25   1.3159e-02   8.8259e-04
 4338.20   1.2192e-02   8.0861e-04
 4340.15   1.1403e-02   7.5739e-04
 4342.10   1.6215e-02   1.0937e-03
 4344.05   9.0751e-03   6.1265e-04
 4346.00   8.8043e-03   5.9997e-04
 4347.95   9.7446e-03   6.7217e-04
 4349.90   9.2053e-03   6.2986e-04
 4351.85   1.1746e-02   8.1682e-04
 4353.80   1.4193e-02   1.0635e-03
 4355.75   1.7037e-02   1.4374e-03
 4357.70   2.2811e-02   2.0882e-03
 4359.65   1.8084e-02   1.6485e-03
 4361.60   1.5031e-02   1.2642e-03
 4363.55   6.6831e-03   4.9584e-04
 4365.50   6.1573e-03   4.2367e-04
 4367.45   1.1087e-02   7.5091e-04
 4369.40   1.4910e-02   1.0138e-03
 4371.35   8.7402e-03   5.9153e-04
 4373.30   8.2251e-03   5.5876e-04
 4375.25   1.2286e-02   8.5570e-04
 4377.20   1.1330e-02   7.8621e-04
 4379.15   1.3951e-02   9.6440e-04
 4381.10   2.5972e-02   1.8176e-03
 4383.05   2.3397e-02   1.6182e-03
 4385.00   1.3432e-02   9.0521e-04
 4386.95   1.1387e-02   7.6160e-04
 4388.90   7.4272e-03   4.9446e-04
 4390.85   5.5232e-03   3.6742e-04
 4392.80   1.0804e-02   7.2626e-04
 4394.75   1.5057e-02   1.0222e-03
 4396.70   8.6521e-03   5.7848e-04
 4398.65   1.0130e-02   6.8683e-04
 4400.60   1.8000e-02   1.2653e-03
 4402.55   2.0442e-02   1.4609e-03
 4404.50   1.7429e-02   1.2495e-03
 4406.45   1.4815e-02   1.0735e-03
 4408.40   1.7766e-02   1.2986e-03
 4410.35   1.5819e-02   1.1551e-03
 4412.30   1.2532e-02   9.0641e-04
 4414.25   1.1101e-02   7.9892e-04
 4416.20   1.4604e-02   1.0581e-03
 4418.15   1.2426e-02   8.9710e-04
 4420.10   1.3204e-02   9.5316e-04
 4422.05   1.4889e-02   1.0718e-03
 4424.00   1.1871e-02   8.3998e-04
 4425.95   1.3389e-02   9.5170e-04
 4427.90   1.5560e-02   1.1087e-03
 4429.85   1.6787e-02   1.1853e-03
 4431.80   1.6757e-02   1.1680e-03
 4433.75   2.1129e-02   1.4727e-03
 4435.70   1.5831e-02   1.0946e-03
 4437.65   4.9061e-03   3.3466e-04
 4439.60   7.9044e-03   5.3946e-04
 4441.55   1.5042e-02   1.0349e-03
 4443.50   1.9160e-02   1.3282e-03
 4445.45   1.6632e-02   1.1475e-03
 4447.40   1.3292e-02   9.0753e-04
 4449.35   8.0261e-03   5.4022e-04
 4451.30   6.1471e-03   4.0735e-04
 4453.25   8.6209e-03   5.7108e-04
 4455.20   1.4484e-02   9.6655e-04
 4457.15   9.7551e-03   6.4188e-04
 4459.10   1.1840e-02   7.8149e-04
 4461.05   1.5594e-02   1.0353e-03
 4463.00   1.7686e-02   1.1844e-03
 4464.95   1.3666e-02   9.1073e-04
 4466.90   1.0181e-02   6.6893e-04
 4468.85   1.4409e-02   9.4955e-04
 4470.80   1.1584e-02   7.5498e-04
 4472.75   1.0646e-02   6.9639e-04
 4474.70   1.1839e-02   7.7923e-04
 4476.65   1.5015e-02   9.9562e-04
 4478.60   1.0916e-02   7.1492e-04
 4480.55   4.9540e-03   3.1725e-04
 4482.50   5.4191e-03   3.5109e-04
 4484.45   9.8067e-03   6.4952e-04
 4486.40   1.0462e-02   6.9354e-04
 4488.35   8.3879e-03   5.5067e-04
 4490.30   9.8123e-03   6.4570e-04
 4492.25   1.0626e-02   7.0851e-04
 4494.20   1.9488e-02   1.3308e-03
 4496.15   1.4445e-02   9.7386e-04
 4498.10   1.1579e-02   7.7517e-04
 4500.05   1.1192e-02   7.4680e-04
 4502.00   1.0334e-02   6.8574e-04
 4503.95   1.1886e-02   7.9287e-04
 4505.90   9.9258e-03   6.5904e-04
 4507.85   9.3298e-03   6.1904e-04
 4509.80   1.2584e-02   8.4124e-04
 4511.75   8.5514e-03   5.6352e-04
 4513.70   8.3700e-03   5.5175e-04
 4515.65   1.0326e-02   6.8259e-04
 4517.60   1.2532e-02   8.3578e-04
 4519.55   9.6815e-03   6.4047e-04
 4521.50   1.3038e-02   8.7623e-04
 4523.45   1.5860e-02   1.0800e-03
 4525.40   1.5285e-02   1.0389e-03
 4527.35   1.5729e-02   1.0787e-03
 4529.30   1.2525e-02   8.6149e-04
 4531.25   8.0310e-03   5.4935e-04
 4533.20   7.4471e-03   5.1102e-04
 4535.15   1.7950e-02   1.2580e-03
 4537.10   1.6870e-02   1.1732e-03
 4539.05   1.2783e-02   8.7977e-04
 4541.00   1.6225e-02   1.1301e-03
 4542.95   1.3409e-02   9.3220e-04
 4544.90   8.7325e-03   6.0151e-04
 4546.85   1.2894e-02   8.9372e-04
 4548.80   1.2793e-02   8.7976e-04
 4550.75   4.9905e-03   3.3653e-04
 4552.70   1.2392e-02   8.4187e-04
 4554.65   1.8956e-02   1.3000e-03
 4556.60   1.2702e-02   8.5688e-04
 4558.55   1.0560e-02   7.0550e-04
 4560.50   1.3981e-02   9.3535e-04
 4562.45   1.5650e-02   1.0525e-03
 4564.40   1.4722e-02   9.8387e-04
 4566.35   1.1048e-02   7.2633e-04
 4568.30   1.5351e-02   1.0173e-03
 4570.25   8.5784e-03   5.5991e-04
 4572.20   8.9851e-03   5.8768e-04
 4574.15   1.0840e-02   7.1034e-04
 4576.10   1.2491e-02   8.2753e-04
 4578.05   1.8919e-03   1.2387e-04
 4580.00   5.0115e-03   3.3339e-04
 4581.95   6.1079e-03   4.0722e-04
 4583.90   5.0850e-03   3.3801e-04
 4585.85   6.9975e-03   4.6576e-04
 4587.80   5.3071e-03   3.4755e-04
 4589.75   8.5718e-04   5.5086e-05
 4591.70   1.5991e-03   1.0314e-04
 4593.65   1.0281e-02   6.7351e-04
 4595.60   1.7689e-02   1.1674e-03
 4597.55   1.3112e-02   8.6068e-04
 4599.50   8.9759e-03   5.7848e-04
 4601.45   1.5374e-02   9.9949e-04
 4603.40   1.0494e-02   6.7373e-04
 4605.35   1.0625e-02   6.9053e-04
 4607.30   1.5352e-02   1.0058e-03
 4609.25   1.3161e-02   8.5634e-04
 4611.20   1.2885e-02   8.4120e-04
 4613.15   1.0204e-02   6.5583e-04
 4615.10   1.0542e-02   6.7234e-04
 4617.05   9.8268e-03   6.2504e-04
 4619.00   5.7427e-03   3.6180e-04
 4620.95   1.1117e-02   7.1139e-04
 4622.90   8.3172e-03   5.3250e-04
 4624.85   1.0082e-02   6.4672e-04
 4626.80   1.2216e-02   7.8180e-04
 4628.75   1.3823e-02   8.8798e-04
 4630.70   1.4045e-02   9.0248e-04
 4632.65   1.7111e-02   1.1121e-03
 4634.60   1.2129e-02   7.7284e-04
 4636.55   1.9594e-02   1.2672e-03
 4638.50   1.8832e-02   1.2127e-03
 4640.45   1.4101e-02   8.9831e-04
 4642.40   1.3605e-02   8.6482e-04
 4644.35   1.3560e-02   8.6176e-04
 4646.30   1.1550e-02   7.2484e-04
 4648.25   4.5677e-03   2.8229e-04
 4650.20   6.1368e-03   3.8325e-04
 4652.15   1.1719e-02   7.4543e-04
 4654.10   7.9961e-03   5.1330e-04
 4656.05   7.8986e-03   5.1469e-04
 4658.00   9.7717e-03   6.4590e-04
 4659.95   1.6085e-02   1.0839e-03
 4661.90   1.1593e-02   7.7832e-04
 4663.85   1.5943e-02   1.0779e-03
 4665.80   1.2297e-02   8.2269e-04
 4667.75   1.2794e-02   8.6175e-04
 4669.70   1.7703e-02   1.2044e-03
 4671.65   1.8040e-02   1.2314e-03
 4673.60   1.3912e-02   9.4054e-04
 4675.55   1.5182e-02   1.0199e-03
 4677.50   1.3187e-02   8.7659e-04
 4679.45   1.2552e-02   8.3422e-04
 4681.40   1.4853e-02   9.9090e-04
 4683.35   1.7353e-02   1.1538e-03
 4685.30   1.2389e-02   8.1579e-04
 4687.25   2.1567e-02   1.4422e-03
 4689.20   1.7452e-02   1.1500e-03
 4691.15   1.4001e-02   9.1452e-04
 4693.10   1.9515e-02   1.2866e-03
 4695.05   1.3790e-02   8.9523e-04
 4697.00   1.0409e-02   6.6269e-04
 4698.95   1.3500e-02   8.5822e-04
 4700.90   2.1521e-02   1.4053e-03
 4702.85   1.5229e-02   9.8198e-04
 4704.80   1.2358e-02   7.9203e-04
 4706.75   4.2700e-03   2.6832e-04
 4708.70   5.8039e-03   3.6828e-04
 4710.65   1.3144e-02   8.4910e-04
 4712.60   9.7804e-03   6.2628e-04
 4714.55   1.1252e-02   7.2150e-04
 4716.50   1.3091e-02   8.4344e-04
 4718.45   1.3984e-02   8.9923e-04
 4720.40   1.9826e-02   1.2868e-03
 4722.35   1.4657e-02   9.4146e-04
 4724.30   1.3524e-02   8.6442e-04
 4726.25   1.7928e-02   1.1650e-03
 4728.20   1.9980e-02   1.3051e-03
 4730.15   1.9617e-02   1.2807e-03
 4732.10   1.5823e-02   1.0271e-03
 4734.05   1.7151e-02   1.1129e-03
 4736.00   1.7859e-02   1.1678e-03
 4737.95   1.5782e-02   1.0363e-03
 4739.90   1.3158e-02   8.5871e-04
 4741.85   1.7466e-02   1.1561e-03
 4743.80   1.5657e-02   1.0329e-03
 4745.75   1.1376e-02   7.3150e-04
 4747.70   1.0506e-02   6.6203e-04
 4749.65   4.1969e-03   2.6089e-04
 4751.60   6.2534e-03   3.9162e-04
 4753.55   5.3512e-03   3.3205e-04
 4755.50   1.0477e-02   6.5759e-04
 4757.45   1.1140e-02   6.9734e-04
 4759.40   1.1801e-02   7.3779e-04
 4761.35   2.1734e-02   1.3869e-03
 4763.30   1.8028e-02   1.1317e-03
 4765.25   1.0514e-02   6.4727e-04
 4767.20   1.3883e-02   8.6215e-04
 4769.15   1.8409e-02   1.1585e-03
 4771.10   1.8382e-02   1.1513e-03
 4773.05   1.8778e-02   1.1754e-03
 4775.00   1.8661e-02   1.1807e-03
 4776.95   1.9851e-02   1.2649e-03
 4778.90   2.0959e-02   1.3456e-03
 4780.85   1.8387e-02   1.1717e-03
 4782.80   2.1235e-02   1.3455e-03
 4784.75   2.5935e-02   1.6583e-03
 4786.70   2.2124e-02   1.4076e-03
 4788.65   1.8901e-02   1.1971e-03
 4790.60   2.0704e-02   1.3196e-03
 4792.55   2.1402e-02   1.3701e-03
 4794.50   2.3365e-02   1.5024e-03
 4796.45   2.1596e-02   1.3787e-03
 4798.40   1.8119e-02   1.1453e-03
 4800.35   1.9691e-02   1.2495e-03
 4802.30   2.3727e-02   1.5236e-03
 4804.25   2.1265e-02   1.3640e-03
 4806.20   1.5561e-02   9.8405e-04
 4808.15   2.0087e-02   1.2759e-03
 4810.10   2.1010e-02   1.3363e-03
 4812.05   2.0959e-02   1.3413e-03
 4814.00   2.4483e-02   1.5974e-03
 4815.95   2.3755e-02   1.5638e-03
 4817.90   2.7835e-02   1.8646e-03
 4819.85   2.8745e-02   1.9429e-03
 4821.80   2.4336e-02   1.6346e-03
 4823.75   2.2730e-02   1.5285e-03
 4825.70   1.5593e-02   1.0341e-03
 4827.65   1.7055e-02   1.1289e-03
 4829.60   2.2491e-02   1.5095e-03
 4831.55   2.2966e-02   1.5453e-03
 4833.50   2.2923e-02   1.5477e-03
 4835.45   2.3716e-02   1.6130e-03
 4837.40   2.1326e-02   1.4397e-03
 4839.35   2.2831e-02   1.5402e-03
 4841.30   2.4528e-02   1.6572e-03
 4843.25   1.5201e-02   9.9714e-04
 4845.20   1.7803e-02   1.1643e-03
 4847.15   2.3308e-02   1.5386e-03
 4849.10   2.5235e-02   1.6678e-03
 4851.05   1.7018e-02   1.1004e-03
 4853.00   2.0836e-02   1.3553e-03
 4854.95   2.1373e-02   1.3821e-03
 4856.90   2.5515e-02   1.6529e-03
 4858.85   2.3040e-02   1.4709e-03
 4860.80   1.7915e-02   1.1303e-03
 4862.75   1.7009e-02   1.0763e-03
 4864.70   2.1245e-02   1.3600e-03
 4866.65   1.9643e-02   1.2576e-03
 4868.60   2.3454e-02   1.5230e-03
 4870.55   2.2118e-02   1.4236e-03
 4872.50   1.7227e-02   1.0952e-03
 4874.45   2.3133e-02   1.4842e-03
 4876.40   2.0305e-02   1.3024e-03
 4878.35   2.0270e-02   1.3171e-03
 4880.30   2.2608e-02   1.4860e-03
 4882.25   2.2934e-02   1.5124e-03
 4884.20   2.5651e-02   1.6923e-03
 4886.15   2.6116e-02   1.7142e-03
 4888.10   2.6596e-02   1.7516e-03
 4890.05   2.6050e-02   1.7101e-03
 4892.00   2.6534e-02   1.7377e-03
 4893.95   2.4199e-02   1.5724e-03
 4895.90   2.0670e-02   1.3342e-03
 4897.85   2.1938e-02   1.4076e-03
 4899.80   1.8352e-02   1.1638e-03
 4901.75   1.1670e-02   7.2738e-04
 4903.70   1.8180e-02   1.1479e-03
 4905.65   1.8713e-02   1.1815e-03
 4907.60   1.8720e-02   1.1859e-03
 4909.55   1.8464e-02   1.1674e-03
 4911.50   1.8105e-02   1.1430e-03
 4913.45   1.4834e-02   9.3043e-04
 4915.40   2.1584e-02   1.3696e-03
 4917.35   1.8780e-02   1.1801e-03
 4919.30   2.3191e-02   1.4655e-03
 4921.25   2.2947e-02   1.4528e-03
 4923.20   1.8545e-02   1.1597e-03
 4925.15   2.3867e-02   1.5115e-03
 4927.10   3.0100e-02   1.9210e-03
 4929.05   2.6615e-02   1.6864e-03
 4931.00   2.1535e-02   1.3550e-03
 4932.95   1.5904e-02   9.8958e-04
 4934.90   2.3521e-02   1.4839e-03
 4936.85   2.5695e-02   1.6307e-03
 4938.80   2.5037e-02   1.5901e-03
 4940.75   2.3976e-02   1.5162e-03
 4942.70   1.7342e-02   1.0745e-03
 4944.65   1.3419e-02   8.2155e-04
 4946.60   1.9422e-02   1.2126e-03
 4948.55   2.1548e-02   1.3543e-03
 4950.50   2.1131e-02   1.3355e-03
 4952.45   2.2337e-02   1.4095e-03
 4954.40   2.7138e-02   1.7252e-03
 4956.35   2.1406e-02   1.3461e-03
 4958.30   1.6407e-02   1.0160e-03
 4960.25   1.3087e-02   8.0768e-04
 4962.20   1.5156e-02   9.4701e-04
 4964.15   2.1403e-02   1.3648e-03
 4966.10   2.0588e-02   1.3197e-03
 4968.05   1.5157e-02   9.6428e-04
 4970.00   1.8885e-02   1.2243e-03
 4971.95   2.0217e-02   1.3168e-03
 4973.90   2.0676e-02   1.3593e-03
 4975.85   1.8601e-02   1.2367e-03
 4977.80   1.8055e-02   1.2102e-03
 4979.75   2.4995e-02   1.7190e-03
 4981.70   2.6857e-02   1.8578e-03
 4983.65   2.2899e-02   1.5705e-03
 4985.60   3.0476e-02   2.1062e-03
 4987.55   3.1229e-02   2.1414e-03
 4989.50   2.3706e-02   1.5954e-03
 4991.45   1.9126e-02   1.2680e-03
 4993.40   1.9101e-02   1.2558e-03
 4995.35   2.3471e-02   1.5407e-03
 4997.30   1.9400e-02   1.2516e-03
 4999.25   1.6551e-02   1.0517e-03
 5001.20   2.3153e-02   1.4862e-03
 5003.15   1.8810e-02   1.1975e-03
 5005.10   2.0294e-02   1.2927e-03
 5007.05   2.2729e-02   1.4387e-03
 5009.00   2.2594e-02   1.4273e-03
 5010.95   2.5509e-02   1.6241e-03
 5012.90   2.4349e-02   1.5440e-03
 5014.85   2.6115e-02   1.6538e-03
 5016.80   2.1128e-02   1.3287e-03
 5018.75   2.0539e-02   1.2958e-03
 5020.70   1.7454e-02   1.0883e-03
 5022.65   1.7665e-02   1.0954e-03
 5024.60   1.2384e-02   7.5707e-04
 5026.55   1.6232e-02   9.9854e-04
 5028.50   2.0126e-02   1.2529e-03
 5030.45   1.4038e-02   8.6862e-04
 5032.40   1.9412e-02   1.2100e-03
 5034.35   2.3483e-02   1.4678e-03
 5036.30   1.9205e-02   1.1823e-03
 5038.25   2.0178e-02   1.2423e-03
 5040.20   2.3068e-02   1.4279e-03
 5042.15   2.1222e-02   1.3061e-03
 5044.10   2.0068e-02   1.2339e-03
 5046.05   2.2690e-02   1.4120e-03
 5048.00   1.9029e-02   1.1699e-03
 5049.95   2.3525e-02   1.4540e-03
 5051.90   2.4867e-02   1.5424e-03
 5053.85   1.7634e-02   1.0809e-03
 5055.80   1.6704e-02   1.0234e-03
 5057.75   1.7155e-02   1.0479e-03
 5059.70   2.1420e-02   1.3240e-03
 5061.65   2.0746e-02   1.2881e-03
 5063.60   1.8627e-02   1.1502e-03
 5065.55   1.9987e-02   1.2403e-03
 5067.50   2.3623e-02   1.4808e-03
 5069.45   2.8001e-02   1.7704e-03
 5071.40   2.5471e-02   1.6045e-03
 5073.35   2.0010e-02   1.2449e-03
 5075.30   1.9955e-02   1.2318e-03
 5077.25   2.2175e-02   1.3798e-03
 5079.20   2.4669e-02   1.5601e-03
 5081.15   2.3768e-02   1.5223e-03
 5083.10   2.1238e-02   1.3782e-03
 5085.05   1.8762e-02   1.2173e-03
 5087.00   1.8943e-02   1.2209e-03
 5088.95   1.8494e-02   1.1785e-03
 5090.90   1.9006e-02   1.1927e-03
 5092.85   1.8107e-02   1.1236e-03
 5094.80   1.6056e-02   9.9122e-04
 5096.75   1.8814e-02   1.1701e-03
 5098.70   2.3458e-02   1.4826e-03
 5100.65   2.6262e-02   1.6727e-03
 5102.60   2.2261e-02   1.3982e-03
 5104.55   2.0083e-02   1.2477e-03
 5106.50   2.4193e-02   1.5105e-03
 5108.45   2.3115e-02   1.4377e-03
 5110.40   1.6202e-02   9.9185e-04
 5112.35   1.4405e-02   8.7987e-04
 5114.30   1.7659e-02   1.0866e-03
 5116.25   1.8151e-02   1.1167e-03
 5118.20   2.0359e-02   1.2615e-03
 5120.15   2.2343e-02   1.3894e-03
 5122.10   1.8760e-02   1.1509e-03
 5124.05   2.2868e-02   1.4114e-03
 5126.00   2.6137e-02   1.6193e-03
 5127.95   1.8832e-02   1.1569e-03
 5129.90   1.9088e-02   1.1866e-03
 5131.85   2.1179e-02   1.3277e-03
 5133.80   1.4664e-02   9.1287e-04
 5135.75   1.6692e-02   1.0527e-03
 5137.70   2.5467e-02   1.6400e-03
 5139.65   2.4938e-02   1.6046e-03
 5141.60   1.9592e-02   1.2479e-03
 5143.55   2.2969e-02   1.4730e-03
 5145.50   2.4240e-02   1.5619e-03
 5147.45   1.9598e-02   1.2593e-03
 5149.40   2.1724e-02   1.4124e-03
 5151.35   2.0338e-02   1.3245e-03
 5153.30   1.9319e-02   1.2563e-03
 5155.25   1.6237e-02   1.0467e-03
 5157.20   1.2362e-02   7.8815e-04
 5159.15   1.2949e-02   8.2143e-04
 5161.10   1.4471e-02   9.1220e-04
 5163.05   1.6998e-02   1.0698e-03
 5165.00   2.1822e-02   1.3783e-03
 5166.95   2.4164e-02   1.5248e-03
 5168.90   2.7095e-02   1.7162e-03
 5170.85   2.3761e-02   1.4920e-03
 5172.80   2.2269e-02   1.3936e-03
 5174.75   2.2157e-02   1.3841e-03
 5176.70   1.6438e-02   1.0161e-03
 5178.65   1.8584e-02   1.1595e-03
 5180.60   2.3780e-02   1.4898e-03
 5182.55   2.2796e-02   1.4189e-03
 5184.50   2.5333e-02   1.5888e-03
 5186.45   2.6987e-02   1.7096e-03
 5188.40   2.4807e-02   1.5777e-03
 5190.35   2.3944e-02   1.5228e-03
 5192.30   2.2909e-02   1.4527e-03
 5194.25   2.0092e-02   1.2645e-03
 5196.20   1.4984e-02   9.3732e-04
 5198.15   2.2894e-02   1.4737e-03
 5200.10   3.1114e-02   2.0553e-03
 5202.05   2.5969e-02   1.6917e-03
 5204.00   2.0722e-02   1.3203e-03
 5205.95   2.1870e-02   1.3885e-03
 5207.90   2.4988e-02   1.5934e-03
 5209.85   2.2816e-02   1.4482e-03
 5211.80   2.0629e-02   1.3042e-03
 5213.75   2.0909e-02   1.3269e-03
 5215.70   2.0425e-02   1.2928e-03
 5217.65   2.0347e-02   1.2920e-03
 5219.60   2.6063e-02   1.6875e-03
 5221.55   2.4156e-02   1.5673e-03
 5223.50   1.9723e-02   1.2719e-03
 5225.45   1.8761e-02   1.2022e-03
 5227.40   2.0923e-02   1.3340e-03
 5229.35   2.6606e-02   1.7046e-03
 5231.30   2.4080e-02   1.5389e-03
 5233.25   1.6114e-02   1.0125e-03
 5235.20   1.8227e-02   1.1509e-03
 5237.15   2.4054e-02   1.5464e-03
 5239.10   2.2569e-02   1.4585e-03
 5241.05   2.0909e-02   1.3483e-03
 5243.00   2.0170e-02   1.2846e-03
 5244.95   2.6044e-02   1.6644e-03
 5246.90   2.2238e-02   1.4060e-03
 5248.85   2.1592e-02   1.3599e-03
 5250.80   2.4167e-02   1.5391e-03
 5252.75   1.9689e-02   1.2480e-03
 5254.70   1.8831e-02   1.1987e-03
 5256.65   2.1056e-02   1.3585e-03
 5258.60   2.6347e-02   1.7156e-03
 5260.55   2.6392e-02   1.6943e-03
 5262.50   2.1984e-02   1.3810e-03
 5264.45   2.3855e-02   1.5037e-03
 5266.40   2.2625e-02   1.4190e-03
 5268.35   1.7207e-02   1.0609e-03
 5270.30   1.9666e-02   1.2279e-03
 5272.25   1.9942e-02   1.2553e-03
 5274.20   2.1255e-02   1.3522e-03
 5276.15   2.2685e-02   1.4540e-03
 5278.10   1.9623e-02   1.2407e-03
 5280.05   2.0853e-02   1.3080e-03
 5282.00   2.5990e-02   1.6500e-03
 5283.95   2.3330e-02   1.4766e-03
 5285.90   2.1806e-02   1.3782e-03
 5287.85   2.7887e-02   1.7970e-03
 5289.80   2.6453e-02   1.7023e-03
 5291.75   2.4855e-02   1.5899e-03
 5293.70   2.4056e-02   1.5347e-03
 5295.65   2.4113e-02   1.5427e-03
 5297.60   2.5961e-02   1.6772e-03
 5299.55   1.9956e-02   1.2791e-03
 5301.50   1.9795e-02   1.2682e-03
 5303.45   2.6595e-02   1.7359e-03
 5305.40   2.6640e-02   1.7409e-03
 5307.35   2.6909e-02   1.7599e-03
 5309.30   2.9392e-02   1.9334e-03
 5311.25   2.4697e-02   1.6053e-03
 5313.20   2.2502e-02   1.4571e-03
 5315.15   2.6099e-02   1.7178e-03
 5317.10   2.7155e-02   1.7941e-03
 5319.05   2.2584e-02   1.4753e-03
 5321.00   1.9247e-02   1.2476e-03
 5322.95   2.2342e-02   1.4560e-03
 5324.90   2.3906e-02   1.5678e-03
 5326.85   2.4489e-02   1.6111e-03
 5328.80   2.6873e-02   1.7802e-03
 5330.75   2.2678e-02   1.4930e-03
 5332.70   2.1553e-02   1.4188e-03
 5334.65   2.4100e-02   1.5884e-03
 5336.60   2.7213e-02   1.7976e-03
 5338.55   2.7459e-02   1.8227e-03
 5340.50   2.4653e-02   1.6331e-03
 5342.45   2.8464e-02   1.8941e-03
 5344.40   2.5407e-02   1.6737e-03
 5346.35   1.8863e-02   1.2305e-03
 5348.30   2.4058e-02   1.5983e-03
 5350.25   2.2979e-02   1.5217e-03
 5352.20   1.9241e-02   1.2654e-03
 5354.15   2.4003e-02   1.5946e-03
 5356.10   2.6329e-02   1.7604e-03
 5358.05   2.7308e-02   1.8306e-03
 5360.00   3.3615e-02   2.2566e-03
 5361.95   3.1260e-02   2.0682e-03
 5363.90   2.5578e-02   1.6695e-03
 5365.85   2.7685e-02   1.8271e-03
 5367.80   2.7107e-02   1.8011e-03
 5369.75   2.0955e-02   1.3733e-03
 5371.70   2.3702e-02   1.5593e-03
 5373.65   2.3004e-02   1.5212e-03
 5375.60   2.6155e-02   1.7453e-03
 5377.55   3.2434e-02   2.1849e-03
 5379.50   2.8465e-02   1.9007e-03
 5381.45   2.5927e-02   1.7091e-03
 5383.40   2.7732e-02   1.8295e-03
 5385.35   3.1162e-02   2.0752e-03
 5387.30   3.1069e-02   2.0763e-03
 5389.25   3.1904e-02   2.1407e-03
 5391.20   3.1627e-02   2.1262e-03
 5393.15   2.5167e-02   1.6790e-03
 5395.10   2.3598e-02   1.5679e-03
 5397.05   2.8947e-02   1.9367e-03
 5399.00   2.6851e-02   1.7854e-03
 5400.95   2.1097e-02   1.3859e-03
 5402.90   2.3371e-02   1.5432e-03
 5404.85   2.6378e-02   1.7530e-03
 5406.80   3.0453e-02   2.0529e-03
 5408.75   2.9968e-02   2.0239e-03
 5410.70   3.2029e-02   2.1720e-03
 5412.65   2.8707e-02   1.9546e-03
 5414.60   2.4248e-02   1.6563e-03
 5416.55   2.3584e-02   1.6134e-03
 5418.50   2.7665e-02   1.9143e-03
 5420.45   3.0079e-02   2.0890e-03
 5422.40   2.7317e-02   1.8818e-03
 5424.35   2.8689e-02   1.9743e-03
 5426.30   2.6298e-02   1.7955e-03
 5428.25   2.4348e-02   1.6531e-03
 5430.20   2.4451e-02   1.6542e-03
 5432.15   3.1831e-02   2.1906e-03
 5434.10   3.2996e-02   2.2875e-03
 5436.05   2.3900e-02   1.6273e-03
 5438.00   2.6489e-02   1.8136e-03
 5439.95   3.2630e-02   2.2689e-03
 5441.90   3.0169e-02   2.0904e-03
 5443.85   2.8599e-02   1.9698e-03
 5445.80   2.6071e-02   1.7881e-03
 5447.75   2.5630e-02   1.7586e-03
 5449.70   2.8988e-02   2.0049e-03
 5451.65   2.4821e-02   1.7119e-03
 5453.60   2.2461e-02   1.5403e-03
 5455.55   3.0017e-02   2.1245e-03
 5457.50   2.9050e-02   2.1755e-03
 5459.45   3.0615e-02   2.4494e-03
 5461.40   3.4310e-02   2.8302e-03
 5463.35   2.9004e-02   2.3162e-03
 5465.30   2.8524e-02   2.1455e-03
 5467.25   3.0543e-02   2.1930e-03
 5469.20   3.1267e-02   2.1910e-03
 5471.15   3.4071e-02   2.3776e-03
 5473.10   3.0143e-02   2.0871e-03
 5475.05   2.8022e-02   1.9345e-03
 5477.00   3.4467e-02   2.3980e-03
 5478.95   3.4060e-02   2.3641e-03
 5480.90   2.5093e-02   1.7259e-03
 5482.85   2.5074e-02   1.7327e-03
 5484.80   2.9548e-02   2.0532e-03
 5486.75   2.8257e-02   1.9489e-03
 5488.70   2.7820e-02   1.9092e-03
 5490.65   3.0066e-02   2.0586e-03
 5492.60   3.1744e-02   2.1796e-03
 5494.55   2.8611e-02   1.9565e-03
 5496.50   2.7057e-02   1.8471e-03
 5498.45   3.1114e-02   2.1434e-03
 5500.40   3.2281e-02   2.2300e-03
 5502.35   3.3214e-02   2.3024e-03
 5504.30   3.0963e-02   2.1352e-03
 5506.25   2.8132e-02   1.9210e-03
 5508.20   3.0490e-02   2.0921e-03
 5510.15   3.1796e-02   2.1984e-03
 5512.10   3.5187e-02   2.4564e-03
 5514.05   3.6904e-02   2.5922e-03
 5516.00   3.7205e-02   2.6112e-03
 5517.95   3.5238e-02   2.4553e-03
 5519.90   3.6433e-02   2.5502e-03
 5521.85   3.5290e-02   2.4762e-03
 5523.80   2.7301e-02   1.8825e-03
 5525.75   2.8279e-02   1.9422e-03
 5527.70   3.4314e-02   2.3786e-03
 5529.65   3.3612e-02   2.3110e-03
 5531.60   2.7273e-02   1.8491e-03
 5533.55   2.6031e-02   1.7632e-03
 5535.50   3.1761e-02   2.1766e-03
 5537.45   3.2596e-02   2.2429e-03
 5539.40   3.1594e-02   2.1742e-03
 5541.35   2.8996e-02   2.0027e-03
 5543.30   3.0515e-02   2.1318e-03
 5545.25   3.6389e-02   2.5725e-03
 5547.20   3.7102e-02   2.6131e-03
 5549.15   3.5259e-02   2.4705e-03
 5551.10   3.0169e-02   2.0944e-03
 5553.05   2.5344e-02   1.7311e-03
 5555.00   2.5896e-02   1.7722e-03
 5556.95   3.0372e-02   2.1005e-03
 5558.90   2.8131e-02   1.9398e-03
 5560.85   2.2190e-02   1.5266e-03
 5562.80   2.5938e-02   1.8134e-03
 5564.75   2.8740e-02   2.0393e-03
 5566.70   2.9850e-02   2.1140e-03
 5568.65   2.8501e-02   2.0325e-03
 5570.60   2.8740e-02   2.3066e-03
 5572.55   2.8262e-02   3.1069e-03
 5574.50   2.7930e-02   4.1012e-03
 5576.45   2.8361e-02   4.8948e-03
 5578.40   2.8081e-02   4.9804e-03
 5580.35   2.7802e-02   4.4489e-03
 5582.30   2.7522e-02   3.5344e-03
 5584.25   2.7242e-02   2.6227e-03
 5586.20   2.6962e-02   2.0501e-03
 5588.15   2.6682e-02   1.8870e-03
 5590.10   2.8262e-02   1.9768e-03
 5592.05   2.3728e-02   1.6381e-03
 5594.00   2.7784e-02   1.9208e-03
 5595.95   3.4330e-02   2.3958e-03
 5597.90   3.1367e-02   2.1808e-03
 5599.85   2.6733e-02   1.8454e-03
 5601.80   3.1063e-02   2.1580e-03
 5603.75   3.2107e-02   2.2548e-03
 5605.70   2.7839e-02   1.9561e-03
 5607.65   2.6941e-02   1.8746e-03
 5609.60   2.9941e-02   2.0714e-03
 5611.55   3.1656e-02   2.1922e-03
 5613.50   2.8064e-02   1.9323e-03
 5615.45   2.8972e-02   1.9974e-03
 5617.40   3.4138e-02   2.3717e-03
 5619.35   3.4307e-02   2.3852e-03
 5621.30   3.3838e-02   2.3678e-03
 5623.25   2.7772e-02   1.9389e-03
 5625.20   2.2743e-02   1.5695e-03
 5627.15   2.5002e-02   1.7156e-03
 5629.10   2.5752e-02   1.7586e-03
 5631.05   2.6721e-02   1.8218e-03
 5633.00   2.8667e-02   1.9577e-03
 5634.95   2.9282e-02   2.0090e-03
 5636.90   2.6087e-02   1.7855e-03
 5638.85   2.9427e-02   2.0271e-03
 5640.80   3.5487e-02   2.4761e-03
 5642.75   2.7789e-02   1.9187e-03
 5644.70   2.3307e-02   1.6044e-03
 5646.65   3.1478e-02   2.2021e-03
 5648.60   3.2170e-02   2.2460e-03
 5650.55   2.5904e-02   1.7845e-03
 5652.50   2.6208e-02   1.8047e-03
 5654.45   2.8549e-02   1.9798e-03
 5656.40   2.9251e-02   2.0361e-03
 5658.35   3.0720e-02   2.1471e-03
 5660.30   3.0752e-02   2.1500e-03
 5662.25   2.4732e-02   1.7113e-03
 5664.20   1.9951e-02   1.3780e-03
 5666.15   2.0631e-02   1.4413e-03
 5668.10   2.4543e-02   1.7452e-03
 5670.05   2.8842e-02   2.0887e-03
 5672.00   3.2419e-02   2.3787e-03
 5673.95   3.3889e-02   2.4952e-03
 5675.90   2.9610e-02   2.1624e-03
 5677.85   2.4365e-02   1.7733e-03
 5679.80   2.5479e-02   1.8887e-03
 5681.75   2.7489e-02   2.0969e-03
 5683.70   3.4528e-02   2.7189e-03
 5685.65   4.1344e-02   3.3333e-03
 5687.60   3.1704e-02   2.5659e-03
 5689.55   2.2248e-02   1.7901e-03
 5691.50   2.4405e-02   1.9458e-03
 5693.45   2.9880e-02   2.3442e-03
 5695.40   2.5029e-02   1.9073e-03
 5697.35   2.0865e-02   1.5548e-03
 5699.30   2.4113e-02   1.7804e-03
 5701.25   2.4614e-02   1.8033e-03
 5703.20   2.8551e-02   2.0819e-03
 5705.15   3.0211e-02   2.1805e-03
 5707.10   2.3165e-02   1.6450e-03
 5709.05   2.3642e-02   1.6837e-03
 5711.00   3.0799e-02   2.2224e-03
 5712.95   3.0080e-02   2.1697e-03
 5714.90   2.4440e-02   1.7403e-03
 5716.85   2.2131e-02   1.5608e-03
 5718.80   2.4533e-02   1.7342e-03
 5720.75   2.7029e-02   1.9145e-03
 5722.70   2.7002e-02   1.9177e-03
 5724.65   2.6583e-02   1.8848e-03
 5726.60   2.3489e-02   1.6458e-03
 5728.55   2.4524e-02   1.7123e-03
 5730.50   2.8481e-02   2.0015e-03
 5732.45   2.7636e-02   1.9444e-03
 5734.40   2.6472e-02   1.8540e-03
 5736.35   2.4705e-02   1.7227e-03
 5738.30   2.4574e-02   1.7125e-03
 5740.25   2.5512e-02   1.7753e-03
 5742.20   2.4496e-02   1.7002e-03
 5744.15   2.7794e-02   1.9447e-03
 5746.10   3.0991e-02   2.1829e-03
 5748.05   2.8792e-02   2.0172e-03
 5750.00   2.5091e-02   1.7372e-03
 5751.95   2.6078e-02   1.8098e-03
 5753.90   3.1470e-02   2.2172e-03
 5755.85   3.4510e-02   2.4412e-03
 5757.80   3.1266e-02   2.1979e-03
 5759.75   2.9649e-02   2.0829e-03
 5761.70   2.2049e-02   1.5336e-03
 5763.65   1.7048e-02   1.1820e-03
 5765.60   2.9634e-02   2.1299e-03
 5767.55   3.5683e-02   2.6349e-03
 5769.50   2.9274e-02   2.1634e-03
 5771.45   3.2426e-02   2.3956e-03
 5773.40   3.0788e-02   2.2350e-03
 5775.35   3.1804e-02   2.2803e-03
 5777.30   3.9270e-02   2.8231e-03
 5779.25   3.6954e-02   2.6345e-03
 5781.20   2.8152e-02   1.9837e-03
 5783.15   2.7090e-02   1.9090e-03
 5785.10   3.5012e-02   2.5076e-03
 5787.05   2.9730e-02   2.1407e-03
 5789.00   2.5939e-02   1.8897e-03
 5790.95   2.8835e-02   2.1364e-03
 5792.90   2.7506e-02   2.0257e-03
 5794.85   3.1289e-02   2.2803e-03
 5796.80   3.2707e-02   2.3641e-03
 5798.75   2.9052e-02   2.0731e-03
 5800.70   2.9776e-02   2.1229e-03
 5802.65   2.6478e-02   1.8857e-03
 5804.60   2.6691e-02   1.9088e-03
 5806.55   3.0248e-02   2.1785e-03
 5808.50   2.9652e-02   2.1331e-03
 5810.45   2.8269e-02   2.0258e-03
 5812.40   2.4956e-02   1.7742e-03
 5814.35   2.6389e-02   1.8832e-03
 5816.30   2.5768e-02   1.8481e-03
 5818.25   2.0899e-02   1.4912e-03
 5820.20   2.0571e-02   1.4690e-03
 5822.15   2.6954e-02   1.9436e-03
 5824.10   2.7729e-02   2.0060e-03
 5826.05   2.0841e-02   1.4995e-03
 5828.00   1.6579e-02   1.1847e-03
 5829.95   2.4020e-02   1.7318e-03
 5831.90   2.5366e-02   1.8349e-03
 5833.85   2.1932e-02   1.5876e-03
 5835.80   2.4727e-02   1.8025e-03
 5837.75   3.3319e-02   2.4502e-03
 5839.70   3.1846e-02   2.3385e-03
 5841.65   2.4779e-02   1.8085e-03
 5843.60   2.2984e-02   1.6775e-03
 5845.55   2.8424e-02   2.0972e-03
 5847.50   2.7189e-02   2.0062e-03
 5849.45   2.3303e-02   1.7113e-03
 5851.40   2.6640e-02   1.9683e-03
 5853.35   2.3067e-02   1.6999e-03
 5855.30   1.9078e-02   1.3986e-03
 5857.25   2.2912e-02   1.6901e-03
 5859.20   2.5944e-02   1.9245e-03
 5861.15   3.0266e-02   2.2819e-03
 5863.10   3.5159e-02   2.7037e-03
 5865.05   3.1583e-02   2.4652e-03
 5867.00   2.8825e-02   2.2797e-03
 5868.95   2.4995e-02   1.9667e-03
 5870.90   2.2458e-02   1.7389e-03
 5872.85   2.6540e-02   2.0348e-03
 5874.80   2.2658e-02   1.7124e-03
 5876.75   2.7353e-02   2.0641e-03
 5878.70   3.0285e-02   2.2716e-03
 5880.65   2.0461e-02   1.5053e-03
 5882.60   1.5970e-02   1.1869e-03
 5884.55   1.1361e-02   8.9655e-04
 5886.50   1.0709e-02   9.8776e-04
 5888.45   2.6598e-02   2.8433e-03
 5890.40   3.7927e-02   4.3022e-03
 5892.35   2.2947e-02   2.5500e-03
 5894.30   1.3679e-02   1.4643e-03
 5896.25   2.7770e-02   2.9103e-03
 5898.20   2.9506e-02   2.9073e-03
 5900.15   2.8052e-02   2.4794e-03
 5902.10   3.0897e-02   2.4716e-03
 5904.05   3.3743e-02   2.5869e-03
 5906.00   3.4733e-02   2.6633e-03
 5907.95   3.4541e-02   2.6445e-03
 5909.90   3.3815e-02   2.5860e-03
 5911.85   3.0170e-02   2.3234e-03
 5913.80   3.6983e-02   2.9213e-03
 5915.75   3.4033e-02   2.6981e-03
 5917.70   2.1312e-02   1.6516e-03
 5919.65   2.3880e-02   1.8310e-03
 5921.60   3.2689e-02   2.5352e-03
 5923.55   3.3003e-02   2.5832e-03
 5925.50   3.5799e-02   2.8207e-03
 5927.45   3.4109e-02   2.6927e-03
 5929.40   2.8120e-02   2.2214e-03
 5931.35   2.8313e-02   2.2582e-03
 5933.30   2.7759e-02   2.2251e-03
 5935.25   2.8677e-02   2.2905e-03
 5937.20   2.9113e-02   2.2838e-03
 5939.15   3.0071e-02   2.3273e-03
 5941.10   3.0080e-02   2.3132e-03
 5943.05   3.3176e-02   2.5639e-03
 5945.00   3.3205e-02   2.5854e-03
 5946.95   2.9679e-02   2.3095e-03
 5948.90   2.2233e-02   1.7132e-03
 5950.85   2.2597e-02   1.7610e-03
 5952.80   2.0617e-02   1.6259e-03
 5954.75   2.3177e-02   1.8324e-03
 5956.70   2.8848e-02   2.2647e-03
 5958.65   2.6152e-02   2.0130e-03
 5960.60   2.8970e-02   2.2194e-03
 5962.55   3.2795e-02   2.5312e-03
 5964.50   2.8191e-02   2.1691e-03
 5966.45   2.4664e-02   1.8899e-03
 5968.40   2.4535e-02   1.8838e-03
 5970.35   2.5180e-02   1.9407e-03
 5972.30   3.1226e-02   2.4321e-03
 5974.25   3.3840e-02   2.6527e-03
 5976.20   2.5990e-02   2.0215e-03
 5978.15   2.6315e-02   2.0541e-03
 5980.10   2.6342e-02   2.0451e-03
 5982.05   1.8499e-02   1.4023e-03
 5984.00   2.6914e-02   2.0512e-03
 5985.95   2.7867e-02   2.1194e-03
 5987.90   2.4237e-02   1.8294e-03
 5989.85   2.0276e-02   1.5257e-03
 5991.80   2.1915e-02   1.6504e-03
 5993.75   2.8419e-02   2.1573e-03
 5995.70   2.3613e-02   1.7912e-03
 5997.65   2.7986e-02   2.1400e-03
 5999.60   3.1974e-02   2.4537e-03
 6001.55   2.5849e-02   1.9704e-03
 6003.50   1.7203e-02   1.2969e-03
 6005.45   1.9316e-02   1.4552e-03
 6007.40   2.6483e-02   1.9997e-03
 6009.35   2.7120e-02   2.0341e-03
 6011.30   2.9322e-02   2.1908e-03
 6013.25   2.9753e-02   2.2217e-03
 6015.20   2.8887e-02   2.1550e-03
 6017.15   2.8473e-02   2.1223e-03
 6019.10   3.1132e-02   2.3295e-03
 6021.05   3.4269e-02   2.5826e-03
 6023.00   3.2582e-02   2.4404e-03
 6024.95   2.7554e-02   2.0396e-03
 6026.90   2.2772e-02   1.6764e-03
 6028.85   1.9079e-02   1.4012e-03
 6030.80   1.7447e-02   1.2784e-03
 6032.75   2.8609e-02   2.1260e-03
 6034.70   3.3062e-02   2.4836e-03
 6036.65   2.9597e-02   2.2098e-03
 6038.60   2.4128e-02   1.7688e-03
 6040.55   2.2045e-02   1.6027e-03
 6042.50   2.5831e-02   1.8922e-03
 6044.45   2.6628e-02   1.9478e-03
 6046.40   2.9893e-02   2.1929e-03
 6048.35   2.7883e-02   2.0384e-03
 6050.30   2.3770e-02   1.7239e-03
 6052.25   2.4762e-02   1.7979e-03
 6054.20   2.7576e-02   2.0134e-03
 6056.15   2.8126e-02   2.0478e-03
 6058.10   3.1174e-02   2.2793e-03
 6060.05   2.6916e-02   1.9604e-03
 6062.00   2.5710e-02   1.8731e-03
 6063.95   2.5879e-02   1.8883e-03
 6065.90   2.1219e-02   1.5336e-03
 6067.85   2.6334e-02   1.9202e-03
 6069.80   2.5485e-02   1.8535e-03
 6071.75   1.8951e-02   1.3521e-03
 6073.70   2.5470e-02   1.8341e-03
 6075.65   2.5472e-02   1.8287e-03
 6077.60   2.6170e-02   1.8782e-03
 6079.55   2.7289e-02   1.9649e-03
 6081.50   2.8763e-02   2.0722e-03
 6083.45   2.9458e-02   2.1318e-03
 6085.40   2.5094e-02   1.8147e-03
 6087.35   2.8988e-02   2.0947e-03
 6089.30   3.1313e-02   2.2746e-03
 6091.25   2.5465e-02   1.8370e-03
 6093.20   2.9177e-02   2.1191e-03
 6095.15   1.9861e-02   1.4246e-03
 6097.10   2.2381e-02   1.6159e-03
 6099.05   2.6889e-02   1.9626e-03
 6101.00   2.6456e-02   1.9322e-03
 6102.95   2.4481e-02   1.7858e-03
 6104.90   2.7995e-02   2.0715e-03
 6106.85   2.4882e-02   1.8492e-03
 6108.80   2.5540e-02   1.9272e-03
 6110.75   3.3650e-02   2.5902e-03
 6112.70   3.0349e-02   2.3342e-03
 6114.65   2.5652e-02   1.9554e-03
 6116.60   2.3977e-02   1.8117e-03
 6118.55   2.7418e-02   2.0559e-03
 6120.50   3.0219e-02   2.2416e-03
 6122.45   3.5327e-02   2.6177e-03
 6124.40   3.3331e-02   2.4461e-03
 6126.35   2.5983e-02   1.8770e-03
 6128.30   2.8757e-02   2.0841e-03
 6130.25   2.7039e-02   1.9418e-03
 6132.20   2.3931e-02   1.7077e-03
 6134.15   2.4266e-02   1.7415e-03
 6136.10   2.3827e-02   1.7131e-03
 6138.05   2.4616e-02   1.7754e-03
 6140.00   2.7821e-02   2.0314e-03
 6141.95   2.5913e-02   1.8937e-03
 6143.90   2.3166e-02   1.6763e-03
 6145.85   2.8167e-02   2.0480e-03
 6147.80   2.5038e-02   1.7966e-03
 6149.75   1.6931e-02   1.1875e-03
 6151.70   1.8955e-02   1.3475e-03
 6153.65   2.6803e-02   1.9441e-03
 6155.60   2.7395e-02   1.9889e-03
 6157.55   2.8496e-02   2.0750e-03
 6159.50   2.8556e-02   2.0950e-03
 6161.45   2.9532e-02   2.1760e-03
 6163.40   2.2743e-02   1.6359e-03
 6165.35   2.1001e-02   1.4861e-03
 6167.30   2.0293e-02   1.4255e-03
 6169.25   2.6716e-02   1.9040e-03
 6171.20   3.2094e-02   2.3216e-03
 6173.15   2.7863e-02   1.9836e-03
 6175.10   2.9575e-02   2.0910e-03
 6177.05   2.4653e-02   1.7148e-03
 6179.00   2.4256e-02   1.6787e-03
 6180.95   2.3847e-02   1.6453e-03
 6182.90   2.0854e-02   1.4251e-03
 6184.85   1.9516e-02   1.3308e-03
 6186.80   2.3624e-02   1.6221e-03
 6188.75   2.1703e-02   1.4882e-03
 6190.70   2.2026e-02   1.5090e-03
 6192.65   2.2853e-02   1.5643e-03
 6194.60   1.9537e-02   1.3282e-03
 6196.55   2.0848e-02   1.4136e-03
 6198.50   2.4837e-02   1.7052e-03
 6200.45   2.3682e-02   1.6434e-03
 6202.40   1.7983e-02   1.2401e-03
 6204.35   1.8945e-02   1.3005e-03
 6206.30   1.8510e-02   1.2655e-03
 6208.25   2.9012e-02   2.0053e-03
 6210.20   3.3972e-02   2.3700e-03
 6212.15   2.8545e-02   1.9821e-03
 6214.10   2.2963e-02   1.5740e-03
 6216.05   2.2908e-02   1.5615e-03
 6218.00   2.6737e-02   1.8526e-03
 6219.95   2.6082e-02   1.8301e-03
 6221.90   2.5875e-02   1.8242e-03
 6223.85   3.2534e-02   2.2923e-03
 6225.80   3.0435e-02   2.1112e-03
 6227.75   2.2159e-02   1.5085e-03
 6229.70   2.2211e-02   1.5215e-03
 6231.65   2.3043e-02   1.6290e-03
 6233.60   2.2470e-02   1.6695e-03
 6235.55   2.2521e-02   1.7417e-03
 6237.50   2.4977e-02   1.9441e-03
 6239.45   3.3936e-02   2.6074e-03
 6241.40   3.6368e-02   2.7268e-03
 6243.35   3.3227e-02   2.4346e-03
 6245.30   2.9092e-02   2.0879e-03
 6247.25   3.1502e-02   2.2273e-03
 6249.20   3.1646e-02   2.2216e-03
 6251.15   2.6373e-02   1.8315e-03
 6253.10   2.6153e-02   1.8223e-03
 6255.05   3.0221e-02   2.1957e-03
 6257.00   3.1728e-02   2.4092e-03
 6258.95   2.6750e-02   2.0511e-03
 6260.90   2.4623e-02   1.8485e-03
 6262.85   2.4534e-02   1.7904e-03
 6264.80   2.2624e-02   1.6275e-03
 6266.75   2.8347e-02   2.0469e-03
 6268.70   3.1104e-02   2.2382e-03
 6270.65   3.1258e-02   2.2274e-03
 6272.60   2.5839e-02   1.8092e-03
 6274.55   2.5648e-02   1.8096e-03
 6276.50   2.9633e-02   2.1163e-03
 6278.45   2.9318e-02   2.0901e-03
 6280.40   2.3040e-02   1.6271e-03
 6282.35   2.0978e-02   1.4745e-03
 6284.30   2.9164e-02   2.1161e-03
 6286.25   3.6215e-02   2.7461e-03
 6288.20   2.4594e-02   1.8675e-03
 6290.15   1.9014e-02   1.3954e-03
 6292.10   2.9419e-02   2.1053e-03
 6294.05   2.6998e-02   1.9212e-03
 6296.00   2.5265e-02   1.8947e-03
 6297.95   3.4079e-02   2.8461e-03
 6299.90   3.1803e-02   2.8169e-03
 6301.85   2.4492e-02   2.1281e-03
 6303.80   3.1757e-02   2.6431e-03
 6305.75   3.3120e-02   2.6707e-03
 6307.70   2.5973e-02   2.0479e-03
 6309.65   2.2992e-02   1.7377e-03
 6311.60   2.8981e-02   2.1110e-03
 6313.55   3.3763e-02   2.4066e-03
 6315.50   3.5459e-02   2.4897e-03
 6317.45   2.6800e-02   1.8719e-03
 6319.40   2.2724e-02   1.6210e-03
 6321.35   2.8616e-02   2.0853e-03
 6323.30   2.5977e-02   1.8754e-03
 6325.25   2.7101e-02   1.9597e-03
 6327.20   3.5116e-02   2.6211e-03
 6329.15   3.4030e-02   2.6055e-03
 6331.10   3.3770e-02   2.5923e-03
 6333.05   3.1881e-02   2.3582e-03
 6335.00   3.5715e-02   2.5608e-03
 6336.95   3.3196e-02   2.3005e-03
 6338.90   3.4223e-02   2.3669e-03
 6340.85   3.8132e-02   2.6713e-03
 6342.80   3.9892e-02   2.8166e-03
 6344.75   3.2832e-02   2.3211e-03
 6346.70   2.9295e-02   2.0754e-03
 6348.65   2.9608e-02   2.0885e-03
 6350.60   3.0015e-02   2.1102e-03
 6352.55   3.6528e-02   2.5989e-03
 6354.50   3.5278e-02   2.5504e-03
 6356.45   2.7613e-02   2.0056e-03
 6358.40   3.2781e-02   2.3859e-03
 6360.35   3.4382e-02   2.5164e-03
 6362.30   2.9622e-02   2.2046e-03
 6364.25   2.7358e-02   2.0546e-03
 6366.20   2.2089e-02   1.6095e-03
 6368.15   2.4865e-02   1.7381e-03
 6370.10   2.9611e-02   2.0249e-03
 6372.05   2.8286e-02   1.9128e-03
 6374.00   2.6036e-02   1.7462e-03
 6375.95   2.7361e-02   1.8476e-03
 6377.90   2.9407e-02   2.0186e-03
 6379.85   3.1471e-02   2.1927e-03
 6381.80   3.1243e-02   2.1794e-03
 6383.75   3.9146e-02   2.7691e-03
 6385.70   4.1753e-02   3.0037e-03
 6387.65   3.0058e-02   2.1286e-03
 6389.60   2.6947e-02   1.8593e-03
 6391.55   2.6596e-02   1.8004e-03
 6393.50   2.5158e-02   1.6854e-03
 6395.45   2.6684e-02   1.8013e-03
 6397.40   2.3116e-02   1.5055e-03
 6399.35   2.2753e-02   1.4771e-03
 6401.30   2.9887e-02   2.0064e-03
 6403.25   3.5811e-02   2.4340e-03
 6405.20   3.1490e-02   2.1151e-03
 6407.15   3.0107e-02   2.0093e-03
 6409.10   3.0718e-02   2.0509e-03
 6411.05   3.0735e-02   2.0677e-03
 6413.00   2.1850e-02   1.4665e-03
 6414.95   2.8908e-02   1.9733e-03
 6416.90   2.8043e-02   1.9077e-03
 6418.85   2.1550e-02   1.4545e-03
 6420.80   2.9541e-02   2.0231e-03
 6422.75   2.8056e-02   1.9080e-03
 6424.70   2.9026e-02   1.9682e-03
 6426.65   2.7499e-02   1.8434e-03
 6428.60   2.4101e-02   1.5932e-03
 6430.55   2.6778e-02   1.7773e-03
 6432.50   3.3601e-02   2.2617e-03
 6434.45   3.2786e-02   2.2015e-03
 6436.40   2.3696e-02   1.5554e-03
 6438.35   2.7073e-02   1.7915e-03
 6440.30   3.1705e-02   2.1140e-03
 6442.25   3.0414e-02   2.0190e-03
 6444.20   2.9998e-02   1.9966e-03
 6446.15   2.6938e-02   1.7855e-03
 6448.10   3.2456e-02   2.1771e-03
 6450.05   3.5241e-02   2.3740e-03
 6452.00   3.0346e-02   2.0373e-03
 6453.95   3.1071e-02   2.1066e-03
 6455.90   3.0335e-02   2.0449e-03
 6457.85   2.8531e-02   1.9176e-03
 6459.80   2.9085e-02   1.9713e-03
 6461.75   2.5335e-02   1.7301e-03
 6463.70   2.5455e-02   1.7969e-03
 6465.65   2.4059e-02   1.7222e-03
 6467.60   3.1291e-02   2.2672e-03
 6469.55   2.8506e-02   2.0529e-03
 6471.50   2.3636e-02   1.6744e-03
 6473.45   3.2876e-02   2.3083e-03
 6475.40   2.9878e-02   2.0316e-03
 6477.35   3.3111e-02   2.2438e-03
 6479.30   3.0196e-02   2.0175e-03
 6481.25   2.3533e-02   1.5411e-03
 6483.20   2.5843e-02   1.6877e-03
 6485.15   2.6282e-02   1.7019e-03
 6487.10   3.0990e-02   2.0264e-03
 6489.05   3.3191e-02   2.1807e-03
 6491.00   3.0443e-02   1.9817e-03
 6492.95   3.1046e-02   2.0378e-03
 6494.90   3.4851e-02   2.3708e-03
 6496.85   2.8963e-02   2.0481e-03
 6498.80   2.9310e-02   2.1538e-03
 6500.75   3.3211e-02   2.4358e-03
 6502.70   2.0905e-02   1.4581e-03
 6504.65   2.3808e-02   1.6399e-03
 6506.60   3.3155e-02   2.2916e-03
 6508.55   3.3257e-02   2.2502e-03
 6510.50   2.9087e-02   1.9170e-03
 6512.45   2.6605e-02   1.7393e-03
 6514.40   2.9187e-02   1.9279e-03
 6516.35   2.8777e-02   1.9016e-03
 6518.30   3.1359e-02   2.0686e-03
 6520.25   2.7894e-02   1.8445e-03
 6522.20   2.5815e-02   1.7275e-03
 6524.15   3.1251e-02   2.1228e-03
 6526.10   3.1797e-02   2.1335e-03
 6528.05   3.6041e-02   2.4190e-03
 6530.00   3.5088e-02   2.4032e-03
 6531.95   3.8240e-02   2.7326e-03
 6533.90   3.6243e-02   2.6295e-03
 6535.85   2.1213e-02   1.4685e-03
 6537.80   2.2427e-02   1.4893e-03
 6539.75   2.5355e-02   1.6661e-03
 6541.70   2.8568e-02   1.9282e-03
 6543.65   2.7738e-02   1.8982e-03
 6545.60   3.2937e-02   2.2594e-03
 6547.55   2.9227e-02   1.9596e-03
 6549.50   2.7108e-02   1.8095e-03
 6551.45   3.6271e-02   2.5515e-03
 6553.40   3.0942e-02   2.2441e-03
 6555.35   2.1549e-02   1.5341e-03
 6557.30   2.5213e-02   1.7318e-03
 6559.25   3.3106e-02   2.2253e-03
 6561.20   3.0840e-02   2.0587e-03
 6563.15   2.7680e-02   1.8459e-03
 6565.10   2.6932e-02   1.7910e-03
 6567.05   3.5515e-02   2.4121e-03
 6569.00   3.8733e-02   2.6648e-03
 6570.95   3.0440e-02   2.0600e-03
 6572.90   2.6714e-02   1.7882e-03
 6574.85   2.7501e-02   1.8860e-03
 6576.80   3.4023e-02   2.4395e-03
 6578.75   2.8366e-02   2.0125e-03
 6580.70   2.4018e-02   1.6363e-03
 6582.65   2.9540e-02   1.9676e-03
 6584.60   3.3131e-02   2.1984e-03
 6586.55   3.1588e-02   2.0690e-03
 6588.50   3.3539e-02   2.2066e-03
 6590.45   3.2969e-02   2.1649e-03
 6592.40   3.1255e-02   2.0475e-03
 6594.35   3.4732e-02   2.3181e-03
 6596.30   3.0274e-02   2.0239e-03
 6598.25   2.6234e-02   1.7352e-03
 6600.20   2.5094e-02   1.6569e-03
 6602.15   2.6877e-02   1.7969e-03
 6604.10   2.8978e-02   1.9734e-03
 6606.05   3.0066e-02   2.0370e-03
 6608.00   3.1774e-02   2.1054e-03
 6609.95   2.5384e-02   1.6358e-03
 6611.90   3.5224e-02   2.3043e-03
 6613.85   3.4879e-02   2.2684e-03
 6615.80   3.0669e-02   1.9678e-03
 6617.75   3.0573e-02   1.9592e-03
 6619.70   3.2263e-02   2.0774e-03
 6621.65   2.8305e-02   1.8117e-03
 6623.60   2.8883e-02   1.8546e-03
 6625.55   3.3765e-02   2.2061e-03
 6627.50   2.8842e-02   1.8822e-03
 6629.45   2.8486e-02   1.8610e-03
 6631.40   2.9742e-02   1.9439e-03
 6633.35   3.2529e-02   2.1661e-03
 6635.30   3.0509e-02   2.0320e-03
 6637.25   1.6942e-02   1.0886e-03
 6639.20   1.9284e-02   1.2297e-03
 6641.15   2.4791e-02   1.5765e-03
 6643.10   2.5673e-02   1.6355e-03
 6645.05   3.2891e-02   2.1188e-03
 6647.00   3.1314e-02   2.0012e-03
 6648.95   2.4336e-02   1.5309e-03
 6650.90   3.1330e-02   2.0144e-03
 6652.85   3.2802e-02   2.1196e-03
 6654.80   2.3701e-02   1.4932e-03
 6656.75   2.3614e-02   1.4804e-03
 6658.70   3.5970e-02   2.3257e-03
 6660.65   3.5965e-02   2.3391e-03
 6662.60   3.4066e-02   2.2068e-03
 6664.55   3.1718e-02   2.0537e-03
 6666.50   3.4078e-02   2.2308e-03
 6668.45   2.4257e-02   1.5475e-03
 6670.40   2.4674e-02   1.5661e-03
 6672.35   2.8648e-02   1.8238e-03
 6674.30   2.7700e-02   1.7531e-03
 6676.25   2.5368e-02   1.5908e-03
 6678.20   2.7192e-02   1.7162e-03
 6680.15   2.6289e-02   1.6447e-03
 6682.10   2.6261e-02   1.6472e-03
 6684.05   2.8658e-02   1.8104e-03
 6686.00   2.1553e-02   1.3385e-03
 6687.95   3.3477e-02   2.1340e-03
 6689.90   2.7418e-02   1.7118e-03
 6691.85   2.7804e-02   1.7314e-03
 6693.80   3.4412e-02   2.1855e-03
 6695.75   3.2354e-02   2.0652e-03
 6697.70   2.6770e-02   1.6993e-03
 6699.65   2.9128e-02   1.8632e-03
 6701.60   2.6635e-02   1.7027e-03
 6703.55   2.3339e-02   1.4776e-03
 6705.50   2.8376e-02   1.8139e-03
 6707.45   3.0231e-02   1.9439e-03
 6709.40   2.9935e-02   1.9264e-03
 6711.35   3.1607e-02   2.0267e-03
 6713.30   3.5258e-02   2.2674e-03
 6715.25   3.6509e-02   2.3500e-03
 6717.20   3.8272e-02   2.4627e-03
 6719.15   2.8920e-02   1.8207e-03
 6721.10   2.6192e-02   1.6403e-03
 6723.05   2.8552e-02   1.7795e-03
 6725.00   3.0867e-02   1.9481e-03
 6726.95   3.4505e-02   2.1857e-03
 6728.90   2.2930e-02   1.4222e-03
 6730.85   2.3209e-02   1.4414e-03
 6732.80   2.9125e-02   1.8338e-03
 6734.75   2.6824e-02   1.6830e-03
 6736.70   2.4480e-02   1.5437e-03
 6738.65   2.6805e-02   1.7077e-03
 6740.60   1.9083e-02   1.1981e-03
 6742.55   2.7000e-02   1.7260e-03
 6744.50   2.3455e-02   1.4751e-03
 6746.45   1.8749e-02   1.1644e-03
 6748.40   3.0011e-02   1.9096e-03
 6750.35   2.7429e-02   1.7293e-03
 6752.30   2.7903e-02   1.7526e-03
 6754.25   3.2216e-02   2.0385e-03
 6756.20   3.0125e-02   1.9001e-03
 6758.15   3.1456e-02   1.9964e-03
 6760.10   2.7587e-02   1.7183e-03
 6762.05   2.6450e-02   1.6391e-03
 6764.00   3.1229e-02   1.9561e-03
 6765.95   2.5029e-02   1.5448e-03
 6767.90   2.8189e-02   1.7605e-03
 6769.85   2.0176e-02   1.2302e-03
 6771.80   3.6953e-02   2.3423e-03
 6773.75   2.9086e-02   1.8095e-03
 6775.70   2.5271e-02   1.5549e-03
 6777.65   3.0628e-02   1.9093e-03
 6779.60   2.9613e-02   1.8354e-03
 6781.55   2.5316e-02   1.5606e-03
 6783.50   3.2697e-02   2.0559e-03
 6785.45   3.0214e-02   1.8900e-03
 6787.40   2.3784e-02   1.4673e-03
 6789.35   2.1687e-02   1.3234e-03
 6791.30   2.0884e-02   1.2633e-03
 6793.25   2.1587e-02   1.3120e-03
 6795.20   2.7673e-02   1.6980e-03
 6797.15   3.2878e-02   2.0579e-03
 6799.10   2.8119e-02   1.7245e-03
 6801.05   3.2226e-02   1.9843e-03
 6803.00   3.6316e-02   2.2702e-03
 6804.95   3.1091e-02   1.9354e-03
 6806.90   3.0526e-02   1.8955e-03
 6808.85   2.3922e-02   1.4600e-03
 6810.80   3.1101e-02   1.9204e-03
 6812.75   3.6906e-02   2.3090e-03
 6814.70   3.3375e-02   2.0698e-03
 6816.65   3.4563e-02   2.1578e-03
 6818.60   2.8794e-02   1.7804e-03
 6820.55   3.5741e-02   2.2322e-03
 6822.50   2.8792e-02   1.7769e-03
 6824.45   2.9316e-02   1.8823e-03
 6826.40   2.8359e-02   1.9640e-03
 6828.35   3.0588e-02   2.2918e-03
 6830.30   2.5387e-02   1.9559e-03
 6832.25   2.0767e-02   1.5927e-03
 6834.20   1.7060e-02   1.2814e-03
 6836.15   1.6852e-02   1.2206e-03
 6838.10   2.2591e-02   1.5478e-03
 6840.05   2.0880e-02   1.3687e-03
 6842.00   2.5530e-02   1.6805e-03
 6843.95   2.8451e-02   1.8567e-03
 6845.90   3.1323e-02   2.0183e-03
 6847.85   2.5013e-02   1.5628e-03
 6849.80   2.6387e-02   1.6376e-03
 6851.75   2.8636e-02   1.7877e-03
 6853.70   3.2857e-02   2.0586e-03
 6855.65   3.1430e-02   1.9549e-03
 6857.60   3.3195e-02   2.0806e-03
 6859.55   3.3468e-02   2.2038e-03
 6861.50   3.1106e-02   2.2635e-03
 6863.45   3.4918e-02   2.7522e-03
 6865.40   4.1259e-02   3.3127e-03
 6867.35   3.0918e-02   2.3370e-03
 6869.30   2.1510e-02   1.5272e-03
 6871.25   2.9368e-02   2.0699e-03
 6873.20   4.3291e-02   3.0322e-03
 6875.15   2.7429e-02   1.8260e-03
 6877.10  -1.3416e-02  -8.3418e-04
 6879.05   2.0379e-02   1.3320e-03
 6881.00   3.6722e-02   2.4397e-03
 6882.95   3.0638e-02   2.0008e-03
 6884.90   2.5444e-02   1.6576e-03
 6886.85   2.1236e-02   1.4078e-03
 6888.80   2.3758e-02   1.6241e-03
 6890.75   2.0495e-02   1.3977e-03
 6892.70   3.3077e-02   2.2361e-03
 6894.65   3.4997e-02   2.2890e-03
 6896.60   2.8223e-02   1.8186e-03
 6898.55   1.9100e-02   1.2496e-03
 6900.50   2.8589e-02   1.9426e-03
 6902.45   3.3710e-02   2.3079e-03
 6904.40   3.1233e-02   2.0857e-03
 6906.35   2.7073e-02   1.7489e-03
 6908.30   2.7848e-02   1.7843e-03
 6910.25   1.9061e-02   1.2660e-03
 6912.20   2.4396e-02   1.7102e-03
 6914.15   3.8383e-02   2.7311e-03
 6916.10   3.0461e-02   2.0429e-03
 6918.05   1.8897e-02   1.1957e-03
 6920.00   2.3161e-02   1.5303e-03
 6921.95   2.4971e-02   1.7939e-03
 6923.90   2.4815e-02   1.8480e-03
 6925.85   3.0013e-02   2.1702e-03
 6927.80   3.9606e-02   2.6951e-03
 6929.75   3.2559e-02   2.0726e-03
 6931.70   3.3388e-02   2.1295e-03
 6933.65   3.5541e-02   2.2720e-03
 6935.60   2.8644e-02   1.8162e-03
 6937.55   2.4326e-02   1.6108e-03
 6939.50   3.0772e-02   2.1535e-03
 6941.45   3.8991e-02   2.7503e-03
 6943.40   3.3939e-02   2.2731e-03
 6945.35   2.6388e-02   1.7469e-03
 6947.30   2.6041e-02   1.8444e-03
 6949.25   2.9941e-02   2.2533e-03
 6951.20   3.3190e-02   2.4713e-03
 6953.15   3.1441e-02   2.1612e-03
 6955.10   3.0545e-02   1.9831e-03
 6957.05   2.5208e-02   1.5988e-03
 6959.00   2.4989e-02   1.5886e-03
 6960.95   3.2375e-02   2.0760e-03
 6962.90   3.4267e-02   2.1768e-03
 6964.85   3.0826e-02   1.9476e-03
 6966.80   3.3852e-02   2.1964e-03
 6968.75   4.0524e-02   2.7422e-03
 6970.70   2.8370e-02   1.9048e-03
 6972.65   2.6635e-02   1.7554e-03
 6974.60   2.6913e-02   1.7665e-03
 6976.55   2.7743e-02   1.9143e-03
 6978.50   2.5203e-02   1.7990e-03
 6980.45   2.8132e-02   1.9897e-03
 6982.40   3.0436e-02   2.0647e-03
 6984.35   2.7863e-02   1.8022e-03
 6986.30   2.9180e-02   1.8653e-03
 6988.25   2.4286e-02   1.5256e-03
 6990.20   2.0489e-02   1.2785e-03
 6992.15   2.8267e-02   1.8034e-03
 6994.10   2.9060e-02   1.8440e-03
 6996.05   2.5590e-02   1.6118e-03
 6998.00   2.5264e-02   1.5978e-03
 6999.95   2.4190e-02   1.5454e-03
 7001.90   2.9517e-02   1.9401e-03
 7003.85   2.8983e-02   1.9109e-03
 7005.80   2.9199e-02   1.9241e-03
 7007.75   2.8096e-02   1.8589e-03
 7009.70   2.7884e-02   1.8780e-03
 7011.65   3.2922e-02   2.2583e-03
 7013.60   3.5648e-02   2.4048e-03
 7015.55   3.4469e-02   2.2524e-03
 7017.50   2.9687e-02   1.8721e-03
 7019.45   2.8330e-02   1.7545e-03
 7021.40   2.8956e-02   1.8049e-03
 7023.35   3.2751e-02   2.0661e-03
 7025.30   3.1490e-02   1.9899e-03
 7027.25   2.8940e-02   1.8315e-03
 7029.20   2.8380e-02   1.7874e-03
 7031.15   2.9322e-02   1.8368e-03
 7033.10   3.1046e-02   1.9518e-03
 7035.05   2.8320e-02   1.7599e-03
 7037.00   2.6876e-02   1.6553e-03
 7038.95   2.5333e-02   1.5818e-03
 7040.90   2.8121e-02   1.8138e-03
 7042.85   3.2274e-02   2.1165e-03
 7044.80   2.6181e-02   1.7162e-03
 7046.75   2.1535e-02   1.4486e-03
 7048.70   2.6455e-02   1.8298e-03
 7050.65   2.4454e-02   1.6714e-03
 7052.60   1.6378e-02   1.0752e-03
 7054.55   1.9532e-02   1.2520e-03
 7056.50   2.6952e-02   1.7387e-03
 7058.45   2.7982e-02   1.8106e-03
 7060.40   2.6983e-02   1.7413e-03
 7062.35   2.7524e-02   1.7874e-03
 7064.30   2.1047e-02   1.3525e-03
 7066.25   2.2174e-02   1.4433e-03
 7068.20   2.7472e-02   1.8162e-03
 7070.15   2.7283e-02   1.7832e-03
 7072.10   2.3082e-02   1.4797e-03
 7074.05   2.2462e-02   1.5008e-03
 7076.00   3.2961e-02   2.3188e-03
 7077.95   2.7427e-02   1.8171e-03
 7079.90   3.2017e-02   2.0874e-03
 7081.85   3.1827e-02   2.1260e-03
 7083.80   3.0300e-02   2.0264e-03
 7085.75   3.5360e-02   2.3982e-03
 7087.70   3.0539e-02   2.0508e-03
 7089.65   2.6297e-02   1.7506e-03
 7091.60   2.7156e-02   1.7916e-03
 7093.55   2.9532e-02   1.9369e-03
 7095.50   3.0617e-02   1.9993e-03
 7097.45   2.8597e-02   1.8405e-03
 7099.40   2.9458e-02   1.8818e-03
 7101.35   2.9890e-02   1.9344e-03
 7103.30   2.7958e-02   1.8194e-03
 7105.25   2.7472e-02   1.7870e-03
 7107.20   2.9601e-02   1.9331e-03
 7109.15   2.4687e-02   1.6076e-03
 7111.10   2.5526e-02   1.6757e-03
 7113.05   3.5963e-02   2.4011e-03
 7115.00   3.2786e-02   2.1690e-03
 7116.95   2.7745e-02   1.8206e-03
 7118.90   2.7460e-02   1.7973e-03
 7120.85   3.0024e-02   1.9697e-03
 7122.80   3.1348e-02   2.0628e-03
 7124.75   2.6735e-02   1.7482e-03
 7126.70   2.8912e-02   1.8962e-03
 7128.65   2.7181e-02   1.7794e-03
 7130.60   2.4012e-02   1.5521e-03
 7132.55   2.8315e-02   1.8250e-03
 7134.50   3.3779e-02   2.2000e-03
 7136.45   2.4952e-02   1.5847e-03
 7138.40   2.8270e-02   1.8139e-03
 7140.35   3.5449e-02   2.3612e-03
 7142.30   3.0026e-02   2.0325e-03
 7144.25   2.6765e-02   1.8276e-03
 7146.20   2.3057e-02   1.5725e-03
 7148.15   2.6038e-02   1.7742e-03
 7150.10   2.9019e-02   1.9589e-03
 7152.05   3.0525e-02   2.0536e-03
 7154.00   2.9788e-02   1.9784e-03
 7155.95   2.5994e-02   1.7198e-03
 7157.90   2.6701e-02   1.7960e-03
 7159.85   2.5524e-02   1.7197e-03
 7161.80   2.5940e-02   1.7481e-03
 7163.75   2.6083e-02   1.7727e-03
 7165.70   2.4903e-02   1.6974e-03
 7167.65   2.7659e-02   1.8980e-03
 7169.60   2.6711e-02   1.8307e-03
 7171.55   2.6701e-02   1.8214e-03
 7173.50   3.6146e-02   2.5163e-03
 7175.45   3.5326e-02   2.4636e-03
 7177.40   3.4654e-02   2.4231e-03
 7179.35   3.2363e-02   2.2298e-03
 7181.30   3.1080e-02   2.1323e-03
 7183.25   2.9328e-02   1.9993e-03
 7185.20   2.3240e-02   1.5694e-03
 7187.15   2.8902e-02   1.9567e-03
 7189.10   3.2264e-02   2.1700e-03
 7191.05   2.8034e-02   1.8690e-03
 7193.00   3.5143e-02   2.3728e-03
 7194.95   3.8020e-02   2.5939e-03
 7196.90   3.8394e-02   2.6432e-03
 7198.85   3.5952e-02   2.4860e-03
 7200.80   3.3227e-02   2.3214e-03
 7202.75   3.0528e-02   2.1085e-03
 7204.70   3.3218e-02   2.2930e-03
 7206.65   3.3799e-02   2.3287e-03
 7208.60   2.7852e-02   1.8682e-03
 7210.55   2.7337e-02   1.8267e-03
 7212.50   3.0474e-02   2.0420e-03
 7214.45   2.5269e-02   1.6518e-03
 7216.40   1.8402e-02   1.1811e-03
 7218.35   1.9911e-02   1.2923e-03
 7220.30   2.7067e-02   1.7773e-03
 7222.25   3.5313e-02   2.3751e-03
 7224.20   3.4321e-02   2.3506e-03
 7226.15   2.2177e-02   1.4850e-03
 7228.10   2.5944e-02   1.7301e-03
 7230.05   3.1052e-02   2.0942e-03
 7232.00   3.1042e-02   2.1013e-03
 7233.95   3.2104e-02   2.2628e-03
 7235.90   2.6571e-02   2.0672e-03
 7237.85   2.9996e-02   2.6644e-03
 7239.80   3.8957e-02   3.8254e-03
 7241.75   2.9970e-02   3.0700e-03
 7243.70   3.6639e-02   3.7787e-03
 7245.65   4.5610e-02   4.6043e-03
 7247.60   2.5273e-02   2.3514e-03
 7249.55   2.3967e-02   1.9951e-03
 7251.50   2.4825e-02   1.9640e-03
 7253.45   1.8549e-02   1.4776e-03
 7255.40   2.0706e-02   1.6444e-03
 7257.35   1.5575e-02   1.1603e-03
 7259.30   2.2085e-02   1.5671e-03
 7261.25   2.8450e-02   1.9839e-03
 7263.20   2.9783e-02   2.1012e-03
 7265.15   3.4304e-02   2.4774e-03
 7267.10   3.0543e-02   2.1796e-03
 7269.05   2.9929e-02   2.1293e-03
 7271.00   3.5375e-02   2.6074e-03
 7272.95   3.9773e-02   3.3208e-03
 7274.90   4.9473e-02   4.7866e-03
 7276.85   6.4562e-02   6.7038e-03
 7278.80   6.5810e-02   6.5714e-03
 7280.75   3.8518e-02   3.3909e-03
 7282.70   2.6236e-02   2.2164e-03
 7284.65   3.9281e-02   3.4393e-03
 7286.60   4.3200e-02   3.7105e-03
 7288.55   2.8042e-02   2.2163e-03
 7290.50   2.0577e-02   1.5221e-03
 7292.45   2.3845e-02   1.7661e-03
 7294.40   2.3912e-02   1.8218e-03
 7296.35   1.8252e-02   1.3846e-03
 7298.30   1.7932e-02   1.3243e-03
 7300.25   2.1711e-02   1.6065e-03
 7302.20   2.4663e-02   1.9449e-03
 7304.15   2.4236e-02   1.9963e-03
 7306.10   2.7117e-02   2.1708e-03
 7308.05   2.4687e-02   1.8272e-03
 7310.00   2.0513e-02   1.4482e-03
 7311.95   2.1625e-02   1.6043e-03
 7313.90   2.9840e-02   2.5490e-03
 7315.85   3.9412e-02   3.7381e-03
 7317.80   4.7111e-02   4.4713e-03
 7319.75   4.7948e-02   4.0936e-03
 7321.70   2.9488e-02   2.1424e-03
 7323.65   1.8957e-02   1.2755e-03
 7325.60   2.9965e-02   2.1840e-03
 7327.55   3.9323e-02   3.2133e-03
 7329.50   3.4754e-02   3.0009e-03
 7331.45   2.5705e-02   2.1631e-03
 7333.40   2.5373e-02   1.9591e-03
 7335.35   2.2257e-02   1.6154e-03
 7337.30   1.3359e-02   1.0577e-03
 7339.25   1.2354e-02   1.1507e-03
 7341.20   1.5355e-02   1.5548e-03
 7343.15   1.2652e-02   1.2209e-03
 7345.10   5.8075e-03   4.7720e-04
 7347.05   1.4506e-02   1.0437e-03
 7349.00   2.6900e-02   1.8913e-03
 7350.95   2.8923e-02   2.0355e-03
 7352.90   2.6943e-02   1.8804e-03
 7354.85   2.3797e-02   1.6979e-03
 7356.80   2.8114e-02   2.1850e-03
 7358.75   3.0272e-02   2.4994e-03
 7360.70   2.5755e-02   2.0950e-03
 7362.65   2.8222e-02   2.1548e-03
 7364.60   3.5935e-02   2.6993e-03
 7366.55   3.2161e-02   2.6618e-03
 7368.50   3.3274e-02   3.1181e-03
 7370.45   4.3431e-02   4.2259e-03
 7372.40   3.7199e-02   3.3247e-03
 7374.35   2.6217e-02   2.0092e-03
 7376.30   2.5561e-02   1.8028e-03
 7378.25   2.4254e-02   1.6884e-03
 7380.20   2.2155e-02   1.5311e-03
 7382.15   2.5103e-02   1.7398e-03
 7384.10   2.8621e-02   2.0022e-03
 7386.05   2.9256e-02   2.0573e-03
 7388.00   2.2710e-02   1.6173e-03
 7389.95   2.0824e-02   1.5782e-03
 7391.90   3.3275e-02   2.6949e-03
 7393.85   3.2026e-02   2.5587e-03
 7395.80   2.4038e-02   1.7802e-03
 7397.75   2.5445e-02   1.8563e-03
 7399.70   3.4203e-02   2.7961e-03
 7401.65   3.8663e-02   3.4364e-03
 7403.60   3.4689e-02   3.0440e-03
 7405.55   3.2178e-02   2.5610e-03
 7407.50   2.8114e-02   1.9868e-03
 7409.45   2.8557e-02   1.9615e-03
 7411.40   3.1553e-02   2.1932e-03
 7413.35   2.5036e-02   1.7256e-03
 7415.30   1.8158e-02   1.2239e-03
 7417.25   2.5635e-02   1.7335e-03
 7419.20   2.7250e-02   1.8302e-03
 7421.15   2.3782e-02   1.5903e-03
 7423.10   2.6363e-02   1.7869e-03
 7425.05   2.3639e-02   1.6027e-03
 7427.00   2.2493e-02   1.5884e-03
 7428.95   2.5653e-02   1.9218e-03
 7430.90   2.4411e-02   1.8501e-03
 7432.85   2.1726e-02   1.5853e-03
 7434.80   2.3494e-02   1.7144e-03
 7436.75   3.3296e-02   2.6417e-03
 7438.70   4.0620e-02   3.3924e-03
 7440.65   3.7174e-02   3.0193e-03
 7442.60   3.1597e-02   2.3688e-03
 7444.55   2.6799e-02   1.8703e-03
 7446.50   3.1627e-02   2.1808e-03
 7448.45   3.6509e-02   2.5419e-03
 7450.40   3.1155e-02   2.1595e-03
 7452.35   2.5257e-02   1.7242e-03
 7454.30   2.3262e-02   1.5780e-03
 7456.25   2.6921e-02   1.8448e-03
 7458.20   3.1858e-02   2.2264e-03
 7460.15   3.3569e-02   2.4105e-03
 7462.10   3.1611e-02   2.2992e-03
 7464.05   2.9595e-02   2.1919e-03
 7466.00   2.3914e-02   1.8004e-03
 7467.95   2.0878e-02   1.5821e-03
 7469.90   2.0532e-02   1.5880e-03
 7471.85   1.5811e-02   1.2565e-03
 7473.80   2.0549e-02   1.6598e-03
 7475.75   2.4682e-02   1.9730e-03
 7477.70   3.3498e-02   2.7137e-03
 7479.65   3.0671e-02   2.5575e-03
 7481.60   2.2398e-02   1.8882e-03
 7483.55   2.6474e-02   2.1996e-03
 7485.50   2.3405e-02   1.8507e-03
 7487.45   2.4170e-02   1.8151e-03
 7489.40   2.4860e-02   1.8001e-03
 7491.35   2.6059e-02   1.8971e-03
 7493.30   2.7250e-02   2.0136e-03
 7495.25   2.9974e-02   2.2024e-03
 7497.20   3.1848e-02   2.2937e-03
 7499.15   2.9014e-02   2.0475e-03
 7501.10   2.9883e-02   2.0986e-03
 7503.05   2.8482e-02   1.9824e-03
 7505.00   2.4652e-02   1.7060e-03
 7506.95   2.8629e-02   2.0054e-03
 7508.90   2.5363e-02   1.7499e-03
 7510.85   1.9139e-02   1.2975e-03
 7512.80   2.1088e-02   1.4504e-03
 7514.75   2.5352e-02   1.7941e-03
 7516.70   2.3432e-02   1.7032e-03
 7518.65   2.0525e-02   1.5219e-03
 7520.60   2.2809e-02   1.8201e-03
 7522.55   2.0975e-02   1.8607e-03
 7524.50   2.9189e-02   2.7358e-03
 7526.45   2.7009e-02   2.4173e-03
 7528.40   2.3362e-02   1.9120e-03
 7530.35   2.9148e-02   2.3172e-03
 7532.30   3.0797e-02   2.4103e-03
 7534.25   3.3420e-02   2.5193e-03
 7536.20   3.0195e-02   2.1820e-03
 7538.15   2.4211e-02   1.7298e-03
 7540.10   2.7770e-02   2.0213e-03
 7542.05   3.0113e-02   2.1960e-03
 7544.00   2.5904e-02   1.8415e-03
 7545.95   2.8320e-02   1.9856e-03
 7547.90   2.9361e-02   2.0487e-03
 7549.85   2.6341e-02   1.8426e-03
 7551.80   2.8269e-02   2.0028e-03
 7553.75   3.0060e-02   2.1650e-03
 7555.70   2.8842e-02   2.1468e-03
 7557.65   3.0805e-02   2.3536e-03
 7559.60   2.6092e-02   1.9433e-03
 7561.55   1.6075e-02   1.1362e-03
 7563.50   1.7162e-02   1.2182e-03
 7565.45   2.2344e-02   1.6294e-03
 7567.40   1.8856e-02   1.4132e-03
 7569.35   1.3234e-02   1.0604e-03
 7571.30   2.2701e-02   1.9711e-03
 7573.25   3.1180e-02   2.7214e-03
 7575.20   2.8070e-02   2.2602e-03
 7577.15   3.0068e-02   2.2217e-03
 7579.10   3.2972e-02   2.3446e-03
 7581.05   2.7882e-02   1.9506e-03
 7583.00   2.8227e-02   2.0436e-03
 7584.95   3.6262e-02   2.8021e-03
 7586.90   3.5648e-02   2.7962e-03
 7588.85   3.3632e-02   2.5396e-03
 7590.80   3.4091e-02   2.4585e-03
 7592.75   2.5114e-02   1.7728e-03
 7594.70   1.4289e-02   1.1027e-03
 7596.65   1.4019e-02   1.3164e-03
 7598.60   1.1733e-02   1.2116e-03
 7600.55   7.9084e-03   8.2753e-04
 7602.50   2.2854e-02   2.3984e-03
 7604.45   2.6299e-02   2.7104e-03
 7606.40   1.3232e-02   1.3327e-03
 7608.35   2.6699e-02   2.7372e-03
 7610.30   4.0806e-02   4.1599e-03
 7612.25   3.2864e-02   3.1255e-03
 7614.20   2.8295e-02   2.4954e-03
 7616.15   3.3874e-02   2.8919e-03
 7618.10   3.3233e-02   2.7727e-03
 7620.05   2.3805e-02   1.9562e-03
 7622.00   2.4649e-02   2.0637e-03
 7623.95   2.9577e-02   2.5293e-03
 7625.90   2.9142e-02   2.6065e-03
 7627.85   3.1370e-02   2.9851e-03
 7629.80   3.3502e-02   3.1800e-03
 7631.75   3.0111e-02   2.6758e-03
 7633.70   2.3683e-02   1.9686e-03
 7635.65   3.0904e-02   2.5508e-03
 7637.60   3.2257e-02   2.6547e-03
 7639.55   2.9709e-02   2.4474e-03
 7641.50   3.3994e-02   2.8591e-03
 7643.45   3.3755e-02   2.8314e-03
 7645.40   1.9625e-02   1.5804e-03
 7647.35   1.8314e-02   1.4645e-03
 7649.30   3.1101e-02   2.5713e-03
 7651.25   2.3967e-02   1.9782e-03
 7653.20   1.0547e-02   8.5264e-04
 7655.15   1.7359e-02   1.3926e-03
 7657.10   2.3908e-02   1.8911e-03
 7659.05   1.7325e-02   1.3751e-03
 7661.00   1.2283e-02   1.0082e-03
 7662.95   2.2189e-02   1.8432e-03
 7664.90   3.4350e-02   2.7516e-03
 7666.85   3.3939e-02   2.5341e-03
 7668.80   3.0499e-02   2.1796e-03
 7670.75   3.2790e-02   2.3514e-03
 7672.70   3.7345e-02   2.6972e-03
 7674.65   3.3996e-02   2.4149e-03
 7676.60   2.8166e-02   1.9757e-03
 7678.55   2.9314e-02   2.0996e-03
 7680.50   3.0399e-02   2.2009e-03
 7682.45   2.8947e-02   2.0892e-03
 7684.40   2.7911e-02   2.0560e-03
 7686.35   2.8189e-02   2.1233e-03
 7688.30   2.3124e-02   1.7369e-03
 7690.25   2.5563e-02   1.9504e-03
 7692.20   2.3773e-02   1.8311e-03
 7694.15   1.9909e-02   1.5406e-03
 7696.10   1.5178e-02   1.1875e-03
 7698.05   2.1409e-02   1.7441e-03
 7700.00   2.4482e-02   1.9955e-03
 7701.95   2.1608e-02   1.6838e-03
 7703.90   2.8217e-02   2.1467e-03
 7705.85   2.3538e-02   1.7394e-03
 7707.80   2.2066e-02   1.7120e-03
 7709.75   3.4412e-02   3.2129e-03
 7711.70   3.9763e-02   4.2308e-03
 7713.65   3.5880e-02   4.0761e-03
 7715.60   4.9913e-02   5.8047e-03
 7717.55   7.6531e-02   8.7101e-03
 7719.50   7.0226e-02   7.3025e-03
 7721.45   4.5558e-02   4.1896e-03
 7723.40   4.5874e-02   4.1204e-03
 7725.35   4.6017e-02   4.1662e-03
 7727.30   4.1232e-02   3.6177e-03
 7729.25   3.2386e-02   2.6408e-03
 7731.20   2.4777e-02   1.9001e-03
 7733.15   2.3220e-02   1.7955e-03
 7735.10   2.9988e-02   2.3857e-03
 7737.05   3.6707e-02   2.9246e-03
 7739.00   2.3413e-02   1.7860e-03
 7740.95   1.5991e-02   1.1923e-03
 7742.90   1.9352e-02   1.4824e-03
 7744.85   1.1390e-02   8.9828e-04
 7746.80   1.3520e-02   1.2560e-03
 7748.75   4.3086e-02   4.7805e-03
 7750.70   4.2617e-02   4.9914e-03
 7752.65   2.1016e-02   2.2875e-03
 7754.60   1.6817e-02   1.5605e-03
 7756.55   1.6307e-02   1.4047e-03
 7758.50   2.0968e-02   1.9394e-03
 7760.45   4.1015e-02   3.9534e-03
 7762.40   3.7162e-02   3.3423e-03
 7764.35   3.0033e-02   2.4011e-03
 7766.30   2.6167e-02   1.9699e-03
 7768.25   2.9239e-02   2.2247e-03
 7770.20   3.7613e-02   3.0406e-03
 7772.15   4.5937e-02   3.9576e-03
 7774.10   3.8139e-02   3.2959e-03
 7776.05   2.0419e-02   1.6842e-03
 7778.00   2.8520e-02   2.4625e-03
 7779.95   2.8432e-02   2.5977e-03
 7781.90   2.2964e-02   2.0543e-03
 7783.85   2.2867e-02   1.9067e-03
 7785.80   2.9346e-02   2.3862e-03
 7787.75   2.4557e-02   2.0318e-03
 7789.70   1.2432e-02   1.1178e-03
 7791.65   2.7706e-02   2.8855e-03
 7793.60   4.0927e-02   4.5816e-03
 7795.55   9.7912e-03   1.0504e-03
 7797.50  -1.2575e-03  -1.1682e-04
 7799.45   1.8435e-02   1.4657e-03
 7801.40   2.4261e-02   1.8265e-03
 7803.35   2.8875e-02   2.2631e-03
 7805.30   2.9213e-02   2.5378e-03
 7807.25   4.2347e-02   4.0951e-03
 7809.20   5.0675e-02   5.0132e-03
 7811.15   3.7775e-02   3.4907e-03
 7813.10   3.9212e-02   3.3753e-03
 7815.05   3.9643e-02   3.3577e-03
 7817.00   3.7232e-02   3.4031e-03
 7818.95   5.0069e-02   5.4012e-03
 7820.90   4.9310e-02   5.8613e-03
 7822.85   3.5405e-02   4.0760e-03
 7824.80   2.8657e-02   2.8575e-03
 7826.75   3.4460e-02   2.9564e-03
 7828.70   3.8899e-02   3.1626e-03
 7830.65   2.8759e-02   2.2697e-03
 7832.60   1.8083e-02   1.3906e-03
 7834.55   2.1356e-02   1.6552e-03
 7836.50   2.8628e-02   2.3244e-03
 7838.45   2.8376e-02   2.5280e-03
 7840.40   2.6779e-02   2.5869e-03
 7842.35   2.0105e-02   1.9152e-03
 7844.30   1.7562e-02   1.5372e-03
 7846.25   2.1431e-02   1.7975e-03
 7848.20   2.1098e-02   1.9171e-03
 7850.15   1.1537e-02   1.2241e-03
 7852.10   2.7329e-02   3.3011e-03
 7854.05   5.0950e-02   6.2749e-03
 7856.00   3.6779e-02   4.1678e-03
 7857.95   3.9873e-02   4.1833e-03
 7859.90   4.3373e-02   4.5181e-03
 7861.85   3.3888e-02   3.3989e-03
 7863.80   2.8170e-02   2.6121e-03
 7865.75   2.7098e-02   2.4913e-03
 7867.70   2.6363e-02   2.6391e-03
 7869.65   3.5058e-02   3.7323e-03
 7871.60   4.4958e-02   4.7053e-03
 7873.55   3.2803e-02   3.1286e-03
 7875.50   2.1149e-02   1.9095e-03
 7877.45   2.2332e-02   2.1594e-03
 7879.40   2.6119e-02   2.6617e-03
 7881.35   3.2514e-02   3.2812e-03
 7883.30   2.2176e-02   2.1115e-03
 7885.25   8.9735e-03   8.3682e-04
 7887.20   1.8297e-02   1.8902e-03
 7889.15   1.6362e-02   1.8167e-03
 7891.10   5.2234e-05   5.6236e-06
 7893.05   1.1763e-02   1.1349e-03
 7895.00   1.8153e-02   1.5714e-03
 7896.95   2.1768e-02   1.7979e-03
 7898.90   2.2230e-02   1.7979e-03
 7900.85   3.0821e-02   2.5210e-03
 7902.80   3.2476e-02   2.6870e-03
 7904.75   3.3283e-02   2.8089e-03
 7906.70   2.4044e-02   2.0554e-03
 7908.65   2.0017e-02   1.8708e-03
 7910.60   3.3419e-02   3.7697e-03
 7912.55   7.0095e-02   9.0340e-03
 7914.50   8.6370e-02   1.1219e-02
 7916.45   5.5950e-02   6.5797e-03
 7918.40   3.3959e-02   3.7603e-03
 7920.35   5.2635e-02   6.0095e-03
 7922.30   4.7646e-02   5.2545e-03
 7924.25   1.3964e-02   1.3396e-03
 7926.20   2.8363e-02   2.5533e-03
 7928.15   3.9304e-02   3.8301e-03
 7930.10   3.4646e-02   3.6711e-03
 7932.05   1.5467e-02   1.6194e-03
 7934.00   1.6786e-02   1.6048e-03
 7935.95   2.4335e-02   2.0913e-03
 7937.90   1.6698e-02   1.3456e-03
 7939.85   1.9856e-02   1.6127e-03
 7941.80   1.4540e-02   1.1878e-03
 7943.75   1.6013e-02   1.3517e-03
 7945.70   1.1050e-02   9.9267e-04
 7947.65   1.8911e-02   1.8358e-03
 7949.60   4.1104e-02   4.1014e-03
 7951.55   4.0589e-02   3.8526e-03
 7953.50   1.6838e-02   1.4262e-03
 7955.45   2.4327e-02   1.9791e-03
 7957.40   3.1700e-02   2.6235e-03
 7959.35   2.9558e-02   2.6157e-03
 7961.30   4.3055e-02   4.5741e-03
 7963.25   5.5478e-02   6.7097e-03
 7965.20   6.7014e-02   8.3481e-03
 7967.15   5.2671e-02   5.9844e-03
 7969.10   3.5337e-02   3.4689e-03
 7971.05   3.4079e-02   3.0644e-03
 7973.00   3.2421e-02   2.8767e-03
 7974.95   3.2604e-02   3.1277e-03
 7976.90   2.9811e-02   3.1354e-03
 7978.85   1.8753e-02   2.0277e-03
 7980.80   2.4110e-02   2.5253e-03
 7982.75   1.7562e-02   1.6427e-03
 7984.70   1.4361e-02   1.2243e-03
 7986.65   2.3293e-02   2.0440e-03
 7988.60   1.7730e-02   1.7165e-03
 7990.55   1.1895e-02   1.3639e-03
 7992.50   3.2504e-02   4.1150e-03
 7994.45   9.0508e-03   1.1178e-03
 7996.40   6.4346e-03   6.8453e-04
 7998.35   1.6797e-02   1.5192e-03
 8000.30   2.1372e-02   1.8486e-03
 8002.25   2.4733e-02   2.1497e-03
 8004.20   2.1767e-02   1.8494e-03
 8006.15   2.4126e-02   2.0296e-03
 8008.10   2.8586e-02   2.4610e-03
 8010.05   2.4351e-02   2.2293e-03
 8012.00   1.9508e-02   1.9430e-03
 8013.95   3.0988e-02   3.2463e-03
 8015.90   4.1175e-02   4.2114e-03
 8017.85   2.9549e-02   2.8316e-03
 8019.80   2.6540e-02   2.5261e-03
 8021.75   1.3872e-02   1.4292e-03
 8023.70   1.9781e-02   2.2929e-03
 8025.65   3.9263e-02   4.8429e-03
 8027.60   2.7049e-02   3.1323e-03
 8029.55   2.0389e-02   2.0691e-03
 8031.50   2.0284e-02   1.8527e-03
 8033.45   1.9366e-02   1.6776e-03
 8035.40   2.0712e-02   1.7513e-03
 8037.35   1.8320e-02   1.5234e-03
 8039.30   2.3901e-02   2.0025e-03
 8041.25   2.0554e-02   1.7193e-03
 8043.20   9.8669e-03   7.9725e-04
 8045.15   1.4708e-02   1.2095e-03
 8047.10   1.8099e-02   1.5740e-03
 8049.05   1.8959e-02   1.7612e-03
 8051.00   2.7307e-02   2.7015e-03
 8052.95   2.7610e-02   2.6979e-03
 8054.90   2.6368e-02   2.4268e-03
 8056.85   2.4336e-02   2.2086e-03
 8058.80   2.1565e-02   2.1261e-03
 8060.75   3.8579e-02   4.2092e-03
 8062.70   4.9330e-02   5.4538e-03
 8064.65   3.7831e-02   3.8341e-03
 8066.60   3.0059e-02   2.7263e-03
 8068.55   3.4241e-02   2.9967e-03
 8070.50   3.5884e-02   3.1184e-03
 8072.45   2.6588e-02   2.2687e-03
 8074.40   3.0644e-02   2.6867e-03
 8076.35   4.1391e-02   3.7322e-03
 8078.30   2.9266e-02   2.5451e-03
 8080.25   1.9120e-02   1.6231e-03
 8082.20   2.9023e-02   2.5428e-03
 8084.15   2.3425e-02   2.0425e-03
 8086.10   2.1266e-02   1.8419e-03
 8088.05   2.4799e-02   2.1351e-03
 8090.00   2.5897e-02   2.2754e-03
 8091.95   3.5756e-02   3.3280e-03
 8093.90   3.4084e-02   3.2020e-03
 8095.85   3.0810e-02   2.8400e-03
 8097.80   2.9209e-02   2.6801e-03
 8099.75   2.3599e-02   2.2333e-03
 8101.70   2.4866e-02   2.4575e-03
 8103.65   2.0952e-02   2.0506e-03
 8105.60   2.0945e-02   1.9343e-03
 8107.55   2.1028e-02   1.8481e-03
 8109.50   3.2661e-02   2.8933e-03
 8111.45   3.5582e-02   3.1457e-03
 8113.40   3.3666e-02   2.9730e-03
 8115.35   3.6071e-02   3.1831e-03
 8117.30   2.9727e-02   2.5554e-03
 8119.25   2.9929e-02   2.5911e-03
 8121.20   2.6317e-02   2.2698e-03
 8123.15   2.4418e-02   2.1157e-03
 8125.10   2.3976e-02   2.0827e-03
 8127.05   2.3994e-02   2.0854e-03
 8129.00   4.0287e-02   3.6353e-03
 8130.95   3.8896e-02   3.4777e-03
 8132.90   2.0805e-02   1.7993e-03
 8134.85   2.5002e-02   2.1952e-03
 8136.80   2.5584e-02   2.3194e-03
 8138.75   2.8477e-02   2.6257e-03
 8140.70   2.3212e-02   2.0953e-03
 8142.65   1.6461e-02   1.4424e-03
 8144.60   1.6916e-02   1.5134e-03
 8146.55   2.2191e-02   2.0461e-03
 8148.50   1.6276e-02   1.4555e-03
 8150.45   1.9869e-02   1.7057e-03
 8152.40   2.0984e-02   1.7823e-03
 8154.35   3.1025e-02   2.7016e-03
 8156.30   2.8643e-02   2.4825e-03
 8158.25   3.1748e-02   2.7791e-03
 8160.20   3.6823e-02   3.2481e-03
 8162.15   2.2493e-02   1.9224e-03
 8164.10   3.1571e-02   2.7368e-03
 8166.05   3.1828e-02   2.7484e-03
 8168.00   3.7125e-02   3.2911e-03
 8169.95   4.3266e-02   3.9016e-03
 8171.90   2.8756e-02   2.5163e-03
 8173.85   3.0213e-02   2.6738e-03
 8175.80   2.5735e-02   2.2947e-03
 8177.75   3.0461e-02   2.7684e-03
 8179.70   3.0444e-02   2.7683e-03
 8181.65   3.4557e-02   3.2507e-03
 8183.60   3.3398e-02   3.1983e-03
 8185.55   2.2997e-02   2.1806e-03
 8187.50   2.0260e-02   1.8821e-03
 8189.45   2.4839e-02   2.3326e-03
 8191.40   1.9791e-02   1.8480e-03
 8193.35   2.4476e-02   2.3319e-03
 8195.30   4.1078e-02   4.0675e-03
 8197.25   2.5882e-02   2.4388e-03
 8199.20   1.6292e-02   1.4889e-03
 8201.15   3.2413e-02   3.0361e-03
 8203.10   3.5085e-02   3.3645e-03
 8205.05   3.4112e-02   3.2913e-03
 8207.00   3.4252e-02   3.2822e-03
 8208.95   1.6909e-02   1.5347e-03
 8210.90   1.4479e-02   1.2892e-03
 8212.85   2.9951e-02   2.7515e-03
 8214.80   3.1826e-02   2.9334e-03
 8216.75   3.8884e-02   3.6437e-03
 8218.70   2.7646e-02   2.4999e-03
 8220.65   1.5849e-02   1.3833e-03
 8222.60   3.0077e-02   2.7115e-03
 8224.55   3.1947e-02   2.8977e-03
 8226.50   2.5326e-02   2.2869e-03
 8228.45   2.9473e-02   2.6639e-03
 8230.40   3.0444e-02   2.7366e-03
 8232.35   3.8572e-02   3.5695e-03
 8234.30   3.0051e-02   2.7533e-03
 8236.25   2.3710e-02   2.1350e-03
 8238.20   2.8102e-02   2.5701e-03
 8240.15   2.9124e-02   2.6719e-03
 8242.10   2.2435e-02   2.0342e-03
 8244.05   1.0418e-02   9.3758e-04
 8246.00   6.6966e-03   6.0211e-04
 8247.95   1.9761e-02   1.8171e-03
 8249.90   2.5591e-02   2.3843e-03
 8251.85   2.9550e-02   2.7767e-03
 8253.80   2.6734e-02   2.4759e-03
 8255.75   1.8373e-02   1.6528e-03
 8257.70   3.0630e-02   2.8398e-03
 8259.65   3.1282e-02   2.9145e-03
 8261.60   2.5294e-02   2.3174e-03
 8263.55   3.2643e-02   3.0563e-03
 8265.50   3.1693e-02   2.9829e-03
 8267.45   2.4537e-02   2.3004e-03
 8269.40   3.2798e-02   3.1731e-03
 8271.35   4.5254e-02   4.5565e-03
 8273.30   2.9037e-02   3.0150e-03
 8275.25   1.5626e-02   1.7626e-03
 8277.20   2.7829e-02   3.5092e-03
 8279.15   2.2602e-02   3.0354e-03
 8281.10   1.1476e-02   1.5569e-03
 8283.05   6.0099e-03   7.8870e-04
 8285.00   1.9490e-02   2.5935e-03
 8286.95   2.3837e-02   3.3268e-03
 8288.90   1.5856e-02   2.1580e-03
 8290.85   2.5380e-03   3.1568e-04
 8292.80   7.9371e-03   9.5712e-04
 8294.75   3.0549e-02   4.0813e-03
 8296.70   5.6192e-02   8.1810e-03
 8298.65   4.7960e-02   6.8752e-03
 8300.60   4.2525e-02   5.4943e-03
 8302.55   3.5517e-02   3.9717e-03
 8304.50   4.4456e-02   4.7648e-03
 8306.45   2.7844e-02   2.9940e-03
 8308.40   3.2354e-02   3.7632e-03
 8310.35   2.5737e-02   3.0195e-03
 8312.30   2.7730e-02   3.0449e-03
 8314.25   1.9999e-02   1.9735e-03
 8316.20   2.0391e-02   1.9611e-03
 8318.15   1.7563e-02   1.6713e-03
 8320.10   1.9073e-02   1.7976e-03
 8322.05   3.6860e-02   3.5450e-03
 8324.00   2.1183e-02   1.9893e-03
 8325.95   1.6983e-02   1.5757e-03
 8327.90   2.4720e-02   2.3209e-03
 8329.85   3.6679e-02   3.5858e-03
 8331.80   3.5593e-02   3.5333e-03
 8333.75   4.1568e-02   4.3656e-03
 8335.70   3.0145e-02   3.4004e-03
 8337.65   3.6645e-02   4.5936e-03
 8339.60   1.5294e-02   2.1316e-03
 8341.55   2.8809e-02   4.7010e-03
 8343.50   6.0445e-02   1.0533e-02
 8345.45   7.2114e-02   1.1834e-02
 8347.40  -1.5012e-02  -2.0372e-03
 8349.35  -4.1856e-03  -5.4252e-04
 8351.30   2.9883e-02   4.0820e-03
 8353.25   3.1200e-02   4.1421e-03
 8355.20   1.2424e-02   1.4302e-03
 8357.15   3.0457e-02   3.2818e-03
 8359.10   3.2215e-02   3.5302e-03
 8361.05   4.0645e-02   4.7144e-03
 8363.00   4.9467e-02   6.0013e-03
 8364.95   6.4562e-02   7.8031e-03
 8366.90   2.9045e-02   3.1384e-03
 8368.85   3.8535e-02   3.8981e-03
 8370.80   4.3227e-02   4.3536e-03
 8372.75   2.7567e-02   2.7914e-03
 8374.70   3.4722e-02   3.6953e-03
 8376.65   1.9710e-02   2.1390e-03
 8378.60   2.0540e-02   2.4513e-03
 8380.55   3.2129e-02   4.1308e-03
 8382.50   3.9073e-02   4.9744e-03
 8384.45   2.0103e-02   2.2624e-03
 8386.40   2.2532e-02   2.3446e-03
 8388.35   3.8482e-02   4.1149e-03
 8390.30   3.0174e-02   3.4060e-03
 8392.25   3.8015e-02   4.5851e-03
 8394.20  -8.4625e-03  -1.0938e-03
 8396.15   3.7842e-02   5.7562e-03
 8398.10   5.7911e-02   9.2951e-03
 8400.05   1.3800e-02   2.0142e-03
 8402.00   8.4261e-03   1.0060e-03
 8403.95   2.4222e-02   2.4757e-03
 8405.90   2.7681e-02   2.7841e-03
 8407.85   2.3883e-02   2.4898e-03
 8409.80   3.8517e-02   4.3475e-03
 8411.75   3.5873e-02   4.5482e-03
 8413.70   6.0093e-02   8.2140e-03
 8415.65   2.7572e-02   3.5561e-03
 8417.60   2.2784e-02   2.6046e-03
 8419.55   2.1694e-02   2.3508e-03
 8421.50   1.5781e-02   1.8097e-03
 8423.45   3.8249e-02   4.7665e-03
 8425.40   2.3434e-02   3.2453e-03
 8427.35   3.2389e-02   5.1631e-03
 8429.30   7.7257e-02   1.3038e-02
 8431.25   7.3360e-02   1.1104e-02
 8433.20   4.1710e-02   5.0595e-03
 8435.15   2.5417e-02   2.5965e-03
 8437.10   1.7888e-02   1.7151e-03
 8439.05   1.3259e-02   1.2503e-03
 8441.00   1.7478e-02   1.6749e-03
 8442.95   3.0270e-02   3.0736e-03
 8444.90   2.3226e-02   2.4289e-03
 8446.85   9.1494e-03   9.9256e-04
 8448.80   2.0220e-02   2.4907e-03
 8450.75   4.9692e-02   6.6629e-03
 8452.70   4.4303e-02   5.6517e-03
 8454.65   3.0745e-02   3.5733e-03
 8456.60   4.8418e-02   5.5985e-03
 8458.55   3.3417e-02   3.9328e-03
 8460.50  -8.3543e-04  -1.0685e-04
 8462.45   8.1056e-03   1.1914e-03
 8464.40   3.4242e-02   5.2915e-03
 8466.35   3.0676e-02   4.2935e-03
 8468.30   2.3993e-02   2.7037e-03
 8470.25   1.7785e-02   1.7458e-03
 8472.20   2.3869e-02   2.3042e-03
 8474.15   3.2183e-02   3.1722e-03
 8476.10   2.7005e-02   2.5988e-03
 8478.05   1.9653e-02   1.8289e-03
 8480.00   2.4186e-02   2.2767e-03
 8481.95   2.3883e-02   2.3021e-03
 8483.90   2.8341e-02   2.8802e-03
 8485.85   3.2029e-02   3.3354e-03
 8487.80   1.7330e-02   1.8311e-03
 8489.75   1.1923e-02   1.3596e-03
 8491.70   2.8432e-02   3.5023e-03
 8493.65   4.5721e-02   5.6305e-03
 8495.60   2.4898e-02   2.8668e-03
 8497.55   1.5680e-02   1.7712e-03
 8499.50   3.9486e-02   4.8113e-03
 8501.45   6.3859e-02   8.7288e-03
 8503.40   5.2973e-02   7.4819e-03
 8505.35   3.4503e-02   4.5426e-03
 8507.30   8.9744e-03   9.8203e-04
 8509.25   3.3936e-02   3.4458e-03
 8511.20   2.7217e-02   2.6671e-03
 8513.15   2.5352e-02   2.4455e-03
 8515.10   1.9088e-02   1.7962e-03
 8517.05   3.4180e-02   3.3861e-03
 8519.00   1.6453e-02   1.5917e-03
 8520.95   2.9355e-02   2.9297e-03
 8522.90   2.5936e-02   2.5625e-03
 8524.85   3.6938e-02   3.7141e-03
 8526.80   1.2377e-02   1.2011e-03
 8528.75   3.0493e-02   3.0684e-03
 8530.70   3.0459e-02   3.1057e-03
 8532.65   1.4807e-02   1.5123e-03
 8534.60   3.2474e-02   3.6133e-03
 8536.55   1.1987e-02   1.3890e-03
 8538.50  -1.8752e-03  -2.1541e-04
 8540.45   2.3481e-02   2.6063e-03
