 
TRANSIENT_NAME:     DES14C2mng 
SNID:               1309288    
OBS_DATE:           2014-12-01
MJD:                56992. 
PHASE:              +2.    
MJD_MAX:            56988.9
TYPE:               1  
SPEC_EVAL:          SNIa
REDSHIFT:           0.2700  
REDSHIFT_ERR:       0.0050  
REDSHIFT_SOURCE:    Z_SN
TELESCOPE:          VLT
INSTRUMENT:         X-SHOOTER
 
======================================
 
# WAVE  FLUX  FLUX_ERR
 3400.00   4.7604e-18   9.9999e+04
 3405.00   4.7604e-18   6.2230e-18
 3410.00   2.5279e-19   6.2330e-18
 3415.00   1.5050e-17   6.3126e-18
 3420.00  -6.9165e-18   6.5594e-18
 3425.00  -1.1336e-17   6.9381e-18
 3430.00   2.4722e-17   7.0038e-18
 3435.00  -1.3902e-18   6.9899e-18
 3440.00  -6.6728e-18   6.9885e-18
 3445.00   7.8285e-18   7.0922e-18
 3450.00  -1.5468e-17   7.4447e-18
 3455.00   6.5879e-18   7.7719e-18
 3460.00   1.7891e-17   7.4548e-18
 3465.00  -5.6943e-18   7.5174e-18
 3470.00   1.8984e-18   7.4732e-18
 3475.00   5.2569e-18   7.1257e-18
 3480.00   1.4972e-17   7.2398e-18
 3485.00  -5.3895e-18   7.0716e-18
 3490.00   1.6911e-18   6.5770e-18
 3495.00   9.2439e-18   6.1012e-18
 3500.00   4.0004e-18   5.8210e-18
 3505.00  -7.1040e-18   5.7337e-18
 3510.00   1.5673e-17   5.4803e-18
 3515.00   1.6927e-18   5.0460e-18
 3520.00   1.4389e-17   4.9531e-18
 3525.00   1.1076e-17   4.5349e-18
 3530.00  -1.4294e-19   4.5520e-18
 3535.00  -1.0194e-17   4.4408e-18
 3540.00   1.0215e-17   4.4961e-18
 3545.00   1.2964e-17   4.6403e-18
 3550.00   6.9042e-18   4.4626e-18
 3555.00  -1.3309e-17   4.2916e-18
 3560.00   5.3278e-18   4.1380e-18
 3565.00   7.5156e-18   3.8252e-18
 3570.00   5.6107e-18   3.6093e-18
 3575.00   6.5465e-18   3.6509e-18
 3580.00   9.6759e-18   3.5467e-18
 3585.00   1.2916e-17   3.4889e-18
 3590.00  -1.7242e-17   3.6917e-18
 3595.00   2.1741e-18   4.1009e-18
 3600.00   8.3439e-18   4.4654e-18
 3605.00   1.4584e-17   4.4705e-18
 3610.00   1.7317e-17   4.5765e-18
 3615.00   1.2935e-18   4.8318e-18
 3620.00  -2.5444e-18   4.9411e-18
 3625.00  -3.0104e-19   5.0933e-18
 3630.00   1.8269e-17   5.1282e-18
 3635.00   3.5505e-18   5.2001e-18
 3640.00   3.6438e-18   5.2491e-18
 3645.00  -6.2802e-18   4.9129e-18
 3650.00   7.7241e-19   4.6684e-18
 3655.00   2.0775e-17   4.6789e-18
 3660.00  -1.0659e-17   4.4927e-18
 3665.00   4.7711e-18   4.1831e-18
 3670.00   8.5401e-18   3.9512e-18
 3675.00   1.0161e-17   3.7808e-18
 3680.00   1.5234e-17   3.5173e-18
 3685.00   5.7726e-18   3.3450e-18
 3690.00   8.3150e-18   3.2970e-18
 3695.00   1.2517e-17   3.1867e-18
 3700.00   3.8658e-18   3.2220e-18
 3705.00   1.0635e-17   2.9916e-18
 3710.00   5.3758e-18   2.9401e-18
 3715.00   5.3210e-19   2.9772e-18
 3720.00   1.3079e-17   2.6563e-18
 3725.00   6.6664e-18   2.8346e-18
 3730.00   3.0627e-18   2.8302e-18
 3735.00   8.9857e-18   2.6578e-18
 3740.00   1.7657e-17   2.8855e-18
 3745.00   1.0257e-17   2.6924e-18
 3750.00   2.1266e-17   2.5800e-18
 3755.00   2.8770e-17   2.8746e-18
 3760.00   9.6872e-18   2.6536e-18
 3765.00   2.1242e-17   2.7296e-18
 3770.00   1.8833e-17   2.8729e-18
 3775.00   2.6055e-17   3.1663e-18
 3780.00   2.0202e-17   3.2160e-18
 3785.00   1.3633e-17   3.2198e-18
 3790.00   7.8936e-18   3.1876e-18
 3795.00   8.8699e-18   3.2292e-18
 3800.00   1.5736e-17   3.2370e-18
 3805.00   6.8217e-18   3.3571e-18
 3810.00   1.1203e-17   3.4080e-18
 3815.00   1.7634e-17   3.4053e-18
 3820.00   9.2742e-18   3.2220e-18
 3825.00   6.9573e-18   3.1715e-18
 3830.00   3.1553e-18   3.2208e-18
 3835.00   1.5796e-17   3.1055e-18
 3840.00   8.1068e-18   2.9675e-18
 3845.00   7.7265e-18   3.0534e-18
 3850.00   2.5909e-17   2.9823e-18
 3855.00   9.8474e-18   2.7870e-18
 3860.00   1.7914e-18   2.6770e-18
 3865.00   1.6723e-17   2.7220e-18
 3870.00   1.0409e-17   2.4486e-18
 3875.00   1.4538e-17   2.5034e-18
 3880.00   4.1810e-18   2.2700e-18
 3885.00   1.0263e-17   2.2340e-18
 3890.00   1.1303e-17   2.2859e-18
 3895.00  -6.4192e-18   2.4169e-18
 3900.00   3.4074e-18   2.2026e-18
 3905.00   1.7138e-17   2.2260e-18
 3910.00   8.9087e-18   2.3259e-18
 3915.00   7.6165e-18   2.3211e-18
 3920.00   1.3877e-17   2.0091e-18
 3925.00   1.4973e-17   1.9490e-18
 3930.00   1.5701e-17   1.7320e-18
 3935.00   7.6371e-18   1.7883e-18
 3940.00   1.3846e-17   1.9117e-18
 3945.00   1.1844e-17   2.0191e-18
 3950.00   7.3523e-18   2.0563e-18
 3955.00   1.7806e-17   2.0292e-18
 3960.00   8.4168e-18   1.9839e-18
 3965.00   9.8782e-18   1.8225e-18
 3970.00   1.2858e-17   1.8862e-18
 3975.00   1.0418e-17   2.0221e-18
 3980.00   1.4915e-17   2.1914e-18
 3985.00   1.8131e-17   2.1798e-18
 3990.00   1.5288e-17   2.3079e-18
 3995.00   1.1888e-17   2.2852e-18
 4000.00   1.6832e-17   2.3599e-18
 4005.00   1.1936e-17   2.2909e-18
 4010.00   1.7212e-17   2.4140e-18
 4015.00   1.5120e-17   2.4292e-18
 4020.00   1.6120e-17   2.4466e-18
 4025.00   2.5133e-17   2.4664e-18
 4030.00   7.3308e-18   2.3834e-18
 4035.00   8.3806e-18   2.3577e-18
 4040.00   1.1735e-17   2.4157e-18
 4045.00   1.1214e-17   2.2712e-18
 4050.00   1.7190e-17   2.3824e-18
 4055.00   1.4116e-17   2.2588e-18
 4060.00   1.1365e-17   2.2799e-18
 4065.00   1.3674e-17   2.3215e-18
 4070.00   1.1824e-17   2.2704e-18
 4075.00   5.8301e-18   2.2036e-18
 4080.00   1.3295e-17   2.1186e-18
 4085.00   1.5155e-17   2.0524e-18
 4090.00   4.9770e-18   2.0261e-18
 4095.00   1.5634e-17   1.9562e-18
 4100.00   1.1025e-17   1.8027e-18
 4105.00   1.6256e-17   1.8255e-18
 4110.00   1.8114e-17   1.8419e-18
 4115.00   1.0426e-17   1.8607e-18
 4120.00   1.5318e-17   1.8104e-18
 4125.00   1.1747e-17   1.8084e-18
 4130.00   8.0543e-18   1.7310e-18
 4135.00   1.1776e-17   1.7596e-18
 4140.00   1.2949e-17   1.7938e-18
 4145.00   1.0579e-17   1.7051e-18
 4150.00   1.3116e-17   1.7402e-18
 4155.00   7.3970e-18   1.7297e-18
 4160.00   1.7225e-17   1.7945e-18
 4165.00   1.8138e-17   1.8377e-18
 4170.00   1.8828e-17   1.8412e-18
 4175.00   1.3254e-17   1.7712e-18
 4180.00   5.3980e-18   1.7690e-18
 4185.00   1.6668e-17   1.7955e-18
 4190.00   1.2696e-17   1.7837e-18
 4195.00   1.7046e-17   1.8647e-18
 4200.00   1.4308e-17   1.8146e-18
 4205.00   1.3844e-17   1.8354e-18
 4210.00   4.0402e-18   1.8647e-18
 4215.00   1.1002e-17   1.9563e-18
 4220.00   1.9090e-17   1.8912e-18
 4225.00   1.6186e-17   1.7908e-18
 4230.00   2.2539e-17   1.9222e-18
 4235.00   9.6770e-18   1.8728e-18
 4240.00   1.9452e-17   1.8860e-18
 4245.00   1.4433e-17   1.9256e-18
 4250.00   1.6954e-17   1.8894e-18
 4255.00   1.6128e-17   1.9374e-18
 4260.00   1.6612e-17   1.8702e-18
 4265.00   1.0953e-17   1.9591e-18
 4270.00   1.6087e-17   1.8542e-18
 4275.00   1.7355e-17   1.8851e-18
 4280.00   7.8932e-18   1.8545e-18
 4285.00   1.5333e-17   1.8301e-18
 4290.00   1.6905e-17   1.9251e-18
 4295.00   1.3535e-17   1.8925e-18
 4300.00   1.4376e-17   1.7030e-18
 4305.00   1.5607e-17   1.6547e-18
 4310.00   2.0499e-17   1.6219e-18
 4315.00   1.7994e-17   1.7561e-18
 4320.00   1.7955e-17   1.7299e-18
 4325.00   1.0727e-17   1.5487e-18
 4330.00   2.2512e-17   1.6308e-18
 4335.00   1.8506e-17   1.5944e-18
 4340.00   1.3917e-17   1.4363e-18
 4345.00   1.2063e-17   1.5133e-18
 4350.00   2.2004e-17   1.4904e-18
 4355.00   1.5836e-17   1.4835e-18
 4360.00   1.5138e-17   1.4994e-18
 4365.00   1.4057e-17   1.4849e-18
 4370.00   1.6961e-17   1.4785e-18
 4375.00   1.7831e-17   1.4521e-18
 4380.00   2.0140e-17   1.4767e-18
 4385.00   1.6703e-17   1.3439e-18
 4390.00   1.8101e-17   1.3958e-18
 4395.00   1.6039e-17   1.4529e-18
 4400.00   2.1986e-17   1.4649e-18
 4405.00   1.6086e-17   1.4492e-18
 4410.00   2.0932e-17   1.5082e-18
 4415.00   1.2928e-17   1.5168e-18
 4420.00   1.8149e-17   1.5581e-18
 4425.00   1.3602e-17   1.5078e-18
 4430.00   1.7675e-17   1.5358e-18
 4435.00   1.9378e-17   1.5065e-18
 4440.00   2.0305e-17   1.5812e-18
 4445.00   2.2404e-17   1.5726e-18
 4450.00   1.8479e-17   1.5669e-18
 4455.00   1.9065e-17   1.5363e-18
 4460.00   2.1593e-17   1.5524e-18
 4465.00   2.5052e-17   1.6279e-18
 4470.00   2.0604e-17   1.6371e-18
 4475.00   1.3795e-17   1.6345e-18
 4480.00   2.0610e-17   1.6054e-18
 4485.00   2.1955e-17   1.6913e-18
 4490.00   2.1088e-17   1.6580e-18
 4495.00   2.1876e-17   1.7061e-18
 4500.00   1.8445e-17   1.7025e-18
 4505.00   2.4801e-17   1.7378e-18
 4510.00   2.4145e-17   1.7334e-18
 4515.00   2.8553e-17   1.7008e-18
 4520.00   2.0804e-17   1.7313e-18
 4525.00   2.2313e-17   1.6856e-18
 4530.00   2.3334e-17   1.6752e-18
 4535.00   2.2774e-17   1.7302e-18
 4540.00   2.5004e-17   1.9429e-18
 4545.00   2.6267e-17   1.8686e-18
 4550.00   2.6536e-17   1.7723e-18
 4555.00   2.4929e-17   1.7466e-18
 4560.00   2.9662e-17   1.7482e-18
 4565.00   2.7539e-17   1.6697e-18
 4570.00   2.7895e-17   1.6227e-18
 4575.00   2.7678e-17   1.6024e-18
 4580.00   3.0671e-17   1.5275e-18
 4585.00   2.3303e-17   1.4939e-18
 4590.00   2.1609e-17   1.4716e-18
 4595.00   2.5428e-17   1.4422e-18
 4600.00   2.0090e-17   1.4209e-18
 4605.00   2.6704e-17   1.3888e-18
 4610.00   2.0097e-17   1.3789e-18
 4615.00   1.8721e-17   1.3610e-18
 4620.00   2.2726e-17   1.3538e-18
 4625.00   1.6967e-17   1.3301e-18
 4630.00   1.9431e-17   1.3304e-18
 4635.00   1.8417e-17   1.3059e-18
 4640.00   2.6999e-17   1.3229e-18
 4645.00   2.2616e-17   1.2872e-18
 4650.00   1.9742e-17   1.2858e-18
 4655.00   2.6379e-17   1.2965e-18
 4660.00   2.5328e-17   1.3226e-18
 4665.00   2.0150e-17   1.2699e-18
 4670.00   2.0982e-17   1.2541e-18
 4675.00   2.4004e-17   1.2799e-18
 4680.00   2.7263e-17   1.2662e-18
 4685.00   2.6931e-17   1.2958e-18
 4690.00   2.3383e-17   1.2857e-18
 4695.00   1.9591e-17   1.2879e-18
 4700.00   1.9588e-17   1.2587e-18
 4705.00   1.9298e-17   1.2647e-18
 4710.00   2.1461e-17   1.3099e-18
 4715.00   2.0048e-17   1.3099e-18
 4720.00   2.1381e-17   1.3290e-18
 4725.00   2.2353e-17   1.3249e-18
 4730.00   2.7367e-17   1.3382e-18
 4735.00   2.3634e-17   1.2737e-18
 4740.00   1.8121e-17   1.2997e-18
 4745.00   2.0528e-17   1.3284e-18
 4750.00   2.1501e-17   1.3142e-18
 4755.00   1.9346e-17   1.2981e-18
 4760.00   2.3515e-17   1.3308e-18
 4765.00   2.0356e-17   1.3342e-18
 4770.00   1.6748e-17   1.3482e-18
 4775.00   1.9531e-17   1.3591e-18
 4780.00   1.4780e-17   1.3553e-18
 4785.00   1.6803e-17   1.3381e-18
 4790.00   1.7061e-17   1.3546e-18
 4795.00   2.6802e-17   1.3944e-18
 4800.00   1.7989e-17   1.3852e-18
 4805.00   1.8975e-17   1.3900e-18
 4810.00   1.8291e-17   1.3699e-18
 4815.00   2.2241e-17   1.4037e-18
 4820.00   1.6568e-17   1.7056e-18
 4825.00   2.0925e-17   1.6400e-18
 4830.00   2.3369e-17   1.6348e-18
 4835.00   2.7454e-17   1.6164e-18
 4840.00   2.3026e-17   1.5305e-18
 4845.00   2.0795e-17   1.4878e-18
 4850.00   1.8501e-17   1.4121e-18
 4855.00   1.7375e-17   1.3345e-18
 4860.00   1.5432e-17   1.2572e-18
 4865.00   1.5220e-17   1.2416e-18
 4870.00   1.5990e-17   1.2591e-18
 4875.00   2.1554e-17   1.2786e-18
 4880.00   2.3049e-17   1.2639e-18
 4885.00   2.6807e-17   1.2440e-18
 4890.00   3.2351e-17   1.2238e-18
 4895.00   2.4845e-17   1.2338e-18
 4900.00   3.2530e-17   1.2432e-18
 4905.00   2.5313e-17   1.1804e-18
 4910.00   2.7193e-17   1.1698e-18
 4915.00   2.9463e-17   1.1864e-18
 4920.00   2.6938e-17   1.1011e-18
 4925.00   2.4744e-17   1.1289e-18
 4930.00   2.8511e-17   1.1187e-18
 4935.00   2.5377e-17   1.1048e-18
 4940.00   3.1550e-17   1.1059e-18
 4945.00   3.0874e-17   1.1150e-18
 4950.00   2.4224e-17   1.1159e-18
 4955.00   2.9642e-17   1.1023e-18
 4960.00   3.3261e-17   1.1208e-18
 4965.00   3.3230e-17   1.1450e-18
 4970.00   3.2123e-17   1.1288e-18
 4975.00   2.9003e-17   1.1249e-18
 4980.00   2.9823e-17   1.1164e-18
 4985.00   2.1074e-17   1.0512e-18
 4990.00   2.0856e-17   1.0679e-18
 4995.00   2.7087e-17   1.1023e-18
 5000.00   3.1968e-17   1.1071e-18
 5005.00   3.7556e-17   1.1113e-18
 5010.00   3.3592e-17   1.1359e-18
 5015.00   3.2791e-17   1.1236e-18
 5020.00   2.9718e-17   1.1120e-18
 5025.00   2.9111e-17   1.1161e-18
 5030.00   2.5946e-17   1.0973e-18
 5035.00   1.9305e-17   1.0812e-18
 5040.00   2.3446e-17   1.0808e-18
 5045.00   2.6576e-17   1.1556e-18
 5050.00   3.5174e-17   1.1883e-18
 5055.00   2.9697e-17   1.2184e-18
 5060.00   3.2934e-17   1.1858e-18
 5065.00   3.0262e-17   1.1817e-18
 5070.00   3.5789e-17   1.1773e-18
 5075.00   3.3871e-17   1.1960e-18
 5080.00   3.1808e-17   1.2038e-18
 5085.00   3.3189e-17   1.2024e-18
 5090.00   3.3558e-17   1.2130e-18
 5095.00   4.0355e-17   1.2289e-18
 5100.00   3.7318e-17   1.2141e-18
 5105.00   4.1739e-17   1.2223e-18
 5110.00   3.8154e-17   1.2386e-18
 5115.00   3.3815e-17   1.2237e-18
 5120.00   3.8961e-17   1.2517e-18
 5125.00   3.7513e-17   1.2394e-18
 5130.00   3.4600e-17   1.2421e-18
 5135.00   3.3580e-17   1.2596e-18
 5140.00   4.4271e-17   1.5948e-18
 5145.00   2.9592e-17   1.5724e-18
 5150.00   3.5691e-17   1.5281e-18
 5155.00   3.2090e-17   1.4810e-18
 5160.00   3.4922e-17   1.4507e-18
 5165.00   3.1443e-17   1.3691e-18
 5170.00   3.7097e-17   1.3444e-18
 5175.00   3.9195e-17   1.3181e-18
 5180.00   3.8315e-17   1.3109e-18
 5185.00   3.4808e-17   1.2361e-18
 5190.00   3.1754e-17   1.2371e-18
 5195.00   3.3568e-17   1.2066e-18
 5200.00   3.0110e-17   1.2073e-18
 5205.00   2.9066e-17   1.1372e-18
 5210.00   3.3358e-17   1.1296e-18
 5215.00   3.3730e-17   1.1298e-18
 5220.00   3.5481e-17   1.1374e-18
 5225.00   3.3603e-17   1.1532e-18
 5230.00   3.7627e-17   1.0864e-18
 5235.00   3.2507e-17   1.0660e-18
 5240.00   3.4393e-17   1.0788e-18
 5245.00   3.1523e-17   1.0379e-18
 5250.00   3.6124e-17   1.0407e-18
 5255.00   3.3072e-17   1.0308e-18
 5260.00   3.1059e-17   9.9891e-19
 5265.00   3.3049e-17   9.7073e-19
 5270.00   3.5638e-17   9.7496e-19
 5275.00   3.0163e-17   9.7782e-19
 5280.00   3.3398e-17   9.8637e-19
 5285.00   3.8551e-17   9.8043e-19
 5290.00   3.2970e-17   9.6869e-19
 5295.00   3.3040e-17   9.5963e-19
 5300.00   3.4273e-17   9.6957e-19
 5305.00   3.4431e-17   9.7965e-19
 5310.00   3.7583e-17   9.8268e-19
 5315.00   3.5665e-17   9.6824e-19
 5320.00   2.5286e-17   9.7874e-19
 5325.00   3.2791e-17   9.5170e-19
 5330.00   3.4376e-17   9.6557e-19
 5335.00   3.4531e-17   9.6446e-19
 5340.00   3.0951e-17   9.5720e-19
 5345.00   3.2816e-17   9.6056e-19
 5350.00   3.4349e-17   9.6541e-19
 5355.00   3.0108e-17   9.7429e-19
 5360.00   3.0744e-17   9.5015e-19
 5365.00   3.2137e-17   9.6614e-19
 5370.00   3.3521e-17   9.7607e-19
 5375.00   3.3480e-17   9.8957e-19
 5380.00   3.0458e-17   9.9611e-19
 5385.00   3.1578e-17   9.9204e-19
 5390.00   3.0436e-17   9.9424e-19
 5395.00   3.0408e-17   9.9085e-19
 5400.00   3.3254e-17   1.0208e-18
 5405.00   3.4000e-17   1.0128e-18
 5410.00   3.1544e-17   1.0352e-18
 5415.00   2.8427e-17   1.0236e-18
 5420.00   2.5173e-17   1.0355e-18
 5425.00   3.1121e-17   1.0628e-18
 5430.00   3.3751e-17   1.0971e-18
 5435.00   2.8635e-17   1.1075e-18
 5440.00   2.9228e-17   1.1400e-18
 5445.00   2.8423e-17   1.1341e-18
 5450.00   2.9389e-17   1.0781e-18
 5455.00   2.9646e-17   1.0596e-18
 5460.00   2.9027e-17   1.1276e-18
 5465.00   2.9115e-17   1.1154e-18
 5470.00   3.0170e-17   1.1647e-18
 5475.00   2.9422e-17   1.1830e-18
 5480.00   2.9376e-17   1.2029e-18
 5485.00   2.9818e-17   1.2007e-18
 5490.00   3.1332e-17   1.2261e-18
 5495.00   3.3080e-17   1.2341e-18
 5500.00   3.2884e-17   1.2175e-18
 5505.00   2.6768e-17   1.5816e-18
 5510.00   2.5215e-17   1.5971e-18
 5515.00   2.8296e-17   1.6078e-18
 5520.00   2.8634e-17   1.5524e-18
 5525.00   2.8332e-17   1.5387e-18
 5530.00   3.3650e-17   1.5344e-18
 5535.00   3.4433e-17   1.5240e-18
 5540.00   3.2364e-17   1.5148e-18
 5545.00   3.4399e-17   1.5199e-18
 5550.00   3.3421e-17   1.5084e-18
 5555.00   3.0702e-17   1.4955e-18
 5560.00   2.8268e-17   1.4767e-18
 5565.00   3.1871e-17   1.5726e-18
 5570.00   3.2736e-17   1.5458e-18
 5575.00   3.1168e-17   1.8154e-18
 5580.00   3.6300e-17   1.7258e-18
 5585.00   3.3419e-17   1.5626e-18
 5590.00   3.1122e-17   1.5920e-18
 5595.00   3.0472e-17   1.6054e-18
 5600.00   3.7027e-17   1.6180e-18
 5605.00   3.7473e-17   1.6570e-18
 5610.00   4.2542e-17   1.9806e-18
 5615.00   4.3678e-17   2.3453e-18
 5620.00   3.6293e-17   2.2134e-18
 5625.00   3.3805e-17   2.1474e-18
 5630.00   4.0561e-17   2.0532e-18
 5635.00   3.6741e-17   1.9490e-18
 5640.00   3.6323e-17   1.9257e-18
 5645.00   3.7730e-17   1.8939e-18
 5650.00   3.5840e-17   1.7908e-18
 5655.00   3.1183e-17   1.7333e-18
 5660.00   4.2700e-17   1.7450e-18
 5665.00   4.3680e-17   1.7404e-18
 5670.00   4.1200e-17   1.7452e-18
 5675.00   3.3270e-17   1.7158e-18
 5680.00   4.3749e-17   1.7498e-18
 5685.00   3.7902e-17   1.7379e-18
 5690.00   3.9296e-17   1.7906e-18
 5695.00   3.1472e-17   1.9474e-18
 5700.00   4.2478e-17   1.9041e-18
 5705.00   4.2104e-17   1.9846e-18
 5710.00   3.9663e-17   1.9111e-18
 5715.00   3.8202e-17   1.9400e-18
 5720.00   3.9184e-17   1.9792e-18
 5725.00   3.9680e-17   2.0254e-18
 5730.00   4.0030e-17   2.0786e-18
 5735.00   4.0675e-17   2.1687e-18
 5740.00   3.0303e-17   2.3752e-18
 5745.00   3.4165e-17   1.8559e-18
 5750.00   1.8273e-17   1.7866e-18
 5755.00   3.4359e-17   1.8434e-18
 5760.00   3.7795e-17   1.7412e-18
 5765.00   4.0428e-17   1.6942e-18
 5770.00   5.7680e-17   1.6687e-18
 5775.00   3.2379e-17   1.6216e-18
 5780.00   3.5965e-17   1.6073e-18
 5785.00   3.8346e-17   1.6234e-18
 5790.00   4.1251e-17   1.6464e-18
 5795.00   3.8214e-17   1.5849e-18
 5800.00   3.4431e-17   1.5626e-18
 5805.00   3.4444e-17   1.5496e-18
 5810.00   3.3674e-17   1.5382e-18
 5815.00   3.5111e-17   1.5225e-18
 5820.00   3.6709e-17   1.5331e-18
 5825.00   4.0393e-17   1.5422e-18
 5830.00   3.3525e-17   1.5411e-18
 5835.00   3.6656e-17   1.5290e-18
 5840.00   3.8381e-17   1.5555e-18
 5845.00   4.0309e-17   1.5561e-18
 5850.00   4.1399e-17   1.5873e-18
 5855.00   4.2006e-17   1.6018e-18
 5860.00   4.3548e-17   1.5996e-18
 5865.00   3.8789e-17   1.7015e-18
 5870.00   4.1128e-17   1.6822e-18
 5875.00   3.6866e-17   1.6689e-18
 5880.00   3.9519e-17   1.6653e-18
 5885.00   3.5972e-17   1.6839e-18
 5890.00   3.4869e-17   1.8962e-18
 5895.00   3.8430e-17   1.8817e-18
 5900.00   3.0816e-17   1.8300e-18
 5905.00   2.6946e-17   1.9300e-18
 5910.00   3.8610e-17   1.8349e-18
 5915.00   3.8140e-17   1.8317e-18
 5920.00   3.2415e-17   1.6346e-18
 5925.00   3.8358e-17   1.7046e-18
 5930.00   4.0785e-17   1.6580e-18
 5935.00   3.6866e-17   1.7125e-18
 5940.00   3.5302e-17   1.6299e-18
 5945.00   3.8084e-17   1.9017e-18
 5950.00   2.8926e-17   2.3105e-18
 5955.00   3.3981e-17   2.3048e-18
 5960.00   3.0158e-17   2.0751e-18
 5965.00   3.8421e-17   2.0079e-18
 5970.00   3.2663e-17   1.9709e-18
 5975.00   4.0602e-17   1.9125e-18
 5980.00   5.4767e-17   1.8112e-18
 5985.00   3.8902e-17   1.7928e-18
 5990.00   4.0584e-17   1.7226e-18
 5995.00   4.0267e-17   1.6892e-18
 6000.00   3.4862e-17   1.6228e-18
 6005.00   3.8689e-17   1.6502e-18
 6010.00   3.9751e-17   1.6761e-18
 6015.00   3.7266e-17   1.5285e-18
 6020.00   3.6221e-17   1.4988e-18
 6025.00   3.6678e-17   1.4682e-18
 6030.00   3.7658e-17   1.4678e-18
 6035.00   3.5436e-17   1.4379e-18
 6040.00   3.6887e-17   1.4063e-18
 6045.00   3.7362e-17   1.3845e-18
 6050.00   3.2395e-17   1.3463e-18
 6055.00   3.6111e-17   1.3395e-18
 6060.00   3.6446e-17   1.3370e-18
 6065.00   3.6385e-17   1.3311e-18
 6070.00   3.3802e-17   1.3045e-18
 6075.00   3.5789e-17   1.2884e-18
 6080.00   3.6201e-17   1.3111e-18
 6085.00   3.9678e-17   1.3296e-18
 6090.00   3.8464e-17   1.3379e-18
 6095.00   3.8071e-17   1.3326e-18
 6100.00   3.5821e-17   1.3436e-18
 6105.00   3.7416e-17   1.3759e-18
 6110.00   3.6670e-17   1.4055e-18
 6115.00   3.7615e-17   1.4168e-18
 6120.00   3.7884e-17   1.4435e-18
 6125.00   3.6576e-17   1.4520e-18
 6130.00   1.7125e-17   1.7634e-18
 6135.00   3.0516e-17   1.4929e-18
 6140.00   3.3284e-17   1.4137e-18
 6145.00   3.4656e-17   1.4180e-18
 6150.00   2.8401e-17   1.3895e-18
 6155.00   3.6041e-17   1.3869e-18
 6160.00   2.8339e-17   1.3437e-18
 6165.00   2.8257e-17   1.3296e-18
 6170.00   2.9861e-17   1.6712e-18
 6175.00   3.2614e-17   1.8674e-18
 6180.00   3.0388e-17   1.7696e-18
 6185.00   3.0890e-17   1.6901e-18
 6190.00   3.1187e-17   1.6261e-18
 6195.00   3.1478e-17   1.5672e-18
 6200.00   2.7834e-17   1.5074e-18
 6205.00   3.4040e-17   1.4933e-18
 6210.00   3.6331e-17   1.4355e-18
 6215.00   3.4888e-17   1.4169e-18
 6220.00   3.6874e-17   1.4049e-18
 6225.00   3.3735e-17   1.3040e-18
 6230.00   3.5668e-17   1.2925e-18
 6235.00   3.4736e-17   1.4696e-18
 6240.00   3.3057e-17   1.3069e-18
 6245.00   3.3614e-17   1.2494e-18
 6250.00   3.5182e-17   1.2314e-18
 6255.00   3.6098e-17   1.2261e-18
 6260.00   3.4152e-17   1.2763e-18
 6265.00   3.4086e-17   1.2208e-18
 6270.00   3.9203e-17   1.2178e-18
 6275.00   3.7971e-17   1.1910e-18
 6280.00   3.0368e-17   1.1414e-18
 6285.00   3.5424e-17   1.2083e-18
 6290.00   3.7880e-17   1.1930e-18
 6295.00   3.4517e-17   1.1648e-18
 6300.00   3.5064e-17   1.4341e-18
 6305.00   3.6785e-17   1.2609e-18
 6310.00   3.8073e-17   1.1859e-18
 6315.00   3.4529e-17   1.1572e-18
 6320.00   3.0697e-17   1.2016e-18
 6325.00   3.5326e-17   1.2023e-18
 6330.00   3.7877e-17   1.3121e-18
 6335.00   3.4187e-17   1.2182e-18
 6340.00   3.5750e-17   1.2493e-18
 6345.00   3.0330e-17   1.2624e-18
 6350.00   3.5954e-17   1.3380e-18
 6355.00   3.4075e-17   1.3729e-18
 6360.00   2.9299e-17   1.3182e-18
 6365.00   3.0961e-17   1.4311e-18
 6370.00   3.2796e-17   1.3066e-18
 6375.00   3.2751e-17   1.4697e-18
 6380.00   3.5997e-17   1.8106e-18
 6385.00   3.1540e-17   1.3500e-18
 6390.00   3.1916e-17   1.2777e-18
 6395.00   3.3427e-17   1.2326e-18
 6400.00   3.5612e-17   1.2320e-18
 6405.00   3.9432e-17   1.2419e-18
 6410.00   3.5034e-17   1.3400e-18
 6415.00   3.7504e-17   1.6932e-18
 6420.00   3.4285e-17   1.6396e-18
 6425.00   3.5624e-17   1.5430e-18
 6430.00   3.7609e-17   1.4839e-18
 6435.00   3.6697e-17   1.4162e-18
 6440.00   3.8983e-17   1.3748e-18
 6445.00   3.3462e-17   1.3143e-18
 6450.00   3.4783e-17   1.3212e-18
 6455.00   3.5791e-17   1.2867e-18
 6460.00   3.6502e-17   1.2569e-18
 6465.00   3.6889e-17   1.3394e-18
 6470.00   3.3961e-17   1.2540e-18
 6475.00   3.7896e-17   1.1527e-18
 6480.00   3.7182e-17   1.1499e-18
 6485.00   3.6080e-17   1.1060e-18
 6490.00   4.1285e-17   1.1093e-18
 6495.00   3.5043e-17   1.0795e-18
 6500.00   3.9847e-17   1.1663e-18
 6505.00   3.6750e-17   1.1037e-18
 6510.00   3.6133e-17   1.0532e-18
 6515.00   3.7371e-17   1.0501e-18
 6520.00   3.7107e-17   1.0574e-18
 6525.00   3.4027e-17   1.0416e-18
 6530.00   3.7283e-17   1.0278e-18
 6535.00   3.5188e-17   1.0864e-18
 6540.00   3.4764e-17   1.0385e-18
 6545.00   3.7557e-17   1.0871e-18
 6550.00   3.3060e-17   1.0154e-18
 6555.00   2.9495e-17   1.0792e-18
 6560.00   3.1745e-17   1.0121e-18
 6565.00   3.7438e-17   1.0956e-18
 6570.00   3.7617e-17   1.0828e-18
 6575.00   3.2210e-17   1.0801e-18
 6580.00   3.6324e-17   1.0763e-18
 6585.00   3.6227e-17   1.0805e-18
 6590.00   3.3324e-17   1.0814e-18
 6595.00   3.5782e-17   1.1263e-18
 6600.00   3.8202e-17   1.1189e-18
 6605.00   3.8155e-17   1.1728e-18
 6610.00   3.6901e-17   1.1429e-18
 6615.00   3.6820e-17   1.1502e-18
 6620.00   3.8020e-17   1.1828e-18
 6625.00   3.6953e-17   1.1974e-18
 6630.00   3.3686e-17   1.2310e-18
 6635.00   3.7525e-17   1.1146e-18
 6640.00   3.3778e-17   1.0725e-18
 6645.00   3.8653e-17   1.0697e-18
 6650.00   3.6230e-17   1.0639e-18
 6655.00   4.0275e-17   1.0833e-18
 6660.00   3.8379e-17   1.0796e-18
 6665.00   3.5893e-17   1.0748e-18
 6670.00   3.9812e-17   1.1412e-18
 6675.00   2.2395e-17   1.4154e-18
 6680.00   2.9759e-17   1.3588e-18
 6685.00   3.1119e-17   1.3317e-18
 6690.00   3.2893e-17   1.2960e-18
 6695.00   4.0129e-17   1.2828e-18
 6700.00   3.5041e-17   1.2446e-18
 6705.00   3.6572e-17   1.2143e-18
 6710.00   4.0087e-17   1.2056e-18
 6715.00   3.7233e-17   1.1817e-18
 6720.00   3.6853e-17   1.1446e-18
 6725.00   3.5227e-17   1.1113e-18
 6730.00   3.5367e-17   1.0961e-18
 6735.00   3.3404e-17   1.0721e-18
 6740.00   3.8099e-17   1.0603e-18
 6745.00   3.5721e-17   1.0468e-18
 6750.00   3.4855e-17   1.0178e-18
 6755.00   3.5043e-17   1.0104e-18
 6760.00   3.3013e-17   9.7851e-19
 6765.00   3.7838e-17   9.9150e-19
 6770.00   3.6168e-17   9.7517e-19
 6775.00   3.6326e-17   9.6258e-19
 6780.00   3.7732e-17   9.5634e-19
 6785.00   3.4052e-17   9.5937e-19
 6790.00   4.0055e-17   9.6818e-19
 6795.00   3.7741e-17   9.5515e-19
 6800.00   3.6921e-17   9.4304e-19
 6805.00   3.8472e-17   9.4235e-19
 6810.00   3.5583e-17   9.3117e-19
 6815.00   3.3743e-17   9.2270e-19
 6820.00   3.6775e-17   9.4336e-19
 6825.00   3.7374e-17   9.6858e-19
 6830.00   3.9261e-17   1.1166e-18
 6835.00   3.4719e-17   1.0701e-18
 6840.00   3.8078e-17   1.0088e-18
 6845.00   3.5666e-17   9.5375e-19
 6850.00   3.4542e-17   9.6627e-19
 6855.00   3.5551e-17   9.6187e-19
 6860.00   3.4582e-17   9.7526e-19
 6865.00   3.3388e-17   1.1037e-18
 6870.00   2.1652e-17   8.4278e-19
 6875.00   2.6570e-17   8.7471e-19
 6880.00   3.1277e-17   1.0173e-18
 6885.00   3.1090e-17   9.7490e-19
 6890.00   3.0441e-17   1.0431e-18
 6895.00   2.6637e-17   9.6890e-19
 6900.00   3.3645e-17   1.1073e-18
 6905.00   3.5125e-17   1.0698e-18
 6910.00   3.3928e-17   1.1147e-18
 6915.00   3.1631e-17   9.7254e-19
 6920.00   3.5350e-17   9.3981e-19
 6925.00   2.9209e-17   1.0936e-18
 6930.00   3.5037e-17   9.4104e-19
 6935.00   3.3660e-17   9.3981e-19
 6940.00   3.2171e-17   9.9167e-19
 6945.00   3.3797e-17   9.2836e-19
 6950.00   3.4612e-17   1.0317e-18
 6955.00   3.4692e-17   1.0761e-18
 6960.00   3.6893e-17   1.2370e-18
 6965.00   3.9702e-17   1.2232e-18
 6970.00   4.0841e-17   1.2398e-18
 6975.00   3.8186e-17   1.1440e-18
 6980.00   3.5612e-17   1.2010e-18
 6985.00   3.7564e-17   1.0930e-18
 6990.00   3.3354e-17   1.0588e-18
 6995.00   3.3812e-17   1.0192e-18
 7000.00   3.8153e-17   1.0258e-18
 7005.00   3.8590e-17   1.0213e-18
 7010.00   3.7542e-17   1.0383e-18
 7015.00   3.7018e-17   9.5014e-19
 7020.00   3.4612e-17   9.3668e-19
 7025.00   3.7744e-17   9.2188e-19
 7030.00   4.2009e-17   9.3617e-19
 7035.00   4.0091e-17   9.1442e-19
 7040.00   3.6197e-17   9.1408e-19
 7045.00   3.7207e-17   9.1281e-19
 7050.00   3.7648e-17   9.5833e-19
 7055.00   4.0927e-17   8.9435e-19
 7060.00   3.4733e-17   8.6402e-19
 7065.00   4.1305e-17   8.9361e-19
 7070.00   3.8235e-17   8.6909e-19
 7075.00   3.0841e-17   9.1675e-19
 7080.00   3.6175e-17   8.5971e-19
 7085.00   3.8321e-17   8.4049e-19
 7090.00   3.7958e-17   8.6844e-19
 7095.00   3.9661e-17   8.3249e-19
 7100.00   3.7938e-17   8.2737e-19
 7105.00   3.8231e-17   8.2805e-19
 7110.00   3.8298e-17   8.3251e-19
 7115.00   4.2031e-17   8.4412e-19
 7120.00   3.9583e-17   8.2644e-19
 7125.00   3.8001e-17   8.4098e-19
 7130.00   3.6570e-17   8.3567e-19
 7135.00   3.8720e-17   8.4743e-19
 7140.00   3.8139e-17   8.4561e-19
 7145.00   3.8755e-17   8.9385e-19
 7150.00   3.6408e-17   8.6309e-19
 7155.00   3.6872e-17   8.5310e-19
 7160.00   3.7337e-17   8.8029e-19
 7165.00   3.8223e-17   8.8233e-19
 7170.00   3.4025e-17   8.6146e-19
 7175.00   3.0027e-17   8.5619e-19
 7180.00   3.1867e-17   8.7583e-19
 7185.00   3.1385e-17   8.5138e-19
 7190.00   3.3409e-17   8.8818e-19
 7195.00   3.5239e-17   9.0450e-19
 7200.00   3.4400e-17   9.1625e-19
 7205.00   3.1847e-17   9.1942e-19
 7210.00   3.6631e-17   9.9189e-19
 7215.00   3.6027e-17   9.9847e-19
 7220.00   3.8035e-17   8.6297e-19
 7225.00   3.5639e-17   8.6130e-19
 7230.00   3.7767e-17   8.6932e-19
 7235.00   3.3675e-17   8.3588e-19
 7240.00   3.2811e-17   1.1844e-18
 7245.00   3.2376e-17   1.0174e-18
 7250.00   3.6685e-17   8.7336e-19
 7255.00   3.3662e-17   9.3850e-19
 7260.00   3.6066e-17   8.5112e-19
 7265.00   3.4535e-17   1.0582e-18
 7270.00   3.4995e-17   1.1176e-18
 7275.00   3.1905e-17   1.2326e-18
 7280.00   3.4117e-17   1.0476e-18
 7285.00   3.4069e-17   1.1440e-18
 7290.00   3.4164e-17   9.8200e-19
 7295.00   3.3210e-17   1.0026e-18
 7300.00   3.6274e-17   9.2872e-19
 7305.00   3.6112e-17   1.0159e-18
 7310.00   3.2310e-17   8.9970e-19
 7315.00   3.3485e-17   9.7912e-19
 7320.00   3.5317e-17   8.8452e-19
 7325.00   3.5472e-17   8.6267e-19
 7330.00   3.7169e-17   9.6583e-19
 7335.00   3.5530e-17   8.3635e-19
 7340.00   3.5852e-17   9.5209e-19
 7345.00   3.7672e-17   8.4675e-19
 7350.00   4.0235e-17   8.5424e-19
 7355.00   4.0078e-17   8.3080e-19
 7360.00   3.8583e-17   8.9446e-19
 7365.00   3.8236e-17   8.1636e-19
 7370.00   3.8875e-17   9.1488e-19
 7375.00   3.7702e-17   8.1032e-19
 7380.00   3.9619e-17   7.9153e-19
 7385.00   4.1008e-17   7.9253e-19
 7390.00   3.8234e-17   8.4493e-19
 7395.00   4.1074e-17   7.9295e-19
 7400.00   3.3021e-17   8.7610e-19
 7405.00   3.9802e-17   7.8512e-19
 7410.00   4.0201e-17   7.7880e-19
 7415.00   4.0056e-17   7.8596e-19
 7420.00   3.9030e-17   7.7039e-19
 7425.00   3.8877e-17   7.7044e-19
 7430.00   3.7315e-17   8.2606e-19
 7435.00   3.8348e-17   7.6977e-19
 7440.00   3.7381e-17   8.6094e-19
 7445.00   3.7944e-17   7.6886e-19
 7450.00   3.7900e-17   7.7432e-19
 7455.00   3.6361e-17   7.7208e-19
 7460.00   3.4555e-17   8.0606e-19
 7465.00   3.7870e-17   8.4803e-19
 7470.00   3.4112e-17   8.4831e-19
 7475.00   3.5722e-17   8.3522e-19
 7480.00   3.6377e-17   8.9956e-19
 7485.00   3.9122e-17   8.8599e-19
 7490.00   3.8646e-17   8.2460e-19
 7495.00   3.6287e-17   8.5386e-19
 7500.00   4.0713e-17   8.4326e-19
 7505.00   3.5709e-17   8.4161e-19
 7510.00   3.6342e-17   8.4504e-19
 7515.00   3.7865e-17   8.8993e-19
 7520.00   3.9830e-17   9.1731e-19
 7525.00   3.6946e-17   1.0583e-18
 7530.00   3.6791e-17   9.9301e-19
 7535.00   3.7413e-17   9.3196e-19
 7540.00   4.1571e-17   9.8992e-19
 7545.00   3.4576e-17   9.5205e-19
 7550.00   3.7254e-17   8.8398e-19
 7555.00   3.8030e-17   8.3052e-19
 7560.00   3.8714e-17   8.2540e-19
 7565.00   3.9639e-17   8.1121e-19
 7570.00   4.2847e-17   9.1297e-19
 7575.00   3.9993e-17   8.3366e-19
 7580.00   3.6555e-17   7.8409e-19
 7585.00   3.8811e-17   8.4460e-19
 7590.00   3.7068e-17   7.7541e-19
 7595.00   1.4881e-17   5.8831e-19
 7600.00   9.5867e-18   6.2805e-19
 7605.00   3.3746e-18   6.1798e-19
 7610.00   6.5073e-18   6.2573e-19
 7615.00   1.5838e-17   7.1506e-19
 7620.00   2.3209e-17   8.5423e-19
 7625.00   1.5189e-17   6.6880e-19
 7630.00   1.0523e-17   6.5743e-19
 7635.00   1.3821e-17   6.2569e-19
 7640.00   1.6249e-17   6.3810e-19
 7645.00   1.6728e-17   6.4240e-19
 7650.00   2.1624e-17   6.6404e-19
 7655.00   2.2681e-17   7.0179e-19
 7660.00   2.7278e-17   7.2513e-19
 7665.00   3.0436e-17   7.3349e-19
 7670.00   3.3346e-17   7.3132e-19
 7675.00   3.5388e-17   7.4858e-19
 7680.00   3.8570e-17   7.7437e-19
 7685.00   3.6164e-17   7.5902e-19
 7690.00   3.5516e-17   7.7164e-19
 7695.00   3.5360e-17   7.5049e-19
 7700.00   3.9252e-17   8.0885e-19
 7705.00   3.6644e-17   7.2822e-19
 7710.00   3.7993e-17   7.8817e-19
 7715.00   3.5195e-17   1.1543e-18
 7720.00   3.5171e-17   7.9440e-19
 7725.00   3.3465e-17   8.6597e-19
 7730.00   3.4807e-17   7.3013e-19
 7735.00   3.5805e-17   7.6607e-19
 7740.00   3.5811e-17   7.3124e-19
 7745.00   3.6728e-17   7.2599e-19
 7750.00   3.4780e-17   9.3374e-19
 7755.00   3.8046e-17   7.4898e-19
 7760.00   3.6059e-17   7.9544e-19
 7765.00   3.3500e-17   7.0043e-19
 7770.00   3.4170e-17   7.6817e-19
 7775.00   3.2639e-17   8.5473e-19
 7780.00   3.4250e-17   8.0128e-19
 7785.00   3.4220e-17   7.3498e-19
 7790.00   3.5977e-17   7.8546e-19
 7795.00   3.7140e-17   8.5075e-19
 7800.00   3.4806e-17   7.2256e-19
 7805.00   3.2977e-17   7.2802e-19
 7810.00   3.4200e-17   8.3228e-19
 7815.00   3.2892e-17   7.6075e-19
 7820.00   3.3943e-17   8.8309e-19
 7825.00   3.3021e-17   7.4688e-19
 7830.00   3.4672e-17   7.6091e-19
 7835.00   3.4854e-17   7.6053e-19
 7840.00   3.7674e-17   8.4992e-19
 7845.00   3.4279e-17   7.5003e-19
 7850.00   3.4964e-17   9.0284e-19
 7855.00   3.8442e-17   9.2682e-19
 7860.00   3.3159e-17   9.6365e-19
 7865.00   3.6887e-17   8.0706e-19
 7870.00   3.4265e-17   9.5614e-19
 7875.00   3.5298e-17   8.0729e-19
 7880.00   3.8193e-17   1.0270e-18
 7885.00   3.6786e-17   8.7373e-19
 7890.00   3.4300e-17   1.0403e-18
 7895.00   3.3903e-17   8.7659e-19
 7900.00   3.7358e-17   8.6748e-19
 7905.00   3.5136e-17   9.0576e-19
 7910.00   3.4694e-17   9.6249e-19
 7915.00   3.5069e-17   9.2153e-19
 7920.00   3.6615e-17   9.0610e-19
 7925.00   3.4111e-17   7.3574e-19
 7930.00   3.4510e-17   9.0015e-19
 7935.00   3.4262e-17   7.2862e-19
 7940.00   3.5614e-17   7.3114e-19
 7945.00   3.7448e-17   7.6371e-19
 7950.00   3.7164e-17   8.1268e-19
 7955.00   3.7824e-17   7.4483e-19
 7960.00   3.6192e-17   7.1459e-19
 7965.00   3.6057e-17   8.3641e-19
 7970.00   3.5757e-17   8.5768e-19
 7975.00   3.5996e-17   9.9626e-19
 7980.00   3.9790e-17   1.0795e-18
 7985.00   3.7771e-17   8.9886e-19
 7990.00   3.6860e-17   9.1903e-19
 7995.00   3.8967e-17   1.0579e-18
 8000.00   3.8264e-17   8.9936e-19
 8005.00   3.8350e-17   8.5324e-19
 8010.00   3.8378e-17   8.3791e-19
 8015.00   3.7234e-17   9.1825e-19
 8020.00   3.5373e-17   8.5092e-19
 8025.00   3.6645e-17   9.6380e-19
 8030.00   3.5605e-17   8.8590e-19
 8035.00   3.8282e-17   7.8138e-19
 8040.00   3.7776e-17   7.8089e-19
 8045.00   3.5680e-17   7.5105e-19
 8050.00   3.6298e-17   8.4436e-19
 8055.00   3.6397e-17   7.4180e-19
 8060.00   3.3384e-17   8.0089e-19
 8065.00   3.6467e-17   7.5437e-19
 8070.00   3.6596e-17   7.0728e-19
 8075.00   3.5455e-17   7.2766e-19
 8080.00   3.6953e-17   7.1930e-19
 8085.00   3.7719e-17   7.4167e-19
 8090.00   3.6919e-17   6.8620e-19
 8095.00   3.8380e-17   7.5044e-19
 8100.00   3.6993e-17   7.2719e-19
 8105.00   3.3865e-17   7.2376e-19
 8110.00   3.6387e-17   6.7723e-19
 8115.00   3.7274e-17   6.6630e-19
 8120.00   3.5920e-17   6.6741e-19
 8125.00   3.6479e-17   6.6595e-19
 8130.00   3.4628e-17   6.7600e-19
 8135.00   3.3204e-17   6.4498e-19
 8140.00   3.2417e-17   6.8339e-19
 8145.00   3.5354e-17   6.8934e-19
 8150.00   3.2592e-17   6.3796e-19
 8155.00   3.2049e-17   6.2097e-19
 8160.00   2.8348e-17   6.0727e-19
 8165.00   3.1994e-17   6.2344e-19
 8170.00   3.0712e-17   6.1334e-19
 8175.00   3.2442e-17   6.2756e-19
 8180.00   2.8914e-17   6.0629e-19
 8185.00   3.1521e-17   6.4911e-19
 8190.00   2.9251e-17   6.7949e-19
 8195.00   3.3780e-17   6.6890e-19
 8200.00   3.3105e-17   6.3835e-19
 8205.00   3.7225e-17   6.9223e-19
 8210.00   3.4299e-17   6.8384e-19
 8215.00   3.8208e-17   6.9589e-19
 8220.00   3.2929e-17   6.7328e-19
 8225.00   3.4066e-17   6.7194e-19
 8230.00   2.4780e-17   6.0098e-19
 8235.00   3.3609e-17   6.8966e-19
 8240.00   3.4933e-17   7.1862e-19
 8245.00   3.4855e-17   7.1739e-19
 8250.00   3.6717e-17   7.5480e-19
 8255.00   3.4167e-17   7.2302e-19
 8260.00   3.7711e-17   7.4322e-19
 8265.00   3.6646e-17   7.4412e-19
 8270.00   3.7354e-17   7.6578e-19
 8275.00   3.5038e-17   7.5044e-19
 8280.00   3.6542e-17   1.1918e-18
 8285.00   3.5891e-17   9.3849e-19
 8290.00   3.5121e-17   9.5930e-19
 8295.00   3.4965e-17   8.8041e-19
 8300.00   3.6868e-17   9.7222e-19
 8305.00   4.1735e-17   8.6283e-19
 8310.00   4.0699e-17   9.6091e-19
 8315.00   3.4437e-17   8.1595e-19
 8320.00   3.1869e-17   6.7758e-19
 8325.00   3.7269e-17   6.9343e-19
 8330.00   3.4829e-17   6.6946e-19
 8335.00   3.2906e-17   6.8600e-19
 8340.00   3.5437e-17   7.0931e-19
 8345.00   4.4826e-17   9.8075e-19
 8350.00   4.6988e-17   8.0723e-19
 8355.00   3.7777e-17   7.8420e-19
 8360.00   3.7171e-17   7.3698e-19
 8365.00   3.4836e-17   8.2173e-19
 8370.00   3.5618e-17   6.8451e-19
 8375.00   3.4091e-17   6.8793e-19
 8380.00   3.4636e-17   9.7980e-19
 8385.00   3.5820e-17   8.9519e-19
 8390.00   3.5876e-17   8.6879e-19
 8395.00   3.6116e-17   8.2977e-19
 8400.00   3.2410e-17   9.9502e-19
 8405.00   3.4965e-17   7.9584e-19
 8410.00   3.5500e-17   7.8921e-19
 8415.00   3.3619e-17   9.0389e-19
 8420.00   3.6628e-17   7.8041e-19
 8425.00   3.7043e-17   8.1383e-19
 8430.00   3.5811e-17   9.5677e-19
 8435.00   3.8211e-17   7.7754e-19
 8440.00   3.6575e-17   7.2880e-19
 8445.00   3.7192e-17   7.8848e-19
 8450.00   3.4534e-17   8.0402e-19
 8455.00   3.4388e-17   7.5776e-19
 8460.00   3.6837e-17   7.1775e-19
 8465.00   3.5328e-17   8.6078e-19
 8470.00   3.6609e-17   7.0146e-19
 8475.00   3.5350e-17   7.2301e-19
 8480.00   3.8147e-17   6.8927e-19
 8485.00   3.5349e-17   6.8258e-19
 8490.00   3.3637e-17   6.7501e-19
 8495.00   3.6207e-17   8.0990e-19
 8500.00   3.4021e-17   6.9718e-19
 8505.00   3.6279e-17   8.3862e-19
 8510.00   3.6569e-17   6.6117e-19
 8515.00   3.7672e-17   6.6700e-19
 8520.00   3.8430e-17   6.8737e-19
 8525.00   3.9025e-17   6.6303e-19
 8530.00   3.7641e-17   6.5519e-19
 8535.00   3.8709e-17   6.5769e-19
 8540.00   4.1357e-17   7.4887e-19
 8545.00   3.6823e-17   6.4457e-19
 8550.00   3.7661e-17   7.8739e-19
 8555.00   3.5098e-17   6.3968e-19
 8560.00   3.3993e-17   6.1425e-19
 8565.00   3.4017e-17   6.3649e-19
 8570.00   3.6127e-17   6.4170e-19
 8575.00   3.6248e-17   6.6102e-19
 8580.00   3.5650e-17   6.3248e-19
 8585.00   3.5881e-17   6.3332e-19
 8590.00   3.4303e-17   6.9370e-19
 8595.00   3.7586e-17   6.9729e-19
 8600.00   3.6452e-17   6.4706e-19
 8605.00   3.3757e-17   6.3624e-19
 8610.00   3.3709e-17   6.6465e-19
 8615.00   3.7319e-17   7.7484e-19
 8620.00   3.0677e-17   8.7090e-19
 8625.00   3.2958e-17   9.2360e-19
 8630.00   3.3887e-17   9.7108e-19
 8635.00   3.5173e-17   9.2610e-19
 8640.00   3.5856e-17   8.1271e-19
 8645.00   3.5104e-17   6.9607e-19
 8650.00   3.2841e-17   8.3696e-19
 8655.00   3.3509e-17   8.3026e-19
 8660.00   3.7213e-17   8.5077e-19
 8665.00   3.5025e-17   8.4180e-19
 8670.00   3.4946e-17   8.2020e-19
 8675.00   3.2833e-17   7.8313e-19
 8680.00   3.2424e-17   7.6613e-19
 8685.00   3.3097e-17   7.1846e-19
 8690.00   3.1267e-17   7.0972e-19
 8695.00   3.2261e-17   7.3078e-19
 8700.00   3.4629e-17   7.5867e-19
 8705.00   3.4275e-17   7.3253e-19
 8710.00   3.5418e-17   7.2924e-19
 8715.00   3.4824e-17   7.0161e-19
 8720.00   3.6728e-17   7.1790e-19
 8725.00   3.5165e-17   7.4717e-19
 8730.00   3.5576e-17   7.2767e-19
 8735.00   3.5418e-17   7.3448e-19
 8740.00   3.6209e-17   7.8008e-19
 8745.00   3.7065e-17   7.9175e-19
 8750.00   3.6632e-17   8.0034e-19
 8755.00   3.5368e-17   8.0192e-19
 8760.00   3.8999e-17   1.3474e-18
 8765.00   3.4899e-17   8.3919e-19
 8770.00   3.4150e-17   7.9232e-19
 8775.00   3.3410e-17   7.6862e-19
 8780.00   3.3661e-17   7.7547e-19
 8785.00   3.3724e-17   6.4858e-19
 8790.00   3.2916e-17   7.7451e-19
 8795.00   3.5799e-17   6.5924e-19
 8800.00   2.8796e-17   6.6971e-19
 8805.00   1.7387e-17   6.9117e-19
 8810.00   3.4924e-17   7.1811e-19
 8815.00   3.6311e-17   6.4765e-19
 8820.00   3.3597e-17   6.5165e-19
 8825.00   3.7378e-17   9.1726e-19
 8830.00   3.4655e-17   8.9734e-19
 8835.00   3.6673e-17   1.2736e-18
 8840.00   3.5267e-17   8.0558e-19
 8845.00   3.4897e-17   8.3470e-19
 8850.00   3.5272e-17   9.2717e-19
 8855.00   3.6156e-17   7.7627e-19
 8860.00   3.6744e-17   7.9050e-19
 8865.00   3.3428e-17   8.7099e-19
 8870.00   3.3771e-17   8.0363e-19
 8875.00   3.0796e-17   7.7863e-19
 8880.00   3.5093e-17   7.0762e-19
 8885.00   3.6304e-17   9.1884e-19
 8890.00   3.6069e-17   7.4483e-19
 8895.00   3.4490e-17   7.2547e-19
 8900.00   3.5500e-17   7.0593e-19
 8905.00   3.4119e-17   8.2492e-19
 8910.00   3.3780e-17   7.2804e-19
 8915.00   3.3575e-17   6.6200e-19
 8920.00   3.4304e-17   8.8119e-19
 8925.00   3.5175e-17   6.8494e-19
 8930.00   3.5400e-17   6.9460e-19
 8935.00   3.7021e-17   6.7712e-19
 8940.00   3.2994e-17   6.4743e-19
 8945.00   3.2531e-17   7.4329e-19
 8950.00   3.1957e-17   6.1611e-19
 8955.00   2.7323e-17   7.9758e-19
 8960.00   4.1126e-17   7.1385e-19
 8965.00   2.3904e-17   5.7536e-19
 8970.00   2.8934e-17   6.2170e-19
 8975.00   2.9223e-17   5.8851e-19
 8980.00   2.9161e-17   6.3814e-19
 8985.00   2.7849e-17   6.0121e-19
 8990.00   2.0296e-17   6.3776e-19
 8995.00   3.0904e-17   6.0416e-19
 9000.00   2.7905e-17   7.0404e-19
 9005.00   2.4219e-17   5.2967e-19
 9010.00   2.6374e-17   5.3411e-19
 9015.00   2.4330e-17   5.1999e-19
 9020.00   2.9558e-17   5.8598e-19
 9025.00   2.5574e-17   5.3050e-19
 9030.00   3.1263e-17   6.0701e-19
 9035.00   3.2118e-17   5.9493e-19
 9040.00   3.1752e-17   6.6451e-19
 9045.00   2.9369e-17   5.9998e-19
 9050.00   3.2796e-17   7.5358e-19
 9055.00   3.0698e-17   6.0865e-19
 9060.00   2.7661e-17   5.7741e-19
 9065.00   3.0387e-17   6.2589e-19
 9070.00   2.5165e-17   5.9707e-19
 9075.00   2.9153e-17   5.9517e-19
 9080.00   2.5375e-17   5.5485e-19
 9085.00   2.7112e-17   5.9209e-19
 9090.00   2.9974e-17   6.2902e-19
 9095.00   2.8955e-17   6.5283e-19
 9100.00   2.5282e-17   6.1115e-19
 9105.00   2.6793e-17   6.4782e-19
 9110.00   3.1466e-17   6.1263e-19
 9115.00   3.0857e-17   6.1159e-19
 9120.00   2.5389e-17   5.7986e-19
 9125.00   3.0922e-17   6.2728e-19
 9130.00   2.5337e-17   5.8854e-19
 9135.00   2.1919e-17   5.9916e-19
 9140.00   3.0759e-17   6.5076e-19
 9145.00   2.9587e-17   6.5761e-19
 9150.00   3.1426e-17   7.2570e-19
 9155.00   2.1646e-17   6.5316e-19
 9160.00   3.1571e-17   8.3242e-19
 9165.00   3.1384e-17   6.8517e-19
 9170.00   2.9640e-17   6.8341e-19
 9175.00   2.5227e-17   6.4784e-19
 9180.00   3.0039e-17   7.1075e-19
 9185.00   2.8077e-17   6.9312e-19
 9190.00   3.2287e-17   7.3458e-19
 9195.00   3.1851e-17   7.1619e-19
 9200.00   3.5337e-17   7.6565e-19
 9205.00   3.2439e-17   7.6776e-19
 9210.00   3.1598e-17   7.6309e-19
 9215.00   3.1225e-17   8.3144e-19
 9220.00   3.1786e-17   7.9806e-19
 9225.00   2.3671e-17   1.0148e-18
 9230.00   2.9905e-17   8.2458e-19
 9235.00   3.4022e-17   8.2224e-19
 9240.00   2.8009e-17   8.0841e-19
 9245.00   2.8971e-17   8.3424e-19
 9250.00   3.2627e-17   9.3998e-19
 9255.00   3.2702e-17   9.0087e-19
 9260.00   2.8105e-17   6.9961e-19
 9265.00   3.2853e-17   7.4888e-19
 9270.00   3.1803e-17   6.8114e-19
 9275.00   2.7919e-17   6.6728e-19
 9280.00   2.6806e-17   6.5101e-19
 9285.00   2.8318e-17   7.2042e-19
 9290.00   2.7999e-17   6.9275e-19
 9295.00   2.4949e-17   7.3321e-19
 9300.00   2.1852e-17   6.2345e-19
 9305.00   2.4052e-17   8.9552e-19
 9310.00   1.9416e-17   1.1573e-18
 9315.00   9.9174e-18   8.3632e-19
 9320.00   2.2534e-17   7.7088e-19
 9325.00   1.6709e-17   8.4252e-19
 9330.00   2.3805e-17   7.8000e-19
 9335.00   8.5287e-18   7.2216e-19
 9340.00   1.1689e-17   7.9597e-19
 9345.00   6.3931e-18   6.0825e-19
 9350.00   2.6701e-17   1.0098e-18
 9355.00   2.3819e-18   7.6620e-19
 9360.00   2.8388e-17   7.0168e-19
 9365.00   8.3344e-18   7.1082e-19
 9370.00   1.0594e-17   7.0020e-19
 9375.00   2.1413e-17   1.7406e-18
 9380.00   1.0718e-17   7.1656e-19
 9385.00   1.7343e-17   7.6742e-19
 9390.00   2.5681e-17   7.5632e-19
 9395.00   3.0258e-17   8.5319e-19
 9400.00   2.1976e-17   8.6912e-19
 9405.00   2.2702e-17   8.0552e-19
 9410.00   1.9834e-17   6.7857e-19
 9415.00   2.4791e-17   7.7705e-19
 9420.00   1.6263e-17   1.0416e-18
 9425.00   1.7764e-17   7.1350e-19
 9430.00   1.4547e-17   6.0883e-19
 9435.00   3.0897e-17   8.0147e-19
 9440.00   8.2269e-18   1.1327e-18
 9445.00   1.5053e-17   7.1011e-19
 9450.00   2.8225e-17   8.5150e-19
 9455.00   1.7840e-17   7.1748e-19
 9460.00   8.9015e-18   8.4754e-19
 9465.00   2.5635e-17   7.0919e-19
 9470.00   1.9013e-17   6.5941e-19
 9475.00   2.3449e-17   9.3533e-19
 9480.00   9.3393e-18   6.7299e-19
 9485.00   2.4648e-17   7.3968e-19
 9490.00   3.0443e-17   7.9444e-19
 9495.00   1.1567e-17   5.9830e-19
 9500.00   1.0607e-17   6.8069e-19
 9505.00   2.5241e-17   8.6908e-19
 9510.00   3.0216e-17   7.3570e-19
 9515.00   2.1503e-17   6.6931e-19
 9520.00   1.2408e-17   8.2371e-19
 9525.00   2.2241e-17   6.8188e-19
 9530.00   2.2177e-17   7.5301e-19
 9535.00   2.4909e-17   8.0908e-19
 9540.00   2.5947e-17   6.9333e-19
 9545.00   1.7885e-17   6.1834e-19
 9550.00   2.5871e-17   8.1176e-19
 9555.00   1.7375e-17   7.2100e-19
 9560.00   2.5494e-17   7.4825e-19
 9565.00   1.5612e-17   8.0613e-19
 9570.00   2.2989e-17   9.0500e-19
 9575.00   3.3832e-17   7.8869e-19
 9580.00   1.6199e-17   6.4934e-19
 9585.00   2.9161e-17   7.2787e-19
 9590.00   1.8801e-17   6.6529e-19
 9595.00   2.6238e-17   7.1064e-19
 9600.00   2.6873e-17   7.1462e-19
 9605.00   2.2282e-17   7.6371e-19
 9610.00   3.1332e-17   8.7561e-19
 9615.00   2.8706e-17   7.7852e-19
 9620.00   2.4019e-17   9.8871e-19
 9625.00   1.6104e-17   9.1944e-19
 9630.00   2.8577e-17   8.7895e-19
 9635.00   3.1493e-17   7.4638e-19
 9640.00   2.4969e-17   7.7286e-19
 9645.00   2.1672e-17   7.2484e-19
 9650.00   2.9701e-17   8.3592e-19
 9655.00   2.8863e-17   9.1840e-19
 9660.00   2.4631e-17   9.1888e-19
 9665.00   2.5265e-17   8.3541e-19
 9670.00   2.2942e-17   1.1891e-18
 9675.00   3.1585e-17   1.0024e-18
 9680.00   2.8439e-17   1.4082e-18
 9685.00   3.4959e-17   1.0621e-18
 9690.00   3.1546e-17   1.0957e-18
 9695.00   3.1438e-17   1.0012e-18
 9700.00   2.7993e-17   1.3096e-18
 9705.00   3.4941e-17   1.0220e-18
 9710.00   3.1143e-17   1.1591e-18
 9715.00   2.6359e-17   9.9297e-19
 9720.00   2.9674e-17   1.5267e-18
 9725.00   2.9079e-17   1.0806e-18
 9730.00   2.9536e-17   1.1058e-18
 9735.00   2.7372e-17   1.2900e-18
 9740.00   2.9739e-17   1.2736e-18
 9745.00   2.4543e-17   1.3157e-18
 9750.00   2.9057e-17   1.0901e-18
 9755.00   2.6884e-17   1.1199e-18
 9760.00   2.3094e-17   1.0742e-18
 9765.00   2.5912e-17   1.1252e-18
 9770.00   2.6794e-17   1.1266e-18
 9775.00   3.1570e-17   1.1966e-18
 9780.00   2.6638e-17   1.2191e-18
 9785.00   2.8903e-17   1.2741e-18
 9790.00   2.5550e-17   2.2359e-18
 9795.00   2.3603e-17   1.2871e-18
 9800.00   2.8916e-17   1.4162e-18
 9805.00   2.6685e-17   1.1989e-18
 9810.00   3.2197e-17   1.6131e-18
 9815.00   3.3723e-17   2.0965e-18
 9820.00   3.3407e-17   1.9029e-18
 9825.00   2.4753e-17   1.7899e-18
 9830.00   3.0601e-17   1.8738e-18
 9835.00   3.1111e-17   1.7016e-18
 9840.00   2.6854e-17   1.6739e-18
 9845.00   3.2152e-17   1.7924e-18
 9850.00   2.8858e-17   2.1310e-18
 9855.00   3.1185e-17   1.6066e-18
 9860.00   3.3214e-17   1.6110e-18
 9865.00   3.6618e-17   1.7025e-18
 9870.00   4.4458e-17   2.4199e-18
 9875.00   3.0089e-17   1.9578e-18
 9880.00   3.1068e-17   1.6150e-18
 9885.00   2.3013e-17   1.8455e-18
 9890.00   2.9755e-17   1.6552e-18
 9895.00   3.1443e-17   2.4184e-18
 9900.00   2.2141e-17   1.6261e-18
 9905.00   3.0184e-17   1.5917e-18
 9910.00   2.6320e-17   1.7596e-18
 9915.00   4.7923e-17   2.9596e-18
 9920.00   3.4071e-17   1.6700e-18
 9925.00   2.8879e-17   1.5231e-18
 9930.00   3.2971e-17   1.5317e-18
 9935.00   3.0206e-17   1.6654e-18
 9940.00   2.4868e-17   2.3835e-18
 9945.00   4.3898e-17   4.0595e-18
 9950.00   3.4025e-17   2.5445e-18
 9955.00   3.6760e-17   2.8186e-18
 9960.00   2.7904e-17   3.2202e-18
 9965.00   3.4455e-17   1.9340e-18
 9970.00   3.4071e-17   2.0378e-18
 9975.00   2.6279e-17   2.0248e-18
 9980.00   3.3272e-17   1.8852e-18
 9985.00   2.8190e-17   1.5687e-18
 9990.00   2.7633e-17   1.6042e-18
 9995.00   2.7633e-17   9.9999e+04
10000.00   2.7633e-17   9.9999e+04
