 
TRANSIENT_NAME:     DES15C3axo 
SNID:               1292195    
OBS_DATE:           2015-09-22
MJD:                57287. 
PHASE:              +3.    
MJD_MAX:            57280.9
TYPE:               1  
SPEC_EVAL:          SNIa
REDSHIFT:           0.8300  
REDSHIFT_ERR:       0.0050  
REDSHIFT_SOURCE:    Z_SN
TELESCOPE:          VLT
INSTRUMENT:         X-SHOOTER
 
======================================
 
# WAVE  FLUX  FLUX_ERR
 3235.00   7.9345e-19   1.2438e-18
 3240.00  -1.5404e-18   1.1791e-18
 3245.00  -8.0007e-19   1.1560e-18
 3250.00  -7.0869e-19   1.1113e-18
 3255.00  -7.1944e-19   1.1389e-18
 3260.00   2.1606e-19   1.2094e-18
 3265.00  -1.2897e-18   1.1658e-18
 3270.00  -2.2137e-18   1.1627e-18
 3275.00   6.3183e-19   1.1912e-18
 3280.00  -1.2609e-18   1.1494e-18
 3285.00  -6.4771e-19   1.2224e-18
 3290.00  -9.7658e-19   1.2484e-18
 3295.00  -7.6105e-19   1.3607e-18
 3300.00  -1.1302e-18   1.3397e-18
 3305.00  -2.6789e-18   1.2937e-18
 3310.00  -2.5442e-18   1.3261e-18
 3315.00   1.7540e-18   1.3780e-18
 3320.00   5.5349e-19   1.3744e-18
 3325.00   8.3196e-19   1.3053e-18
 3330.00  -1.9135e-18   1.2274e-18
 3335.00   2.7737e-19   1.1983e-18
 3340.00  -1.2544e-18   1.1390e-18
 3345.00  -1.0990e-18   1.1997e-18
 3350.00   1.4267e-18   1.1193e-18
 3355.00   3.1225e-19   1.0635e-18
 3360.00   3.9581e-19   9.2655e-19
 3365.00  -8.5156e-19   9.5374e-19
 3370.00  -8.4012e-19   1.0070e-18
 3375.00  -2.6278e-18   9.3469e-19
 3380.00  -6.2875e-19   8.8875e-19
 3385.00   5.7920e-20   8.7692e-19
 3390.00  -1.0403e-18   8.2684e-19
 3395.00  -9.9598e-19   8.1471e-19
 3400.00   2.7469e-19   8.4530e-19
 3405.00   3.9120e-19   8.1592e-19
 3410.00  -2.5916e-20   8.1066e-19
 3415.00  -1.5681e-18   7.8822e-19
 3420.00  -2.6622e-19   8.5385e-19
 3425.00  -1.4456e-18   8.4351e-19
 3430.00   1.2407e-19   8.7452e-19
 3435.00   2.8188e-19   8.7401e-19
 3440.00   6.1981e-20   8.4996e-19
 3445.00  -2.7092e-19   8.5815e-19
 3450.00  -5.0018e-19   9.3003e-19
 3455.00  -1.1083e-18   9.3545e-19
 3460.00  -1.0094e-18   8.9154e-19
 3465.00  -1.0174e-18   9.0008e-19
 3470.00  -2.4247e-19   8.9541e-19
 3475.00  -9.6534e-19   8.2436e-19
 3480.00  -1.1054e-18   8.8835e-19
 3485.00  -8.8184e-19   8.3474e-19
 3490.00  -3.9514e-19   7.7997e-19
 3495.00  -2.8673e-19   7.7460e-19
 3500.00  -7.1121e-19   7.4351e-19
 3505.00  -6.9825e-19   7.1037e-19
 3510.00  -2.5473e-19   6.8544e-19
 3515.00  -6.5771e-19   6.2644e-19
 3520.00  -9.8484e-20   6.1712e-19
 3525.00   2.5492e-19   5.5462e-19
 3530.00   4.1819e-20   5.7897e-19
 3535.00  -7.2287e-19   5.5100e-19
 3540.00  -1.2896e-21   5.7804e-19
 3545.00  -5.5907e-19   5.9805e-19
 3550.00  -1.2787e-19   5.6140e-19
 3555.00  -7.5645e-19   5.3946e-19
 3560.00  -1.6750e-19   5.2446e-19
 3565.00  -3.5498e-19   4.6920e-19
 3570.00  -3.5580e-19   4.4726e-19
 3575.00  -4.9371e-19   4.6419e-19
 3580.00  -1.7745e-19   4.1807e-19
 3585.00  -6.6251e-19   4.2038e-19
 3590.00  -1.2301e-19   4.7067e-19
 3595.00   7.9732e-19   5.1842e-19
 3600.00  -8.6806e-19   5.1857e-19
 3605.00   7.2026e-19   5.3271e-19
 3610.00   1.5025e-19   5.3736e-19
 3615.00  -6.3103e-19   5.9310e-19
 3620.00  -7.4331e-19   6.0191e-19
 3625.00  -5.3321e-19   6.7300e-19
 3630.00  -3.5387e-19   6.8777e-19
 3635.00  -4.1715e-19   7.0527e-19
 3640.00  -9.7611e-19   7.4426e-19
 3645.00  -7.7506e-19   7.3865e-19
 3650.00  -3.2608e-19   7.5631e-19
 3655.00  -4.0019e-18   1.3836e-18
 3660.00   5.7911e-19   1.2929e-18
 3665.00  -1.6528e-19   1.1771e-18
 3670.00   1.1304e-18   1.1071e-18
 3675.00  -1.8233e-19   1.0317e-18
 3680.00   2.1778e-19   9.3747e-19
 3685.00   2.4881e-19   9.0835e-19
 3690.00  -2.7880e-19   8.8348e-19
 3695.00  -9.8031e-20   8.6522e-19
 3700.00   5.0669e-19   9.1789e-19
 3705.00   2.6896e-19   8.0673e-19
 3710.00  -3.4078e-19   7.8214e-19
 3715.00  -1.8729e-19   8.1947e-19
 3720.00  -3.5471e-19   6.6655e-19
 3725.00   5.5294e-19   7.2728e-19
 3730.00   3.9110e-19   7.4856e-19
 3735.00   2.1758e-19   6.2136e-19
 3740.00  -8.7242e-20   7.3424e-19
 3745.00  -5.1168e-19   6.3465e-19
 3750.00  -2.0747e-19   6.0639e-19
 3755.00  -1.8512e-19   7.0522e-19
 3760.00  -6.9744e-19   6.1159e-19
 3765.00  -2.0245e-19   6.1924e-19
 3770.00  -2.6775e-19   6.3744e-19
 3775.00  -1.4947e-20   6.6704e-19
 3780.00   3.3598e-20   6.5971e-19
 3785.00  -3.3945e-20   6.4010e-19
 3790.00  -1.9994e-19   5.9911e-19
 3795.00   7.9377e-20   5.7308e-19
 3800.00  -5.5438e-19   5.3787e-19
 3805.00   1.1174e-19   5.4669e-19
 3810.00  -1.1951e-18   5.1596e-19
 3815.00   2.2049e-19   4.7424e-19
 3820.00  -4.5049e-19   4.3601e-19
 3825.00   7.1815e-19   4.1059e-19
 3830.00   3.5441e-20   4.0503e-19
 3835.00  -1.2157e-18   3.5962e-19
 3840.00  -2.8479e-19   3.4372e-19
 3845.00  -3.8890e-19   3.7698e-19
 3850.00   4.3324e-19   3.6164e-19
 3855.00   3.2710e-19   3.3258e-19
 3860.00  -5.6102e-21   2.9379e-19
 3865.00  -2.8573e-19   3.0866e-19
 3870.00  -3.3279e-20   2.7453e-19
 3875.00   1.0725e-19   2.8704e-19
 3880.00  -3.1933e-19   2.5382e-19
 3885.00   4.2554e-19   2.5611e-19
 3890.00  -1.9510e-19   2.5590e-19
 3895.00  -1.0702e-20   2.7057e-19
 3900.00  -1.1987e-19   2.6922e-19
 3905.00  -3.6330e-19   2.5936e-19
 3910.00  -1.3458e-19   2.8468e-19
 3915.00  -3.7264e-19   2.7453e-19
 3920.00  -2.3133e-20   2.5144e-19
 3925.00  -1.5421e-19   2.4028e-19
 3930.00  -1.2814e-19   1.9492e-19
 3935.00  -5.4477e-20   1.7569e-19
 3940.00  -8.8555e-20   2.2528e-19
 3945.00   2.7791e-19   2.4044e-19
 3950.00  -8.9358e-20   2.5304e-19
 3955.00  -1.9966e-19   2.4451e-19
 3960.00  -3.8812e-20   2.3700e-19
 3965.00  -2.2553e-19   2.0041e-19
 3970.00  -1.0782e-19   1.8307e-19
 3975.00  -2.5373e-20   2.3887e-19
 3980.00  -3.6086e-19   2.6579e-19
 3985.00  -2.3029e-19   2.6372e-19
 3990.00  -1.3528e-19   2.7541e-19
 3995.00   7.4646e-20   2.7022e-19
 4000.00  -2.1608e-20   2.7044e-19
 4005.00  -8.0346e-20   2.5784e-19
 4010.00  -1.6546e-19   2.6804e-19
 4015.00  -1.1194e-20   2.6169e-19
 4020.00  -5.2927e-19   2.5061e-19
 4025.00  -2.4577e-19   2.4579e-19
 4030.00  -2.4575e-19   2.3320e-19
 4035.00   3.0081e-19   2.2975e-19
 4040.00   2.7482e-19   2.3403e-19
 4045.00  -9.8558e-20   2.2416e-19
 4050.00  -8.0084e-20   2.3741e-19
 4055.00  -8.7691e-20   2.1794e-19
 4060.00  -3.3139e-19   2.0969e-19
 4065.00  -3.3159e-19   1.9422e-19
 4070.00  -2.8786e-20   1.9502e-19
 4075.00  -1.2106e-19   1.9131e-19
 4080.00  -2.6788e-19   1.8489e-19
 4085.00  -1.6960e-20   1.8250e-19
 4090.00   8.8207e-22   1.8513e-19
 4095.00  -1.8086e-19   1.7435e-19
 4100.00   4.2116e-19   1.5514e-19
 4105.00   1.2082e-19   1.6791e-19
 4110.00   1.4621e-20   1.7069e-19
 4115.00  -1.6195e-19   1.7557e-19
 4120.00  -6.7582e-20   1.6920e-19
 4125.00   2.1758e-19   1.7352e-19
 4130.00  -1.6442e-19   1.6560e-19
 4135.00  -2.2167e-19   1.6359e-19
 4140.00  -3.1586e-19   1.7124e-19
 4145.00  -9.3233e-20   1.5896e-19
 4150.00  -2.1240e-19   1.6176e-19
 4155.00   4.2368e-19   1.5746e-19
 4160.00   3.7574e-20   1.6835e-19
 4165.00   1.4700e-19   1.7064e-19
 4170.00  -5.1740e-20   1.6729e-19
 4175.00   8.7506e-20   1.6415e-19
 4180.00  -2.3725e-19   1.6536e-19
 4185.00  -8.8707e-20   1.6524e-19
 4190.00  -7.7997e-20   1.6699e-19
 4195.00  -1.6686e-19   1.7154e-19
 4200.00   6.8563e-20   1.6452e-19
 4205.00  -4.7318e-20   1.7648e-19
 4210.00   2.4942e-19   1.8535e-19
 4215.00  -1.9904e-19   1.8132e-19
 4220.00  -5.5014e-20   1.8842e-19
 4225.00  -3.0043e-19   1.6725e-19
 4230.00   1.0910e-19   1.9973e-19
 4235.00   7.8179e-20   1.9775e-19
 4240.00  -2.8024e-19   2.0494e-19
 4245.00  -1.9691e-19   2.1729e-19
 4250.00  -8.0465e-21   2.2176e-19
 4255.00  -1.7809e-19   2.3277e-19
 4260.00  -2.6485e-19   2.3001e-19
 4265.00   1.2765e-20   2.5747e-19
 4270.00   2.7358e-19   2.4888e-19
 4275.00  -1.9363e-19   2.6518e-19
 4280.00   1.6580e-19   7.7461e-19
 4285.00   1.2175e-18   7.3795e-19
 4290.00   5.1798e-20   6.8069e-19
 4295.00   4.6995e-19   6.8235e-19
 4300.00   1.4481e-19   5.9303e-19
 4305.00  -2.4384e-19   5.7965e-19
 4310.00   3.1128e-19   5.4782e-19
 4315.00   9.6956e-19   6.3514e-19
 4320.00   3.1572e-19   6.4921e-19
 4325.00   2.3256e-19   5.4754e-19
 4330.00   8.2806e-19   6.1476e-19
 4335.00   6.8332e-19   6.0365e-19
 4340.00   6.1797e-20   5.1507e-19
 4345.00   5.9854e-19   5.7458e-19
 4350.00   2.8409e-19   5.7297e-19
 4355.00  -2.5361e-19   5.7482e-19
 4360.00   4.8327e-19   5.8852e-19
 4365.00  -3.6653e-20   5.8531e-19
 4370.00   1.9654e-19   5.7195e-19
 4375.00   6.3377e-19   5.4857e-19
 4380.00  -4.9334e-20   5.6087e-19
 4385.00  -1.3022e-19   4.9293e-19
 4390.00  -4.9272e-19   5.3321e-19
 4395.00   1.0436e-18   5.5647e-19
 4400.00   1.9565e-19   5.5475e-19
 4405.00   1.7770e-19   5.4177e-19
 4410.00   1.4136e-18   5.8421e-19
 4415.00   8.6729e-19   5.7528e-19
 4420.00  -1.7977e-19   5.9234e-19
 4425.00   8.6309e-19   5.8688e-19
 4430.00  -7.2577e-20   5.9644e-19
 4435.00   3.1563e-19   5.7691e-19
 4440.00   1.1589e-18   6.1393e-19
 4445.00   5.5310e-19   6.0174e-19
 4450.00   8.3749e-19   6.1276e-19
 4455.00   7.6398e-20   5.8130e-19
 4460.00   3.1008e-19   5.8362e-19
 4465.00   4.1146e-19   6.1276e-19
 4470.00   2.1856e-19   6.1061e-19
 4475.00  -1.0175e-19   6.2871e-19
 4480.00   1.0524e-19   6.0512e-19
 4485.00  -6.7812e-20   6.3322e-19
 4490.00   5.8699e-19   6.1765e-19
 4495.00   2.8473e-19   6.1853e-19
 4500.00  -1.4800e-19   6.2681e-19
 4505.00  -4.1806e-20   6.3586e-19
 4510.00   5.2092e-19   9.7087e-19
 4515.00   1.5854e-19   9.1455e-19
 4520.00  -7.5899e-20   8.7214e-19
 4525.00   4.4920e-19   8.2188e-19
 4530.00  -3.2199e-19   7.7190e-19
 4535.00  -9.1126e-20   7.5508e-19
 4540.00   3.4533e-19   7.4658e-19
 4545.00  -1.4154e-19   7.1522e-19
 4550.00  -1.5306e-19   6.7214e-19
 4555.00   2.4026e-20   6.5289e-19
 4560.00  -1.3783e-19   6.5419e-19
 4565.00   1.5037e-19   6.1907e-19
 4570.00  -1.3887e-19   6.0846e-19
 4575.00   6.4621e-20   5.8506e-19
 4580.00   6.0592e-19   5.7722e-19
 4585.00   4.4050e-19   5.5420e-19
 4590.00  -3.5525e-19   5.4034e-19
 4595.00   9.3673e-20   5.1100e-19
 4600.00   1.9182e-19   5.4490e-19
 4605.00   6.0009e-19   5.0145e-19
 4610.00  -2.2362e-19   4.8920e-19
 4615.00   3.3208e-19   4.8060e-19
 4620.00  -1.0131e-19   4.7208e-19
 4625.00   7.1357e-19   4.6975e-19
 4630.00  -2.6542e-19   4.5242e-19
 4635.00   1.9982e-19   4.8598e-19
 4640.00   1.8026e-19   4.5997e-19
 4645.00  -7.4121e-20   4.2881e-19
 4650.00   3.5654e-19   4.5998e-19
 4655.00  -1.2679e-19   4.2810e-19
 4660.00   1.6017e-19   4.5564e-19
 4665.00  -1.4254e-19   4.3073e-19
 4670.00  -4.0209e-19   4.2384e-19
 4675.00   3.4986e-19   4.3421e-19
 4680.00   2.4643e-19   4.2293e-19
 4685.00   1.3898e-19   4.3142e-19
 4690.00   2.7976e-20   4.2028e-19
 4695.00   1.1658e-19   4.2342e-19
 4700.00   3.0774e-19   4.2309e-19
 4705.00   2.7066e-19   4.0469e-19
 4710.00  -1.9489e-19   4.1700e-19
 4715.00   2.2507e-19   4.1290e-19
 4720.00   5.0387e-19   4.3398e-19
 4725.00   3.2941e-20   4.2418e-19
 4730.00  -6.1306e-19   4.0373e-19
 4735.00  -9.0661e-20   4.0994e-19
 4740.00   6.0534e-19   4.1865e-19
 4745.00   5.7325e-19   4.2142e-19
 4750.00  -4.2410e-19   4.1093e-19
 4755.00   4.5378e-19   4.1550e-19
 4760.00  -1.7690e-19   4.0939e-19
 4765.00  -2.3397e-19   4.0513e-19
 4770.00  -2.3883e-19   4.0860e-19
 4775.00  -5.1175e-19   4.1728e-19
 4780.00  -9.0232e-20   4.2218e-19
 4785.00  -5.4542e-20   4.1380e-19
 4790.00  -4.5755e-19   8.3058e-19
 4795.00   1.1704e-18   8.1782e-19
 4800.00  -1.6993e-19   7.6513e-19
 4805.00   3.6555e-19   7.4295e-19
 4810.00  -3.9678e-19   7.0941e-19
 4815.00   1.4727e-18   7.0761e-19
 4820.00   4.1943e-19   6.8637e-19
 4825.00   1.7758e-19   6.4899e-19
 4830.00  -1.3473e-19   6.3270e-19
 4835.00   6.1642e-19   6.2753e-19
 4840.00  -4.0605e-20   5.9853e-19
 4845.00  -1.3419e-19   5.8796e-19
 4850.00   2.5096e-19   5.6732e-19
 4855.00   4.2730e-20   5.4060e-19
 4860.00   5.4138e-19   4.9123e-19
 4865.00   1.5359e-19   5.0836e-19
 4870.00  -1.0752e-19   5.0278e-19
 4875.00  -2.6066e-19   5.0201e-19
 4880.00   1.1401e-18   5.2062e-19
 4885.00  -7.1872e-19   4.8708e-19
 4890.00   2.2065e-19   4.7350e-19
 4895.00   2.1340e-21   5.0718e-19
 4900.00   5.1543e-19   4.9193e-19
 4905.00   6.3626e-19   4.7456e-19
 4910.00  -2.3661e-19   4.5174e-19
 4915.00   2.6552e-20   4.6180e-19
 4920.00   1.0447e-18   4.2630e-19
 4925.00   4.5094e-19   4.5738e-19
 4930.00   1.9180e-19   4.6799e-19
 4935.00   9.6773e-20   4.3672e-19
 4940.00   9.6055e-19   4.3522e-19
 4945.00   6.3427e-19   4.5478e-19
 4950.00   4.0286e-20   4.4088e-19
 4955.00   8.4823e-19   4.3676e-19
 4960.00   5.4628e-19   4.3249e-19
 4965.00  -1.5736e-19   4.3675e-19
 4970.00   5.7874e-19   4.4066e-19
 4975.00   9.4824e-20   4.4557e-19
 4980.00   7.8164e-20   4.2901e-19
 4985.00  -4.4980e-19   4.1640e-19
 4990.00   5.3402e-19   4.3989e-19
 4995.00   9.8371e-20   4.4037e-19
 5000.00   3.6651e-20   4.3595e-19
 5005.00  -1.3263e-19   4.2973e-19
 5010.00   2.7226e-19   4.3765e-19
 5015.00   8.0518e-19   4.3870e-19
 5020.00   2.1979e-19   4.3069e-19
 5025.00   2.5823e-19   4.4932e-19
 5030.00   2.7326e-19   4.4928e-19
 5035.00   4.8244e-19   4.5257e-19
 5040.00  -1.9403e-19   4.3256e-19
 5045.00  -5.3516e-19   4.6719e-19
 5050.00  -1.0971e-20   4.4609e-19
 5055.00   4.4790e-20   4.5398e-19
 5060.00   2.0651e-19   4.6404e-19
 5065.00  -4.6324e-19   4.4970e-19
 5070.00   1.9756e-20   4.5057e-19
 5075.00   2.4991e-19   4.5245e-19
 5080.00  -4.9938e-20   4.4223e-19
 5085.00   3.8282e-19   4.5501e-19
 5090.00   6.9257e-20   4.5545e-19
 5095.00  -2.0087e-19   4.5799e-19
 5100.00   1.2348e-18   4.5179e-19
 5105.00   3.0780e-19   4.5466e-19
 5110.00   1.1673e-19   4.4691e-19
 5115.00  -3.6644e-19   7.7754e-19
 5120.00  -1.0872e-18   7.3349e-19
 5125.00  -6.2825e-19   7.0183e-19
 5130.00  -1.3308e-19   6.8505e-19
 5135.00  -2.0180e-19   6.6679e-19
 5140.00   4.9157e-20   6.3687e-19
 5145.00   2.2297e-19   6.3222e-19
 5150.00  -3.6596e-19   6.0245e-19
 5155.00   5.0423e-19   5.9473e-19
 5160.00  -4.6794e-19   5.7285e-19
 5165.00  -1.1841e-19   5.2933e-19
 5170.00   4.2873e-19   4.9931e-19
 5175.00  -9.5651e-20   4.9699e-19
 5180.00  -3.9938e-19   5.0355e-19
 5185.00  -2.8558e-19   4.5514e-19
 5190.00   6.4691e-19   4.9577e-19
 5195.00  -1.1974e-19   4.6158e-19
 5200.00   5.6231e-20   5.1109e-19
 5205.00  -2.0358e-19   4.3937e-19
 5210.00   1.5554e-20   4.6622e-19
 5215.00   5.3506e-19   4.3194e-19
 5220.00   1.7185e-19   4.4325e-19
 5225.00  -1.0622e-19   4.4282e-19
 5230.00   6.5717e-20   4.0898e-19
 5235.00   3.2179e-19   3.9568e-19
 5240.00   1.4207e-19   4.0597e-19
 5245.00   3.0854e-19   3.9479e-19
 5250.00   3.3817e-19   4.0110e-19
 5255.00   1.7275e-19   3.9007e-19
 5260.00   3.8491e-19   3.7879e-19
 5265.00   3.7764e-19   3.4987e-19
 5270.00   3.2337e-19   3.6758e-19
 5275.00   7.5384e-21   4.1087e-19
 5280.00   1.2266e-19   3.6664e-19
 5285.00  -2.1657e-19   3.7298e-19
 5290.00  -2.2793e-19   3.8452e-19
 5295.00   4.1081e-19   3.8037e-19
 5300.00   2.3689e-19   3.6850e-19
 5305.00  -2.0898e-19   3.8510e-19
 5310.00   3.5145e-19   3.7333e-19
 5315.00   7.3899e-19   3.6935e-19
 5320.00   3.8600e-19   3.7561e-19
 5325.00   5.6999e-20   3.6510e-19
 5330.00   1.9808e-19   3.5102e-19
 5335.00  -2.0616e-19   3.5890e-19
 5340.00   5.6211e-19   3.5676e-19
 5345.00   3.7161e-20   3.5666e-19
 5350.00   1.0167e-19   3.6353e-19
 5355.00  -4.7417e-20   3.6713e-19
 5360.00   2.8102e-19   3.5600e-19
 5365.00  -3.9088e-19   3.4834e-19
 5370.00  -6.8089e-20   3.4502e-19
 5375.00   2.6315e-19   3.6020e-19
 5380.00  -2.3917e-19   3.5294e-19
 5385.00  -6.0841e-20   3.5818e-19
 5390.00   2.3916e-19   3.5222e-19
 5395.00   1.5022e-19   3.4671e-19
 5400.00   3.2631e-19   3.5740e-19
 5405.00   6.5077e-19   3.5092e-19
 5410.00   4.0569e-19   3.5742e-19
 5415.00   6.2972e-19   3.6603e-19
 5420.00   8.0974e-19   3.7347e-19
 5425.00   6.0753e-19   3.7435e-19
 5430.00   3.8475e-19   3.6689e-19
 5435.00   1.3382e-20   3.5355e-19
 5440.00  -3.0825e-19   3.6903e-19
 5445.00  -2.3913e-19   3.5769e-19
 5450.00  -1.5653e-19   3.7491e-19
 5455.00   1.1665e-19   3.6934e-19
 5460.00  -2.0380e-19   3.9061e-19
 5465.00  -2.1168e-19   3.8019e-19
 5470.00  -1.4460e-19   3.8993e-19
 5475.00   2.3324e-19   3.8675e-19
 5480.00   2.1056e-19   3.9667e-19
 5485.00  -1.1806e-19   4.0097e-19
 5490.00  -4.1359e-20   8.1096e-19
 5495.00  -2.4821e-19   7.6110e-19
 5500.00   7.4177e-19   7.4509e-19
 5505.00   9.2029e-19   7.2182e-19
 5510.00   4.4279e-19   6.9150e-19
 5515.00  -8.6112e-20   6.5714e-19
 5520.00   1.8179e-19   6.5298e-19
 5525.00   8.0560e-19   6.3782e-19
 5530.00  -2.1014e-19   6.0886e-19
 5535.00  -1.6286e-19   6.1216e-19
 5540.00   9.4396e-20   6.2620e-19
 5545.00   1.7808e-19   6.3548e-19
 5550.00  -4.7313e-20   2.3596e-19
 5555.00   3.0219e-19   1.5954e-19
 5560.00   2.8030e-19   1.6473e-19
 5565.00  -2.6171e-20   1.6455e-19
 5570.00  -5.0816e-20   1.5253e-19
 5575.00   2.7692e-19   1.5690e-19
 5580.00  -1.5436e-18   1.5275e-19
 5585.00   6.0700e-20   1.5015e-19
 5590.00   3.3826e-19   1.4806e-19
 5595.00   2.1993e-19   1.4869e-19
 5600.00   1.1250e-19   1.4703e-19
 5605.00   1.6638e-19   1.9368e-19
 5610.00   1.2644e-20   1.7974e-19
 5615.00   1.4929e-19   1.7059e-19
 5620.00  -3.4638e-19   1.6282e-19
 5625.00   2.3422e-21   1.6200e-19
 5630.00  -1.7869e-19   1.5507e-19
 5635.00  -3.5379e-20   1.5058e-19
 5640.00   1.1374e-19   1.5008e-19
 5645.00  -3.5510e-20   1.4734e-19
 5650.00   2.4146e-20   1.4361e-19
 5655.00  -5.9296e-20   1.4080e-19
 5660.00   6.6914e-20   1.3795e-19
 5665.00  -7.3605e-21   1.3871e-19
 5670.00   2.8817e-18   1.1326e-19
 5675.00   4.0425e-20   1.4012e-19
 5680.00   2.4429e-19   1.4160e-19
 5685.00   1.7490e-19   1.4221e-19
 5690.00  -7.7327e-21   1.4365e-19
 5695.00   2.6202e-19   1.4934e-19
 5700.00   1.0531e-19   1.5194e-19
 5705.00   7.2485e-20   1.5627e-19
 5710.00   2.6912e-19   1.6036e-19
 5715.00   1.0821e-19   1.6980e-19
 5720.00   6.9359e-19   1.7566e-19
 5725.00   2.1401e-19   1.8426e-19
 5730.00   5.1864e-20   1.8969e-19
 5735.00  -2.8946e-20   1.9958e-19
 5740.00  -1.6740e-19   2.0725e-19
 5745.00   1.0107e-19   2.1998e-19
 5750.00  -4.0567e-19   2.2689e-19
 5755.00   3.8262e-19   2.3970e-19
 5760.00  -4.9385e-19   2.4956e-19
 5765.00  -2.8812e-19   2.6441e-19
 5770.00  -4.2440e-20   2.8193e-19
 5775.00   2.7862e-19   2.9713e-19
 5780.00   3.7246e-20   3.1052e-19
 5785.00   1.1059e-19   3.1849e-19
 5790.00   2.7127e-19   3.0941e-19
 5795.00   6.1400e-21   4.0330e-19
 5800.00  -1.8992e-19   3.9706e-19
 5805.00   1.3094e-20   3.9320e-19
 5810.00   7.6723e-20   3.9466e-19
 5815.00   5.9342e-19   3.9105e-19
 5820.00   3.1071e-19   3.9175e-19
 5825.00   9.5124e-19   3.9485e-19
 5830.00   7.7880e-19   3.8991e-19
 5835.00   2.7451e-19   3.8824e-19
 5840.00   2.7694e-19   3.8786e-19
 5845.00   5.3445e-20   3.8851e-19
 5850.00   1.5790e-20   3.8706e-19
 5855.00   2.0695e-19   3.9035e-19
 5860.00   3.2540e-19   3.9406e-19
 5865.00   6.8478e-19   4.3314e-19
 5870.00  -5.7284e-20   4.2278e-19
 5875.00  -8.3233e-19   4.0561e-19
 5880.00   2.8358e-19   4.0544e-19
 5885.00   3.0060e-19   4.0896e-19
 5890.00   7.6028e-19   4.7359e-19
 5895.00  -3.4403e-19   4.3927e-19
 5900.00   7.8993e-19   4.0941e-19
 5905.00   3.7399e-19   4.1899e-19
 5910.00   9.8408e-19   4.0530e-19
 5915.00  -4.3610e-20   4.0946e-19
 5920.00   3.7080e-19   3.9104e-19
 5925.00  -2.5281e-19   3.8785e-19
 5930.00   8.6655e-20   3.7312e-19
 5935.00   2.4421e-19   3.8619e-19
 5940.00  -5.4855e-19   3.5777e-19
 5945.00   4.9267e-19   3.6606e-19
 5950.00   1.3143e-19   3.4677e-19
 5955.00   5.5696e-21   3.6144e-19
 5960.00  -5.4518e-21   3.3856e-19
 5965.00   1.1014e-19   3.3709e-19
 5970.00   8.5277e-19   3.4316e-19
 5975.00   4.2630e-19   3.4286e-19
 5980.00   1.0495e-19   3.2823e-19
 5985.00   2.2405e-20   3.2006e-19
 5990.00   8.0671e-19   3.3026e-19
 5995.00  -4.8459e-20   3.1688e-19
 6000.00   5.0804e-19   3.3109e-19
 6005.00  -1.6213e-19   3.2316e-19
 6010.00  -6.6631e-19   3.0393e-19
 6015.00   8.0967e-19   3.1067e-19
 6020.00   2.6781e-19   3.0178e-19
 6025.00   5.7626e-19   3.0058e-19
 6030.00  -1.4968e-19   2.9623e-19
 6035.00  -2.0155e-19   2.9673e-19
 6040.00   3.1936e-19   2.9161e-19
 6045.00   9.7436e-20   2.8588e-19
 6050.00   1.0302e-18   2.9113e-19
 6055.00   2.5407e-19   2.8308e-19
 6060.00   2.2962e-19   2.8109e-19
 6065.00   2.4745e-19   2.7853e-19
 6070.00  -4.0608e-19   2.7180e-19
 6075.00   1.6232e-19   2.7326e-19
 6080.00   2.0921e-19   2.7026e-19
 6085.00   3.9296e-19   2.6977e-19
 6090.00   1.8557e-19   2.6777e-19
 6095.00  -8.7962e-20   2.6787e-19
 6100.00   2.7801e-19   2.6900e-19
 6105.00   6.5548e-19   2.6986e-19
 6110.00   2.9042e-19   2.6741e-19
 6115.00   2.7384e-19   2.6530e-19
 6120.00  -5.6543e-20   2.6104e-19
 6125.00   4.3740e-19   2.6688e-19
 6130.00   5.9619e-19   2.6593e-19
 6135.00  -9.6770e-20   2.6413e-19
 6140.00   3.2991e-19   2.6897e-19
 6145.00  -3.9762e-19   2.6660e-19
 6150.00  -1.8988e-19   2.5934e-19
 6155.00   4.7411e-19   2.6243e-19
 6160.00   5.9094e-20   2.5767e-19
 6165.00  -2.6468e-19   2.5464e-19
 6170.00   5.8825e-20   2.6976e-19
 6175.00  -7.0575e-20   2.6152e-19
 6180.00  -7.3479e-20   2.5634e-19
 6185.00  -2.4307e-20   2.5792e-19
 6190.00   4.7921e-21   2.5537e-19
 6195.00   3.5082e-19   2.6155e-19
 6200.00   4.5463e-19   2.5982e-19
 6205.00  -6.3510e-20   2.6260e-19
 6210.00   9.6332e-19   2.6132e-19
 6215.00   1.8590e-20   2.5660e-19
 6220.00   4.5389e-19   2.8773e-19
 6225.00   4.9827e-19   2.6919e-19
 6230.00   1.5354e-19   2.6064e-19
 6235.00   3.1250e-19   3.1495e-19
 6240.00   5.2506e-19   2.7877e-19
 6245.00  -3.6075e-20   2.6119e-19
 6250.00   1.2953e-19   2.5548e-19
 6255.00   1.4829e-19   2.5420e-19
 6260.00   1.0205e-18   2.7714e-19
 6265.00   4.9178e-19   2.6352e-19
 6270.00   4.7482e-19   2.5263e-19
 6275.00   4.7193e-19   2.5009e-19
 6280.00   5.7730e-19   2.4507e-19
 6285.00   4.4694e-19   2.5554e-19
 6290.00   7.7229e-19   2.5658e-19
 6295.00   5.9018e-19   2.4834e-19
 6300.00  -8.5934e-19   2.7602e-19
 6305.00   3.2310e-19   2.6351e-19
 6310.00   2.6736e-19   2.4319e-19
 6315.00   4.1699e-19   2.4199e-19
 6320.00   5.4740e-19   2.5456e-19
 6325.00   3.9232e-19   2.4442e-19
 6330.00   3.0104e-19   2.6340e-19
 6335.00   5.2915e-19   2.4442e-19
 6340.00   7.2633e-19   2.4727e-19
 6345.00   5.2481e-19   2.4598e-19
 6350.00   5.8954e-19   2.5434e-19
 6355.00   4.4325e-19   2.6078e-19
 6360.00   4.9752e-19   2.4518e-19
 6365.00   8.7651e-19   2.7245e-19
 6370.00   5.8316e-19   2.4402e-19
 6375.00  -5.7351e-19   2.3594e-19
 6380.00  -2.7375e-18   2.2588e-19
 6385.00   1.9687e-19   2.4937e-19
 6390.00  -3.6493e-19   2.3288e-19
 6395.00   3.8065e-20   2.3153e-19
 6400.00   6.6451e-20   2.2838e-19
 6405.00   5.1329e-20   2.2779e-19
 6410.00   8.0003e-20   2.2259e-19
 6415.00   3.5610e-19   2.2700e-19
 6420.00   5.0238e-19   2.2749e-19
 6425.00   1.6244e-19   2.2108e-19
 6430.00   5.2639e-19   2.2382e-19
 6435.00   6.9476e-19   2.2117e-19
 6440.00   3.5686e-19   2.1578e-19
 6445.00   2.8573e-19   2.1741e-19
 6450.00   3.9337e-19   2.1868e-19
 6455.00   1.1666e-19   2.1620e-19
 6460.00   1.5361e-19   2.3360e-19
 6465.00   6.5898e-19   2.6325e-19
 6470.00   4.9841e-19   2.4743e-19
 6475.00   3.8671e-19   2.2133e-19
 6480.00   4.0284e-19   2.2417e-19
 6485.00   7.5579e-19   2.1494e-19
 6490.00   6.5824e-19   2.1317e-19
 6495.00   5.1154e-19   2.0807e-19
 6500.00   3.9586e-20   2.3226e-19
 6505.00   4.8109e-19   2.2045e-19
 6510.00   6.3263e-19   2.0556e-19
 6515.00   4.9167e-19   2.0500e-19
 6520.00   5.3010e-19   2.0524e-19
 6525.00   1.0254e-18   2.0744e-19
 6530.00   5.6963e-19   1.9846e-19
 6535.00   6.0870e-19   2.1510e-19
 6540.00   4.8752e-19   1.9723e-19
 6545.00   6.6537e-19   2.0783e-19
 6550.00   8.3190e-19   1.9877e-19
 6555.00   5.8631e-19   2.1049e-19
 6560.00  -5.4518e-20   1.8637e-19
 6565.00   6.2628e-19   1.9563e-19
 6570.00   3.8171e-19   2.0222e-19
 6575.00   5.5523e-19   2.0509e-19
 6580.00   1.2002e-18   2.0486e-19
 6585.00   6.4970e-19   1.9822e-19
 6590.00   4.0408e-19   1.9456e-19
 6595.00   5.7361e-19   1.9916e-19
 6600.00   1.8080e-19   1.9175e-19
 6605.00   3.9432e-19   2.0324e-19
 6610.00   3.1307e-19   1.8891e-19
 6615.00   4.2300e-19   1.8864e-19
 6620.00   3.9211e-19   1.8691e-19
 6625.00   9.9785e-20   1.8387e-19
 6630.00   1.5448e-19   1.8315e-19
 6635.00   1.1884e-19   1.8475e-19
 6640.00   5.1238e-19   1.7956e-19
 6645.00   5.0316e-19   1.7544e-19
 6650.00   4.2896e-19   1.7448e-19
 6655.00   3.8588e-19   1.7200e-19
 6660.00   4.0791e-19   1.7163e-19
 6665.00   4.2852e-19   1.6861e-19
 6670.00   4.7566e-19   1.6795e-19
 6675.00   1.3543e-19   1.6233e-19
 6680.00   1.5473e-19   1.5910e-19
 6685.00   2.4986e-19   1.6025e-19
 6690.00   9.7944e-20   1.5697e-19
 6695.00   2.0441e-19   1.5555e-19
 6700.00   5.7105e-19   1.5936e-19
 6705.00   2.7332e-19   1.5533e-19
 6710.00   4.6837e-19   1.5367e-19
 6715.00   3.1149e-19   1.6248e-19
 6720.00   2.7247e-19   1.5596e-19
 6725.00   3.0599e-19   1.5523e-19
 6730.00   2.9216e-19   1.5473e-19
 6735.00   2.4648e-19   1.5009e-19
 6740.00   2.5016e-20   1.4815e-19
 6745.00   2.6334e-19   1.4806e-19
 6750.00   4.3530e-19   1.4581e-19
 6755.00   2.5456e-19   1.4337e-19
 6760.00   2.5845e-19   1.4184e-19
 6765.00   8.5787e-20   1.3916e-19
 6770.00   1.4716e-19   1.3779e-19
 6775.00   4.0618e-20   1.3645e-19
 6780.00   1.6079e-19   1.3616e-19
 6785.00  -1.5234e-19   1.3333e-19
 6790.00   2.0373e-19   1.3582e-19
 6795.00   1.7404e-19   1.3279e-19
 6800.00   2.8802e-19   1.3316e-19
 6805.00   2.4717e-19   1.3235e-19
 6810.00   2.3712e-19   1.3198e-19
 6815.00   2.1444e-19   1.3092e-19
 6820.00   1.4129e-19   1.2933e-19
 6825.00   1.0905e-19   1.3422e-19
 6830.00   4.9455e-19   1.6874e-19
 6835.00   8.4439e-20   1.5327e-19
 6840.00   3.8355e-19   1.3992e-19
 6845.00   2.6056e-19   1.3006e-19
 6850.00   1.2472e-19   1.3217e-19
 6855.00   4.2212e-19   1.3242e-19
 6860.00   2.8250e-19   1.3502e-19
 6865.00   2.2648e-19   1.5357e-19
 6870.00   2.0866e-19   1.2322e-19
 6875.00   7.3810e-20   1.1927e-19
 6880.00   3.0909e-19   1.3952e-19
 6885.00   4.1646e-20   1.3094e-19
 6890.00   1.0064e-19   1.4126e-19
 6895.00   1.4292e-19   1.3131e-19
 6900.00   2.4287e-19   1.4856e-19
 6905.00   1.0953e-19   1.3559e-19
 6910.00   5.2457e-19   1.4541e-19
 6915.00   1.5068e-19   1.4580e-19
 6920.00   7.4550e-20   1.4038e-19
 6925.00  -5.6385e-20   1.5851e-19
 6930.00   2.5448e-19   1.4386e-19
 6935.00   1.5995e-19   1.4377e-19
 6940.00   1.9086e-19   1.5800e-19
 6945.00   2.7586e-19   1.4496e-19
 6950.00   3.3920e-19   1.6706e-19
 6955.00   1.2159e-19   1.4751e-19
 6960.00   2.6463e-19   1.4998e-19
 6965.00   3.6919e-19   1.5340e-19
 6970.00   5.8802e-19   1.6425e-19
 6975.00   1.6068e-19   1.5255e-19
 6980.00   3.3048e-19   1.7194e-19
 6985.00   2.8767e-19   1.5849e-19
 6990.00   1.0543e-19   1.9589e-19
 6995.00   9.6006e-20   1.9469e-19
 7000.00   4.3872e-19   1.9278e-19
 7005.00   2.3018e-19   1.9425e-19
 7010.00   6.4150e-19   2.0386e-19
 7015.00   4.0680e-19   1.7898e-19
 7020.00   6.0616e-19   1.8480e-19
 7025.00   1.2688e-19   1.7252e-19
 7030.00   4.0340e-19   1.7742e-19
 7035.00   3.9129e-19   1.7264e-19
 7040.00   4.4460e-19   1.7643e-19
 7045.00   2.9849e-19   1.7391e-19
 7050.00   4.9711e-19   1.8962e-19
 7055.00   2.7073e-19   1.6932e-19
 7060.00   5.5238e-19   1.6745e-19
 7065.00   7.2371e-19   1.7347e-19
 7070.00   6.7155e-19   1.6772e-19
 7075.00   5.5987e-19   1.6624e-19
 7080.00   9.1420e-19   1.6936e-19
 7085.00   3.1181e-19   1.6099e-19
 7090.00   4.5866e-19   1.6782e-19
 7095.00   6.3805e-19   1.5763e-19
 7100.00   5.2411e-19   1.5690e-19
 7105.00   7.3968e-19   1.5756e-19
 7110.00   6.4323e-19   1.5718e-19
 7115.00   7.6198e-19   1.5666e-19
 7120.00   6.0064e-19   1.5503e-19
 7125.00   8.0474e-19   1.5992e-19
 7130.00   7.2684e-19   1.5985e-19
 7135.00   6.9538e-19   1.6164e-19
 7140.00   4.1980e-19   1.5817e-19
 7145.00   7.7703e-19   1.7109e-19
 7150.00   6.4682e-19   1.6259e-19
 7155.00   7.3733e-19   1.6015e-19
 7160.00   7.0626e-19   1.6606e-19
 7165.00   6.0663e-19   1.6294e-19
 7170.00   6.5163e-19   1.6035e-19
 7175.00   5.7975e-19   1.6045e-19
 7180.00   6.0100e-19   1.6265e-19
 7185.00   6.1472e-19   1.5397e-19
 7190.00   1.1143e-18   1.6066e-19
 7195.00   5.5491e-19   1.5744e-19
 7200.00   6.5745e-19   1.5785e-19
 7205.00   4.6213e-19   1.5669e-19
 7210.00   8.9492e-19   1.6489e-19
 7215.00   8.5662e-19   1.6479e-19
 7220.00   8.3803e-19   1.6727e-19
 7225.00   7.6159e-19   1.6787e-19
 7230.00   5.0062e-19   1.6666e-19
 7235.00   5.9119e-19   1.6561e-19
 7240.00   1.0109e-18   2.6434e-19
 7245.00   7.6759e-19   2.1450e-19
 7250.00   5.9606e-19   1.6733e-19
 7255.00   6.7365e-19   1.9106e-19
 7260.00   7.7039e-19   1.6431e-19
 7265.00   5.9936e-19   1.6366e-19
 7270.00   9.6927e-19   1.7865e-19
 7275.00   5.3817e-19   2.0184e-19
 7280.00   7.1325e-19   1.6762e-19
 7285.00   9.6004e-19   1.9056e-19
 7290.00   4.5658e-19   1.6103e-19
 7295.00   4.5352e-19   1.9785e-19
 7300.00   3.9173e-19   1.7519e-19
 7305.00   8.1014e-19   2.0124e-19
 7310.00   3.8600e-19   1.7786e-19
 7315.00   7.9094e-19   1.9537e-19
 7320.00   3.9066e-19   1.6383e-19
 7325.00   7.3979e-19   1.6493e-19
 7330.00   7.7018e-19   1.9395e-19
 7335.00   7.3048e-19   1.6489e-19
 7340.00   8.9230e-19   1.9394e-19
 7345.00   4.9582e-19   1.6694e-19
 7350.00   8.9796e-19   1.6939e-19
 7355.00   6.1716e-19   1.6170e-19
 7360.00   5.3995e-19   1.7927e-19
 7365.00   6.4986e-19   1.6172e-19
 7370.00   8.1297e-19   1.8408e-19
 7375.00   5.6078e-19   1.6042e-19
 7380.00   6.0673e-19   1.5536e-19
 7385.00   8.6174e-19   1.5759e-19
 7390.00   7.6370e-19   1.7134e-19
 7395.00   7.1452e-19   1.5597e-19
 7400.00   7.1469e-19   1.7398e-19
 7405.00   8.3474e-19   1.5339e-19
 7410.00   8.5908e-19   1.5174e-19
 7415.00   6.1365e-19   1.5254e-19
 7420.00   7.2576e-19   1.4958e-19
 7425.00   6.7888e-19   1.5031e-19
 7430.00   8.4796e-19   1.6571e-19
 7435.00   6.6175e-19   1.5007e-19
 7440.00   1.1743e-18   1.7562e-19
 7445.00   9.1278e-19   1.4961e-19
 7450.00   7.0586e-19   1.5010e-19
 7455.00   7.8065e-19   1.4989e-19
 7460.00   7.3746e-19   1.6003e-19
 7465.00   5.6999e-19   1.7455e-19
 7470.00   9.7585e-19   1.7528e-19
 7475.00   5.5374e-19   1.6905e-19
 7480.00   6.5173e-19   1.8031e-19
 7485.00   8.5455e-19   1.7491e-19
 7490.00   8.3852e-19   1.5545e-19
 7495.00   7.8261e-19   1.6414e-19
 7500.00   7.3818e-19   1.5576e-19
 7505.00   7.6471e-19   1.5423e-19
 7510.00   8.2286e-19   1.5441e-19
 7515.00   6.7683e-19   1.5966e-19
 7520.00   6.7585e-19   1.6263e-19
 7525.00   7.6577e-19   1.9375e-19
 7530.00   5.7012e-19   1.7881e-19
 7535.00   5.8836e-19   1.5576e-19
 7540.00   4.6044e-19   1.6528e-19
 7545.00   7.0612e-19   1.5623e-19
 7550.00   7.7773e-19   1.5472e-19
 7555.00   7.2292e-19   1.6256e-19
 7560.00   6.2929e-19   1.6111e-19
 7565.00   8.4474e-19   1.5703e-19
 7570.00   6.7962e-19   1.7922e-19
 7575.00   5.3604e-19   1.6076e-19
 7580.00   4.3969e-19   1.4946e-19
 7585.00   7.6780e-19   1.6466e-19
 7590.00   7.4923e-19   1.4920e-19
 7595.00   2.9014e-19   1.2037e-19
 7600.00   3.3849e-19   1.2217e-19
 7605.00   1.1316e-19   1.0370e-19
 7610.00   6.4590e-20   1.0735e-19
 7615.00   2.6868e-19   1.1840e-19
 7620.00   4.5181e-19   1.7639e-19
 7625.00   3.3329e-19   1.3592e-19
 7630.00  -4.6338e-20   1.4451e-19
 7635.00   2.2084e-19   1.2603e-19
 7640.00   2.1543e-19   1.2993e-19
 7645.00   4.9787e-19   1.3265e-19
 7650.00   4.0208e-19   1.3492e-19
 7655.00   4.9616e-19   1.4716e-19
 7660.00   5.9216e-19   1.4427e-19
 7665.00   8.0182e-19   1.4617e-19
 7670.00   4.8928e-19   1.4176e-19
 7675.00   5.5957e-19   1.4413e-19
 7680.00   4.5913e-19   1.4811e-19
 7685.00   6.9765e-19   1.5114e-19
 7690.00   7.3541e-19   1.5813e-19
 7695.00   7.8586e-19   1.4832e-19
 7700.00   8.9039e-19   1.6497e-19
 7705.00   8.3960e-19   1.4367e-19
 7710.00   8.1162e-19   1.5573e-19
 7715.00   8.2422e-19   2.5459e-19
 7720.00   9.3812e-19   1.6203e-19
 7725.00   5.9899e-19   1.8031e-19
 7730.00   8.5555e-19   1.4784e-19
 7735.00   6.1186e-19   1.5812e-19
 7740.00   9.7190e-19   1.5102e-19
 7745.00   8.9214e-19   1.4617e-19
 7750.00  -7.2544e-20   1.9806e-19
 7755.00   8.4644e-19   1.5207e-19
 7760.00   7.5185e-19   1.6098e-19
 7765.00   6.1018e-19   1.4011e-19
 7770.00   5.3626e-19   1.4971e-19
 7775.00   4.5429e-19   1.6501e-19
 7780.00   6.3015e-19   1.6153e-19
 7785.00   6.5847e-19   1.4936e-19
 7790.00   4.2306e-19   1.5775e-19
 7795.00   7.4296e-19   1.7037e-19
 7800.00   6.2173e-19   1.4189e-19
 7805.00   7.6988e-19   1.4551e-19
 7810.00   4.6712e-19   1.6690e-19
 7815.00   5.1935e-19   1.5134e-19
 7820.00   5.4227e-19   1.7916e-19
 7825.00   3.2318e-19   1.4321e-19
 7830.00   6.7652e-19   1.4800e-19
 7835.00   6.4654e-19   1.4631e-19
 7840.00   3.8126e-19   1.6116e-19
 7845.00   5.7587e-19   1.4135e-19
 7850.00   1.2547e-19   1.7731e-19
 7855.00   7.4826e-19   1.7578e-19
 7860.00   7.3646e-19   1.8861e-19
 7865.00   3.9333e-19   1.4612e-19
 7870.00   2.6653e-19   1.8172e-19
 7875.00   4.0006e-19   1.4188e-19
 7880.00   8.9268e-19   1.9961e-19
 7885.00   6.4210e-19   1.5777e-19
 7890.00   7.7126e-19   1.9080e-19
 7895.00   7.8765e-20   1.5081e-19
 7900.00   3.2432e-19   1.4546e-19
 7905.00   4.8022e-19   1.5245e-19
 7910.00   6.6608e-19   1.6179e-19
 7915.00   5.6721e-19   1.8357e-19
 7920.00   8.9321e-19   1.9916e-19
 7925.00   3.6336e-19   1.4526e-19
 7930.00   5.6888e-19   1.9089e-19
 7935.00   2.5782e-19   1.4347e-19
 7940.00   4.7727e-19   1.4334e-19
 7945.00   4.9255e-19   1.5257e-19
 7950.00   6.0082e-19   1.6082e-19
 7955.00   4.7292e-19   1.3770e-19
 7960.00   3.0087e-19   1.3459e-19
 7965.00   2.2847e-19   1.6507e-19
 7970.00   3.7798e-19   1.4995e-19
 7975.00   3.1084e-19   1.4787e-19
 7980.00   6.2899e-19   1.6733e-19
 7985.00   4.4637e-19   1.6541e-19
 7990.00   8.3346e-19   1.7432e-19
 7995.00   3.8756e-19   2.0299e-19
 8000.00   3.0044e-19   1.6640e-19
 8005.00   6.4035e-19   1.5752e-19
 8010.00   2.8873e-19   1.5346e-19
 8015.00   6.0531e-19   1.7850e-19
 8020.00   3.0153e-19   1.5883e-19
 8025.00   4.7115e-19   1.8047e-19
 8030.00   5.0394e-19   1.7564e-19
 8035.00   6.0043e-19   1.4581e-19
 8040.00   8.1963e-19   1.4668e-19
 8045.00   3.3410e-19   1.3656e-19
 8050.00   5.6022e-19   1.6449e-19
 8055.00   7.2526e-19   1.4006e-19
 8060.00   2.3682e-19   1.5101e-19
 8065.00   4.4532e-19   1.4544e-19
 8070.00   6.3194e-19   1.3444e-19
 8075.00   4.8961e-19   1.4148e-19
 8080.00   7.0583e-19   1.3696e-19
 8085.00   5.6576e-19   1.4363e-19
 8090.00   4.6113e-19   1.2945e-19
 8095.00   7.5893e-19   1.4949e-19
 8100.00   1.0525e-19   1.3909e-19
 8105.00   4.7825e-19   1.4695e-19
 8110.00   6.6661e-19   1.3474e-19
 8115.00   3.8597e-19   1.2808e-19
 8120.00   5.0892e-19   1.2897e-19
 8125.00   5.8296e-19   1.3170e-19
 8130.00   4.9942e-19   1.3173e-19
 8135.00   3.9744e-19   1.2828e-19
 8140.00   4.9836e-19   1.4220e-19
 8145.00   3.4731e-19   1.3842e-19
 8150.00   5.6917e-19   1.2809e-19
 8155.00   4.9617e-19   1.2312e-19
 8160.00   5.3867e-19   1.2291e-19
 8165.00   4.4828e-19   1.2243e-19
 8170.00   5.9227e-19   1.2310e-19
 8175.00   5.0008e-19   1.2461e-19
 8180.00   6.3511e-19   1.2371e-19
 8185.00   7.4695e-19   1.2828e-19
 8190.00   6.1342e-19   1.3520e-19
 8195.00   5.8397e-19   1.3528e-19
 8200.00   3.7829e-19   1.2342e-19
 8205.00   4.0056e-19   1.3239e-19
 8210.00   5.0262e-19   1.3014e-19
 8215.00   6.2952e-19   1.3207e-19
 8220.00   5.6523e-19   1.2702e-19
 8225.00   6.0048e-19   1.2805e-19
 8230.00   6.1997e-19   1.1825e-19
 8235.00   4.5793e-19   1.2627e-19
 8240.00   7.2719e-19   1.3548e-19
 8245.00   4.5276e-19   1.3095e-19
 8250.00   3.7840e-19   1.3353e-19
 8255.00   7.0544e-19   1.3305e-19
 8260.00   6.0389e-19   1.2898e-19
 8265.00   6.0021e-19   1.2977e-19
 8270.00   5.2370e-19   1.3001e-19
 8275.00   6.8791e-19   1.2980e-19
 8280.00   6.9401e-19   2.3897e-19
 8285.00   5.9334e-19   1.6498e-19
 8290.00   3.8101e-19   1.6642e-19
 8295.00   2.9790e-19   1.4260e-19
 8300.00   2.3514e-19   1.6373e-19
 8305.00   4.9012e-19   1.3633e-19
 8310.00   7.9867e-19   1.5315e-19
 8315.00   7.7831e-19   1.3092e-19
 8320.00   4.9235e-19   1.3416e-19
 8325.00   4.6343e-19   1.2732e-19
 8330.00   6.6571e-19   1.2692e-19
 8335.00   5.8352e-19   1.2824e-19
 8340.00   5.8302e-19   1.3757e-19
 8345.00   5.2727e-20   1.8946e-19
 8350.00   8.0156e-19   1.5169e-19
 8355.00   2.7396e-19   1.4426e-19
 8360.00   2.9786e-19   1.3872e-19
 8365.00   5.7913e-19   1.6719e-19
 8370.00   6.2097e-19   1.2665e-19
 8375.00   5.3732e-19   1.6051e-19
 8380.00   6.2179e-19   1.9882e-19
 8385.00   5.4560e-19   1.6334e-19
 8390.00   5.3535e-19   1.5698e-19
 8395.00   7.3196e-19   1.4922e-19
 8400.00   7.0908e-19   1.8519e-19
 8405.00   7.0358e-19   1.4427e-19
 8410.00   6.8963e-19   1.4069e-19
 8415.00   6.6152e-19   1.6597e-19
 8420.00   5.0986e-19   1.3815e-19
 8425.00   5.4889e-19   1.5341e-19
 8430.00   2.6017e-19   1.8801e-19
 8435.00   9.5067e-19   1.4854e-19
 8440.00   1.0157e-18   1.3462e-19
 8445.00   7.3361e-19   1.3604e-19
 8450.00   6.9332e-19   1.4603e-19
 8455.00   4.1425e-19   1.3739e-19
 8460.00   5.6046e-19   1.2942e-19
 8465.00   6.7527e-19   1.5836e-19
 8470.00   7.8403e-19   1.2392e-19
 8475.00   7.4115e-19   1.3534e-19
 8480.00   6.9007e-19   1.2201e-19
 8485.00   5.8153e-19   1.2171e-19
 8490.00   5.6673e-19   1.1982e-19
 8495.00   6.3193e-19   1.5243e-19
 8500.00   4.2671e-19   1.2189e-19
 8505.00   6.5201e-19   1.5360e-19
 8510.00   5.3554e-19   1.1546e-19
 8515.00   5.6581e-19   1.1552e-19
 8520.00   3.9488e-19   1.1967e-19
 8525.00   5.8000e-19   1.1512e-19
 8530.00   4.5193e-19   1.1303e-19
 8535.00   3.1171e-19   1.1010e-19
 8540.00   3.9732e-19   1.2797e-19
 8545.00   5.8270e-19   1.1182e-19
 8550.00   7.5392e-19   1.4755e-19
 8555.00   5.3541e-19   1.1464e-19
 8560.00  -4.4911e-20   1.0887e-19
 8565.00   3.9427e-19   1.1143e-19
 8570.00   4.7694e-19   1.1505e-19
 8575.00   3.9958e-19   1.2143e-19
 8580.00   4.8427e-19   1.1503e-19
 8585.00   3.0844e-19   1.1187e-19
 8590.00   4.5456e-19   1.3127e-19
 8595.00   3.8918e-19   1.2848e-19
 8600.00   4.8613e-19   1.2032e-19
 8605.00   4.6722e-19   1.1690e-19
 8610.00   2.6866e-19   1.2247e-19
 8615.00   7.5511e-19   1.5137e-19
 8620.00   5.5238e-19   1.7833e-19
 8625.00   6.0452e-19   1.8803e-19
 8630.00   5.5309e-19   1.9593e-19
 8635.00   9.1754e-19   1.8773e-19
 8640.00   5.8983e-19   1.6414e-19
 8645.00   4.5701e-19   1.3370e-19
 8650.00   5.2104e-19   1.6824e-19
 8655.00   6.4358e-19   1.6932e-19
 8660.00   6.1246e-19   1.6080e-19
 8665.00   5.0410e-19   1.5717e-19
 8670.00   4.6662e-19   1.5901e-19
 8675.00   5.4450e-19   1.4972e-19
 8680.00   6.0595e-19   1.4295e-19
 8685.00   6.1102e-19   1.3241e-19
 8690.00   4.1069e-19   1.2173e-19
 8695.00   4.1223e-19   1.2722e-19
 8700.00   3.1131e-19   1.3587e-19
 8705.00   3.1056e-19   1.2825e-19
 8710.00   1.9442e-19   1.2362e-19
 8715.00   4.6433e-19   1.1863e-19
 8720.00   4.6947e-19   1.1901e-19
 8725.00   3.9653e-19   1.2470e-19
 8730.00   2.4717e-19   1.1667e-19
 8735.00   4.8373e-19   1.2016e-19
 8740.00   3.6671e-19   1.2623e-19
 8745.00   4.9534e-19   1.2393e-19
 8750.00   3.3046e-19   1.2346e-19
 8755.00   3.8021e-19   1.2041e-19
 8760.00   8.4110e-19   2.5101e-19
 8765.00   1.9131e-19   1.7090e-19
 8770.00   7.8463e-19   1.6960e-19
 8775.00   8.7176e-19   1.5915e-19
 8780.00   4.3266e-19   1.5078e-19
 8785.00   1.8930e-19   1.2042e-19
 8790.00   7.7713e-19   1.5944e-19
 8795.00   4.7781e-19   1.2136e-19
 8800.00   3.6971e-19   1.2434e-19
 8805.00   5.7445e-19   1.2041e-19
 8810.00   6.0468e-19   1.4018e-19
 8815.00   3.5940e-19   1.2063e-19
 8820.00   4.9261e-19   1.6241e-19
 8825.00   2.5171e-19   2.3987e-19
 8830.00   6.7377e-19   2.1321e-19
 8835.00   3.4186e-19   2.9459e-19
 8840.00   3.9523e-19   1.5863e-19
 8845.00   2.8220e-19   1.6750e-19
 8850.00   5.5955e-19   1.8771e-19
 8855.00   4.6108e-19   1.5020e-19
 8860.00   5.4674e-19   1.5709e-19
 8865.00   4.3257e-19   1.7696e-19
 8870.00   6.4155e-19   1.6140e-19
 8875.00   5.5411e-19   1.3814e-19
 8880.00   3.7099e-19   1.3391e-19
 8885.00   4.1047e-19   1.8604e-19
 8890.00   6.7640e-19   1.5233e-19
 8895.00   4.9933e-19   1.4660e-19
 8900.00   3.0973e-19   1.3707e-19
 8905.00   5.4249e-19   1.7020e-19
 8910.00   4.9701e-19   1.4718e-19
 8915.00   4.1921e-19   1.3244e-19
 8920.00   5.3669e-19   1.9522e-19
 8925.00   4.9220e-19   1.4197e-19
 8930.00   4.4944e-19   1.4442e-19
 8935.00   3.2176e-19   1.3958e-19
 8940.00   2.8103e-19   1.3410e-19
 8945.00  -6.8361e-19   1.5259e-19
 8950.00   2.0749e-19   1.2049e-19
 8955.00  -8.6760e-20   1.2593e-19
 8960.00   4.5804e-19   1.5410e-19
 8965.00   2.1411e-19   1.1803e-19
 8970.00   1.9215e-19   1.3790e-19
 8975.00   2.8220e-19   1.2309e-19
 8980.00   4.2885e-19   1.4375e-19
 8985.00   5.7108e-19   1.3565e-19
 8990.00   3.8825e-19   1.4826e-19
 8995.00   1.0552e-19   1.2319e-19
 9000.00   9.1969e-19   1.6282e-19
 9005.00   4.0535e-19   1.1641e-19
 9010.00   4.6485e-19   1.1480e-19
 9015.00   2.3274e-19   1.0905e-19
 9020.00   4.4811e-19   1.2789e-19
 9025.00   2.7686e-19   1.1239e-19
 9030.00   2.6909e-19   1.3059e-19
 9035.00   4.1660e-19   1.2371e-19
 9040.00   5.8468e-19   1.4162e-19
 9045.00   3.7047e-19   1.3069e-19
 9050.00   7.0461e-19   1.6804e-19
 9055.00   4.2261e-19   1.3036e-19
 9060.00   6.0143e-19   1.2265e-19
 9065.00   4.5887e-19   1.3537e-19
 9070.00   4.6670e-19   1.3392e-19
 9075.00   3.3332e-19   1.2213e-19
 9080.00   3.8232e-19   1.1747e-19
 9085.00   3.3144e-19   1.2715e-19
 9090.00   4.4711e-19   1.3246e-19
 9095.00   3.0509e-19   1.4240e-19
 9100.00   1.5388e-19   1.3182e-19
 9105.00   4.6510e-19   1.3981e-19
 9110.00   1.4897e-18   1.4598e-19
 9115.00   5.6682e-19   1.2905e-19
 9120.00   3.8123e-19   1.2406e-19
 9125.00   5.6438e-19   1.3182e-19
 9130.00   3.2772e-19   1.2430e-19
 9135.00   2.2761e-19   1.2987e-19
 9140.00   5.0850e-19   1.3839e-19
 9145.00   2.0963e-19   1.3645e-19
 9150.00   3.1756e-19   1.5532e-19
 9155.00   4.8567e-19   1.5368e-19
 9160.00   3.7741e-19   1.8762e-19
 9165.00   5.8561e-19   1.4337e-19
 9170.00   3.3473e-19   1.4200e-19
 9175.00   1.9142e-19   1.3593e-19
 9180.00   2.5724e-19   1.4621e-19
 9185.00   3.2384e-19   1.4400e-19
 9190.00   2.6680e-19   1.4503e-19
 9195.00   3.4238e-19   1.4371e-19
 9200.00   4.5808e-19   1.4007e-19
 9205.00   3.8137e-19   1.2804e-19
 9210.00   4.5775e-19   1.2884e-19
 9215.00   3.2389e-19   1.4448e-19
 9220.00   2.6489e-19   1.2901e-19
 9225.00   3.0808e-19   1.6108e-19
 9230.00   5.1620e-19   1.2852e-19
 9235.00   1.7440e-19   1.2438e-19
 9240.00   2.7127e-19   1.2325e-19
 9245.00  -1.4108e-19   1.2003e-19
 9250.00   2.9851e-19   1.4232e-19
 9255.00   3.0852e-19   1.2782e-19
 9260.00   3.4314e-19   1.2595e-19
 9265.00   2.9952e-19   1.3197e-19
 9270.00   1.4129e-19   1.2005e-19
 9275.00   3.3984e-19   1.2009e-19
 9280.00   3.3144e-19   1.1699e-19
 9285.00   1.9308e-19   1.3305e-19
 9290.00   4.1997e-19   1.2924e-19
 9295.00   2.2342e-19   1.4167e-19
 9300.00   7.6418e-20   1.4244e-19
 9305.00   3.8771e-19   2.2295e-19
 9310.00   1.0399e-18   3.7973e-19
 9315.00  -7.2701e-20   2.2687e-19
 9320.00   4.7233e-19   1.9537e-19
 9325.00   1.0033e-19   2.0559e-19
 9330.00  -5.5284e-20   1.6693e-19
 9335.00   1.8341e-19   1.4086e-19
 9340.00   1.3446e-19   1.6029e-19
 9345.00  -9.1323e-20   1.1517e-19
 9350.00   2.3612e-19   2.0020e-19
 9355.00  -1.9389e-19   1.1965e-19
 9360.00  -1.1093e-19   1.3548e-19
 9365.00   2.9014e-19   1.3700e-19
 9370.00   6.1942e-20   1.4505e-19
 9375.00  -1.0898e-18   4.3035e-19
 9380.00   7.1511e-20   1.4874e-19
 9385.00   3.2482e-19   1.8610e-19
 9390.00   2.2234e-19   1.3642e-19
 9395.00   4.5422e-19   1.5827e-19
 9400.00   5.5712e-19   1.7352e-19
 9405.00   2.6937e-19   1.4966e-19
 9410.00   2.9517e-19   1.2194e-19
 9415.00   3.9902e-19   1.3515e-19
 9420.00   4.4770e-19   2.2497e-19
 9425.00   1.3059e-19   1.3156e-19
 9430.00  -1.2018e-19   1.0798e-19
 9435.00   4.2938e-19   1.4630e-19
 9440.00  -2.2258e-18   2.8843e-19
 9445.00   4.8266e-19   1.3986e-19
 9450.00   4.9697e-19   1.5817e-19
 9455.00   3.0057e-19   1.3296e-19
 9460.00   2.2130e-19   1.7567e-19
 9465.00   4.0059e-19   1.1949e-19
 9470.00  -5.4945e-20   1.1300e-19
 9475.00   7.8013e-19   1.9052e-19
 9480.00   2.6781e-19   1.3513e-19
 9485.00   3.6599e-19   1.3018e-19
 9490.00   2.1833e-19   1.3881e-19
 9495.00   1.3482e-19   1.0693e-19
 9500.00  -6.8242e-19   1.2952e-19
 9505.00   1.7378e-19   1.5624e-19
 9510.00   5.0878e-19   1.2464e-19
 9515.00   2.5178e-19   1.1888e-19
 9520.00   1.3361e-19   1.8540e-19
 9525.00   6.7118e-20   1.1699e-19
 9530.00   6.5680e-20   1.3623e-19
 9535.00   5.4666e-19   1.5362e-19
 9540.00   4.4280e-19   1.2060e-19
 9545.00   2.1105e-19   1.0466e-19
 9550.00   2.4922e-19   1.3943e-19
 9555.00   2.3522e-19   1.3808e-19
 9560.00   4.0788e-19   1.4174e-19
 9565.00   3.7298e-19   1.5668e-19
 9570.00   4.0308e-19   1.7585e-19
 9575.00   3.2852e-19   1.3751e-19
 9580.00   1.4267e-19   1.1512e-19
 9585.00   4.1230e-19   1.2852e-19
 9590.00  -1.6509e-20   1.2278e-19
 9595.00   2.9678e-19   1.2562e-19
 9600.00   2.4642e-19   1.2499e-19
 9605.00   7.9497e-20   1.4195e-19
 9610.00   2.7048e-19   1.6048e-19
 9615.00   1.2466e-19   1.4176e-19
 9620.00   3.3901e-19   2.0217e-19
 9625.00   1.1720e-19   1.5172e-19
 9630.00   3.4701e-19   1.6799e-19
 9635.00   1.9428e-19   1.3352e-19
 9640.00   3.6830e-19   1.3736e-19
 9645.00   1.0404e-19   1.2588e-19
 9650.00   2.2754e-19   1.4354e-19
 9655.00   1.7469e-19   1.7012e-19
 9660.00   3.7684e-19   1.7919e-19
 9665.00   1.2341e-19   1.5208e-19
 9670.00   1.7279e-19   2.3665e-19
 9675.00   1.8267e-19   1.8106e-19
 9680.00   8.9858e-20   2.8316e-19
 9685.00   1.0006e-19   1.9310e-19
 9690.00   4.2945e-19   2.0675e-19
 9695.00   3.2613e-19   1.7670e-19
 9700.00   5.5014e-19   2.6812e-19
 9705.00   8.3175e-19   1.8708e-19
 9710.00   6.6899e-19   2.1183e-19
 9715.00   1.7098e-19   1.7894e-19
 9720.00   8.5197e-19   3.2808e-19
 9725.00   1.4223e-19   1.9987e-19
 9730.00   1.4758e-19   1.8967e-19
 9735.00   3.9146e-19   2.5507e-19
 9740.00   2.9245e-19   2.2466e-19
 9745.00   5.6968e-19   2.3912e-19
 9750.00   3.0142e-19   1.7852e-19
 9755.00   1.2674e-19   1.8431e-19
 9760.00   4.3698e-19   1.8000e-19
 9765.00   1.5242e-20   1.7900e-19
 9770.00  -4.4927e-19   1.7557e-19
 9775.00   6.9996e-20   1.8698e-19
 9780.00   3.5318e-20   1.9456e-19
 9785.00   1.5859e-19   2.0971e-19
 9790.00   1.8468e-18   5.5722e-19
 9795.00   9.2160e-19   3.3070e-19
 9800.00   5.9873e-19   3.5583e-19
 9805.00   4.1456e-19   2.5613e-19
 9810.00   5.5486e-19   3.4684e-19
 9815.00   7.5810e-19   3.0446e-19
 9820.00   4.3008e-19   2.7037e-19
 9825.00   1.1874e-19   2.5853e-19
 9830.00   6.9857e-19   2.9390e-19
 9835.00   1.2163e-19   2.5038e-19
 9840.00   1.8232e-19   2.4358e-19
 9845.00   7.0549e-19   2.8516e-19
 9850.00   9.4171e-19   3.8835e-19
 9855.00   1.1343e-19   2.6117e-19
 9860.00   8.3142e-20   2.5635e-19
