 
TRANSIENT_NAME:     DES15C2sj  
SNID:               1283724    
OBS_DATE:           2015-09-09
MJD:                57274. 
PHASE:              +8.    
MJD_MAX:            57265.5
TYPE:               101
SPEC_EVAL:          SNIa?
REDSHIFT:           0.0700  
REDSHIFT_ERR:       0.0050  
REDSHIFT_SOURCE:    Z_SN
TELESCOPE:          SALT
INSTRUMENT:         RSS
 
======================================
 
# WAVE  FLUX  FLUX_ERR
 3824.00  -2.2268e-19   1.9997e-19
 3827.05  -4.4707e-20   8.7721e-20
 3830.11   6.8331e-20   8.6637e-20
 3833.16   1.5660e-19   2.0003e-19
 3836.21   1.0970e-19   1.2219e-19
 3839.27   1.2645e-19   1.5458e-19
 3842.32   2.4730e-19   1.9234e-19
 3845.37   1.9725e-19   1.8908e-19
 3848.42   8.4574e-20   1.2344e-19
 3851.48   1.8917e-19   1.8809e-19
 3854.53   1.3975e-19   1.3794e-19
 3857.58  -1.4983e-19   1.7322e-19
 3860.64   3.1185e-20   8.5324e-20
 3863.69   1.9874e-19   1.9742e-19
 3866.74  -2.3932e-20   6.2520e-20
 3869.80  -2.7116e-19   1.8073e-19
 3872.85   5.0381e-20   8.6694e-20
 3875.90   7.9643e-20   1.0341e-19
 3878.96   2.5287e-20   5.8178e-20
 3882.01   1.7607e-19   1.8198e-19
 3885.06   5.5148e-20   1.2063e-19
 3888.12   8.6538e-20   1.1413e-19
 3891.17   3.5471e-20   9.2858e-20
 3894.22   2.2586e-19   1.8334e-19
 3897.27   2.1898e-19   1.9370e-19
 3900.33  -1.0215e-21   1.5223e-20
 3903.38  -2.2978e-20   8.3321e-20
 3906.43  -3.9383e-20   8.7480e-20
 3909.49   5.4363e-21   4.1179e-20
 3912.54  -7.2055e-20   1.0770e-19
 3915.59   1.7333e-19   1.6655e-19
 3918.65   3.0294e-19   2.2629e-19
 3921.70   7.3687e-20   1.1196e-19
 3924.75   1.5677e-19   1.9087e-19
 3927.81   3.0275e-19   1.9830e-19
 3930.86   1.5263e-19   1.6642e-19
 3933.91  -1.2025e-19   1.7084e-19
 3936.97  -7.7631e-20   1.1527e-19
 3940.02  -8.5822e-20   1.2439e-19
 3943.07  -3.4587e-20   7.9270e-20
 3946.12   6.5151e-20   1.1868e-19
 3949.18   1.3516e-19   1.6355e-19
 3952.23   1.6608e-19   1.6257e-19
 3955.28   2.6373e-20   6.6890e-20
 3958.34   1.1304e-19   1.4413e-19
 3961.39   4.9687e-20   1.0119e-19
 3964.44   2.4923e-19   2.0456e-19
 3967.50   1.9120e-19   2.1431e-19
 3970.55   4.5535e-21   3.4250e-20
 3973.60   5.2223e-20   9.2839e-20
 3976.66   3.1354e-19   2.2669e-19
 3979.71   2.8335e-19   1.8744e-19
 3982.76   1.9269e-19   1.9036e-19
 3985.82   1.5117e-19   1.8473e-19
 3988.87   5.2929e-21   4.1482e-20
 3991.92   1.6555e-19   1.5659e-19
 3994.98  -3.2214e-20   9.1815e-20
 3998.03   2.3224e-19   1.9293e-19
 4001.08   2.3793e-19   1.9020e-19
 4004.13   3.9538e-19   2.1607e-19
 4007.19   1.8115e-19   1.5596e-19
 4010.24   1.4771e-19   1.3652e-19
 4013.29   1.9568e-19   1.9361e-19
 4016.35   1.6111e-19   1.6227e-19
 4019.40   1.8526e-19   1.7222e-19
 4022.45   6.4249e-20   9.3382e-20
 4025.51   1.2150e-20   4.9369e-20
 4028.56   1.6916e-19   2.4766e-19
 4031.61   2.1351e-19   1.7517e-19
 4034.67   2.0132e-19   2.2023e-19
 4037.72  -3.4527e-21   2.3949e-20
 4040.77  -3.5754e-19   1.8850e-19
 4043.83   1.4382e-19   1.6853e-19
 4046.88   1.0984e-19   1.2596e-19
 4049.93   6.1438e-20   9.8587e-20
 4052.98  -1.3822e-19   1.2051e-19
 4056.04   8.6278e-21   4.8126e-20
 4059.09   5.0698e-20   9.8253e-20
 4062.14   1.9406e-19   1.8901e-19
 4065.20   1.3513e-19   1.4719e-19
 4068.25  -2.3315e-19   1.6812e-19
 4071.30   1.4322e-19   1.5084e-19
 4074.36   1.9443e-19   1.8738e-19
 4077.41   2.7071e-19   1.8369e-19
 4080.46   6.1512e-20   9.8456e-20
 4083.52   1.0180e-19   1.3528e-19
 4086.57   2.1585e-19   1.9928e-19
 4089.62   1.9679e-20   6.0179e-20
 4092.68   6.4300e-20   1.0453e-19
 4095.73   3.3358e-19   1.8588e-19
 4098.78   1.5114e-19   1.4758e-19
 4101.83   5.9044e-20   1.1753e-19
 4104.89   1.5713e-19   1.5389e-19
 4107.94   2.9947e-19   1.9836e-19
 4110.99   3.6947e-19   2.0140e-19
 4114.05   2.5717e-19   2.1304e-19
 4117.10   3.0802e-19   2.0606e-19
 4120.15   4.5555e-19   2.0001e-19
 4123.21   1.9851e-19   1.9322e-19
 4126.26   2.6400e-19   2.2438e-19
 4129.31   3.3568e-19   1.9489e-19
 4132.37   8.5765e-20   1.2386e-19
 4135.42   2.0959e-19   1.8474e-19
 4138.47   2.2709e-19   1.7701e-19
 4141.53   3.1091e-19   1.8569e-19
 4144.58   1.9206e-19   1.6847e-19
 4147.63   1.8016e-19   1.6015e-19
 4150.69  -1.0181e-19   1.3628e-19
 4153.74   2.9003e-19   1.7075e-19
 4156.79   4.9224e-19   1.9572e-19
 4159.84   3.9030e-19   2.1338e-19
 4162.90   3.8235e-19   2.0265e-19
 4165.95  -7.6630e-20   9.6522e-20
 4169.00   4.6329e-20   7.3899e-20
 4172.06   1.6994e-19   1.6693e-19
 4175.11   2.7587e-19   1.7617e-19
 4178.16   2.7058e-20   6.8620e-20
 4181.22   3.2409e-19   2.0484e-19
 4184.27   2.8657e-19   1.6705e-19
 4187.32   2.6687e-19   1.9005e-19
 4190.38   9.9548e-20   1.3350e-19
 4193.43  -4.0331e-20   6.6001e-20
 4196.48   3.2916e-19   1.6726e-19
 4199.54   3.5229e-19   1.8642e-19
 4202.59   2.6857e-19   1.6019e-19
 4205.64   3.5872e-19   1.7139e-19
 4208.69   3.7734e-19   1.7729e-19
 4211.75   2.4235e-19   1.5760e-19
 4214.80   2.7229e-19   1.4955e-19
 4217.85   3.3824e-19   2.0482e-19
 4220.91   1.5344e-19   1.5502e-19
 4223.96   1.9213e-19   1.7034e-19
 4227.01   3.0538e-19   1.7081e-19
 4230.07   3.1810e-19   1.9174e-19
 4233.12   1.8493e-19   1.5523e-19
 4236.17   2.9418e-19   1.6816e-19
 4239.23   5.3882e-19   1.8298e-19
 4242.28   3.3668e-19   1.8425e-19
 4245.33   1.6496e-19   1.3690e-19
 4248.39   3.7734e-19   1.9386e-19
 4251.44   3.2625e-19   1.6958e-19
 4254.49   3.9527e-19   1.8627e-19
 4257.55   4.3262e-19   2.1535e-19
 4260.60   4.1151e-19   2.0313e-19
 4263.65   3.5213e-19   1.6473e-19
 4266.70   3.0377e-19   1.7626e-19
 4269.76   3.1553e-19   1.8331e-19
 4272.81   2.5933e-19   1.7064e-19
 4275.86   2.7111e-19   1.8979e-19
 4278.92   2.1339e-19   1.8266e-19
 4281.97   2.8141e-19   1.8680e-19
 4285.02   2.2779e-19   1.8939e-19
 4288.08   1.7999e-19   1.7433e-19
 4291.13   3.1404e-19   1.8987e-19
 4294.18   3.3717e-19   1.7416e-19
 4297.24   1.9515e-19   1.5938e-19
 4300.29   6.3932e-20   8.7346e-20
 4303.34   2.2947e-19   1.4945e-19
 4306.40   3.1088e-19   1.9364e-19
 4309.45   2.0235e-19   1.7798e-19
 4312.50   2.8168e-19   1.6594e-19
 4315.55   3.7442e-19   1.6664e-19
 4318.61   2.6608e-19   1.7678e-19
 4321.66   2.6512e-19   1.7267e-19
 4324.71   2.2685e-19   1.6203e-19
 4327.77   2.0661e-19   1.7717e-19
 4330.82   3.1493e-19   1.7655e-19
 4333.87   1.7181e-19   1.6848e-19
 4336.93   6.3380e-20   1.0842e-19
 4339.98   1.9013e-19   1.5970e-19
 4343.03   2.6847e-19   1.6407e-19
 4346.09   3.0860e-19   1.6060e-19
 4349.14   1.7174e-19   1.7093e-19
 4352.19   1.5152e-20   4.0558e-20
 4355.25   9.0491e-20   9.9737e-20
 4358.30   2.4721e-19   2.0227e-19
 4361.35   1.7314e-19   1.6732e-19
 4364.41   2.2136e-19   1.5746e-19
 4367.46   3.3284e-19   1.7335e-19
 4370.51   2.7849e-19   1.6211e-19
 4373.56   2.6228e-19   1.6095e-19
 4376.62   3.2076e-19   1.6410e-19
 4379.67   3.5225e-19   1.6885e-19
 4382.72   3.7277e-19   1.7138e-19
 4385.78   2.2557e-19   1.6087e-19
 4388.83   2.6011e-19   1.5956e-19
 4391.88   2.9073e-19   1.7746e-19
 4394.94   3.7884e-20   7.8393e-20
 4397.99  -1.5606e-19   1.2783e-19
 4401.04   2.7906e-21   1.8964e-20
 4404.10   3.0752e-19   1.8230e-19
 4407.15   1.2393e-19   1.3304e-19
 4410.20   9.7494e-20   1.5005e-19
 4413.26   1.8051e-19   1.6267e-19
 4416.31   2.5825e-19   1.9553e-19
 4419.36   1.6224e-19   1.4328e-19
 4422.41  -2.6974e-20   5.7271e-20
 4425.47   1.7632e-19   1.2534e-19
 4428.52   1.4470e-19   1.3769e-19
 4431.57   6.6089e-20   1.0720e-19
 4434.63   1.1529e-19   1.4806e-19
 4437.68   2.3272e-19   1.5472e-19
 4440.73   4.4573e-19   1.5722e-19
 4443.79   3.5851e-19   1.5956e-19
 4446.84   3.0407e-19   1.5000e-19
 4449.89   1.7870e-19   1.5893e-19
 4452.95   1.4241e-19   1.3541e-19
 4456.00   1.7263e-19   1.3046e-19
 4459.05   1.4652e-19   1.3725e-19
 4462.11   1.9142e-19   1.3550e-19
 4465.16  -3.2960e-20   6.9543e-20
 4468.21   1.5880e-19   1.6587e-19
 4471.27   2.7669e-19   1.6250e-19
 4474.32   4.2056e-19   1.6199e-19
 4477.37   2.9535e-19   1.5936e-19
 4480.42   2.2027e-19   1.6714e-19
 4483.48   2.3090e-19   1.3263e-19
 4486.53   2.8568e-19   1.6746e-19
 4489.58   1.1389e-19   1.3937e-19
 4492.64   2.2329e-19   1.7428e-19
 4495.69   3.5148e-19   1.5019e-19
 4498.74   2.6596e-19   1.4794e-19
 4501.80   2.5198e-19   1.7784e-19
 4504.85   2.4881e-19   1.6588e-19
 4507.90   1.9338e-19   1.5925e-19
 4510.96   3.4537e-19   1.6342e-19
 4514.01   2.7950e-19   1.4702e-19
 4517.06   6.9216e-20   8.3010e-20
 4520.12   1.4519e-19   1.3801e-19
 4523.17   1.9657e-19   1.4042e-19
 4526.22   1.5105e-19   1.5648e-19
 4529.27   2.3434e-19   1.6405e-19
 4532.33   1.7452e-19   1.2767e-19
 4535.38   4.2403e-19   1.6573e-19
 4538.43   3.8884e-19   1.5478e-19
 4541.49   1.1307e-19   1.1669e-19
 4544.54   3.5478e-19   1.6669e-19
 4547.59   2.2866e-19   1.4323e-19
 4550.65   1.5332e-19   1.4170e-19
 4553.70   2.2991e-19   1.3201e-19
 4556.75   3.5177e-19   1.5913e-19
 4559.81   2.7545e-19   1.4802e-19
 4562.86   1.4401e-19   1.1780e-19
 4565.91   2.4428e-19   1.5446e-19
 4568.97   2.7728e-19   1.6822e-19
 4572.02   4.0928e-19   1.6917e-19
 4575.07   3.8015e-19   1.6911e-19
 4578.12   3.5858e-19   1.5391e-19
 4581.18   3.3521e-19   1.4852e-19
 4584.23   3.0430e-19   1.4473e-19
 4587.28   2.2603e-19   1.3838e-19
 4590.34   3.1963e-19   1.5676e-19
 4593.39   2.5982e-19   1.6692e-19
 4596.44   2.6709e-19   1.5487e-19
 4599.50   4.0409e-19   1.5419e-19
 4602.55   3.0488e-19   1.5402e-19
 4605.60   3.9112e-19   1.7433e-19
 4608.66   2.8389e-19   1.6612e-19
 4611.71   3.3718e-19   1.5398e-19
 4614.76   2.0358e-19   1.4354e-19
 4617.82   3.6774e-19   1.5744e-19
 4620.87   2.7000e-19   1.6492e-19
 4623.92   4.1038e-19   1.4734e-19
 4626.98   1.5974e-19   1.2369e-19
 4630.03   2.4137e-19   1.4868e-19
 4633.08   5.9610e-20   9.2059e-20
 4636.13   2.0603e-19   1.3169e-19
 4639.19   4.4364e-19   1.4677e-19
 4642.24   1.3174e-19   1.1621e-19
 4645.29   2.2165e-19   1.3912e-19
 4648.35   2.1992e-19   1.4767e-19
 4651.40   2.2955e-19   1.3438e-19
 4654.45   2.1528e-19   1.2784e-19
 4657.51   3.8765e-19   1.4560e-19
 4660.56   2.6018e-19   1.6070e-19
 4663.61   6.3510e-19   1.8215e-19
 4666.67   4.0152e-19   1.4888e-19
 4669.72   3.4891e-19   1.6145e-19
 4672.77   3.1337e-19   1.3494e-19
 4675.83   1.9103e-19   1.2397e-19
 4678.88   8.6738e-20   9.7418e-20
 4681.93   3.4504e-19   1.6110e-19
 4684.98   2.9468e-19   1.5944e-19
 4688.04   3.7883e-19   1.6632e-19
 4691.09   4.3895e-20   6.5931e-20
 4694.14   1.7215e-19   1.3903e-19
 4697.20   3.5517e-19   1.4406e-19
 4700.25   1.6495e-19   1.2651e-19
 4703.30   2.6241e-19   1.2717e-19
 4706.36   4.0134e-19   1.5343e-19
 4709.41   4.3143e-19   1.6726e-19
 4712.46   2.0328e-19   1.1343e-19
 4715.52   2.3457e-19   1.5531e-19
 4718.57   1.8244e-19   1.4330e-19
 4721.62   2.1458e-19   1.4038e-19
 4724.68   9.6890e-20   9.5407e-20
 4727.73   3.2545e-19   1.5144e-19
 4730.78   3.1681e-19   1.3888e-19
 4733.83   2.7649e-19   1.5208e-19
 4736.89   1.5375e-19   1.4302e-19
 4739.94   3.9740e-19   1.3728e-19
 4742.99   3.8362e-19   1.3943e-19
 4746.05   2.4366e-19   1.5809e-19
 4749.10   3.1129e-19   1.4826e-19
 4752.15   2.3820e-19   1.3964e-19
 4755.21   1.6591e-19   1.0332e-19
 4758.26   5.4498e-19   1.3748e-19
 4761.31   3.6735e-19   1.4715e-19
 4764.37   3.6337e-19   1.4483e-19
 4767.42   4.2143e-19   1.3298e-19
 4770.47   4.5073e-19   1.3416e-19
 4773.53   3.2910e-19   1.3520e-19
 4776.58   4.9742e-19   1.3329e-19
 4779.63   4.0757e-19   1.5155e-19
 4782.69   2.3689e-19   1.3974e-19
 4785.74   8.7685e-20   7.8537e-20
 4788.79   3.6241e-19   1.4145e-19
 4791.84   2.8446e-19   1.2804e-19
 4794.90   2.3482e-19   1.3100e-19
 4797.95   3.5428e-19   1.2828e-19
 4801.00   2.8813e-19   1.2798e-19
 4804.06   4.1845e-19   1.5900e-19
 4807.11   4.1238e-19   1.5130e-19
 4810.16   2.9813e-19   1.4359e-19
 4813.22   4.5906e-19   1.5299e-19
 4816.27   3.3542e-19   1.4443e-19
 4819.32   3.9694e-19   1.4590e-19
 4822.38   2.9172e-19   1.5817e-19
 4825.43   3.9266e-19   1.3689e-19
 4828.48   2.7021e-19   1.3867e-19
 4831.54   4.3516e-19   1.3889e-19
 4834.59   3.3469e-19   1.3996e-19
 4837.64   3.9892e-19   1.3412e-19
 4840.69   3.0843e-19   1.5629e-19
 4843.75   4.0379e-19   1.3830e-19
 4846.80   4.4037e-19   1.3346e-19
 4849.85   2.9361e-19   1.3105e-19
 4852.91   4.0262e-19   1.3389e-19
 4855.96   4.0241e-19   1.3179e-19
 4859.01   3.7281e-19   1.3225e-19
 4862.07   4.1571e-19   1.2944e-19
 4865.12   3.1407e-19   1.3381e-19
 4868.17   4.3567e-19   1.2747e-19
 4871.23   5.6456e-19   1.3169e-19
 4874.28   4.7152e-19   1.4678e-19
 4877.33   4.0968e-19   1.2919e-19
 4880.39   5.2240e-19   1.2975e-19
 4883.44   5.7561e-19   1.3129e-19
 4886.49   3.5510e-19   1.4193e-19
 4889.54   3.9475e-19   1.2916e-19
 4892.60   4.9700e-19   1.4189e-19
 4895.65   5.0320e-19   1.3508e-19
 4898.70   4.3916e-19   1.2744e-19
 4901.76   4.7312e-19   1.3212e-19
 4904.81   3.9427e-19   1.3217e-19
 4907.86   4.7757e-19   1.3522e-19
 4910.92   5.9662e-19   1.3049e-19
 4913.97   4.3213e-19   1.3407e-19
 4917.02   3.2417e-19   1.3289e-19
 4920.08   5.1963e-19   1.2768e-19
 4926.18   4.4712e-19   1.3925e-19
 5091.05   4.3051e-19   1.1987e-19
 5094.11   3.5281e-19   1.3651e-19
 5097.16   2.3003e-19   1.0879e-19
 5100.21   4.5098e-19   1.2641e-19
 5103.26   2.7756e-19   1.1185e-19
 5106.32   3.3980e-19   1.1535e-19
 5109.37   3.8826e-19   1.2103e-19
 5112.42   1.7493e-19   8.2429e-20
 5115.48   2.6101e-19   1.0995e-19
 5118.53   3.2006e-19   1.2250e-19
 5121.58   3.4815e-19   1.1980e-19
 5124.64   4.3538e-19   1.3002e-19
 5127.69   5.1462e-19   1.2440e-19
 5130.74   4.8801e-19   1.3643e-19
 5133.80   4.1307e-19   1.2959e-19
 5136.85   5.5905e-19   1.3414e-19
 5139.90   3.3713e-19   1.2453e-19
 5142.96   3.0360e-19   1.2546e-19
 5146.01   4.2884e-19   1.2470e-19
 5149.06   5.2460e-19   1.2257e-19
 5152.11   4.1875e-19   1.2384e-19
 5155.17   5.0336e-19   1.3003e-19
 5158.22   3.2360e-19   1.1463e-19
 5161.27   4.8656e-19   1.2864e-19
 5164.33   4.4541e-19   1.2124e-19
 5167.38   4.3495e-19   1.2431e-19
 5170.43   4.4957e-19   1.1870e-19
 5173.49   4.6169e-19   1.2652e-19
 5176.54   4.7528e-19   1.2429e-19
 5179.59   6.7105e-19   1.1834e-19
 5182.65   4.5768e-19   1.2604e-19
 5185.70   4.9559e-19   1.2996e-19
 5188.75   4.9235e-19   1.2348e-19
 5191.81   4.2881e-19   1.2061e-19
 5194.86   3.8362e-19   1.1795e-19
 5197.91   4.5822e-19   1.1718e-19
 5200.97   4.7864e-19   1.1973e-19
 5204.02   5.4337e-19   1.2361e-19
 5207.07   4.0095e-19   1.0759e-19
 5210.12   3.8273e-19   1.2385e-19
 5213.18   4.3078e-19   1.1384e-19
 5216.23   6.3025e-19   1.2177e-19
 5219.28   5.5522e-19   1.2256e-19
 5222.34   5.2946e-19   1.3362e-19
 5225.39   6.2781e-19   1.3110e-19
 5228.44   3.9979e-19   1.2523e-19
 5231.50   3.7874e-19   1.1486e-19
 5234.55   4.0536e-19   1.3248e-19
 5237.60   4.5980e-19   1.2561e-19
 5240.66   4.7277e-19   1.2703e-19
 5243.71   3.6957e-19   1.1938e-19
 5246.76   4.5387e-19   1.2225e-19
 5249.82   4.9236e-19   1.2439e-19
 5252.87   5.6396e-19   1.2185e-19
 5255.92   4.4764e-19   1.2458e-19
 5258.98   4.2302e-19   1.0950e-19
 5262.03   6.8733e-19   1.3433e-19
 5265.08   4.5783e-19   1.2669e-19
 5268.13   4.5250e-19   1.1457e-19
 5271.19   3.9432e-19   1.1809e-19
 5274.24   4.2905e-19   1.2393e-19
 5277.29   4.6702e-19   1.2633e-19
 5280.35   3.7253e-19   1.0701e-19
 5283.40   4.3527e-19   1.1142e-19
 5286.45   4.4839e-19   1.1858e-19
 5289.51   5.2648e-19   1.2318e-19
 5292.56   4.9488e-19   1.3196e-19
 5295.61   3.5557e-19   1.2036e-19
 5298.67   4.5853e-19   1.2710e-19
 5301.72   3.0157e-19   1.3124e-19
 5304.77   3.9330e-19   1.2854e-19
 5307.83   3.9111e-19   1.2804e-19
 5310.88   3.5193e-19   1.1338e-19
 5313.93   4.0905e-19   1.2640e-19
 5316.98   2.4873e-19   1.1116e-19
 5320.04   5.0546e-19   1.3309e-19
 5323.09   4.3760e-19   1.2899e-19
 5326.14   4.4592e-19   1.1501e-19
 5329.20   3.3702e-19   1.2120e-19
 5332.25   5.2499e-19   1.3070e-19
 5335.30   3.6564e-19   1.1832e-19
 5338.36   3.9651e-19   1.1809e-19
 5341.41   3.3416e-19   1.1800e-19
 5344.46   4.1071e-19   1.1908e-19
 5347.52   3.1103e-19   1.1811e-19
 5350.57   3.5458e-19   1.0876e-19
 5353.62   9.9981e-20   8.4653e-20
 5356.68   1.5595e-19   8.8406e-20
 5359.73   2.9870e-19   1.0525e-19
 5362.78   3.5816e-19   1.1905e-19
 5365.83   2.7971e-19   1.1231e-19
 5368.89   3.6111e-19   1.1382e-19
 5371.94   3.5534e-19   1.2358e-19
 5374.99   2.1875e-19   1.1362e-19
 5378.05   3.9049e-19   1.1471e-19
 5381.10   4.8485e-19   1.1734e-19
 5384.15   4.6664e-19   1.2116e-19
 5387.21   3.2411e-19   1.1670e-19
 5390.26   4.0781e-19   1.2532e-19
 5393.31   2.1070e-19   1.1306e-19
 5396.37   6.0024e-19   1.2418e-19
 5399.42   4.8027e-19   1.3155e-19
 5402.47   3.2099e-19   1.0923e-19
 5405.53   3.6239e-19   1.2246e-19
 5408.58   3.0689e-19   1.1169e-19
 5411.63   3.6116e-19   1.2271e-19
 5414.69   2.2466e-19   1.0783e-19
 5417.74   3.0566e-19   1.1730e-19
 5420.79   3.5399e-19   1.1179e-19
 5423.84   4.4130e-19   1.2651e-19
 5426.90   4.8889e-19   1.2262e-19
 5429.95   4.3544e-19   1.1504e-19
 5433.00   4.6351e-19   1.2397e-19
 5436.06   3.1208e-19   1.0991e-19
 5439.11   2.8203e-19   1.1052e-19
 5442.16   4.4505e-19   1.1798e-19
 5445.22   5.0932e-19   1.2380e-19
 5448.27   4.4451e-19   1.1496e-19
 5451.32   3.6201e-19   1.2062e-19
 5454.38   5.1357e-19   1.1729e-19
 5457.43   3.6846e-19   1.1493e-19
 5460.48   5.3698e-19   1.2040e-19
 5463.54   4.8993e-19   1.1751e-19
 5466.59   4.4603e-19   1.2436e-19
 5469.64   5.4718e-19   1.2313e-19
 5472.69   4.6173e-19   1.2938e-19
 5475.75   5.4820e-19   1.2323e-19
 5478.80   4.5745e-19   1.1404e-19
 5481.85   4.6979e-19   1.2457e-19
 5484.91   4.8566e-19   1.3010e-19
 5487.96   4.3425e-19   1.1800e-19
 5491.01   4.1820e-19   1.2371e-19
 5494.07   3.8051e-19   1.2019e-19
 5497.12   3.4379e-19   1.1416e-19
 5500.17   4.1274e-19   1.2592e-19
 5503.23   3.7142e-19   1.2234e-19
 5506.28   3.7686e-19   1.1848e-19
 5509.33   3.6589e-19   1.1475e-19
 5512.39   3.8828e-19   1.1886e-19
 5515.44   3.1452e-19   1.1681e-19
 5518.49   3.8221e-19   1.1734e-19
 5521.54   4.9297e-19   1.1771e-19
 5524.60   5.4180e-19   1.2564e-19
 5527.65   5.3325e-19   1.2320e-19
 5530.70   4.1274e-19   1.2564e-19
 5533.76   3.8769e-19   1.2750e-19
 5536.81   4.2990e-19   1.2961e-19
 5539.86   5.1555e-19   1.2616e-19
 5542.92   5.2198e-19   1.3301e-19
 5545.97   4.6886e-19   1.3184e-19
 5549.02   5.4603e-19   1.3010e-19
 5552.08   4.6293e-19   1.2804e-19
 5555.13   4.3191e-19   1.4141e-19
 5558.18   4.9275e-19   1.6324e-19
 5561.24   6.2332e-19   2.4405e-19
 5594.82   6.0776e-19   1.3089e-19
 5597.87   6.4186e-19   1.3030e-19
 5600.93   6.3552e-19   1.3045e-19
 5603.98   4.8634e-19   1.3108e-19
 5607.03   5.4579e-19   1.2515e-19
 5610.09   7.9691e-19   1.3491e-19
 5613.14   6.5021e-19   1.2825e-19
 5616.19   5.9597e-19   1.2187e-19
 5619.25   5.8071e-19   1.1785e-19
 5622.30   4.8715e-19   1.1443e-19
 5625.35   4.6954e-19   1.1421e-19
 5628.40   4.5194e-19   1.1508e-19
 5631.46   5.3634e-19   1.1779e-19
 5634.51   5.9667e-19   1.2026e-19
 5637.56   5.9019e-19   1.1734e-19
 5640.62   5.4730e-19   1.1627e-19
 5643.67   5.5777e-19   1.1669e-19
 5646.72   5.9897e-19   1.2210e-19
 5649.78   5.5220e-19   1.1871e-19
 5652.83   5.5130e-19   1.1789e-19
 5655.88   5.7763e-19   1.2064e-19
 5658.94   5.6969e-19   1.2321e-19
 5661.99   5.3982e-19   1.1554e-19
 5665.04   5.6260e-19   1.1855e-19
 5668.10   5.4427e-19   1.1564e-19
 5671.15   5.5393e-19   1.2275e-19
 5674.20   4.5028e-19   1.2048e-19
 5677.25   6.2547e-19   1.2281e-19
 5680.31   5.9450e-19   1.1618e-19
 5683.36   5.7467e-19   1.1541e-19
 5686.41   5.8145e-19   1.1827e-19
 5689.47   6.5621e-19   1.1649e-19
 5692.52   6.3316e-19   1.1771e-19
 5695.57   5.4424e-19   1.1627e-19
 5698.63   4.8761e-19   1.1261e-19
 5701.68   4.9059e-19   1.1537e-19
 5704.73   5.4827e-19   1.1708e-19
 5707.79   5.9166e-19   1.2080e-19
 5710.84   5.4086e-19   1.1720e-19
 5713.89   5.4721e-19   1.1184e-19
 5716.95   6.6393e-19   1.1449e-19
 5720.00   7.0773e-19   1.1702e-19
 5723.05   7.5482e-19   1.1334e-19
 5726.10   7.5056e-19   1.1479e-19
 5729.16   6.3885e-19   1.1456e-19
 5732.21   6.6094e-19   1.1421e-19
 5735.26   5.9832e-19   1.1195e-19
 5738.32   5.8072e-19   1.1110e-19
 5741.37   6.6538e-19   1.1404e-19
 5744.42   6.4317e-19   1.1513e-19
 5747.48   4.8901e-19   1.1376e-19
 5750.53   5.1253e-19   1.1144e-19
 5753.58   5.9832e-19   1.1607e-19
 5756.64   6.1211e-19   1.1113e-19
 5759.69   5.3337e-19   1.1129e-19
 5762.74   5.6802e-19   1.1305e-19
 5765.80   6.3060e-19   1.1584e-19
 5768.85   6.0080e-19   1.1133e-19
 5771.90   5.7986e-19   1.1150e-19
 5774.96   6.1244e-19   1.0900e-19
 5778.01   7.0434e-19   1.1484e-19
 5781.06   6.7087e-19   1.1418e-19
 5784.11   5.5890e-19   1.1029e-19
 5787.17   6.0682e-19   1.1257e-19
 5790.22   5.3121e-19   1.1340e-19
 5793.27   5.6913e-19   1.1189e-19
 5796.33   6.4009e-19   1.1638e-19
 5799.38   7.5924e-19   1.1881e-19
 5802.43   7.6348e-19   1.1988e-19
 5805.49   6.4317e-19   1.1125e-19
 5808.54   6.7185e-19   1.1837e-19
 5811.59   7.6532e-19   1.2195e-19
 5814.65   5.6413e-19   1.1189e-19
 5817.70   7.1863e-19   1.1395e-19
 5820.75   6.6220e-19   1.1198e-19
 5823.81   7.5066e-19   1.1649e-19
 5826.86   7.0622e-19   1.2151e-19
 5829.91   7.5127e-19   1.1730e-19
 5832.96   7.1865e-19   1.1385e-19
 5836.02   7.8702e-19   1.1482e-19
 5839.07   7.4675e-19   1.1851e-19
 5842.12   6.9022e-19   1.1266e-19
 5845.18   7.3570e-19   1.1698e-19
 5848.23   8.7488e-19   1.1741e-19
 5851.28   7.1576e-19   1.1792e-19
 5854.34   8.5529e-19   1.2315e-19
 5857.39   6.7924e-19   1.1800e-19
 5860.44   8.3622e-19   1.2760e-19
 5863.50   6.8051e-19   1.2284e-19
 5866.55   7.5507e-19   1.2332e-19
 5869.60   8.6641e-19   1.2253e-19
 5872.66   9.5437e-19   1.3824e-19
 5875.71   1.2449e-18   1.6906e-19
 5878.76   8.3309e-19   1.5904e-19
 5881.82   1.0554e-18   1.9642e-19
 5884.87   9.8795e-19   1.9512e-19
 5887.92   8.4110e-19   1.8665e-19
 5890.97   8.4780e-19   1.7232e-19
 5894.03   7.5670e-19   1.6661e-19
 5897.08   6.2471e-19   1.5327e-19
 5900.13   8.6134e-19   1.3880e-19
 5903.19   7.0624e-19   1.3216e-19
 5906.24   7.6512e-19   1.2446e-19
 5909.29   9.3456e-19   1.3180e-19
 5912.35   8.2332e-19   1.2563e-19
 5915.40   8.0926e-19   1.2206e-19
 5918.45   8.4769e-19   1.2569e-19
 5921.51   6.5663e-19   1.2009e-19
 5924.56   7.1024e-19   1.2265e-19
 5927.61   8.9602e-19   1.2683e-19
 5930.67   7.9355e-19   1.2352e-19
 5933.72   8.6350e-19   1.2150e-19
 5936.77   8.0787e-19   1.2184e-19
 5939.82   9.5694e-19   1.2232e-19
 5942.88   8.4466e-19   1.3042e-19
 5945.93   8.0760e-19   1.1869e-19
 5948.98   9.2626e-19   1.2150e-19
 5952.04   7.2294e-19   1.1744e-19
 5955.09   8.1963e-19   1.1923e-19
 5958.14   7.7086e-19   1.1812e-19
 5961.20   7.2070e-19   1.1855e-19
 5964.25   7.9590e-19   1.1889e-19
 5967.30   8.6709e-19   1.1913e-19
 5970.36   8.5049e-19   1.1877e-19
 5973.41   8.1332e-19   1.1736e-19
 5976.46   8.6498e-19   1.1662e-19
 5979.52   8.1060e-19   1.1764e-19
 5982.57   8.7284e-19   1.1554e-19
 5985.62   8.0579e-19   1.1478e-19
 5988.68   7.0600e-19   1.1230e-19
 5991.73   8.0297e-19   1.1860e-19
 5994.78   7.9592e-19   1.1666e-19
 5997.83   7.5399e-19   1.1330e-19
 6000.89   7.4113e-19   1.1069e-19
 6003.94   7.5805e-19   1.1170e-19
 6006.99   8.6690e-19   1.1351e-19
 6010.05   8.9267e-19   1.0972e-19
 6013.10   8.7997e-19   1.0964e-19
 6016.15   8.6178e-19   1.1049e-19
 6019.21   8.1028e-19   1.1033e-19
 6022.26   7.6466e-19   1.1179e-19
 6025.31   8.3654e-19   1.1001e-19
 6028.37   8.6631e-19   1.0996e-19
 6031.42   7.3458e-19   1.0802e-19
 6034.47   8.1570e-19   1.1350e-19
 6037.53   7.5402e-19   1.0739e-19
 6040.58   7.5287e-19   1.0858e-19
 6043.63   8.6707e-19   1.0951e-19
 6046.68   8.2085e-19   1.0632e-19
 6049.74   8.1669e-19   1.0840e-19
 6052.79   8.0489e-19   1.0744e-19
 6055.84   8.8067e-19   1.0776e-19
 6058.90   8.8982e-19   1.0906e-19
 6061.95   7.4535e-19   1.0582e-19
 6065.00   7.6980e-19   1.0646e-19
 6068.06   8.7003e-19   1.1055e-19
 6071.11   8.0142e-19   1.0623e-19
 6074.16   7.1427e-19   1.0339e-19
 6077.22   7.0854e-19   1.0437e-19
 6080.27   7.8450e-19   1.0664e-19
 6083.32   8.4325e-19   1.0583e-19
 6086.38   8.0844e-19   1.0758e-19
 6089.43   7.2220e-19   1.0869e-19
 6092.48   7.0991e-19   1.0522e-19
 6095.54   7.1196e-19   1.0639e-19
 6098.59   7.5348e-19   1.0795e-19
 6101.64   7.4780e-19   1.0648e-19
 6104.69   7.0138e-19   1.0602e-19
 6107.75   7.0028e-19   1.0711e-19
 6110.80   7.7522e-19   1.1055e-19
 6113.85   7.8235e-19   1.1034e-19
 6116.91   8.3628e-19   1.0756e-19
 6119.96   8.4682e-19   1.0566e-19
 6123.01   7.7615e-19   1.0444e-19
 6126.07   7.3388e-19   1.0418e-19
 6129.12   7.9978e-19   1.0472e-19
 6132.17   8.5698e-19   1.0836e-19
 6135.23   7.1774e-19   1.0485e-19
 6138.28   7.2170e-19   1.0337e-19
 6141.33   7.0806e-19   1.0480e-19
 6144.39   7.9684e-19   1.0507e-19
 6147.44   8.4354e-19   1.0695e-19
 6150.49   8.4038e-19   1.0512e-19
 6153.54   7.3506e-19   1.0524e-19
 6156.60   7.6072e-19   1.0484e-19
 6159.65   8.1230e-19   1.0809e-19
 6162.70   8.5730e-19   1.0931e-19
 6165.76   7.7290e-19   1.0523e-19
 6168.81   8.8404e-19   1.0927e-19
 6171.86   9.4499e-19   1.0945e-19
 6174.92   8.8816e-19   1.0983e-19
 6177.97   8.4871e-19   1.0727e-19
 6181.02   7.8858e-19   1.0381e-19
 6184.08   7.4126e-19   1.0446e-19
 6187.13   9.0753e-19   1.0855e-19
 6190.18   9.9810e-19   1.0875e-19
 6193.24   8.0693e-19   1.0487e-19
 6196.29   7.5077e-19   1.0832e-19
 6199.34   9.0779e-19   1.0942e-19
 6202.40   8.5774e-19   1.1365e-19
 6205.45   6.1796e-19   1.0589e-19
 6208.50   7.6585e-19   1.0932e-19
 6211.55   6.8496e-19   1.0665e-19
 6214.61   6.7998e-19   1.0160e-19
 6217.66   7.1854e-19   1.0619e-19
 6220.71   9.2764e-19   1.1465e-19
 6223.77   8.3697e-19   1.1751e-19
 6226.82   8.5476e-19   1.3191e-19
 6229.87   8.3157e-19   1.2299e-19
 6232.93   6.3212e-19   1.2267e-19
 6235.98   7.2192e-19   1.2042e-19
 6239.03   8.8635e-19   1.2361e-19
 6242.09   7.3536e-19   1.1901e-19
 6245.14   8.3700e-19   1.1654e-19
 6248.19   8.9923e-19   1.2319e-19
 6251.25   7.7943e-19   1.1529e-19
 6254.30   8.9541e-19   1.2194e-19
 6257.35   1.0309e-18   1.3280e-19
 6260.40   1.0032e-18   1.2640e-19
 6263.46   8.1109e-19   1.1783e-19
 6266.51   8.9810e-19   1.1963e-19
 6269.56   8.1091e-19   1.1907e-19
 6272.62   5.9431e-19   1.0492e-19
 6275.67   7.9026e-19   1.1182e-19
 6278.72   9.0126e-19   1.2392e-19
 6281.78   7.4953e-19   1.1925e-19
 6284.83   8.2899e-19   1.2541e-19
 6318.41   6.9421e-19   1.1352e-19
 6321.47   8.8541e-19   1.1821e-19
 6324.52   7.6605e-19   1.1424e-19
 6327.57   8.5311e-19   1.1780e-19
 6330.63   7.3353e-19   1.1273e-19
 6333.68   7.5758e-19   1.1249e-19
 6336.73   7.9201e-19   1.0883e-19
 6339.79   8.0230e-19   1.0748e-19
 6342.84   6.8663e-19   1.0596e-19
 6345.89   7.0246e-19   1.1131e-19
 6348.95   6.0842e-19   1.1002e-19
 6382.53   7.4547e-19   1.0173e-19
 6385.58   7.0438e-19   1.0004e-19
 6388.64   6.7191e-19   9.8468e-20
 6391.69   7.3929e-19   1.0074e-19
 6394.74   7.6905e-19   1.0200e-19
 6397.80   6.9445e-19   1.0027e-19
 6400.85   6.9329e-19   9.8907e-20
 6403.90   7.2970e-19   9.8232e-20
 6406.96   6.8683e-19   9.8902e-20
 6410.01   6.9728e-19   1.0025e-19
 6413.06   6.7522e-19   9.9308e-20
 6416.11   6.2528e-19   9.6838e-20
 6419.17   6.9422e-19   9.9227e-20
 6422.22   6.6550e-19   9.9304e-20
 6425.27   6.1275e-19   9.6826e-20
 6428.33   6.8033e-19   1.0055e-19
 6431.38   6.5634e-19   9.6346e-20
 6434.43   6.0670e-19   9.2992e-20
 6437.49   7.5470e-19   9.6498e-20
 6440.54   7.2496e-19   9.7501e-20
 6443.59   5.8439e-19   9.6268e-20
 6446.65   6.2474e-19   9.9422e-20
 6449.70   6.8215e-19   1.0126e-19
 6452.75   6.9637e-19   1.0395e-19
 6455.81   6.5552e-19   1.0927e-19
 6458.86   6.1593e-19   1.0726e-19
 6461.91   5.9101e-19   1.0869e-19
 6464.96   6.7051e-19   1.0961e-19
 6468.02   6.3280e-19   1.0617e-19
 6471.07   7.5299e-19   1.0812e-19
 6474.12   7.3868e-19   1.0481e-19
 6477.18   6.9148e-19   1.0115e-19
 6480.23   7.5103e-19   1.0179e-19
 6483.28   6.6453e-19   9.8452e-20
 6486.34   7.1729e-19   1.0604e-19
 6489.39   6.3977e-19   1.0874e-19
 6492.44   6.9650e-19   1.0819e-19
 6495.50   6.1131e-19   1.0776e-19
 6498.55   6.0428e-19   1.1126e-19
 6501.60   7.3450e-19   1.1252e-19
 6504.66   5.5606e-19   1.0333e-19
 6507.71   5.9231e-19   1.0005e-19
 6510.76   7.2342e-19   1.0356e-19
 6513.81   5.9994e-19   9.5703e-20
 6516.87   6.0733e-19   1.0162e-19
 6519.92   6.8849e-19   1.0590e-19
 6522.97   4.9489e-19   1.0469e-19
 6526.03   7.0282e-19   1.1280e-19
 6529.08   6.3243e-19   1.0885e-19
 6532.13   5.5051e-19   1.1209e-19
 6535.19   6.7205e-19   1.1153e-19
 6538.24   5.4880e-19   1.0684e-19
 6541.29   5.7169e-19   1.1142e-19
 6544.35   4.1842e-19   1.0585e-19
 6547.40   6.6198e-19   1.1062e-19
 6550.45   6.0221e-19   1.0978e-19
 6553.51   5.4262e-19   1.1933e-19
 6556.56   5.9361e-19   1.1984e-19
 6559.61   7.2973e-19   1.1685e-19
 6562.67   3.5945e-19   1.1389e-19
 6565.72   6.8712e-19   1.1129e-19
 6568.77   6.8108e-19   1.1474e-19
 6571.82   6.3173e-19   1.0876e-19
 6574.88   5.3355e-19   1.1111e-19
 6577.93   7.1118e-19   1.0888e-19
 6580.98   4.8509e-19   1.0042e-19
 6584.04   6.1646e-19   9.8056e-20
 6587.09   4.3425e-19   1.0280e-19
 6590.14   4.9401e-19   9.7670e-20
 6593.20   4.7980e-19   9.8025e-20
 6596.25   4.7749e-19   9.5874e-20
 6599.30   4.2407e-19   9.4021e-20
 6602.36   4.9775e-19   1.0123e-19
 6605.41   3.8628e-19   9.2712e-20
 6608.46   3.9209e-19   9.5462e-20
 6611.52   3.8124e-19   9.4155e-20
 6614.57   6.1128e-19   9.7490e-20
 6617.62   3.3539e-19   8.8782e-20
 6620.67   3.2824e-19   8.9405e-20
 6623.73   3.3710e-19   8.7094e-20
 6626.78   3.8605e-19   9.7304e-20
 6629.83   4.8948e-19   1.0232e-19
 6632.89   5.2137e-19   9.5700e-20
 6635.94   5.7764e-19   9.9126e-20
 6638.99   4.4197e-19   9.1260e-20
 6642.05   3.7059e-19   8.7377e-20
 6645.10   4.6222e-19   9.3354e-20
 6648.15   4.1131e-19   8.7092e-20
 6651.21   4.8684e-19   8.4830e-20
 6654.26   4.6955e-19   8.5246e-20
 6657.31   4.6453e-19   9.0785e-20
 6660.37   5.0329e-19   8.6781e-20
 6663.42   5.3519e-19   9.2956e-20
 6666.47   5.0329e-19   9.0440e-20
 6669.52   4.5816e-19   8.6777e-20
 6672.58   5.4371e-19   8.8526e-20
 6675.63   4.9848e-19   9.0788e-20
 6678.68   5.5168e-19   9.3642e-20
 6681.74   5.2611e-19   9.1659e-20
 6684.79   5.4953e-19   9.0193e-20
 6687.84   5.7738e-19   9.2414e-20
 6690.90   5.8060e-19   9.1886e-20
 6693.95   6.4509e-19   9.3797e-20
 6697.00   6.1319e-19   9.5044e-20
 6700.06   5.7637e-19   9.3221e-20
 6703.11   6.0524e-19   9.0657e-20
 6706.16   6.2466e-19   8.9028e-20
 6709.22   5.3984e-19   8.6364e-20
 6712.27   5.2996e-19   8.8270e-20
 6715.32   4.9713e-19   8.6402e-20
 6718.38   5.5850e-19   8.8940e-20
 6721.43   5.1918e-19   8.8204e-20
 6724.48   4.9440e-19   8.6549e-20
 6727.53   5.5716e-19   8.9314e-20
 6730.59   6.3538e-19   9.2066e-20
 6733.64   5.5672e-19   8.9826e-20
 6736.69   5.5494e-19   8.7383e-20
 6739.75   6.1610e-19   8.5462e-20
 6742.80   5.8997e-19   8.7006e-20
 6745.85   4.9915e-19   8.4779e-20
 6748.91   5.0855e-19   8.7106e-20
 6751.96   5.8560e-19   8.6764e-20
 6755.01   5.6101e-19   8.7497e-20
 6758.07   5.2166e-19   8.5613e-20
 6761.12   5.1351e-19   8.4354e-20
 6764.17   5.5213e-19   8.5090e-20
 6767.23   5.8457e-19   8.6341e-20
 6770.28   5.1724e-19   8.4452e-20
 6773.33   5.5424e-19   8.3708e-20
 6776.39   5.4153e-19   8.4943e-20
 6779.44   5.7015e-19   8.6825e-20
 6782.49   6.6474e-19   8.7591e-20
 6785.54   6.6249e-19   8.8648e-20
 6788.60   7.4046e-19   9.0608e-20
 6791.65   6.0176e-19   8.7104e-20
 6794.70   6.8696e-19   8.7907e-20
 6797.76   5.8349e-19   8.3611e-20
 6800.81   5.4540e-19   8.5265e-20
 6803.86   5.5895e-19   8.7251e-20
 6806.92   6.9511e-19   9.0117e-20
 6809.97   5.7454e-19   8.6055e-20
 6813.02   7.4739e-19   9.1396e-20
 6816.08   6.3706e-19   1.0015e-19
 6819.13   6.3615e-19   1.1004e-19
 6822.18   7.0416e-19   1.1729e-19
 6825.24   6.0248e-19   1.1619e-19
 6828.29   6.8355e-19   1.2119e-19
 6831.34   5.5873e-19   1.2160e-19
 6834.39   7.7334e-19   1.1985e-19
 6837.45   8.8314e-19   1.2145e-19
 6840.50   8.2078e-19   1.0983e-19
 6843.55   7.1709e-19   1.0060e-19
 6846.61   6.8547e-19   9.9383e-20
 6849.66   6.4440e-19   1.0195e-19
 6852.71   7.7267e-19   1.1297e-19
 6855.77   7.2620e-19   1.1471e-19
 6858.82   7.8575e-19   1.1463e-19
 6861.87   6.4886e-19   1.1869e-19
 6864.93   6.1616e-19   1.1750e-19
 6867.98   6.8462e-19   1.1577e-19
 6871.03   5.9673e-19   1.0334e-19
 6874.09   5.9833e-19   9.8926e-20
 6877.14   7.4486e-19   9.7098e-20
 6880.19   7.1620e-19   9.7163e-20
 6883.25   6.0290e-19   9.8575e-20
 6886.30   7.0120e-19   9.9644e-20
 6889.35   6.9892e-19   9.7906e-20
 6892.40   6.8858e-19   9.9668e-20
 6895.46   6.5645e-19   9.6358e-20
 6898.51   6.2197e-19   9.5704e-20
 6901.56   6.6875e-19   1.0008e-19
 6904.62   7.1105e-19   1.0171e-19
 6907.67   8.0416e-19   1.0175e-19
 6910.72   7.8162e-19   1.0559e-19
 6913.78   7.1148e-19   1.0374e-19
 6916.83   6.7615e-19   1.0864e-19
 6919.88   7.6847e-19   1.0462e-19
 6922.94   7.5055e-19   1.0174e-19
 6925.99   7.9688e-19   1.0380e-19
 6929.04   8.9864e-19   1.0607e-19
 6932.10   8.7108e-19   1.0226e-19
 6935.15   7.0234e-19   1.0218e-19
 6938.20   7.5164e-19   1.1330e-19
 6941.25   8.0366e-19   1.1435e-19
 6944.31   7.8531e-19   1.1018e-19
 6947.36   8.6704e-19   1.1170e-19
 6950.41   8.4388e-19   1.0806e-19
 6953.47   7.8563e-19   1.0134e-19
 6956.52   7.3229e-19   9.6666e-20
 6959.57   7.4353e-19   9.4937e-20
 6962.63   7.8821e-19   9.4492e-20
 6965.68   8.7303e-19   9.9546e-20
 6968.73   8.5351e-19   1.0261e-19
 6971.79   8.0437e-19   1.0191e-19
 6974.84   8.2430e-19   1.0187e-19
 6977.89   8.5768e-19   9.9323e-20
 6980.95   8.4858e-19   9.9856e-20
 6984.00   7.7373e-19   9.6354e-20
 6987.05   8.1741e-19   9.1160e-20
 6990.10   8.3812e-19   9.0250e-20
 6993.16   8.8762e-19   9.1157e-20
 6996.21   8.6715e-19   9.1301e-20
 6999.26   9.1232e-19   9.5498e-20
 7002.32   8.3591e-19   9.5465e-20
 7005.37   9.2094e-19   9.6975e-20
 7008.42   9.0244e-19   9.3716e-20
 7011.48   8.3811e-19   9.0998e-20
 7014.53   8.8201e-19   9.0586e-20
 7017.58   7.7244e-19   9.1567e-20
 7020.64   8.7108e-19   8.7090e-20
 7023.69   8.4575e-19   8.5066e-20
 7026.74   7.9183e-19   8.6018e-20
 7029.80   8.5101e-19   8.7199e-20
 7032.85   8.5759e-19   8.9022e-20
 7035.90   8.9537e-19   9.2778e-20
 7038.96   9.7255e-19   9.6341e-20
 7042.01   9.3086e-19   9.3368e-20
 7045.06   7.7950e-19   9.2024e-20
 7048.11   7.7059e-19   9.3376e-20
 7051.17   7.9751e-19   9.5247e-20
 7054.22   7.5756e-19   9.0854e-20
 7057.27   8.1557e-19   9.2079e-20
 7060.33   5.5989e-19   8.8276e-20
 7063.38   5.4956e-19   8.9268e-20
 7066.43   6.6369e-19   9.4585e-20
 7069.49   6.5293e-19   9.0884e-20
 7072.54   6.0691e-19   9.1565e-20
 7075.59   7.0948e-19   9.0675e-20
 7078.65   9.9104e-19   9.7430e-20
 7081.70   8.5527e-19   9.1978e-20
 7084.75   8.9484e-19   9.2557e-20
 7087.81   9.9440e-19   9.5297e-20
 7090.86   8.6288e-19   9.1002e-20
 7093.91   7.4701e-19   8.7773e-20
 7096.96   7.9393e-19   8.9723e-20
 7100.02   8.0864e-19   8.9720e-20
 7103.07   8.3416e-19   8.5963e-20
 7106.12   7.5795e-19   8.7380e-20
 7109.18   8.1791e-19   8.6976e-20
 7112.23   7.6199e-19   8.5517e-20
 7115.28   9.3038e-19   9.2792e-20
 7118.34   6.6126e-19   8.4371e-20
 7121.39   7.7288e-19   8.7525e-20
 7124.44   7.2188e-19   8.9153e-20
 7127.50   8.2743e-19   9.1597e-20
 7130.55   7.6615e-19   8.9089e-20
 7133.60   7.5368e-19   9.3543e-20
 7136.66   7.1422e-19   9.2220e-20
 7139.71   7.7444e-19   9.2144e-20
 7142.76   7.8601e-19   9.0190e-20
 7145.81   6.3001e-19   8.8638e-20
 7148.87   7.2964e-19   8.9601e-20
 7151.92   7.4544e-19   8.9451e-20
 7154.97   7.9097e-19   8.9015e-20
 7158.03   6.9515e-19   8.9055e-20
 7161.08   6.3465e-19   8.8025e-20
 7164.13   6.3209e-19   8.8706e-20
 7167.19   6.6962e-19   8.9123e-20
 7170.24   5.6092e-19   8.5915e-20
 7173.29   4.8160e-19   8.6754e-20
 7176.35   5.7328e-19   9.0086e-20
 7179.40   7.0028e-19   8.8481e-20
 7182.45   5.8690e-19   8.4625e-20
 7185.51   5.4074e-19   8.4571e-20
 7188.56   5.6760e-19   8.3505e-20
 7191.61   7.0458e-19   8.6225e-20
 7194.67   6.4366e-19   8.5544e-20
 7197.72   5.7045e-19   8.4538e-20
 7200.77   5.6552e-19   8.3595e-20
 7203.82   5.8846e-19   8.6332e-20
 7206.88   6.5362e-19   8.9282e-20
 7209.93   7.1624e-19   8.9804e-20
 7212.98   7.0670e-19   8.7709e-20
 7216.04   6.8994e-19   8.7993e-20
 7219.09   7.2088e-19   9.0748e-20
 7222.14   6.6460e-19   9.0371e-20
 7225.20   6.0360e-19   9.4573e-20
 7228.25   5.7931e-19   1.1441e-19
 7231.30   6.7064e-19   1.3365e-19
 7234.36   6.4135e-19   1.3620e-19
 7237.41   7.1584e-19   1.4389e-19
 7240.46   6.4066e-19   1.4994e-19
 7243.52   7.9966e-19   1.5953e-19
 7246.57   8.8980e-19   1.5930e-19
 7249.62   1.0577e-18   1.5096e-19
 7252.67   8.1077e-19   1.2251e-19
 7255.73   6.6527e-19   1.0858e-19
 7258.78   7.5072e-19   1.0657e-19
 7261.83   5.9409e-19   1.0122e-19
 7264.89   6.6315e-19   1.2967e-19
 7267.94   5.0733e-19   1.3656e-19
 7270.99   6.3735e-19   1.4920e-19
 7274.05   8.4556e-19   1.4921e-19
 7277.10   8.1376e-19   1.5388e-19
 7280.15   7.5776e-19   1.4821e-19
 7283.21   7.7810e-19   1.5212e-19
 7286.26   7.0816e-19   1.2306e-19
 7289.31   7.6437e-19   1.2679e-19
 7292.37   5.7599e-19   1.1892e-19
 7295.42   5.9697e-19   1.1285e-19
 7298.47   6.8722e-19   1.1032e-19
 7301.52   6.5005e-19   1.1234e-19
 7304.58   9.1068e-19   1.3354e-19
 7307.63   7.2913e-19   1.3619e-19
 7310.68   6.9927e-19   1.3433e-19
 7313.74   8.8160e-19   1.3638e-19
 7316.79   8.3331e-19   1.3696e-19
 7319.84   7.2563e-19   1.4622e-19
 7322.90   9.9682e-19   1.4167e-19
 7325.95   5.4805e-19   1.2443e-19
 7329.00   5.6861e-19   1.2605e-19
 7332.06   8.7201e-19   1.4849e-19
 7335.11   8.1959e-19   1.5044e-19
 7338.16   7.7063e-19   1.4476e-19
 7341.22   7.0899e-19   1.4444e-19
 7344.27   9.0758e-19   1.4095e-19
 7347.32   8.2719e-19   1.4009e-19
 7350.38   7.2825e-19   1.3034e-19
 7353.43   7.6309e-19   1.1479e-19
 7356.48   4.6828e-19   1.1758e-19
 7359.53   6.8981e-19   1.3535e-19
 7362.59   6.5096e-19   1.3155e-19
 7365.64   6.3687e-19   1.3449e-19
 7368.69   6.5788e-19   1.3004e-19
 7371.75   6.2422e-19   1.2555e-19
 7374.80   7.3165e-19   1.2153e-19
 7377.85   7.3366e-19   1.1461e-19
 7380.91   6.9179e-19   1.0417e-19
 7383.96   6.3376e-19   1.0889e-19
 7387.01   6.0577e-19   1.0360e-19
 7390.07   6.9052e-19   1.1451e-19
 7393.12   6.5708e-19   1.1645e-19
 7396.17   6.7923e-19   1.2031e-19
 7399.23   6.8411e-19   1.2069e-19
 7402.28   6.8484e-19   1.1225e-19
 7405.33   6.8420e-19   1.1351e-19
 7408.38   7.4755e-19   1.1462e-19
 7411.44   7.0212e-19   9.8285e-20
 7414.49   6.2095e-19   9.3232e-20
 7417.54   5.4456e-19   9.3653e-20
 7420.60   5.2967e-19   9.5090e-20
 7423.65   6.6782e-19   9.8436e-20
 7426.70   6.7169e-19   1.0298e-19
 7429.76   6.3385e-19   1.0878e-19
 7432.81   6.4074e-19   1.0855e-19
 7435.86   6.7229e-19   1.0690e-19
 7438.92   7.2673e-19   1.0658e-19
 7441.97   6.8817e-19   1.0024e-19
 7445.02   5.9956e-19   9.7994e-20
 7448.08   5.7626e-19   9.2934e-20
 7451.13   6.8316e-19   9.2384e-20
 7454.18   6.7717e-19   9.5365e-20
 7457.23   6.0940e-19   9.8783e-20
 7460.29   6.0437e-19   1.0347e-19
 7463.34   5.5110e-19   1.2039e-19
 7466.39   6.4869e-19   1.1030e-19
 7469.45   6.9940e-19   1.1315e-19
 7472.50   6.6902e-19   1.2408e-19
 7475.55   6.3860e-19   1.2100e-19
 7478.61   6.8832e-19   1.1950e-19
 7481.66   7.7334e-19   1.1481e-19
 7484.71   6.6869e-19   1.1001e-19
 7487.77   6.2287e-19   1.1104e-19
 7490.82   6.4810e-19   1.0280e-19
 7493.87   6.8208e-19   9.7854e-20
 7496.93   7.2861e-19   9.5083e-20
 7499.98   6.1678e-19   9.3844e-20
 7503.03   6.4282e-19   9.2911e-20
 7506.09   5.4851e-19   9.3068e-20
 7509.14   6.4121e-19   9.4036e-20
 7512.19   7.8922e-19   1.0589e-19
 7515.24   7.5020e-19   1.2550e-19
 7518.30   5.8720e-19   1.3152e-19
 7521.35   7.9251e-19   1.3696e-19
 7524.40   7.3967e-19   1.2937e-19
 7527.46   8.3837e-19   1.3018e-19
 7530.51   5.6459e-19   1.2021e-19
 7533.56   5.9890e-19   1.0956e-19
 7536.62   6.4438e-19   1.0003e-19
 7539.67   7.7400e-19   9.7582e-20
 7542.72   6.1715e-19   9.2248e-20
 7545.78   6.6237e-19   9.9979e-20
 7548.83   5.9638e-19   1.0263e-19
 7551.88   6.8626e-19   1.0183e-19
 7554.94   5.6601e-19   9.7556e-20
 7557.99   7.1206e-19   1.0144e-19
 7561.04   6.4417e-19   1.1276e-19
 7564.09   6.7115e-19   1.1794e-19
 7567.15   6.7404e-19   1.1153e-19
 7570.20   6.6102e-19   1.1538e-19
 7573.25   4.9790e-19   1.2458e-19
 7689.27   4.4918e-19   1.0208e-19
 7692.33   4.7707e-19   1.0038e-19
 7695.38   5.6083e-19   1.0206e-19
 7698.43   6.4777e-19   1.0716e-19
 7701.49   6.3243e-19   1.1733e-19
 7704.54   5.8873e-19   1.4446e-19
 7707.59   5.9357e-19   1.6289e-19
 7710.65   7.1603e-19   1.8987e-19
 7713.70   9.0551e-19   1.9687e-19
 7716.75   8.5776e-19   1.8100e-19
 7719.81   7.4173e-19   1.7699e-19
 7722.86   7.7258e-19   1.9275e-19
 7725.91   6.3635e-19   1.5156e-19
 7728.96   6.9440e-19   1.3181e-19
 7732.02   5.6078e-19   1.1825e-19
 7735.07   5.4857e-19   1.1662e-19
 7738.12   7.2112e-19   1.1937e-19
 7741.18   7.2342e-19   1.5277e-19
 7744.23   7.5043e-19   1.6845e-19
 7747.28   5.3692e-19   1.4470e-19
 7750.34   7.5625e-19   1.7568e-19
 7753.39   7.0465e-19   1.8915e-19
 7756.44   9.0097e-19   1.8187e-19
 7759.50   1.0184e-18   1.8205e-19
 7762.55   5.2077e-19   1.2586e-19
 7765.60   4.0055e-19   1.3227e-19
 7768.66   5.7836e-19   1.2795e-19
 7771.71   4.4038e-19   1.2270e-19
 7774.76   5.6359e-19   1.1785e-19
 7777.81   6.1634e-19   1.2718e-19
 7780.87   6.1616e-19   1.2895e-19
 7783.92   5.2714e-19   1.3499e-19
 7786.97   7.1238e-19   1.6853e-19
 7790.03   6.8606e-19   1.6132e-19
 7793.08   6.4674e-19   1.4982e-19
 7796.13   6.9558e-19   1.5134e-19
 7799.19   6.7706e-19   1.5192e-19
 7802.24   8.0875e-19   1.5494e-19
 7805.29   7.8618e-19   1.4170e-19
 7808.35   6.1720e-19   1.3438e-19
 7811.40   4.2128e-19   1.5324e-19
 7814.45   3.7127e-19   1.6600e-19
 7817.51   3.7628e-19   1.5435e-19
 7820.56   5.4991e-19   1.6897e-19
 7823.61   4.8006e-19   1.5271e-19
 7826.67   4.5722e-19   1.6776e-19
 7829.72   5.0746e-19   1.6221e-19
 7832.77   5.0875e-19   1.4879e-19
 7835.82   5.0250e-19   1.2517e-19
 7838.88   4.9161e-19   1.3221e-19
 7841.93   5.3728e-19   1.4010e-19
 7844.98   6.3092e-19   1.5629e-19
 7848.04   7.5269e-19   1.7971e-19
 7851.09   9.1945e-19   1.9270e-19
 7854.14   1.0239e-18   1.9064e-19
 7857.20   7.4845e-19   1.8921e-19
 7860.25   6.1741e-19   2.1299e-19
 7863.30   8.0777e-19   1.8996e-19
 7866.36   9.7819e-19   1.7890e-19
 7869.41   6.6699e-19   1.6097e-19
 7872.46   6.4649e-19   1.6146e-19
 7875.52   5.6807e-19   1.5879e-19
 7878.57   5.9681e-19   1.5640e-19
 7881.62   6.3770e-19   1.6205e-19
 7884.67   6.2636e-19   1.6331e-19
 7887.73   7.9012e-19   1.6883e-19
 7890.78   6.4273e-19   1.4841e-19
 7893.83   6.7436e-19   1.4235e-19
 7896.89   7.2271e-19   1.3760e-19
 7899.94   6.9969e-19   1.4199e-19
 7902.99   5.4371e-19   1.4181e-19
 7906.05   5.3295e-19   1.6471e-19
 7909.10   6.3380e-19   2.0366e-19
 7912.15   4.9120e-19   2.1250e-19
 7915.21   5.3044e-19   1.9968e-19
 7918.26   6.0781e-19   2.1727e-19
 7921.31   7.5877e-19   2.1599e-19
 7924.37   6.8938e-19   1.9766e-19
 7927.42   4.7982e-19   1.6051e-19
 7930.47   4.7846e-19   1.4986e-19
 7933.52   5.5155e-19   1.3757e-19
 7936.58   5.5871e-19   1.3218e-19
 7939.63   4.9435e-19   1.3713e-19
 7942.68   5.3270e-19   1.3703e-19
 7945.74   3.9964e-19   1.3020e-19
 7948.79   3.1579e-19   1.1749e-19
 7951.84   3.4313e-19   1.1479e-19
 7954.90   3.8292e-19   1.4812e-19
 7957.95   4.4146e-19   1.6080e-19
 7961.00   3.2913e-19   1.5716e-19
 7964.06   3.2424e-19   1.4821e-19
 7967.11   4.4730e-19   1.6871e-19
 7970.16   5.8889e-19   1.7236e-19
 7973.22   5.1731e-19   1.5978e-19
 7976.27   5.9553e-19   1.6657e-19
 7979.32   6.8983e-19   1.7011e-19
 7982.38   2.7719e-19   1.0885e-19
 7985.43   7.1867e-19   1.5614e-19
 7988.48   6.5462e-19   1.7285e-19
 7991.53   6.4315e-19   1.6262e-19
 7994.59   4.2432e-19   1.7168e-19
 7997.64   7.5014e-19   1.6353e-19
 8000.69   6.0713e-19   1.4433e-19
 8003.75   6.4332e-19   1.5485e-19
 8006.80   2.3874e-19   9.0798e-20
 8009.85   3.5974e-19   1.2353e-19
 8012.91   2.8110e-19   1.2630e-19
 8015.96   4.6220e-19   1.4658e-19
 8019.01   3.3157e-19   1.5525e-19
 8022.07   1.0852e-19   1.0294e-19
 8025.12   3.6645e-19   1.5254e-19
 8028.17   9.4139e-20   7.2770e-20
 8031.23   1.0297e-19   7.5405e-20
 8034.28   1.2905e-19   9.6893e-20
 8037.33   3.6827e-19   1.3453e-19
 8040.38   3.3906e-19   1.0399e-19
 8043.44   2.9227e-19   9.6875e-20
 8046.49   3.8560e-19   1.1868e-19
 8049.54   3.9695e-19   1.2296e-19
 8052.60   3.6202e-19   1.1889e-19
 8055.65   4.0225e-19   1.3405e-19
 8058.70   1.4684e-19   9.0059e-20
 8061.76   3.0319e-19   1.2022e-19
 8064.81   2.9217e-19   1.1638e-19
 8067.86   1.3896e-19   9.1978e-20
 8070.92   3.4151e-19   1.3011e-19
 8073.97   4.5282e-19   1.1662e-19
 8077.02   4.1651e-19   1.0258e-19
 8080.08   4.3719e-19   1.0924e-19
 8083.13   3.6041e-19   1.1258e-19
 8086.18   3.2145e-19   1.1027e-19
 8089.23   3.2257e-19   1.0137e-19
 8092.29   3.5918e-19   1.1824e-19
 8095.34   3.7597e-19   1.3430e-19
 8098.39   3.4785e-19   1.2208e-19
 8101.45   2.9856e-19   1.0995e-19
 8104.50   3.2727e-19   1.1454e-19
 8107.55   1.9387e-19   9.0392e-20
 8110.61   2.9163e-19   1.1303e-19
 8113.66   3.4888e-19   1.0178e-19
 8116.71   4.1388e-19   9.6905e-20
 8119.77   3.4730e-19   9.0901e-20
 8122.82   2.7824e-19   9.1172e-20
 8125.87   2.9064e-19   8.7593e-20
 8128.93   3.8266e-19   9.4171e-20
 8131.98   4.4126e-19   9.8172e-20
 8135.03   4.3982e-19   1.0840e-19
 8138.08   4.5775e-19   1.1782e-19
 8141.14   4.3158e-19   1.1571e-19
 8144.19   3.7926e-19   1.2289e-19
 8147.24   3.5483e-19   1.0674e-19
 8150.30   4.8009e-19   1.0982e-19
 8153.35   4.4488e-19   1.0532e-19
 8156.40   4.2699e-19   1.0026e-19
