 
TRANSIENT_NAME:     DES14X2dl  
SNID:               1291080    
OBS_DATE:           2014-08-31
MJD:                56900. 
PHASE:              +8.    
MJD_MAX:            56887.8
TYPE:               1  
SPEC_EVAL:          SNIa
REDSHIFT:           0.4450  
REDSHIFT_ERR:       0.0050  
REDSHIFT_SOURCE:    Z_SN
TELESCOPE:          VLT
INSTRUMENT:         X-SHOOTER
 
======================================
 
# WAVE  FLUX  FLUX_ERR
 3400.00  -1.6512e-18   9.9999e+04
 3405.00  -1.6512e-18   1.0854e-18
 3410.00  -5.6374e-19   1.0852e-18
 3415.00  -1.4724e-18   1.0989e-18
 3420.00   2.3823e-18   1.1374e-18
 3425.00   1.0930e-18   1.1891e-18
 3430.00  -1.0160e-18   1.2101e-18
 3435.00  -2.0543e-18   1.2695e-18
 3440.00   8.4360e-20   1.2913e-18
 3445.00   3.5668e-19   1.3067e-18
 3450.00   1.0046e-18   1.3896e-18
 3455.00  -5.3430e-19   1.4356e-18
 3460.00  -4.7136e-19   1.4465e-18
 3465.00  -1.7792e-18   1.4312e-18
 3470.00  -4.7524e-18   1.4161e-18
 3475.00  -9.5802e-19   1.3731e-18
 3480.00   1.0519e-18   1.3889e-18
 3485.00  -1.7859e-19   1.3307e-18
 3490.00  -2.3765e-18   1.2371e-18
 3495.00  -9.1714e-19   1.1655e-18
 3500.00   7.8692e-19   1.0989e-18
 3505.00  -3.0121e-19   1.0458e-18
 3510.00  -3.0803e-18   1.0207e-18
 3515.00  -5.0208e-19   9.3855e-19
 3520.00   1.2470e-19   8.9136e-19
 3525.00  -3.7421e-19   8.4478e-19
 3530.00   1.0889e-18   8.2920e-19
 3535.00   1.7693e-19   7.8959e-19
 3540.00  -3.1577e-19   8.2311e-19
 3545.00   6.4729e-18   8.5829e-19
 3550.00  -4.2267e-19   8.0720e-19
 3555.00  -9.3627e-19   8.1364e-19
 3560.00  -5.9597e-19   7.7844e-19
 3565.00   2.0731e-18   7.6030e-19
 3570.00   1.7228e-19   7.4313e-19
 3575.00  -5.9816e-19   7.4047e-19
 3580.00  -1.6489e-18   7.3957e-19
 3585.00  -7.8988e-19   7.6437e-19
 3590.00  -3.6126e-18   7.6931e-19
 3595.00   1.5864e-18   8.2447e-19
 3600.00  -9.7137e-19   8.4185e-19
 3605.00  -8.3969e-20   8.6036e-19
 3610.00  -2.9917e-20   9.0424e-19
 3615.00   1.2048e-18   9.6691e-19
 3620.00  -2.1421e-20   1.0105e-18
 3625.00  -7.8321e-19   1.0309e-18
 3630.00   1.8035e-19   1.0637e-18
 3635.00   1.7202e-18   1.0747e-18
 3640.00   2.9150e-19   1.0550e-18
 3645.00   6.2182e-19   1.0194e-18
 3650.00  -1.5129e-19   9.7527e-19
 3655.00  -1.4789e-18   9.0878e-19
 3660.00   8.0209e-19   8.6773e-19
 3665.00  -1.1457e-18   8.1125e-19
 3670.00   2.9717e-19   7.5039e-19
 3675.00  -1.5738e-18   6.9484e-19
 3680.00   1.4264e-19   6.5544e-19
 3685.00  -7.1896e-19   6.1859e-19
 3690.00  -7.3740e-19   5.8937e-19
 3695.00   8.3930e-19   5.6333e-19
 3700.00  -9.0323e-19   5.8185e-19
 3705.00  -1.7477e-19   5.4130e-19
 3710.00   4.0055e-19   5.1989e-19
 3715.00   4.5166e-19   5.1077e-19
 3720.00  -9.9897e-20   5.0250e-19
 3725.00   1.3468e-18   4.9138e-19
 3730.00  -7.3627e-19   5.0294e-19
 3735.00  -1.2553e-18   4.9582e-19
 3740.00  -1.1377e-19   5.3555e-19
 3745.00  -9.4139e-19   5.0234e-19
 3750.00   6.5391e-20   4.9284e-19
 3755.00  -2.0270e-19   5.3592e-19
 3760.00   4.3123e-19   5.0818e-19
 3765.00  -1.6655e-19   5.1027e-19
 3770.00  -6.1593e-19   5.2772e-19
 3775.00  -2.7764e-19   5.6085e-19
 3780.00  -7.3514e-19   5.7967e-19
 3785.00  -4.0638e-19   5.9917e-19
 3790.00  -2.9953e-20   6.0743e-19
 3795.00   3.6222e-19   6.3268e-19
 3800.00   1.7898e-18   6.4713e-19
 3805.00  -3.1579e-21   6.5990e-19
 3810.00  -4.0445e-19   6.7453e-19
 3815.00  -1.4032e-18   6.8920e-19
 3820.00   1.1978e-18   6.7990e-19
 3825.00  -1.1224e-18   6.5849e-19
 3830.00  -1.1046e-19   6.8517e-19
 3835.00  -6.6015e-19   6.4350e-19
 3840.00  -5.4423e-19   6.4256e-19
 3845.00   8.7570e-20   5.9360e-19
 3850.00  -4.4438e-19   5.8769e-19
 3855.00  -6.0593e-19   5.3238e-19
 3860.00   8.8331e-20   5.1061e-19
 3865.00  -1.3496e-18   5.4585e-19
 3870.00   2.9561e-19   4.5802e-19
 3875.00   2.2301e-19   4.5344e-19
 3880.00  -8.5175e-19   4.2079e-19
 3885.00   1.2805e-18   4.1336e-19
 3890.00  -1.0159e-18   3.9969e-19
 3895.00   4.2196e-19   3.9893e-19
 3900.00   3.1075e-19   3.9291e-19
 3905.00  -1.0506e-18   3.9632e-19
 3910.00  -1.1577e-18   3.9840e-19
 3915.00  -1.4587e-19   3.8871e-19
 3920.00   6.0084e-19   3.6750e-19
 3925.00  -2.0645e-19   3.7260e-19
 3930.00   3.2635e-20   3.3713e-19
 3935.00  -2.5668e-19   3.3085e-19
 3940.00   9.0337e-20   3.6358e-19
 3945.00   1.3421e-19   3.7019e-19
 3950.00  -4.5622e-19   3.7000e-19
 3955.00   8.9392e-20   3.6360e-19
 3960.00  -6.4478e-19   3.6508e-19
 3965.00   1.7004e-19   3.5074e-19
 3970.00  -2.4262e-19   3.5712e-19
 3975.00   8.9710e-21   3.9053e-19
 3980.00   2.4908e-19   4.1023e-19
 3985.00  -4.2738e-19   4.3401e-19
 3990.00  -4.3319e-19   4.2271e-19
 3995.00   1.8966e-19   4.4002e-19
 4000.00  -7.1839e-19   4.5319e-19
 4005.00   1.8328e-19   4.6318e-19
 4010.00  -5.9750e-19   4.7993e-19
 4015.00   1.7644e-19   4.8646e-19
 4020.00   9.2290e-20   4.8886e-19
 4025.00  -2.7467e-19   4.8511e-19
 4030.00  -6.2551e-20   4.7958e-19
 4035.00   2.7042e-20   4.7531e-19
 4040.00  -5.0769e-19   4.7788e-19
 4045.00  -8.4108e-21   4.7073e-19
 4050.00  -5.9375e-19   4.6120e-19
 4055.00   9.8155e-19   4.3914e-19
 4060.00   2.7840e-20   4.2761e-19
 4065.00  -5.0244e-19   4.4109e-19
 4070.00   2.6657e-19   4.2958e-19
 4075.00   3.6017e-19   4.0510e-19
 4080.00  -9.7517e-19   3.9057e-19
 4085.00   5.6800e-19   3.7824e-19
 4090.00   4.6700e-19   3.7138e-19
 4095.00  -5.9341e-19   3.5341e-19
 4100.00   3.9990e-19   3.3710e-19
 4105.00  -4.5656e-19   3.3195e-19
 4110.00   6.8366e-20   3.2745e-19
 4115.00   4.4967e-19   3.3591e-19
 4120.00  -9.7133e-20   3.2107e-19
 4125.00  -2.6571e-19   3.2038e-19
 4130.00   3.5224e-19   3.1885e-19
 4135.00  -5.1932e-20   3.2109e-19
 4140.00   1.2184e-19   3.1383e-19
 4145.00  -7.7013e-19   3.0479e-19
 4150.00  -9.6924e-19   3.0095e-19
 4155.00   1.0133e-18   3.1838e-19
 4160.00  -4.7503e-19   3.2119e-19
 4165.00   5.7833e-19   3.3296e-19
 4170.00   2.1467e-19   3.3733e-19
 4175.00   3.7095e-19   3.2793e-19
 4180.00   5.5457e-19   3.3568e-19
 4185.00   1.0498e-18   3.3342e-19
 4190.00   5.7079e-19   3.3884e-19
 4195.00  -3.3065e-19   3.4244e-19
 4200.00   1.1400e-19   3.3908e-19
 4205.00   1.9925e-19   3.5099e-19
 4210.00  -7.5678e-19   3.5980e-19
 4215.00   6.5099e-19   3.6575e-19
 4220.00   4.2669e-19   3.7433e-19
 4225.00   5.2288e-19   3.7120e-19
 4230.00   5.1599e-19   3.8497e-19
 4235.00   7.8586e-19   3.8764e-19
 4240.00   4.2448e-19   3.9425e-19
 4245.00  -4.3059e-19   4.0083e-19
 4250.00  -1.1266e-18   4.0461e-19
 4255.00   3.5912e-19   4.0539e-19
 4260.00  -6.7715e-19   3.9624e-19
 4265.00   9.5710e-19   4.0626e-19
 4270.00   2.1389e-19   3.9103e-19
 4275.00   5.1543e-19   3.8704e-19
 4280.00   3.3777e-19   3.8001e-19
 4285.00  -7.2692e-20   3.6555e-19
 4290.00  -5.5407e-19   3.7077e-19
 4295.00   3.6015e-20   3.6207e-19
 4300.00   2.5919e-19   3.3524e-19
 4305.00  -1.0508e-18   3.1950e-19
 4310.00   1.0213e-18   3.1946e-19
 4315.00   7.2760e-20   3.2640e-19
 4320.00   1.5922e-19   3.1809e-19
 4325.00  -2.0849e-19   2.9004e-19
 4330.00   1.2135e-19   2.9398e-19
 4335.00   2.4053e-19   2.8988e-19
 4340.00  -4.8009e-19   2.6908e-19
 4345.00   1.2692e-19   2.7401e-19
 4350.00   1.5959e-19   2.7860e-19
 4355.00  -8.6282e-19   2.6693e-19
 4360.00   1.5642e-20   2.7563e-19
 4365.00   7.1471e-20   2.6627e-19
 4370.00  -1.7761e-20   2.6115e-19
 4375.00  -2.7192e-19   2.6212e-19
 4380.00   3.7342e-19   2.6223e-19
 4385.00  -4.2256e-19   2.4887e-19
 4390.00   1.9084e-19   2.5986e-19
 4395.00  -3.4773e-19   2.6418e-19
 4400.00   1.9104e-20   2.6323e-19
 4405.00   3.6047e-19   2.7469e-19
 4410.00   2.2016e-19   2.8105e-19
 4415.00   1.3080e-19   2.7913e-19
 4420.00   2.1597e-19   2.8443e-19
 4425.00   1.1863e-19   2.8577e-19
 4430.00   3.6407e-19   2.8701e-19
 4435.00  -2.5523e-19   2.8106e-19
 4440.00   2.8353e-19   2.9733e-19
 4445.00   1.2096e-20   2.9729e-19
 4450.00   3.4566e-19   3.0274e-19
 4455.00  -5.0585e-19   2.9771e-19
 4460.00  -2.1219e-19   3.0677e-19
 4465.00   3.0802e-19   3.1805e-19
 4470.00   9.8045e-19   3.2172e-19
 4475.00  -6.2387e-19   3.3114e-19
 4480.00  -3.4219e-19   3.2795e-19
 4485.00   5.9147e-19   3.4015e-19
 4490.00  -3.2133e-19   3.4213e-19
 4495.00  -6.0458e-19   3.4534e-19
 4500.00   1.2955e-19   3.5686e-19
 4505.00   6.8993e-19   3.5705e-19
 4510.00   6.5958e-19   3.5503e-19
 4515.00   1.4522e-19   3.5308e-19
 4520.00  -2.4449e-19   3.5198e-19
 4525.00   3.3776e-19   3.5200e-19
 4530.00   1.6134e-19   3.4985e-19
 4535.00   1.0828e-19   3.5619e-19
 4540.00   1.8191e-19   3.7401e-19
 4545.00   1.8952e-19   3.6333e-19
 4550.00  -1.0779e-18   3.4062e-19
 4555.00   1.0389e-18   3.3069e-19
 4560.00   4.9427e-21   3.2209e-19
 4565.00   4.9003e-20   3.0687e-19
 4570.00  -9.2305e-20   2.9389e-19
 4575.00  -3.2905e-19   2.9292e-19
 4580.00  -3.3376e-19   2.8384e-19
 4585.00  -7.5930e-19   2.7480e-19
 4590.00  -1.5415e-20   2.7003e-19
 4595.00   1.2414e-18   2.6314e-19
 4600.00  -6.8667e-20   2.5471e-19
 4605.00   9.1081e-19   2.5293e-19
 4610.00   3.4901e-19   2.5320e-19
 4615.00  -7.0990e-19   2.4293e-19
 4620.00  -1.6285e-19   2.4306e-19
 4625.00   8.9019e-19   2.4433e-19
 4630.00  -3.1620e-19   2.3755e-19
 4635.00   1.0909e-19   2.3393e-19
 4640.00  -3.2056e-19   2.3233e-19
 4645.00  -1.0989e-19   2.2920e-19
 4650.00  -1.4048e-20   2.2810e-19
 4655.00   1.5998e-20   2.3011e-19
 4660.00  -4.7612e-20   2.3803e-19
 4665.00   4.4045e-20   2.2801e-19
 4670.00   1.2849e-19   2.3067e-19
 4675.00  -1.5622e-19   2.3452e-19
 4680.00  -2.7371e-19   2.3352e-19
 4685.00  -4.6606e-19   2.3618e-19
 4690.00   5.8718e-20   2.3610e-19
 4695.00  -2.8950e-19   2.3713e-19
 4700.00   7.9202e-19   2.3729e-19
 4705.00  -1.4008e-20   2.3831e-19
 4710.00  -2.5791e-19   2.4461e-19
 4715.00   5.6419e-19   2.4930e-19
 4720.00  -1.8096e-19   2.5252e-19
 4725.00  -1.5239e-19   2.5246e-19
 4730.00  -9.7514e-20   2.5096e-19
 4735.00  -6.0885e-19   2.5531e-19
 4740.00  -2.9028e-19   2.6335e-19
 4745.00   1.9807e-19   2.6837e-19
 4750.00   1.7124e-19   2.6802e-19
 4755.00   4.1202e-19   2.7226e-19
 4760.00  -2.9105e-19   2.7508e-19
 4765.00   3.1808e-20   2.7763e-19
 4770.00  -2.3021e-19   2.8376e-19
 4775.00   2.6746e-19   2.8733e-19
 4780.00  -4.9757e-19   2.9237e-19
 4785.00  -5.0770e-22   2.9131e-19
 4790.00   8.0681e-19   2.9565e-19
 4795.00  -4.4055e-19   2.9770e-19
 4800.00   2.9769e-19   2.9601e-19
 4805.00  -1.2384e-19   2.9830e-19
 4810.00  -2.5363e-19   2.9655e-19
 4815.00  -5.3546e-19   3.0389e-19
 4820.00   9.2869e-20   3.5322e-19
 4825.00   3.6680e-19   3.3890e-19
 4830.00   5.9120e-19   3.2936e-19
 4835.00   8.7362e-20   3.2027e-19
 4840.00  -4.3412e-20   3.0523e-19
 4845.00   1.2608e-18   2.9744e-19
 4850.00  -3.7374e-19   2.8083e-19
 4855.00  -7.6017e-20   2.6848e-19
 4860.00   2.1073e-19   2.6603e-19
 4865.00   4.1065e-19   2.5246e-19
 4870.00   3.5005e-19   2.4704e-19
 4875.00   1.7412e-19   2.4159e-19
 4880.00  -3.2132e-19   2.4256e-19
 4885.00   4.7781e-19   2.3626e-19
 4890.00  -2.5034e-19   2.2779e-19
 4895.00  -1.3860e-19   2.3190e-19
 4900.00   5.6696e-19   2.2476e-19
 4905.00   3.3058e-19   2.2074e-19
 4910.00   1.1773e-19   2.1349e-19
 4915.00  -2.7610e-19   2.1340e-19
 4920.00   7.9961e-20   2.0417e-19
 4925.00   3.1257e-19   2.0868e-19
 4930.00   4.5883e-19   2.0829e-19
 4935.00   5.3514e-19   2.0413e-19
 4940.00  -2.2449e-20   2.0180e-19
 4945.00  -1.0814e-19   2.0089e-19
 4950.00   2.9588e-19   2.0305e-19
 4955.00   3.4867e-19   2.0139e-19
 4960.00   3.8760e-19   1.9954e-19
 4965.00   6.2306e-19   2.0488e-19
 4970.00   8.3742e-19   2.0400e-19
 4975.00  -1.5999e-20   2.0328e-19
 4980.00   3.6922e-19   1.9975e-19
 4985.00   7.2164e-19   1.9888e-19
 4990.00  -1.3104e-19   2.0458e-19
 4995.00   3.9035e-19   2.0421e-19
 5000.00   3.8815e-19   2.0562e-19
 5005.00   5.4755e-19   2.0675e-19
 5010.00   9.1411e-19   2.0987e-19
 5015.00   8.5229e-19   2.0944e-19
 5020.00   3.9756e-19   2.1011e-19
 5025.00   7.8151e-19   2.2105e-19
 5030.00   6.0259e-19   2.1997e-19
 5035.00  -1.9558e-19   2.2034e-19
 5040.00   5.7178e-19   2.1858e-19
 5045.00   6.5688e-19   2.2930e-19
 5050.00   3.0728e-19   2.2787e-19
 5055.00   5.3117e-19   2.3826e-19
 5060.00   3.3120e-19   2.4895e-19
 5065.00   1.1881e-20   2.3776e-19
 5070.00   4.2550e-19   2.3885e-19
 5075.00   1.2694e-19   2.3882e-19
 5080.00   7.4215e-19   2.4061e-19
 5085.00   3.2331e-19   2.4432e-19
 5090.00   5.5727e-19   2.4823e-19
 5095.00   7.4317e-19   2.4862e-19
 5100.00   3.8238e-19   2.4914e-19
 5105.00   4.9624e-19   2.5494e-19
 5110.00   1.2741e-18   2.5585e-19
 5115.00   3.5833e-19   2.6008e-19
 5120.00   9.0456e-19   2.6204e-19
 5125.00   8.3632e-19   2.5997e-19
 5130.00   5.0510e-19   2.6151e-19
 5135.00   1.5543e-19   2.6708e-19
 5140.00   4.7712e-19   3.2210e-19
 5145.00   1.0647e-18   3.2250e-19
 5150.00   1.3304e-19   3.0909e-19
 5155.00   4.7107e-19   2.9526e-19
 5160.00   1.8044e-19   2.8723e-19
 5165.00   9.8436e-19   2.7560e-19
 5170.00   3.7375e-19   2.6064e-19
 5175.00   2.1992e-19   2.5767e-19
 5180.00   5.3037e-19   2.5404e-19
 5185.00   6.3812e-19   2.4040e-19
 5190.00   3.8413e-19   2.4295e-19
 5195.00   9.6595e-19   2.3962e-19
 5200.00  -8.3727e-20   2.6609e-19
 5205.00   5.3360e-19   2.2554e-19
 5210.00   9.5950e-19   2.2076e-19
 5215.00   9.0085e-19   2.1580e-19
 5220.00  -6.4873e-21   2.1449e-19
 5225.00   4.7929e-19   2.1018e-19
 5230.00   8.2733e-19   2.0848e-19
 5235.00   5.3801e-19   2.0098e-19
 5240.00   3.3814e-19   2.0550e-19
 5245.00   4.4018e-19   1.9807e-19
 5250.00   3.8271e-19   1.9576e-19
 5255.00   1.7284e-19   1.9940e-19
 5260.00   5.0123e-19   1.9049e-19
 5265.00   6.0757e-19   1.8066e-19
 5270.00   6.0909e-19   1.8351e-19
 5275.00   3.0816e-19   1.8875e-19
 5280.00   5.7414e-19   1.8742e-19
 5285.00   3.1138e-19   1.8365e-19
 5290.00   5.3174e-19   1.8604e-19
 5295.00   9.5369e-21   1.8479e-19
 5300.00   1.3761e-18   1.8742e-19
 5305.00   5.2903e-19   1.8732e-19
 5310.00   9.1211e-20   1.8573e-19
 5315.00   5.0703e-19   1.8736e-19
 5320.00   5.5078e-19   1.8839e-19
 5325.00   2.9241e-19   1.8489e-19
 5330.00   3.0946e-19   1.8517e-19
 5335.00   8.9109e-19   1.8717e-19
 5340.00   2.6351e-19   1.8675e-19
 5345.00   3.6841e-19   1.8900e-19
 5350.00   5.2759e-19   1.8882e-19
 5355.00   6.6057e-19   1.9525e-19
 5360.00   5.6233e-20   1.9757e-19
 5365.00   2.9423e-19   1.8802e-19
 5370.00   4.7960e-19   1.9033e-19
 5375.00   6.9603e-19   1.9898e-19
 5380.00   7.8400e-19   1.9695e-19
 5385.00   3.9401e-19   1.9867e-19
 5390.00   2.3211e-19   1.9926e-19
 5395.00   1.7578e-19   1.9826e-19
 5400.00   2.5618e-19   2.0201e-19
 5405.00   3.0889e-19   2.0270e-19
 5410.00   5.5780e-19   2.0731e-19
 5415.00   2.6603e-21   2.1316e-19
 5420.00   4.7771e-19   2.1962e-19
 5425.00   4.4017e-20   2.2583e-19
 5430.00   2.0256e-19   2.2510e-19
 5435.00   1.6945e-19   2.3301e-19
 5440.00   2.4293e-19   2.4417e-19
 5445.00   5.6038e-19   2.3927e-19
 5450.00   6.3575e-19   2.3450e-19
 5455.00   1.4088e-19   2.3536e-19
 5460.00   8.2555e-19   2.5098e-19
 5465.00   3.6289e-19   2.5190e-19
 5470.00   1.1619e-18   2.6403e-19
 5475.00  -1.6703e-19   2.6837e-19
 5480.00   2.0193e-19   2.7735e-19
 5485.00   1.3470e-19   2.8394e-19
 5490.00   6.7569e-19   2.9139e-19
 5495.00   5.0340e-19   2.9446e-19
 5500.00   5.8392e-19   3.0125e-19
 5505.00  -8.8037e-19   3.8504e-19
 5510.00  -7.9081e-20   3.8721e-19
 5515.00   2.0809e-19   3.7328e-19
 5520.00   1.0804e-18   3.6842e-19
 5525.00   7.0618e-19   3.5230e-19
 5530.00  -1.4231e-19   3.3797e-19
 5535.00   1.0134e-18   3.3334e-19
 5540.00   1.8298e-18   3.3275e-19
 5545.00   3.3818e-19   3.2587e-19
 5550.00  -4.8291e-19   3.1914e-19
 5555.00   1.5908e-19   3.1420e-19
 5560.00   7.1327e-19   3.1946e-19
 5565.00   6.9379e-19   3.3389e-19
 5570.00   2.5809e-18   3.3133e-19
 5575.00   9.0271e-19   4.1224e-19
 5580.00   8.0833e-19   3.9109e-19
 5585.00   6.8225e-19   3.3764e-19
 5590.00   5.9287e-19   3.4833e-19
 5595.00   5.8779e-19   3.4883e-19
 5600.00   8.3741e-19   3.6304e-19
 5605.00   1.2938e-18   3.7415e-19
 5610.00   7.4413e-19   4.6501e-19
 5615.00   2.2731e-18   6.0902e-19
 5620.00   1.2381e-18   5.6034e-19
 5625.00   6.3960e-19   5.4279e-19
 5630.00   8.7876e-19   5.1032e-19
 5635.00   1.3935e-18   4.9038e-19
 5640.00   3.2519e-18   4.7432e-19
 5645.00   1.2901e-18   4.6819e-19
 5650.00   1.0236e-18   4.4502e-19
 5655.00   1.1235e-18   4.3715e-19
 5660.00   2.3999e-18   4.2646e-19
 5665.00   1.0646e-18   4.2145e-19
 5670.00   1.7730e-18   4.2039e-19
 5675.00   1.8750e-18   4.1680e-19
 5680.00   1.7232e-18   4.1165e-19
 5685.00   6.6656e-19   4.1535e-19
 5690.00   2.2971e-18   4.1803e-19
 5695.00   1.2423e-18   4.3039e-19
 5700.00   1.3687e-18   4.3544e-19
 5705.00   3.6749e-19   4.4886e-19
 5710.00   1.8048e-18   4.4270e-19
 5715.00   8.2117e-19   4.4686e-19
 5720.00   2.0653e-18   4.7471e-19
 5725.00   1.7661e-19   4.8385e-19
 5730.00   7.0877e-19   4.9438e-19
 5735.00   1.6940e-18   5.2679e-19
 5740.00   2.6984e-19   6.3890e-19
 5745.00   1.8437e-18   5.1943e-19
 5750.00   1.7954e-18   4.9071e-19
 5755.00   8.1531e-19   4.7594e-19
 5760.00  -5.9198e-20   4.4492e-19
 5765.00   5.7828e-19   4.3018e-19
 5770.00   3.1282e-18   4.2387e-19
 5775.00   6.4697e-19   4.1379e-19
 5780.00   3.2682e-19   4.0489e-19
 5785.00   3.6935e-19   3.9455e-19
 5790.00   1.7901e-19   3.9001e-19
 5795.00   1.1963e-18   3.8590e-19
 5800.00   3.1347e-19   3.8044e-19
 5805.00   1.0120e-18   3.7459e-19
 5810.00   8.1985e-19   3.7220e-19
 5815.00   1.4915e-18   3.7099e-19
 5820.00   1.3356e-18   3.6643e-19
 5825.00   7.7062e-19   3.6587e-19
 5830.00   8.1692e-19   3.6480e-19
 5835.00   8.0907e-19   3.6198e-19
 5840.00   2.0255e-18   3.6468e-19
 5845.00  -4.9768e-20   3.6548e-19
 5850.00   6.1713e-19   3.6935e-19
 5855.00   1.7182e-18   3.7278e-19
 5860.00   1.4919e-19   3.7177e-19
 5865.00   1.5949e-18   3.9931e-19
 5870.00   9.0642e-19   3.9723e-19
 5875.00   4.8904e-19   3.9681e-19
 5880.00   2.8828e-18   3.9881e-19
 5885.00   1.7960e-18   4.0908e-19
 5890.00   5.5931e-19   4.7700e-19
 5895.00   1.2288e-18   5.0538e-19
 5900.00   4.6689e-19   4.2904e-19
 5905.00   1.2900e-18   4.5463e-19
 5910.00   6.0356e-19   4.5086e-19
 5915.00   9.7346e-19   4.5539e-19
 5920.00   7.6641e-19   4.2264e-19
 5925.00   1.3136e-18   4.3072e-19
 5930.00   8.2807e-20   4.2055e-19
 5935.00   7.4293e-19   4.3699e-19
 5940.00   1.5459e-18   4.1817e-19
 5945.00   1.7488e-18   4.8460e-19
 5950.00   2.2471e-18   5.8632e-19
 5955.00   9.2273e-19   5.7384e-19
 5960.00   1.2311e-18   5.2679e-19
 5965.00   5.9247e-19   5.0103e-19
 5970.00   1.9656e-18   4.7948e-19
 5975.00   1.4316e-18   4.6761e-19
 5980.00   1.8191e-18   4.3730e-19
 5985.00   2.0787e-18   4.1913e-19
 5990.00  -5.8485e-19   4.0724e-19
 5995.00   7.5456e-19   3.9862e-19
 6000.00   1.4898e-18   3.9395e-19
 6005.00   1.5452e-19   3.8332e-19
 6010.00   2.1285e-18   3.8037e-19
 6015.00   1.9221e-18   3.6732e-19
 6020.00   1.2389e-18   3.5313e-19
 6025.00   1.1308e-18   3.5247e-19
 6030.00   1.8378e-18   3.4454e-19
 6035.00   1.7482e-18   3.4059e-19
 6040.00   1.6301e-18   3.3231e-19
 6045.00   1.5902e-18   3.2812e-19
 6050.00   6.8406e-19   3.2181e-19
 6055.00   1.3831e-18   3.1767e-19
 6060.00   7.3297e-19   3.1470e-19
 6065.00   9.3551e-19   3.0980e-19
 6070.00   1.6880e-18   3.0898e-19
 6075.00   5.2115e-19   3.0438e-19
 6080.00   2.0583e-18   3.0524e-19
 6085.00   9.9788e-19   3.0583e-19
 6090.00   1.1499e-18   3.0614e-19
 6095.00   5.5252e-19   3.0911e-19
 6100.00   1.3558e-18   3.1498e-19
 6105.00   7.9528e-19   3.1843e-19
 6110.00   9.1975e-19   3.2137e-19
 6115.00   1.3249e-18   3.3023e-19
 6120.00   1.1402e-18   3.3812e-19
 6125.00   8.6545e-19   3.4520e-19
 6130.00   1.0407e-18   3.5662e-19
 6135.00   1.2795e-18   3.6233e-19
 6140.00   4.0490e-19   3.4336e-19
 6145.00   7.0292e-19   3.5002e-19
 6150.00   1.2326e-18   3.4645e-19
 6155.00   3.4300e-19   3.5013e-19
 6160.00   1.2793e-18   3.4762e-19
 6165.00   4.1073e-19   3.4448e-19
 6170.00   1.1670e-18   4.3605e-19
 6175.00   8.9833e-19   4.7270e-19
 6180.00   8.6582e-20   4.4492e-19
 6185.00   9.2464e-19   4.2265e-19
 6190.00   1.3439e-18   4.0458e-19
 6195.00   1.4943e-18   3.8711e-19
 6200.00   1.1619e-18   3.6890e-19
 6205.00   1.6115e-18   3.6104e-19
 6210.00   6.2123e-19   3.3603e-19
 6215.00   1.3081e-18   3.3168e-19
 6220.00   9.4618e-19   3.2864e-19
 6225.00   1.1685e-18   3.1146e-19
 6230.00   9.7895e-19   2.9956e-19
 6235.00   6.3332e-19   3.3826e-19
 6240.00   8.0399e-19   3.0064e-19
 6245.00   5.8980e-19   2.8412e-19
 6250.00   7.6321e-19   2.7999e-19
 6255.00  -1.3430e-19   2.7327e-19
 6260.00   9.8431e-19   2.9365e-19
 6265.00   1.0626e-18   2.7841e-19
 6270.00   2.9121e-19   2.6652e-19
 6275.00   9.9870e-19   2.6755e-19
 6280.00   5.1661e-19   2.6437e-19
 6285.00   3.9551e-19   2.7079e-19
 6290.00   1.3793e-18   2.7472e-19
 6295.00   1.7863e-19   2.6565e-19
 6300.00  -5.1815e-19   3.3567e-19
 6305.00   8.8104e-19   2.8566e-19
 6310.00   6.1200e-19   2.6740e-19
 6315.00   2.2345e-18   2.6893e-19
 6320.00   5.6585e-19   2.8264e-19
 6325.00   1.2106e-19   2.8313e-19
 6330.00   1.4976e-18   3.0274e-19
 6335.00   1.2938e-18   2.8177e-19
 6340.00   9.1142e-19   2.8747e-19
 6345.00   9.6796e-19   2.9411e-19
 6350.00  -1.5343e-19   3.0677e-19
 6355.00   7.0639e-19   3.1536e-19
 6360.00   1.0478e-18   3.0997e-19
 6365.00   1.6394e-18   3.6205e-19
 6370.00   1.1412e-18   3.2269e-19
 6375.00   1.8496e-18   3.1602e-19
 6380.00  -7.9425e-20   3.0147e-19
 6385.00   2.7134e-19   3.1302e-19
 6390.00   6.8974e-19   2.9990e-19
 6395.00   1.1728e-18   3.0501e-19
 6400.00   7.3754e-19   3.3809e-19
 6405.00   8.5942e-19   3.3864e-19
 6410.00   6.1659e-19   3.3415e-19
 6415.00   8.4666e-19   4.0290e-19
 6420.00   5.0482e-19   3.8499e-19
 6425.00   5.4423e-19   3.6117e-19
 6430.00   1.1372e-18   3.4560e-19
 6435.00   7.7530e-19   3.3283e-19
 6440.00   4.3699e-19   3.1764e-19
 6445.00   1.4167e-19   3.1028e-19
 6450.00   7.1773e-19   3.0015e-19
 6455.00   1.5481e-18   2.9056e-19
 6460.00   9.3418e-19   2.8401e-19
 6465.00   9.1739e-19   2.9948e-19
 6470.00   1.0866e-18   2.8446e-19
 6475.00   5.5979e-19   2.6065e-19
 6480.00   1.7930e-18   2.5522e-19
 6485.00   3.2478e-19   2.4328e-19
 6490.00   6.9295e-19   2.3630e-19
 6495.00   1.4032e-18   2.3608e-19
 6500.00   1.4106e-18   2.5818e-19
 6505.00   1.4134e-18   2.4093e-19
 6510.00   1.4866e-18   2.2520e-19
 6515.00   1.1476e-18   2.2791e-19
 6520.00   1.4196e-18   2.2874e-19
 6525.00   1.2585e-18   2.2790e-19
 6530.00   1.2412e-18   2.2237e-19
 6535.00   1.0124e-18   2.4220e-19
 6540.00   1.5495e-18   2.2862e-19
 6545.00   1.5788e-18   2.3592e-19
 6550.00   1.7830e-18   2.2599e-19
 6555.00   1.4796e-18   2.4312e-19
 6560.00   9.1317e-19   2.2831e-19
 6565.00   2.0857e-18   2.4284e-19
 6570.00   1.5773e-18   2.4466e-19
 6575.00   1.0371e-18   2.5158e-19
 6580.00   1.4280e-18   2.5286e-19
 6585.00   1.3443e-18   2.3940e-19
 6590.00   1.8316e-18   2.4313e-19
 6595.00   1.6133e-18   2.5169e-19
 6600.00   1.4021e-18   2.4842e-19
 6605.00   1.9103e-18   2.6872e-19
 6610.00   2.3099e-18   2.5800e-19
 6615.00   1.6998e-18   2.6100e-19
 6620.00   1.7070e-18   2.6707e-19
 6625.00   1.5844e-18   2.7659e-19
 6630.00   1.0138e-18   2.8655e-19
 6635.00   1.4348e-18   2.6048e-19
 6640.00   1.7376e-18   2.5500e-19
 6645.00   1.7394e-18   2.5321e-19
 6650.00   3.2818e-19   2.5874e-19
 6655.00   1.0409e-18   2.5252e-19
 6660.00   8.7465e-19   2.5422e-19
 6665.00   1.7845e-18   2.5429e-19
 6670.00   1.6432e-18   2.6515e-19
 6675.00   1.2165e-18   3.3623e-19
 6680.00   1.7159e-18   3.2516e-19
 6685.00   1.1429e-18   3.0742e-19
 6690.00   1.0906e-18   2.9554e-19
 6695.00   3.3728e-19   2.8627e-19
 6700.00   5.4660e-19   2.8054e-19
 6705.00   3.8777e-18   2.7376e-19
 6710.00   2.1803e-18   2.7710e-19
 6715.00   8.7755e-19   2.5590e-19
 6720.00   1.0711e-18   2.4545e-19
 6725.00   4.8236e-19   2.3971e-19
 6730.00   4.4505e-19   2.3856e-19
 6735.00   1.2779e-18   2.3341e-19
 6740.00   4.8929e-19   2.3258e-19
 6745.00   9.9542e-19   2.2414e-19
 6750.00   1.0266e-18   2.1933e-19
 6755.00   1.2850e-18   2.1531e-19
 6760.00   1.1079e-18   2.1308e-19
 6765.00   7.7545e-19   2.0924e-19
 6770.00   9.8284e-19   2.0747e-19
 6775.00   1.0701e-18   2.0537e-19
 6780.00   5.3021e-19   2.2180e-19
 6785.00   5.4690e-19   1.9915e-19
 6790.00   9.6556e-19   1.9938e-19
 6795.00   1.1419e-18   1.9685e-19
 6800.00   9.1018e-19   1.9682e-19
 6805.00   7.5799e-19   1.9601e-19
 6810.00   1.0899e-18   1.9444e-19
 6815.00   1.0705e-18   1.9726e-19
 6820.00   1.0702e-18   1.9608e-19
 6825.00   1.1242e-18   2.0318e-19
 6830.00   1.1584e-18   2.4210e-19
 6835.00   3.9059e-19   2.3236e-19
 6840.00   6.6609e-19   2.1924e-19
 6845.00   7.3594e-19   1.9993e-19
 6850.00   5.8859e-19   2.0983e-19
 6855.00   6.6519e-19   2.0501e-19
 6860.00   1.1399e-18   2.1410e-19
 6865.00   1.0330e-18   2.4915e-19
 6870.00   7.2786e-19   2.1653e-19
 6875.00   5.9970e-20   2.1735e-19
 6880.00   9.3195e-19   2.3539e-19
 6885.00   7.7483e-19   2.2872e-19
 6890.00   1.3809e-18   2.4369e-19
 6895.00   5.3560e-19   2.3346e-19
 6900.00   1.3952e-18   2.5768e-19
 6905.00   4.1332e-19   2.4450e-19
 6910.00   1.0874e-19   2.7230e-19
 6915.00   8.7456e-19   2.2987e-19
 6920.00   6.4532e-19   2.1941e-19
 6925.00   6.1444e-19   2.4406e-19
 6930.00   6.9868e-19   2.2758e-19
 6935.00   1.3736e-18   2.1865e-19
 6940.00   1.4345e-18   2.3508e-19
 6945.00   7.7228e-19   2.1720e-19
 6950.00  -6.3031e-20   2.3931e-19
 6955.00   1.0609e-18   2.4810e-19
 6960.00   1.3409e-18   2.8161e-19
 6965.00   2.8907e-19   2.6755e-19
 6970.00   4.8897e-19   2.7185e-19
 6975.00   3.3543e-19   2.4752e-19
 6980.00   1.3088e-18   2.6533e-19
 6985.00   9.4496e-19   2.3813e-19
 6990.00   2.1589e-19   2.2659e-19
 6995.00   1.0703e-18   2.2266e-19
 7000.00   3.5218e-19   2.1692e-19
 7005.00   8.2365e-19   2.1841e-19
 7010.00   8.8701e-19   2.2105e-19
 7015.00   8.9970e-19   1.9984e-19
 7020.00   1.0107e-18   1.9627e-19
 7025.00   7.3666e-19   1.9315e-19
 7030.00   4.5087e-19   1.9119e-19
 7035.00   7.0930e-19   1.8641e-19
 7040.00   7.6468e-19   1.9823e-19
 7045.00   6.4596e-19   1.8812e-19
 7050.00   9.9014e-19   2.0247e-19
 7055.00   7.0792e-19   1.8230e-19
 7060.00   6.0938e-19   1.7876e-19
 7065.00   1.0858e-18   1.8234e-19
 7070.00   3.4115e-20   1.7612e-19
 7075.00   4.3766e-19   1.7536e-19
 7080.00   7.2962e-19   1.7723e-19
 7085.00   9.4311e-19   1.7309e-19
 7090.00   1.2534e-18   1.7991e-19
 7095.00   4.5804e-19   1.6808e-19
 7100.00   8.2963e-19   1.6928e-19
 7105.00   1.7889e-18   1.6672e-19
 7110.00   1.5127e-18   1.6843e-19
 7115.00   2.3976e-19   1.8407e-19
 7120.00   8.0496e-19   1.6664e-19
 7125.00   1.1112e-18   1.7242e-19
 7130.00   8.4035e-19   1.6982e-19
 7135.00   1.0993e-18   1.7351e-19
 7140.00   4.4143e-19   1.7234e-19
 7145.00   9.2362e-19   1.8588e-19
 7150.00   1.3108e-18   1.7886e-19
 7155.00   7.0694e-19   1.7397e-19
 7160.00   1.0641e-18   1.7993e-19
 7165.00   6.0689e-19   1.8052e-19
 7170.00   1.0451e-18   1.8293e-19
 7175.00   9.7885e-19   1.8954e-19
 7180.00   5.3475e-19   1.9091e-19
 7185.00   4.3486e-19   1.8687e-19
 7190.00   8.4924e-19   1.9239e-19
 7195.00   1.3515e-18   1.9824e-19
 7200.00   5.9737e-19   2.0231e-19
 7205.00   9.6272e-19   2.0768e-19
 7210.00   5.5798e-19   2.1206e-19
 7215.00   4.7137e-19   2.1629e-19
 7220.00   7.5239e-19   1.9163e-19
 7225.00   6.7417e-19   1.9562e-19
 7230.00   5.5897e-19   1.9620e-19
 7235.00   6.4023e-19   1.9460e-19
 7240.00   9.2181e-19   2.8904e-19
 7245.00   4.6000e-19   2.5117e-19
 7250.00   7.2315e-19   2.0177e-19
 7255.00   5.2945e-19   2.1696e-19
 7260.00   7.3888e-19   1.9484e-19
 7265.00   4.7448e-19   2.4032e-19
 7270.00   1.1099e-18   2.5750e-19
 7275.00   7.8070e-19   2.9336e-19
 7280.00   2.0776e-19   2.3301e-19
 7285.00   8.6415e-19   2.5570e-19
 7290.00   6.5228e-19   2.1729e-19
 7295.00   5.8967e-19   2.2497e-19
 7300.00   4.1602e-19   1.9737e-19
 7305.00   1.0589e-18   2.2363e-19
 7310.00   1.4872e-19   1.9730e-19
 7315.00   6.2911e-19   2.1367e-19
 7320.00   7.2310e-19   1.8281e-19
 7325.00   7.4472e-19   1.7910e-19
 7330.00   6.4254e-19   2.0356e-19
 7335.00   9.7780e-19   1.7492e-19
 7340.00   7.4957e-19   2.0030e-19
 7345.00   9.4635e-19   1.7465e-19
 7350.00   7.3351e-19   1.7586e-19
 7355.00   1.1070e-18   1.6785e-19
 7360.00   7.0264e-19   1.8463e-19
 7365.00   9.6771e-19   1.6662e-19
 7370.00   4.4863e-19   1.8688e-19
 7375.00   6.5349e-19   1.6149e-19
 7380.00   1.2887e-18   1.6085e-19
 7385.00   1.1069e-18   1.5856e-19
 7390.00   1.2286e-18   1.7367e-19
 7395.00   7.7506e-19   1.6008e-19
 7400.00   1.1029e-18   1.7775e-19
 7405.00   8.7000e-19   1.5343e-19
 7410.00   9.1886e-19   1.5459e-19
 7415.00   8.1706e-19   1.5797e-19
 7420.00   9.0300e-19   1.5522e-19
 7425.00   8.8373e-19   1.5451e-19
 7430.00   1.3320e-18   1.6931e-19
 7435.00   1.0830e-18   1.5532e-19
 7440.00   1.1309e-18   1.7873e-19
 7445.00   1.3616e-18   1.5585e-19
 7450.00   1.0770e-18   1.5688e-19
 7455.00   9.2522e-19   1.5706e-19
 7460.00   1.1318e-18   1.6783e-19
 7465.00   1.1599e-18   1.8157e-19
 7470.00   1.3824e-18   1.8218e-19
 7475.00   1.2185e-18   1.7924e-19
 7480.00   1.1426e-18   1.9316e-19
 7485.00   1.4631e-18   2.0034e-19
 7490.00   1.1533e-18   1.7111e-19
 7495.00   1.1739e-18   1.8040e-19
 7500.00   1.1943e-18   1.7590e-19
 7505.00   1.2317e-18   1.7784e-19
 7510.00   1.0476e-18   1.7859e-19
 7515.00   9.4733e-19   1.8810e-19
 7520.00   9.1126e-19   1.9396e-19
 7525.00   9.3608e-19   2.3018e-19
 7530.00   1.0547e-18   2.1853e-19
 7535.00   1.8223e-18   2.0106e-19
 7540.00   1.7035e-18   2.1272e-19
 7545.00   1.5837e-18   2.0969e-19
 7550.00   1.4835e-18   1.9598e-19
 7555.00   6.2396e-19   1.8492e-19
 7560.00   6.2761e-19   1.8671e-19
 7565.00   1.2885e-18   1.8087e-19
 7570.00   1.2149e-18   2.0772e-19
 7575.00   7.7056e-19   1.9290e-19
 7580.00   1.0185e-18   1.7925e-19
 7585.00   8.8541e-19   1.9176e-19
 7590.00   1.4325e-19   1.7300e-19
 7595.00   3.3347e-19   1.6446e-19
 7600.00   2.6626e-19   1.9757e-19
 7605.00   6.9221e-19   1.9637e-19
 7610.00   9.3275e-20   1.9478e-19
 7615.00   5.5064e-19   1.9541e-19
 7620.00   8.1738e-19   2.2037e-19
 7625.00   2.5592e-19   1.8606e-19
 7630.00   4.3733e-19   1.9847e-19
 7635.00   3.6308e-19   1.7486e-19
 7640.00   4.7577e-19   1.7381e-19
 7645.00   4.8215e-19   1.6968e-19
 7650.00   9.7167e-19   1.7043e-19
 7655.00   1.9785e-19   1.7311e-19
 7660.00   1.1417e-18   1.7346e-19
 7665.00   1.1330e-18   1.6605e-19
 7670.00   1.1320e-18   1.5971e-19
 7675.00   1.0545e-18   1.6182e-19
 7680.00   1.0754e-18   1.6112e-19
 7685.00   1.0347e-18   1.7007e-19
 7690.00   1.0780e-18   1.7266e-19
 7695.00   7.3823e-19   1.6084e-19
 7700.00   1.6783e-18   1.7123e-19
 7705.00   6.7500e-19   1.5103e-19
 7710.00   9.7322e-19   1.6311e-19
 7715.00   1.8390e-18   2.5931e-19
 7720.00   8.5668e-19   1.6727e-19
 7725.00   1.0426e-18   1.8830e-19
 7730.00   8.4846e-19   1.5302e-19
 7735.00   4.6208e-19   1.6281e-19
 7740.00   1.0950e-18   1.5320e-19
 7745.00   6.7852e-19   1.5030e-19
 7750.00   6.6468e-19   2.0103e-19
 7755.00   1.0532e-18   1.5472e-19
 7760.00   1.4662e-18   1.6825e-19
 7765.00   1.3465e-18   1.4743e-19
 7770.00   1.0886e-18   1.5717e-19
 7775.00   9.6426e-19   1.7107e-19
 7780.00   1.2288e-18   1.6981e-19
 7785.00   1.0766e-18   1.5644e-19
 7790.00   8.6744e-19   1.6696e-19
 7795.00   9.2839e-19   1.7946e-19
 7800.00   1.5180e-18   1.5173e-19
 7805.00   8.1701e-19   1.5431e-19
 7810.00   9.5857e-19   1.8175e-19
 7815.00   7.6372e-19   1.6457e-19
 7820.00   8.6968e-19   1.9658e-19
 7825.00   1.1543e-18   1.6034e-19
 7830.00   1.0884e-18   1.6105e-19
 7835.00   9.9703e-19   1.5987e-19
 7840.00   7.9729e-19   1.8070e-19
 7845.00   1.0451e-18   1.5892e-19
 7850.00   1.5993e-18   2.0024e-19
 7855.00   1.1256e-18   2.0004e-19
 7860.00   2.6555e-19   2.0703e-19
 7865.00   9.5187e-19   1.7013e-19
 7870.00   9.7343e-19   2.0883e-19
 7875.00   9.1080e-19   1.7178e-19
 7880.00   6.7845e-20   2.3840e-19
 7885.00   9.3443e-19   1.9421e-19
 7890.00   4.0234e-19   2.3181e-19
 7895.00   1.2635e-18   1.9652e-19
 7900.00   1.5561e-18   1.8859e-19
 7905.00   3.7849e-19   1.9575e-19
 7910.00   1.6487e-18   2.1493e-19
 7915.00   8.9443e-19   2.0971e-19
 7920.00   6.9016e-19   2.1127e-19
 7925.00   4.8689e-19   1.6350e-19
 7930.00   4.1200e-19   2.0542e-19
 7935.00   7.9085e-19   1.6310e-19
 7940.00   8.2011e-19   1.6264e-19
 7945.00   1.0847e-18   1.7110e-19
 7950.00   1.2370e-18   1.8292e-19
 7955.00   1.2680e-18   1.5944e-19
 7960.00   1.3364e-18   1.5862e-19
 7965.00   7.6643e-19   1.8985e-19
 7970.00  -3.7274e-20   1.9310e-19
 7975.00   6.7405e-19   2.1626e-19
 7980.00   4.5549e-19   2.3097e-19
 7985.00   1.4779e-18   1.9123e-19
 7990.00   4.5668e-19   1.9632e-19
 7995.00   1.0124e-18   2.3005e-19
 8000.00   7.9440e-19   1.9206e-19
 8005.00   7.4729e-19   1.8033e-19
 8010.00   2.5666e-19   1.7680e-19
 8015.00   8.0372e-19   1.9999e-19
 8020.00  -1.4656e-19   1.8956e-19
 8025.00   1.2048e-18   2.0527e-19
 8030.00   1.1749e-18   1.9151e-19
 8035.00   1.0847e-18   1.6261e-19
 8040.00   1.0628e-18   1.6189e-19
 8045.00   8.7338e-19   1.5605e-19
 8050.00   7.0293e-19   1.7766e-19
 8055.00   6.5194e-19   1.5292e-19
 8060.00   7.8650e-19   1.6872e-19
 8065.00   9.3778e-19   1.5709e-19
 8070.00   6.6468e-19   1.4520e-19
 8075.00   1.0765e-18   1.5192e-19
 8080.00   6.6426e-19   1.4704e-19
 8085.00   1.6207e-18   1.5419e-19
 8090.00   7.6275e-19   1.3922e-19
 8095.00   7.3119e-19   1.5312e-19
 8100.00   4.4202e-19   1.5045e-19
 8105.00  -6.5917e-20   1.4988e-19
 8110.00   7.3584e-19   1.3953e-19
 8115.00   1.1063e-18   1.3743e-19
 8120.00   6.5644e-19   1.3580e-19
 8125.00   8.7409e-19   1.3720e-19
 8130.00   1.0665e-18   1.4003e-19
 8135.00   7.8222e-19   1.3536e-19
 8140.00   1.0909e-18   1.4680e-19
 8145.00   5.9901e-19   1.4413e-19
 8150.00   8.2023e-19   1.3369e-19
 8155.00   7.1842e-19   1.3128e-19
 8160.00   1.1755e-18   1.3154e-19
 8165.00   1.1422e-18   1.3097e-19
 8170.00   7.4137e-19   1.3030e-19
 8175.00   1.1790e-18   1.3237e-19
 8180.00   6.9729e-19   1.3348e-19
 8185.00   7.5186e-19   1.3182e-19
 8190.00   8.0602e-19   1.3987e-19
 8195.00   9.7417e-19   1.4157e-19
 8200.00   7.0408e-19   1.3387e-19
 8205.00   8.1584e-19   1.4007e-19
 8210.00   7.2452e-19   1.3965e-19
 8215.00  -1.8948e-19   1.4379e-19
 8220.00   5.1796e-19   1.3986e-19
 8225.00   6.2403e-19   1.4288e-19
 8230.00   2.4036e-19   1.3672e-19
 8235.00   9.1787e-19   1.4455e-19
 8240.00   2.8397e-19   1.5117e-19
 8245.00   7.4554e-19   1.5032e-19
 8250.00   6.4400e-19   1.5622e-19
 8255.00   6.0183e-19   1.5345e-19
 8260.00   6.7748e-19   1.5247e-19
 8265.00   9.3954e-19   1.5721e-19
 8270.00   5.9171e-19   1.5804e-19
 8275.00   7.2377e-19   1.6271e-19
 8280.00   9.3646e-19   2.7868e-19
 8285.00   9.7690e-19   2.0751e-19
 8290.00   4.2930e-19   2.1186e-19
 8295.00   1.3696e-18   1.9656e-19
 8300.00   8.7065e-19   2.1702e-19
 8305.00   5.6064e-19   1.8687e-19
 8310.00   9.2379e-19   2.0808e-19
 8315.00   5.8466e-19   1.8256e-19
 8320.00   1.1278e-18   1.5813e-19
 8325.00   5.6566e-19   1.5172e-19
 8330.00   6.1685e-19   1.5087e-19
 8335.00   1.0095e-18   1.5257e-19
 8340.00   7.0561e-19   1.6130e-19
 8345.00   9.3167e-19   2.1535e-19
 8350.00   1.3793e-18   1.7565e-19
 8355.00   7.5536e-19   1.7240e-19
 8360.00   1.1074e-18   1.6494e-19
 8365.00   1.2252e-18   1.9027e-19
 8370.00   6.4254e-19   1.5091e-19
 8375.00   1.0361e-18   1.5252e-19
 8380.00   1.1903e-18   2.2270e-19
 8385.00   5.4950e-19   1.9129e-19
 8390.00   1.2044e-18   1.8620e-19
 8395.00   9.1411e-19   1.7549e-19
 8400.00  -6.5996e-19   2.2034e-19
 8405.00   1.0627e-18   1.6907e-19
 8410.00   8.4145e-19   1.6694e-19
 8415.00   4.7409e-19   1.9355e-19
 8420.00   7.0761e-19   1.6050e-19
 8425.00   1.0011e-18   1.7343e-19
 8430.00   6.0862e-19   2.1098e-19
 8435.00   1.1483e-18   1.6262e-19
 8440.00   9.9397e-19   1.5043e-19
 8445.00   9.5685e-19   1.5727e-19
 8450.00   7.0630e-19   1.6657e-19
 8455.00   7.2303e-19   1.5358e-19
 8460.00   9.3725e-19   1.4820e-19
 8465.00   7.8278e-19   1.8365e-19
 8470.00   9.8931e-19   1.4084e-19
 8475.00   8.3592e-19   1.4890e-19
 8480.00   9.1768e-19   1.3611e-19
 8485.00   1.0133e-18   1.3674e-19
 8490.00   8.4781e-19   1.3605e-19
 8495.00   4.8180e-19   1.6733e-19
 8500.00   8.5038e-19   1.4113e-19
 8505.00   1.4514e-18   1.7378e-19
 8510.00   1.7736e-18   1.3268e-19
 8515.00   1.1858e-18   1.3263e-19
 8520.00   1.0255e-18   1.3656e-19
 8525.00   9.3922e-19   1.3110e-19
 8530.00   1.2518e-19   1.4119e-19
 8535.00   8.2779e-19   1.2748e-19
 8540.00   1.0349e-18   1.4615e-19
 8545.00   6.6653e-19   1.2821e-19
 8550.00   9.1663e-19   1.6291e-19
 8555.00   7.6457e-19   1.3021e-19
 8560.00   1.0414e-18   1.2686e-19
 8565.00   8.4456e-19   1.2836e-19
 8570.00   1.0894e-18   1.3147e-19
 8575.00   6.2657e-19   1.3566e-19
 8580.00   1.0776e-18   1.2753e-19
 8585.00   1.1488e-18   1.2854e-19
 8590.00   7.7046e-19   1.4426e-19
 8595.00   8.2298e-19   1.4355e-19
 8600.00   8.7256e-19   1.3249e-19
 8605.00   1.1270e-18   1.3244e-19
 8610.00   1.4042e-18   1.4247e-19
 8615.00   6.2265e-19   1.7235e-19
 8620.00   4.0082e-19   2.0596e-19
 8625.00   4.9701e-19   2.1506e-19
 8630.00   1.0159e-18   2.2690e-19
 8635.00   6.4099e-19   2.0940e-19
 8640.00   9.2709e-19   1.7997e-19
 8645.00   7.6673e-19   1.4805e-19
 8650.00   6.9702e-19   1.8368e-19
 8655.00   6.8958e-19   1.8842e-19
 8660.00   4.8104e-19   1.7946e-19
 8665.00   6.0380e-19   1.7950e-19
 8670.00   4.6445e-19   1.7756e-19
 8675.00   4.9037e-19   1.7187e-19
 8680.00   1.3304e-19   1.6748e-19
 8685.00   8.7809e-19   1.5593e-19
 8690.00   6.7682e-19   1.4865e-19
 8695.00   5.3248e-19   1.4977e-19
 8700.00   3.6597e-19   1.6315e-19
 8705.00   5.6230e-19   1.5510e-19
 8710.00   3.0144e-19   1.5199e-19
 8715.00   8.3196e-19   1.4681e-19
 8720.00   8.4805e-20   1.4966e-19
 8725.00   2.1638e-19   1.5458e-19
 8730.00   4.1748e-19   1.5087e-19
 8735.00   7.6977e-19   1.5605e-19
 8740.00   7.5766e-19   1.6558e-19
 8745.00   3.3282e-19   1.6509e-19
 8750.00   1.0706e-19   1.6804e-19
 8755.00   2.1746e-19   1.6683e-19
 8760.00   3.6125e-19   3.0856e-19
 8765.00   5.4395e-20   1.8923e-19
 8770.00   2.9853e-19   1.7557e-19
 8775.00   4.7785e-19   1.7558e-19
 8780.00   1.5822e-19   1.7152e-19
 8785.00   1.1061e-19   1.4204e-19
 8790.00  -2.7640e-19   1.7444e-19
 8795.00   5.5726e-19   1.4248e-19
 8800.00   4.1733e-19   1.4321e-19
 8805.00   7.2007e-19   1.4025e-19
 8810.00   5.6429e-20   1.5715e-19
 8815.00   4.5640e-19   1.4291e-19
 8820.00   7.9228e-19   1.4272e-19
 8825.00   3.4771e-20   2.0652e-19
 8830.00  -2.8330e-19   2.0675e-19
 8835.00  -7.9264e-19   3.0029e-19
 8840.00  -1.0009e-19   1.7032e-19
 8845.00   3.6259e-19   1.8030e-19
 8850.00   5.0338e-19   2.0469e-19
 8855.00   4.2260e-19   1.6448e-19
 8860.00   3.2204e-19   1.6928e-19
 8865.00   3.8726e-19   1.8929e-19
 8870.00   3.6284e-19   1.6935e-19
 8875.00   1.6831e-19   1.4733e-19
 8880.00   5.4942e-19   1.4818e-19
 8885.00   1.4186e-19   1.9899e-19
 8890.00   8.4783e-19   1.5519e-19
 8895.00   6.9068e-19   1.5437e-19
 8900.00   2.2666e-19   1.4828e-19
 8905.00   1.0015e-18   1.7507e-19
 8910.00   2.3698e-19   1.5214e-19
 8915.00   5.9778e-19   1.3893e-19
 8920.00   3.7394e-19   1.9193e-19
 8925.00   7.0888e-19   1.4462e-19
 8930.00   1.7081e-20   1.4796e-19
 8935.00   5.9879e-19   1.4109e-19
 8940.00   5.3901e-19   1.3433e-19
 8945.00   7.3832e-19   1.5858e-19
 8950.00   6.2409e-19   1.2734e-19
 8955.00   3.7753e-19   1.3135e-19
 8960.00   7.1385e-19   1.5098e-19
 8965.00   4.1816e-19   1.2333e-19
 8970.00   4.2410e-19   1.3437e-19
 8975.00   3.0188e-19   1.2154e-19
 8980.00   8.6683e-19   1.3581e-19
 8985.00   2.7980e-19   1.2785e-19
 8990.00   5.1821e-19   1.4773e-19
 8995.00   8.9494e-19   1.2229e-19
 9000.00   8.9749e-19   1.6468e-19
 9005.00   5.4518e-19   1.1494e-19
 9010.00   7.6875e-19   1.1282e-19
 9015.00   6.7555e-19   1.1128e-19
 9020.00   3.9577e-19   1.2090e-19
 9025.00   7.1472e-19   1.1290e-19
 9030.00   4.8650e-19   1.2485e-19
 9035.00   5.7492e-19   1.1894e-19
 9040.00   9.3672e-19   1.3368e-19
 9045.00   6.3785e-19   1.2322e-19
 9050.00   3.9257e-19   1.5662e-19
 9055.00   5.7872e-19   1.2482e-19
 9060.00   9.1707e-19   1.2111e-19
 9065.00   5.1198e-19   1.2928e-19
 9070.00   2.7664e-19   1.3087e-19
 9075.00   6.3292e-19   1.2163e-19
 9080.00   5.7208e-19   1.1905e-19
 9085.00   3.9594e-19   1.2423e-19
 9090.00   4.0471e-19   1.3012e-19
 9095.00   4.6904e-19   1.3735e-19
 9100.00   4.8849e-19   1.3559e-19
 9105.00   7.8833e-19   1.4010e-19
 9110.00   7.0061e-19   1.2630e-19
 9115.00   1.0300e-18   1.2898e-19
 9120.00   6.6477e-19   1.2702e-19
 9125.00   1.3519e-18   1.2919e-19
 9130.00   6.7054e-19   1.2874e-19
 9135.00   5.7492e-19   1.3566e-19
 9140.00   8.4359e-19   1.3843e-19
 9145.00   9.7459e-19   1.3921e-19
 9150.00   8.4469e-19   1.5396e-19
 9155.00   7.3695e-19   1.5582e-19
 9160.00   6.3288e-19   1.8170e-19
 9165.00   1.0255e-18   1.4682e-19
 9170.00   8.0718e-19   1.4873e-19
 9175.00   6.3479e-19   1.4925e-19
 9180.00   1.0531e-18   1.5542e-19
 9185.00   5.3250e-19   1.5359e-19
 9190.00   8.2879e-19   1.5547e-19
 9195.00   4.0550e-19   1.5587e-19
 9200.00   6.4611e-19   1.6261e-19
 9205.00   9.3605e-19   1.6657e-19
 9210.00   7.6050e-19   1.7092e-19
 9215.00   7.2222e-19   1.9292e-19
 9220.00   4.6335e-19   1.7808e-19
 9225.00   9.2836e-19   2.1550e-19
 9230.00   1.0449e-18   1.8547e-19
 9235.00   1.1985e-18   1.9192e-19
 9240.00   1.3504e-18   1.9071e-19
 9245.00   7.3888e-19   1.9615e-19
 9250.00   1.0098e-18   2.2046e-19
 9255.00   9.6086e-19   2.0979e-19
 9260.00   5.8653e-19   1.6643e-19
 9265.00   1.1527e-19   1.7690e-19
 9270.00   3.1462e-19   1.6330e-19
 9275.00   5.3663e-19   1.6359e-19
 9280.00   6.5944e-19   1.6313e-19
 9285.00   2.7592e-19   1.8064e-19
 9290.00   6.0112e-19   1.7227e-19
 9295.00   2.2385e-19   1.8969e-19
 9300.00   6.1059e-19   1.6725e-19
 9305.00   3.4280e-19   2.3915e-19
 9310.00  -4.3600e-21   3.3208e-19
 9315.00   8.0382e-19   2.4994e-19
 9320.00   3.8041e-19   2.1824e-19
 9325.00   2.6850e-19   2.3799e-19
 9330.00   2.4086e-19   2.1163e-19
 9335.00   9.6512e-19   2.2011e-19
 9340.00   7.4265e-20   2.2893e-19
 9345.00  -2.5772e-20   1.9180e-19
 9350.00   8.3371e-19   2.6433e-19
 9355.00  -1.8139e-19   1.9369e-19
 9360.00  -3.6806e-20   2.0943e-19
 9365.00   3.3042e-19   1.9636e-19
 9370.00   8.3960e-19   2.1167e-19
 9375.00  -8.9205e-19   4.8837e-19
 9380.00   1.7656e-19   2.0830e-19
 9385.00   7.3664e-19   2.5551e-19
 9390.00   4.4727e-19   1.9179e-19
 9395.00   8.1893e-19   2.1240e-19
 9400.00  -2.3858e-19   2.2976e-19
 9405.00   2.7699e-19   2.0697e-19
 9410.00   2.9431e-19   1.8279e-19
 9415.00   5.1235e-19   1.9461e-19
 9420.00  -4.4044e-20   2.8990e-19
 9425.00   1.1589e-18   1.9640e-19
 9430.00   1.1859e-18   1.7957e-19
 9435.00   5.3289e-19   1.9997e-19
 9440.00   3.6715e-19   3.4979e-19
 9445.00   6.3240e-19   1.9727e-19
 9450.00   5.2183e-19   2.1853e-19
 9455.00   9.1128e-19   1.9851e-19
 9460.00   6.3967e-19   2.5360e-19
 9465.00   3.4624e-19   1.7742e-19
 9470.00   2.1037e-20   1.7584e-19
 9475.00   9.1225e-19   2.5988e-19
 9480.00   6.6454e-20   2.0745e-19
 9485.00   7.2587e-19   1.9157e-19
 9490.00   2.0275e-19   1.9740e-19
 9495.00   4.0010e-19   1.7341e-19
 9500.00   5.0879e-19   1.9732e-19
 9505.00   6.6677e-19   2.1970e-19
 9510.00   8.0060e-19   1.8137e-19
 9515.00   4.8384e-19   1.8267e-19
 9520.00  -1.3250e-19   2.6512e-19
 9525.00   2.9806e-21   1.7788e-19
 9530.00   9.5828e-19   2.1524e-19
 9535.00   2.4962e-19   2.1179e-19
 9540.00   5.5345e-19   1.7467e-19
 9545.00   4.2762e-19   1.6506e-19
 9550.00   3.5142e-20   2.0223e-19
 9555.00   5.1246e-19   1.9440e-19
 9560.00   4.9319e-19   1.9356e-19
 9565.00   9.4233e-19   2.2204e-19
 9570.00   4.5472e-19   2.2910e-19
 9575.00   1.1864e-19   1.8580e-19
 9580.00   3.6756e-19   1.6823e-19
 9585.00   3.9008e-19   1.7456e-19
 9590.00   7.8757e-19   1.7942e-19
 9595.00   3.9063e-19   1.7620e-19
 9600.00   6.3662e-19   1.7798e-19
 9605.00   3.5780e-19   1.9784e-19
 9610.00   5.2009e-19   2.1222e-19
 9615.00   3.1993e-19   1.9199e-19
 9620.00   5.8695e-20   2.5747e-19
 9625.00   3.1708e-19   2.0622e-19
 9630.00   3.8458e-19   2.1231e-19
 9635.00   1.5564e-19   1.8705e-19
 9640.00   5.9575e-19   1.9044e-19
 9645.00   5.7574e-19   1.8425e-19
 9650.00   9.0513e-19   2.0476e-19
 9655.00   2.4078e-19   2.2410e-19
 9660.00   6.4392e-19   2.3146e-19
 9665.00   2.5025e-19   2.1090e-19
 9670.00   1.1192e-19   2.9624e-19
 9675.00   4.7874e-19   2.3591e-19
 9680.00  -4.6664e-19   3.4612e-19
 9685.00   3.2885e-19   2.5055e-19
 9690.00   6.0375e-19   2.6268e-19
 9695.00   1.9080e-19   2.3419e-19
 9700.00   3.9714e-19   3.2745e-19
 9705.00   5.4117e-19   2.3762e-19
 9710.00  -1.0838e-18   2.8131e-19
 9715.00   2.4488e-19   2.4655e-19
 9720.00  -5.8520e-19   3.7476e-19
 9725.00   7.6875e-20   2.6589e-19
 9730.00   1.1441e-18   2.6914e-19
 9735.00   2.8451e-19   3.2748e-19
 9740.00  -1.1677e-19   3.1035e-19
 9745.00  -2.4172e-20   3.2580e-19
 9750.00   9.8245e-20   2.7042e-19
 9755.00   1.1474e-18   2.7789e-19
 9760.00   1.4587e-20   2.7808e-19
 9765.00   6.0676e-19   2.8425e-19
 9770.00   1.7195e-18   2.9157e-19
 9775.00   5.3204e-20   3.0663e-19
 9780.00   1.1429e-19   3.1260e-19
 9785.00   6.6396e-19   3.3445e-19
 9790.00   9.0693e-19   6.4367e-19
 9795.00   1.6769e-19   3.5352e-19
 9800.00   1.8605e-18   4.0172e-19
 9805.00   3.3616e-19   3.2037e-19
 9810.00   1.0411e-18   4.2271e-19
 9815.00   1.8425e-18   5.5834e-19
 9820.00  -1.6376e-18   5.0931e-19
 9825.00  -1.3259e-18   4.7288e-19
 9830.00   3.9617e-19   4.9314e-19
 9835.00  -8.3282e-19   4.4925e-19
 9840.00   4.2008e-19   4.3669e-19
 9845.00   9.0767e-19   4.7868e-19
 9850.00  -8.1246e-19   5.5343e-19
 9855.00   1.5020e-18   4.2616e-19
 9860.00   9.1397e-19   4.2288e-19
 9865.00   3.4279e-19   4.3697e-19
 9870.00  -1.1479e-18   6.3833e-19
 9875.00   8.6294e-19   5.1463e-19
 9880.00   4.0078e-19   4.1763e-19
 9885.00   9.8183e-19   4.7571e-19
 9890.00   1.3617e-18   4.3276e-19
 9895.00  -9.0389e-19   6.2476e-19
 9900.00   5.3675e-19   4.2715e-19
 9905.00  -1.1051e-19   4.0968e-19
 9910.00   3.0216e-19   4.5882e-19
 9915.00  -4.4627e-19   7.6294e-19
 9920.00  -3.5555e-19   4.2414e-19
 9925.00   5.6657e-19   3.9855e-19
 9930.00  -1.8624e-19   3.9746e-19
 9935.00   4.9835e-19   4.2247e-19
 9940.00   3.8322e-19   6.2108e-19
 9945.00   1.8589e-18   1.0417e-18
 9950.00  -1.7199e-19   6.4462e-19
 9955.00   9.7163e-19   7.1123e-19
 9960.00   4.9244e-19   8.3603e-19
 9965.00   7.1251e-19   5.0451e-19
 9970.00   1.9974e-18   5.3248e-19
 9975.00  -6.0655e-19   5.2787e-19
 9980.00   3.1690e-19   4.9312e-19
 9985.00   4.0999e-19   4.1210e-19
 9990.00  -1.9160e-18   4.4957e-19
 9995.00  -1.9160e-18   9.9999e+04
10000.00  -1.9160e-18   9.9999e+04
