 
TRANSIENT_NAME:     DES15S2mpg 
SNID:               1336453    
OBS_DATE:           2015-12-03
MJD:                57359. 
PHASE:              +3.    
MJD_MAX:            57355.1
TYPE:               1  
SPEC_EVAL:          SNIa
REDSHIFT:           0.1860  
REDSHIFT_ERR:       0.0005  
REDSHIFT_SOURCE:    Z_GAL
TELESCOPE:          SALT
INSTRUMENT:         RSS
 
======================================
 
# WAVE  FLUX  FLUX_ERR
 3789.68   3.7113e-19   2.1473e-19
 3792.79   3.5230e-19   2.1352e-19
 3795.90  -1.3732e-19   1.2880e-19
 3799.01   7.8400e-20   9.0216e-20
 3802.12   5.7448e-19   2.3291e-19
 3805.23   4.3379e-19   2.3840e-19
 3808.34   4.4835e-19   2.2092e-19
 3811.44   3.4191e-19   1.9163e-19
 3814.55   1.4960e-19   1.5544e-19
 3817.66   7.6376e-19   2.7985e-19
 3820.77   4.5430e-19   2.1929e-19
 3823.88   3.5265e-19   2.3065e-19
 3826.99   6.4494e-19   2.7694e-19
 3830.10   5.8733e-19   2.4909e-19
 3833.21   5.6305e-19   2.2258e-19
 3836.32   6.0017e-19   2.7746e-19
 3839.43   5.3033e-19   2.3910e-19
 3842.53   5.7840e-19   2.5391e-19
 3845.64   7.0621e-19   2.4214e-19
 3848.75   6.2382e-19   2.5559e-19
 3851.86   7.0693e-19   2.8237e-19
 3854.97   6.5302e-19   3.0311e-19
 3858.08   5.9426e-19   2.4366e-19
 3861.19   7.2903e-19   2.5402e-19
 3864.30   5.9508e-19   2.5463e-19
 3867.41   7.4574e-19   2.5794e-19
 3870.52   7.6228e-19   2.4421e-19
 3873.62   7.0899e-19   2.3669e-19
 3876.73   5.9877e-19   2.2553e-19
 3879.84   6.8974e-19   2.3040e-19
 3882.95   7.9339e-19   2.3305e-19
 3886.06   7.7194e-19   2.3901e-19
 3889.17   8.0421e-19   2.4910e-19
 3892.28   8.4043e-19   2.3458e-19
 3895.39   8.0280e-19   2.4085e-19
 3898.50   7.5940e-19   2.4388e-19
 3901.61   7.6492e-19   2.2626e-19
 3904.71   9.2774e-19   2.4142e-19
 3907.82   1.0417e-18   2.3629e-19
 3910.93   7.8110e-19   2.2149e-19
 3914.04   7.6017e-19   2.1503e-19
 3917.15   9.0651e-19   2.1252e-19
 3920.26   8.9844e-19   2.2228e-19
 3923.37   7.0080e-19   2.3379e-19
 3926.48   6.4664e-19   2.2884e-19
 3929.59   7.1846e-19   2.3156e-19
 3932.70   7.6506e-19   2.3684e-19
 3935.80   8.7886e-19   2.3422e-19
 3938.91   7.7098e-19   2.2995e-19
 3942.02   7.5140e-19   2.3466e-19
 3945.13   8.6192e-19   2.3858e-19
 3948.24   1.0415e-18   2.3833e-19
 3951.35   8.4223e-19   2.2840e-19
 3954.46   6.8966e-19   2.1790e-19
 3957.57   8.6886e-19   2.2981e-19
 3960.68   9.0930e-19   2.5025e-19
 3963.79   9.0889e-19   2.3183e-19
 3966.89   1.0137e-18   2.6913e-19
 3970.00   1.0081e-18   2.6099e-19
 3973.11   1.0323e-18   2.2671e-19
 3976.22   9.6143e-19   2.3295e-19
 3979.33   6.8951e-19   2.1381e-19
 3982.44   7.4610e-19   2.3014e-19
 3985.55   9.0072e-19   2.5627e-19
 3988.66   1.0959e-18   2.4322e-19
 3991.77   1.1266e-18   2.3097e-19
 3994.88   9.4669e-19   2.6696e-19
 3997.98   1.0015e-18   2.4579e-19
 4001.09   1.0676e-18   2.5017e-19
 4004.20   1.0062e-18   2.4028e-19
 4007.31   1.0124e-18   2.2143e-19
 4010.42   1.0830e-18   2.2394e-19
 4013.53   1.0001e-18   2.3111e-19
 4016.64   8.5285e-19   2.2231e-19
 4019.75   8.4942e-19   2.3206e-19
 4022.86   6.6209e-19   2.3959e-19
 4025.96   9.2508e-19   2.3291e-19
 4029.07   1.0782e-18   2.3669e-19
 4032.18   1.1210e-18   2.3592e-19
 4035.29   1.0321e-18   2.2997e-19
 4038.40   1.1257e-18   2.2726e-19
 4041.51   1.2043e-18   2.3944e-19
 4044.62   1.1428e-18   2.3490e-19
 4047.73   1.1738e-18   2.3915e-19
 4050.84   1.1740e-18   2.5109e-19
 4053.95   1.1421e-18   2.2530e-19
 4057.05   1.0361e-18   2.1757e-19
 4060.16   1.1809e-18   2.1897e-19
 4063.27   1.3788e-18   2.2612e-19
 4066.38   1.1374e-18   2.1736e-19
 4069.49   1.0958e-18   2.1828e-19
 4072.60   1.0952e-18   2.2022e-19
 4075.71   1.1194e-18   2.2854e-19
 4078.82   1.1586e-18   2.2357e-19
 4081.93   1.2203e-18   2.2461e-19
 4085.04   1.3029e-18   2.2829e-19
 4088.14   1.3255e-18   2.2499e-19
 4091.25   1.2372e-18   2.2491e-19
 4094.36   1.2873e-18   2.3466e-19
 4097.47   1.3202e-18   2.3521e-19
 4100.58   1.2631e-18   2.2069e-19
 4103.69   1.5052e-18   2.4280e-19
 4106.80   1.3612e-18   2.3335e-19
 4109.91   1.4434e-18   2.2474e-19
 4113.02   1.5167e-18   2.2780e-19
 4116.13   1.4111e-18   2.2487e-19
 4119.23   1.3752e-18   2.3331e-19
 4122.34   1.3113e-18   2.4200e-19
 4125.45   1.4215e-18   2.3734e-19
 4128.56   1.3785e-18   2.3420e-19
 4131.67   1.6593e-18   2.4163e-19
 4134.78   1.4177e-18   2.3817e-19
 4137.89   1.3201e-18   2.2601e-19
 4141.00   1.4574e-18   2.1960e-19
 4144.11   1.4599e-18   2.2182e-19
 4147.22   1.5591e-18   2.2875e-19
 4150.32   1.5467e-18   2.3481e-19
 4153.43   1.4276e-18   2.2458e-19
 4156.54   1.6103e-18   2.2039e-19
 4159.65   1.4315e-18   2.1986e-19
 4162.76   1.4404e-18   2.2226e-19
 4165.87   1.3930e-18   2.1388e-19
 4168.98   1.4987e-18   2.0609e-19
 4172.09   1.6048e-18   2.2084e-19
 4175.20   1.8861e-18   2.1925e-19
 4178.31   1.9372e-18   2.1660e-19
 4181.41   1.6784e-18   2.1417e-19
 4184.52   1.8747e-18   2.1456e-19
 4187.63   1.8401e-18   2.1622e-19
 4190.74   1.6121e-18   2.0622e-19
 4193.85   1.8347e-18   2.2299e-19
 4196.96   1.9026e-18   2.1288e-19
 4200.07   1.7479e-18   2.1093e-19
 4203.18   1.6973e-18   2.1587e-19
 4206.29   1.7259e-18   2.0986e-19
 4209.40   1.8897e-18   2.1295e-19
 4212.50   1.8359e-18   2.1454e-19
 4215.61   1.6659e-18   2.1190e-19
 4218.72   1.6919e-18   2.1410e-19
 4221.83   1.7375e-18   2.0766e-19
 4224.94   1.9702e-18   2.1399e-19
 4228.05   1.7945e-18   2.1233e-19
 4231.16   1.9565e-18   2.1360e-19
 4234.27   1.8012e-18   2.1611e-19
 4237.38   1.6590e-18   2.0930e-19
 4240.48   1.8061e-18   2.0879e-19
 4243.59   1.9779e-18   2.0928e-19
 4246.70   1.9430e-18   2.0146e-19
 4249.81   1.7329e-18   2.0438e-19
 4252.92   1.7977e-18   2.0362e-19
 4256.03   1.7059e-18   2.0367e-19
 4259.14   1.7881e-18   1.9868e-19
 4262.25   1.8530e-18   2.0160e-19
 4265.36   1.6765e-18   1.9998e-19
 4268.47   1.7202e-18   1.9922e-19
 4271.58   1.6703e-18   1.9663e-19
 4274.68   1.8169e-18   2.0702e-19
 4277.79   1.5691e-18   1.9818e-19
 4280.90   1.5715e-18   1.9733e-19
 4284.01   1.7472e-18   2.0304e-19
 4287.12   1.7219e-18   2.0639e-19
 4290.23   1.6499e-18   2.0117e-19
 4293.34   1.5912e-18   1.9968e-19
 4296.45   1.4943e-18   1.9486e-19
 4299.56   1.6350e-18   1.9512e-19
 4302.67   1.7567e-18   1.9702e-19
 4305.77   1.7286e-18   1.9620e-19
 4308.88   1.5076e-18   1.9077e-19
 4311.99   1.4646e-18   1.9079e-19
 4315.10   1.3065e-18   1.8810e-19
 4318.21   1.3804e-18   1.9295e-19
 4321.32   1.4758e-18   1.9422e-19
 4324.43   1.3360e-18   1.9553e-19
 4327.54   1.3221e-18   1.9337e-19
 4330.65   1.3351e-18   1.8790e-19
 4333.75   1.4807e-18   1.9057e-19
 4336.86   1.4726e-18   1.9377e-19
 4339.97   1.3119e-18   1.9248e-19
 4343.08   1.3367e-18   1.8702e-19
 4346.19   1.3892e-18   1.9063e-19
 4349.30   1.2744e-18   1.8789e-19
 4352.41   1.1695e-18   1.8053e-19
 4355.52   1.1671e-18   1.8530e-19
 4358.63   1.2537e-18   1.9115e-19
 4361.74   1.4235e-18   1.9056e-19
 4364.84   1.3842e-18   1.8605e-19
 4367.95   1.2166e-18   1.8532e-19
 4371.06   1.2209e-18   1.8796e-19
 4374.17   1.2568e-18   1.8779e-19
 4377.28   1.3060e-18   1.8409e-19
 4380.39   1.5698e-18   1.8712e-19
 4383.50   1.8572e-18   1.9145e-19
 4386.61   1.8822e-18   1.9408e-19
 4389.72   1.9160e-18   1.9171e-19
 4392.83   1.8240e-18   1.9056e-19
 4395.93   1.6029e-18   1.8959e-19
 4399.04   1.4140e-18   1.9363e-19
 4402.15   1.2349e-18   1.8532e-19
 4405.26   1.2501e-18   1.9125e-19
 4408.37   1.3242e-18   1.8774e-19
 4411.48   1.4732e-18   1.8649e-19
 4414.59   1.3644e-18   1.8015e-19
 4417.70   1.4360e-18   1.8095e-19
 4420.81   1.3934e-18   1.7974e-19
 4423.92   1.2221e-18   1.7749e-19
 4427.02   1.2190e-18   1.7437e-19
 4430.13   1.2772e-18   1.7371e-19
 4433.24   1.2162e-18   1.7007e-19
 4436.35   1.1316e-18   1.6713e-19
 4439.46   1.0866e-18   1.7361e-19
 4442.57   1.3728e-18   1.8089e-19
 4445.68   1.4046e-18   1.8096e-19
 4448.79   1.2909e-18   1.7308e-19
 4451.90   1.3595e-18   1.6981e-19
 4455.01   1.4726e-18   1.7503e-19
 4458.11   1.1760e-18   1.6868e-19
 4461.22   1.3768e-18   1.6871e-19
 4464.33   1.2680e-18   1.6765e-19
 4467.44   1.0812e-18   1.7367e-19
 4470.55   1.0078e-18   1.7495e-19
 4473.66   1.0434e-18   1.7612e-19
 4476.77   1.2117e-18   1.6896e-19
 4479.88   1.3813e-18   1.7376e-19
 4482.99   1.2992e-18   1.7436e-19
 4486.10   1.1513e-18   1.7525e-19
 4489.20   1.1157e-18   1.6536e-19
 4492.31   1.2414e-18   1.6961e-19
 4495.42   1.2827e-18   1.7664e-19
 4498.53   1.1995e-18   1.7078e-19
 4501.64   1.3077e-18   1.6911e-19
 4504.75   1.2466e-18   1.6948e-19
 4507.86   1.4352e-18   1.7474e-19
 4510.97   1.3506e-18   1.8204e-19
 4514.08   1.3720e-18   1.8300e-19
 4517.19   1.2901e-18   1.6886e-19
 4520.29   1.2159e-18   1.7430e-19
 4523.40   1.3802e-18   1.7847e-19
 4526.51   1.2605e-18   1.6988e-19
 4529.62   1.2442e-18   1.7117e-19
 4532.73   1.4457e-18   1.7441e-19
 4535.84   1.3419e-18   1.7081e-19
 4538.95   1.4820e-18   1.7661e-19
 4542.06   1.5288e-18   1.7247e-19
 4545.17   1.8281e-18   1.7317e-19
 4548.27   1.7496e-18   1.7573e-19
 4551.38   1.8035e-18   1.7898e-19
 4554.49   1.7863e-18   1.7716e-19
 4557.60   1.9955e-18   1.8007e-19
 4560.71   2.0268e-18   1.8143e-19
 4563.82   1.9221e-18   1.7526e-19
 4566.93   1.9452e-18   1.7762e-19
 4570.04   2.0361e-18   1.7712e-19
 4573.15   1.8217e-18   1.7265e-19
 4576.26   1.8001e-18   1.6992e-19
 4579.36   1.9553e-18   1.7481e-19
 4582.47   1.8949e-18   1.7489e-19
 4585.58   1.8898e-18   1.7777e-19
 4588.69   1.9338e-18   1.7626e-19
 4591.80   2.0888e-18   1.7455e-19
 4594.91   1.9338e-18   1.7721e-19
 4598.02   1.7477e-18   1.6967e-19
 4601.13   1.7692e-18   1.6643e-19
 4604.24   1.8120e-18   1.7088e-19
 4607.35   2.0442e-18   1.7159e-19
 4610.45   1.8832e-18   1.8848e-19
 4613.56   2.1585e-18   1.7808e-19
 4616.67   2.2032e-18   1.8579e-19
 4619.78   2.3286e-18   1.8515e-19
 4622.89   2.5357e-18   1.9647e-19
 4626.00   2.4483e-18   1.9298e-19
 4629.11   2.3031e-18   1.7554e-19
 4632.22   2.1439e-18   1.7696e-19
 4635.33   2.0585e-18   1.7252e-19
 4638.44   2.1008e-18   1.7244e-19
 4641.54   2.0765e-18   1.6844e-19
 4644.65   2.0450e-18   1.7204e-19
 4647.76   1.9744e-18   1.6517e-19
 4650.87   2.1522e-18   1.7121e-19
 4653.98   2.3974e-18   1.7438e-19
 4657.09   2.1774e-18   1.7457e-19
 4660.20   2.0211e-18   1.6966e-19
 4663.31   2.0180e-18   1.6723e-19
 4666.42   2.1017e-18   1.6779e-19
 4669.53   1.8635e-18   1.6332e-19
 4672.63   2.0715e-18   1.6648e-19
 4675.74   1.8751e-18   1.6485e-19
 4678.85   1.9114e-18   1.7167e-19
 4681.96   1.6945e-18   1.6403e-19
 4685.07   1.7563e-18   1.6333e-19
 4688.18   1.9442e-18   1.6252e-19
 4691.29   1.9009e-18   1.6450e-19
 4694.40   1.8672e-18   1.6587e-19
 4697.51   1.7739e-18   1.6121e-19
 4700.62   1.8661e-18   1.6214e-19
 4703.72   1.9717e-18   1.6344e-19
 4706.83   1.9036e-18   1.6649e-19
 4709.94   1.9119e-18   1.6186e-19
 4713.05   1.9804e-18   1.5915e-19
 4716.16   1.9501e-18   1.5976e-19
 4719.27   2.1001e-18   1.6086e-19
 4722.38   2.0550e-18   1.6181e-19
 4725.49   1.9023e-18   1.5543e-19
 4728.60   1.8661e-18   1.5809e-19
 4731.71   2.0799e-18   1.6356e-19
 4734.81   2.2077e-18   1.6369e-19
 4737.92   2.1581e-18   1.6349e-19
 4741.03   2.3173e-18   1.6184e-19
 4744.14   2.2712e-18   1.5941e-19
 4747.25   2.1740e-18   1.5922e-19
 4750.36   2.0573e-18   1.5673e-19
 4753.47   2.1992e-18   1.5785e-19
 4756.58   2.1787e-18   1.6104e-19
 4759.69   2.2398e-18   1.6537e-19
 4762.79   2.0655e-18   1.5968e-19
 4765.90   2.1160e-18   1.5836e-19
 4769.01   2.0539e-18   1.5926e-19
 4772.12   2.2837e-18   1.6414e-19
 4775.23   2.3203e-18   1.6082e-19
 4778.34   2.2154e-18   1.5744e-19
 4781.45   1.8541e-18   1.5491e-19
 4784.56   1.6711e-18   1.5333e-19
 4787.67   1.4312e-18   1.5102e-19
 4790.78   1.4835e-18   1.5175e-19
 4793.89   1.4635e-18   1.5208e-19
 4796.99   1.7847e-18   1.5885e-19
 4800.10   1.8525e-18   1.6075e-19
 4803.21   1.8268e-18   1.5703e-19
 4806.32   1.8480e-18   1.5588e-19
 4809.43   1.8825e-18   1.5975e-19
 4812.54   2.1302e-18   1.6126e-19
 4815.65   2.2108e-18   1.5912e-19
 4818.76   2.0670e-18   1.5811e-19
 4821.87   2.0398e-18   1.5772e-19
 4824.98   1.9507e-18   1.5384e-19
 4828.08   1.8988e-18   1.5466e-19
 4831.19   1.8684e-18   1.4957e-19
 4834.30   1.7558e-18   1.5077e-19
 4837.41   1.8630e-18   1.5054e-19
 4840.52   1.7489e-18   1.4891e-19
 4843.63   1.9074e-18   1.5087e-19
 4846.74   1.9098e-18   1.4946e-19
 4849.85   1.8234e-18   1.5089e-19
 4852.96   1.6240e-18   1.4456e-19
 4856.06   1.8177e-18   1.4812e-19
 4859.17   1.8230e-18   1.5119e-19
 4862.28   1.8550e-18   1.4670e-19
 4865.39   1.7616e-18   1.5097e-19
 4868.50   1.7858e-18   1.5224e-19
 4871.61   1.7783e-18   1.4741e-19
 4874.72   1.7948e-18   1.4918e-19
 4877.83   1.9130e-18   1.5340e-19
 4880.94   1.7100e-18   1.4960e-19
 4884.05   1.8301e-18   1.4913e-19
 4887.15   1.7357e-18   1.5181e-19
 4890.26   1.7003e-18   1.4348e-19
 4893.37   1.8595e-18   1.4695e-19
 4896.48   1.8285e-18   1.4603e-19
 4899.59   1.7614e-18   1.4691e-19
 4902.70   1.7115e-18   1.4241e-19
 4905.81   1.6840e-18   1.4221e-19
 4908.92   1.7438e-18   1.4533e-19
 4912.03   1.8877e-18   1.4551e-19
 4915.14   1.8080e-18   1.4113e-19
 4918.24   1.6526e-18   1.3212e-19
 5083.02   1.2371e-18   1.2394e-19
 5086.13   1.2741e-18   1.2789e-19
 5089.24   1.2725e-18   1.2907e-19
 5092.35   1.2706e-18   1.2722e-19
 5095.46   1.2778e-18   1.2731e-19
 5098.57   1.3079e-18   1.2890e-19
 5101.67   1.2436e-18   1.2632e-19
 5104.78   1.1783e-18   1.2405e-19
 5107.89   1.2142e-18   1.2563e-19
 5111.00   1.2588e-18   1.2742e-19
 5114.11   1.3767e-18   1.2819e-19
 5117.22   1.3550e-18   1.2810e-19
 5120.33   1.2254e-18   1.2502e-19
 5123.44   1.2558e-18   1.2838e-19
 5126.55   1.3694e-18   1.3064e-19
 5129.66   1.3706e-18   1.2811e-19
 5132.76   1.4243e-18   1.2918e-19
 5135.87   1.4672e-18   1.3086e-19
 5138.98   1.3920e-18   1.3503e-19
 5142.09   1.4990e-18   1.4016e-19
 5145.20   1.4448e-18   1.4908e-19
 5148.31   1.3316e-18   1.4210e-19
 5151.42   1.3610e-18   1.3877e-19
 5154.53   1.4258e-18   1.4388e-19
 5157.64   1.5760e-18   1.3822e-19
 5160.75   1.4805e-18   1.2695e-19
 5163.85   1.5464e-18   1.2969e-19
 5166.96   1.5229e-18   1.3024e-19
 5170.07   1.5725e-18   1.2814e-19
 5173.18   1.4986e-18   1.2829e-19
 5176.29   1.5679e-18   1.3300e-19
 5179.40   1.6411e-18   1.3715e-19
 5182.51   1.6468e-18   1.3747e-19
 5185.62   1.5822e-18   1.3676e-19
 5188.73   1.5510e-18   1.3624e-19
 5191.84   1.5932e-18   1.3304e-19
 5194.94   1.6146e-18   1.3449e-19
 5198.05   1.6477e-18   1.3318e-19
 5201.16   1.6328e-18   1.3515e-19
 5204.27   1.6427e-18   1.3477e-19
 5207.38   1.6668e-18   1.3225e-19
 5210.49   1.7917e-18   1.3229e-19
 5213.60   1.8222e-18   1.3400e-19
 5216.71   1.6682e-18   1.3505e-19
 5219.82   1.7858e-18   1.3565e-19
 5222.93   1.8796e-18   1.3402e-19
 5226.03   1.7799e-18   1.3255e-19
 5229.14   1.7602e-18   1.3279e-19
 5232.25   1.8951e-18   1.3747e-19
 5235.36   1.8618e-18   1.3383e-19
 5238.47   1.8508e-18   1.3519e-19
 5241.58   1.8920e-18   1.3518e-19
 5244.69   1.8920e-18   1.3436e-19
 5247.80   1.7036e-18   1.3142e-19
 5250.91   1.7418e-18   1.3120e-19
 5254.02   1.8011e-18   1.2939e-19
 5257.12   1.8254e-18   1.3211e-19
 5260.23   1.6294e-18   1.2775e-19
 5263.34   1.6726e-18   1.2865e-19
 5266.45   1.7505e-18   1.3163e-19
 5269.56   1.6969e-18   1.3143e-19
 5272.67   1.9509e-18   1.3507e-19
 5275.78   1.9148e-18   1.3217e-19
 5278.89   1.8404e-18   1.3004e-19
 5282.00   1.8239e-18   1.3112e-19
 5285.10   1.8063e-18   1.3110e-19
 5288.21   1.7557e-18   1.3011e-19
 5291.32   1.9163e-18   1.3389e-19
 5294.43   1.8073e-18   1.3087e-19
 5297.54   1.9210e-18   1.3193e-19
 5300.65   1.9385e-18   1.3264e-19
 5303.76   1.8396e-18   1.3204e-19
 5306.87   1.7993e-18   1.3194e-19
 5309.98   2.0665e-18   1.3406e-19
 5313.09   1.9547e-18   1.3225e-19
 5316.20   2.0496e-18   1.3442e-19
 5319.30   1.9076e-18   1.3183e-19
 5322.41   1.9002e-18   1.3187e-19
 5325.52   1.9539e-18   1.3082e-19
 5328.63   1.9208e-18   1.3208e-19
 5331.74   1.8615e-18   1.3005e-19
 5334.85   2.0392e-18   1.3388e-19
 5337.96   1.8785e-18   1.3171e-19
 5341.07   1.9276e-18   1.3165e-19
 5344.18   1.9752e-18   1.3154e-19
 5347.29   1.9205e-18   1.3053e-19
 5350.39   1.8166e-18   1.2830e-19
 5353.50   1.8605e-18   1.2958e-19
 5356.61   1.9106e-18   1.2881e-19
 5359.72   1.8797e-18   1.2724e-19
 5362.83   2.0439e-18   1.3061e-19
 5365.94   2.0232e-18   1.3150e-19
 5369.05   1.9469e-18   1.3106e-19
 5372.16   1.8955e-18   1.2797e-19
 5375.27   1.8140e-18   1.2740e-19
 5378.38   1.8907e-18   1.2867e-19
 5381.48   1.9364e-18   1.2934e-19
 5384.59   1.8453e-18   1.2661e-19
 5387.70   1.8396e-18   1.2621e-19
 5390.81   1.9457e-18   1.2885e-19
 5393.92   1.9696e-18   1.2872e-19
 5397.03   1.8474e-18   1.2717e-19
 5400.14   1.8648e-18   1.2654e-19
 5403.25   1.9533e-18   1.2819e-19
 5406.36   1.8999e-18   1.2808e-19
 5409.46   1.8950e-18   1.2983e-19
 5412.57   1.8176e-18   1.2762e-19
 5415.68   1.8656e-18   1.2829e-19
 5418.79   1.9189e-18   1.2749e-19
 5421.90   1.8002e-18   1.2717e-19
 5425.01   1.8252e-18   1.2857e-19
 5428.12   1.8642e-18   1.2835e-19
 5431.23   1.8101e-18   1.2672e-19
 5434.34   1.8022e-18   1.2632e-19
 5437.45   1.8985e-18   1.2738e-19
 5440.55   1.9352e-18   1.2778e-19
 5443.66   1.9969e-18   1.3085e-19
 5446.77   1.9722e-18   1.2835e-19
 5449.88   1.9647e-18   1.2820e-19
 5452.99   1.9748e-18   1.3011e-19
 5456.10   1.7769e-18   1.2612e-19
 5459.21   1.7775e-18   1.2519e-19
 5462.32   1.9346e-18   1.2687e-19
 5465.43   1.8462e-18   1.2608e-19
 5468.54   1.8142e-18   1.2671e-19
 5471.64   1.9010e-18   1.2606e-19
 5474.75   1.9079e-18   1.2746e-19
 5477.86   1.8994e-18   1.2672e-19
 5480.97   1.8006e-18   1.2684e-19
 5484.08   1.7730e-18   1.2674e-19
 5487.19   1.8294e-18   1.2719e-19
 5490.30   1.7862e-18   1.2626e-19
 5493.41   1.7183e-18   1.2598e-19
 5496.52   1.7798e-18   1.2707e-19
 5499.63   1.7213e-18   1.2591e-19
 5502.73   1.8011e-18   1.2629e-19
 5505.84   1.6897e-18   1.2579e-19
 5508.95   1.8343e-18   1.2582e-19
 5512.06   1.9579e-18   1.2611e-19
 5515.17   1.8136e-18   1.2781e-19
 5518.28   1.9250e-18   1.2778e-19
 5521.39   1.5870e-18   1.2904e-19
 5524.50   1.6516e-18   1.2528e-19
 5527.61   1.7773e-18   1.3185e-19
 5530.72   1.6191e-18   1.3025e-19
 5533.82   1.7613e-18   1.3138e-19
 5536.93   1.7856e-18   1.3138e-19
 5540.04   1.7694e-18   1.3524e-19
 5543.15   1.7193e-18   1.3300e-19
 5546.26   1.8696e-18   1.3665e-19
 5549.37   1.8465e-18   1.3828e-19
 5552.48   1.6242e-18   1.3778e-19
 5555.59   1.7314e-18   1.5656e-19
 5558.70   1.5020e-18   2.0187e-19
 5561.81   1.7815e-18   2.4282e-19
 5596.00   1.5252e-18   1.2756e-19
 5599.11   1.5147e-18   1.2858e-19
 5602.22   1.6008e-18   1.2834e-19
 5605.33   1.6299e-18   1.2861e-19
 5608.44   1.5663e-18   1.2582e-19
 5611.55   1.5333e-18   1.2379e-19
 5614.66   1.5405e-18   1.2321e-19
 5617.77   1.4698e-18   1.2476e-19
 5620.88   1.4668e-18   1.2661e-19
 5623.98   1.4812e-18   1.2500e-19
 5627.09   1.4011e-18   1.2204e-19
 5630.20   1.4792e-18   1.2117e-19
 5633.31   1.4844e-18   1.2197e-19
 5636.42   1.4769e-18   1.2356e-19
 5639.53   1.4639e-18   1.2241e-19
 5642.64   1.4721e-18   1.2064e-19
 5645.75   1.4745e-18   1.2026e-19
 5648.86   1.5191e-18   1.2097e-19
 5651.97   1.5712e-18   1.2316e-19
 5655.07   1.5697e-18   1.2254e-19
 5658.18   1.5297e-18   1.2001e-19
 5661.29   1.4423e-18   1.1973e-19
 5664.40   1.4256e-18   1.1929e-19
 5667.51   1.4348e-18   1.2015e-19
 5670.62   1.3243e-18   1.1793e-19
 5673.73   1.3098e-18   1.1631e-19
 5676.84   1.4827e-18   1.1861e-19
 5679.95   1.4496e-18   1.2076e-19
 5683.06   1.3713e-18   1.1851e-19
 5686.16   1.4233e-18   1.1983e-19
 5689.27   1.4946e-18   1.1983e-19
 5692.38   1.4111e-18   1.1717e-19
 5695.49   1.5441e-18   1.2074e-19
 5698.60   1.3986e-18   1.1777e-19
 5701.71   1.4184e-18   1.1944e-19
 5704.82   1.2846e-18   1.1661e-19
 5707.93   1.3881e-18   1.1679e-19
 5711.04   1.3175e-18   1.1671e-19
 5714.15   1.4964e-18   1.2074e-19
 5717.25   1.3420e-18   1.1512e-19
 5720.36   1.4532e-18   1.1714e-19
 5723.47   1.1826e-18   1.1341e-19
 5726.58   1.2838e-18   1.1489e-19
 5729.69   1.2099e-18   1.1562e-19
 5732.80   1.3874e-18   1.1724e-19
 5735.91   1.3239e-18   1.1513e-19
 5739.02   1.2260e-18   1.1373e-19
 5742.13   1.3534e-18   1.1585e-19
 5745.24   1.3325e-18   1.1831e-19
 5748.34   1.2893e-18   1.1348e-19
 5751.45   1.3468e-18   1.1322e-19
 5754.56   1.4022e-18   1.1586e-19
 5757.67   1.4188e-18   1.1437e-19
 5760.78   1.4746e-18   1.1569e-19
 5763.89   1.4325e-18   1.1724e-19
 5767.00   1.4578e-18   1.1825e-19
 5770.11   1.3933e-18   1.1718e-19
 5773.22   1.4174e-18   1.1604e-19
 5776.33   1.3257e-18   1.1332e-19
 5779.43   1.2893e-18   1.1233e-19
 5782.54   1.4866e-18   1.1402e-19
 5785.65   1.4872e-18   1.1543e-19
 5788.76   1.5951e-18   1.1825e-19
 5791.87   1.5621e-18   1.1778e-19
 5794.98   1.4498e-18   1.1573e-19
 5798.09   1.3956e-18   1.1477e-19
 5801.20   1.4511e-18   1.1527e-19
 5804.31   1.5387e-18   1.1685e-19
 5807.42   1.4807e-18   1.1724e-19
 5810.52   1.3800e-18   1.1512e-19
 5813.63   1.3238e-18   1.1402e-19
 5816.74   1.2902e-18   1.1371e-19
 5819.85   1.3176e-18   1.1570e-19
 5822.96   1.3409e-18   1.1605e-19
 5826.07   1.3239e-18   1.1645e-19
 5829.18   1.4680e-18   1.1828e-19
 5832.29   1.3541e-18   1.1321e-19
 5835.40   1.3449e-18   1.1520e-19
 5838.51   1.3952e-18   1.1476e-19
 5841.61   1.4786e-18   1.1763e-19
 5844.72   1.3194e-18   1.1443e-19
 5847.83   1.3215e-18   1.1340e-19
 5850.94   1.2718e-18   1.1760e-19
 5854.05   1.2102e-18   1.1989e-19
 5857.16   1.2667e-18   1.2487e-19
 5860.27   1.1889e-18   1.2587e-19
 5863.38   1.3148e-18   1.2904e-19
 5866.49   1.2849e-18   1.2924e-19
 5869.60   1.4247e-18   1.2785e-19
 5872.70   1.3971e-18   1.2915e-19
 5875.81   1.1673e-18   1.3873e-19
 5878.92   1.4890e-18   1.4758e-19
 5882.03   1.3054e-18   1.4868e-19
 5885.14   1.2781e-18   1.4986e-19
 5888.25   1.4962e-18   1.5159e-19
 5891.36   1.2446e-18   1.4935e-19
 5894.47   1.2993e-18   1.4434e-19
 5897.58   1.0879e-18   1.3243e-19
 5900.69   1.1654e-18   1.2870e-19
 5903.79   1.3527e-18   1.2704e-19
 5906.90   9.7046e-19   1.2361e-19
 5910.01   1.2748e-18   1.2718e-19
 5913.12   1.2876e-18   1.2671e-19
 5916.23   1.1947e-18   1.2830e-19
 5919.34   1.4021e-18   1.3152e-19
 5922.45   1.4906e-18   1.2730e-19
 5925.56   1.5396e-18   1.2656e-19
 5928.67   1.4608e-18   1.2384e-19
 5931.77   1.4343e-18   1.2292e-19
 5934.88   1.4748e-18   1.2330e-19
 5937.99   1.3797e-18   1.2194e-19
 5941.10   1.4159e-18   1.2288e-19
 5944.21   1.3233e-18   1.2455e-19
 5947.32   1.1597e-18   1.2379e-19
 5950.43   1.1378e-18   1.2347e-19
 5953.54   1.2435e-18   1.2178e-19
 5956.65   1.2999e-18   1.2134e-19
 5959.76   1.2650e-18   1.2084e-19
 5962.86   1.2810e-18   1.1991e-19
 5965.97   1.2836e-18   1.1902e-19
 5969.08   1.3463e-18   1.2283e-19
 5972.19   1.2618e-18   1.2053e-19
 5975.30   1.1826e-18   1.1640e-19
 5978.41   1.3984e-18   1.1815e-19
 5981.52   1.4568e-18   1.1848e-19
 5984.63   1.4278e-18   1.1459e-19
 5987.74   1.3034e-18   1.1201e-19
 5990.85   1.3091e-18   1.1404e-19
 5993.95   1.3447e-18   1.1626e-19
 5997.06   1.3740e-18   1.1500e-19
 6000.17   1.4809e-18   1.1408e-19
 6003.28   1.5212e-18   1.1467e-19
 6006.39   1.5247e-18   1.1593e-19
 6009.50   1.3660e-18   1.1001e-19
 6012.61   1.3189e-18   1.0987e-19
 6015.72   1.5239e-18   1.1293e-19
 6018.83   1.4732e-18   1.1295e-19
 6021.94   1.3277e-18   1.1233e-19
 6025.04   1.4592e-18   1.1342e-19
 6028.15   1.5410e-18   1.1291e-19
 6031.26   1.3967e-18   1.1214e-19
 6034.37   1.4712e-18   1.0997e-19
 6037.48   1.6233e-18   1.1613e-19
 6040.59   1.5584e-18   1.1230e-19
 6043.70   1.5726e-18   1.1018e-19
 6046.81   1.4464e-18   1.0923e-19
 6049.92   1.6550e-18   1.1400e-19
 6053.03   1.5899e-18   1.1154e-19
 6056.13   1.5059e-18   1.1134e-19
 6059.24   1.6163e-18   1.1213e-19
 6062.35   1.4518e-18   1.0892e-19
 6065.46   1.4587e-18   1.0877e-19
 6068.57   1.5158e-18   1.1073e-19
 6071.68   1.5003e-18   1.0909e-19
 6074.79   1.5350e-18   1.0871e-19
 6077.90   1.4882e-18   1.0771e-19
 6081.01   1.4100e-18   1.0642e-19
 6084.12   1.3964e-18   1.0482e-19
 6087.22   1.5071e-18   1.0729e-19
 6090.33   1.5010e-18   1.0870e-19
 6093.44   1.4107e-18   1.0754e-19
 6096.55   1.4740e-18   1.0743e-19
 6099.66   1.6019e-18   1.0864e-19
 6102.77   1.5655e-18   1.0888e-19
 6105.88   1.5054e-18   1.0892e-19
 6108.99   1.4448e-18   1.0659e-19
 6112.10   1.4615e-18   1.0652e-19
 6115.21   1.5429e-18   1.0716e-19
 6118.31   1.5215e-18   1.0819e-19
 6121.42   1.5903e-18   1.1004e-19
 6124.53   1.5227e-18   1.0872e-19
 6127.64   1.3818e-18   1.0738e-19
 6130.75   1.3798e-18   1.1036e-19
 6133.86   1.4030e-18   1.1238e-19
 6136.97   1.4960e-18   1.1284e-19
 6140.08   1.4144e-18   1.1279e-19
 6143.19   1.3702e-18   1.1049e-19
 6146.29   1.4807e-18   1.1217e-19
 6149.40   1.5311e-18   1.1001e-19
 6152.51   1.3561e-18   1.0639e-19
 6155.62   1.5287e-18   1.0916e-19
 6158.73   1.4328e-18   1.0998e-19
 6161.84   1.4591e-18   1.1420e-19
 6164.95   1.3726e-18   1.1115e-19
 6168.06   1.4284e-18   1.1109e-19
 6171.17   1.5002e-18   1.1236e-19
 6174.28   1.3859e-18   1.1039e-19
 6177.38   1.5314e-18   1.1147e-19
 6180.49   1.4329e-18   1.0800e-19
 6183.60   1.3990e-18   1.0872e-19
 6186.71   1.4000e-18   1.0776e-19
 6189.82   1.4417e-18   1.0947e-19
 6192.93   1.3273e-18   1.0806e-19
 6196.04   1.3434e-18   1.0838e-19
 6199.15   1.4441e-18   1.1191e-19
 6202.26   1.4502e-18   1.1200e-19
 6205.37   1.3956e-18   1.1181e-19
 6208.47   1.2836e-18   1.1086e-19
 6211.58   1.2312e-18   1.1199e-19
 6214.69   1.0859e-18   1.0976e-19
 6217.80   1.2266e-18   1.1038e-19
 6220.91   1.3137e-18   1.1580e-19
 6224.02   1.3262e-18   1.2498e-19
 6227.13   1.2941e-18   1.3009e-19
 6230.24   1.3313e-18   1.3063e-19
 6233.35   1.3456e-18   1.3085e-19
 6236.46   1.1768e-18   1.2799e-19
 6239.56   1.3476e-18   1.2763e-19
 6242.67   1.1838e-18   1.2513e-19
 6245.78   1.1149e-18   1.2185e-19
 6248.89   1.2154e-18   1.2516e-19
 6252.00   1.1900e-18   1.2551e-19
 6255.11   1.1435e-18   1.2612e-19
 6258.22   1.1361e-18   1.2594e-19
 6261.33   1.1935e-18   1.2684e-19
 6264.44   1.1351e-18   1.2022e-19
 6267.55   1.2720e-18   1.1763e-19
 6270.65   1.2270e-18   1.1692e-19
 6273.76   1.2014e-18   1.1880e-19
 6276.87   1.1595e-18   1.2039e-19
 6279.98   1.3017e-18   1.2368e-19
 6283.09   1.3533e-18   1.2785e-19
 6320.40   1.2848e-18   1.2625e-19
 6323.51   1.2699e-18   1.2135e-19
 6326.62   1.2756e-18   1.2173e-19
 6329.73   1.2234e-18   1.1772e-19
 6332.83   1.2055e-18   1.1393e-19
 6335.94   1.2735e-18   1.1432e-19
 6339.05   1.1975e-18   1.1090e-19
 6342.16   1.1147e-18   1.0832e-19
 6345.27   1.0537e-18   1.1290e-19
 6348.38   1.2738e-18   1.2102e-19
 6382.58   1.2847e-18   1.0862e-19
 6385.69   1.2711e-18   1.0787e-19
 6388.80   1.2314e-18   1.0431e-19
 6391.91   1.2532e-18   1.0352e-19
 6395.01   1.2850e-18   1.0294e-19
 6398.12   1.2089e-18   1.0147e-19
 6401.23   1.2476e-18   9.9354e-20
 6404.34   1.2895e-18   1.0082e-19
 6407.45   1.3184e-18   1.0013e-19
 6410.56   1.1482e-18   1.0064e-19
 6413.67   1.1890e-18   1.0083e-19
 6416.78   1.4124e-18   1.0362e-19
 6419.89   1.2604e-18   1.0218e-19
 6423.00   1.1649e-18   1.0132e-19
 6426.10   1.3176e-18   1.0161e-19
 6429.21   1.2402e-18   9.7363e-20
 6432.32   1.2476e-18   9.9473e-20
 6435.43   1.2646e-18   9.7383e-20
 6438.54   1.0998e-18   9.6902e-20
 6441.65   1.1844e-18   9.8912e-20
 6444.76   1.1181e-18   1.0012e-19
 6447.87   1.2705e-18   1.0180e-19
 6450.98   1.0576e-18   1.0349e-19
 6454.08   1.1162e-18   1.1055e-19
 6457.19   1.1618e-18   1.1503e-19
 6460.30   1.2177e-18   1.1885e-19
 6463.41   1.2077e-18   1.2004e-19
 6466.52   1.2319e-18   1.2007e-19
 6469.63   1.2085e-18   1.1767e-19
 6472.74   1.1576e-18   1.1257e-19
 6475.85   1.0927e-18   1.0674e-19
 6478.96   1.1541e-18   1.0210e-19
 6482.07   1.2220e-18   1.0155e-19
 6485.17   1.1672e-18   1.0410e-19
 6488.28   1.2680e-18   1.1407e-19
 6491.39   1.2305e-18   1.1848e-19
 6494.50   1.1389e-18   1.2168e-19
 6497.61   1.4629e-18   1.2774e-19
 6500.72   1.4982e-18   1.2418e-19
 6503.83   1.3051e-18   1.1940e-19
 6506.94   1.3133e-18   1.1296e-19
 6510.05   1.2563e-18   1.0724e-19
 6513.16   1.3925e-18   1.0821e-19
 6516.26   1.2442e-18   1.0491e-19
 6519.37   1.3223e-18   1.0941e-19
 6522.48   1.3355e-18   1.1555e-19
 6525.59   1.5745e-18   1.1663e-19
 6528.70   1.3989e-18   1.1694e-19
 6531.81   1.5256e-18   1.1668e-19
 6534.92   1.3265e-18   1.1564e-19
 6538.03   1.3206e-18   1.1561e-19
 6541.14   1.4325e-18   1.1842e-19
 6544.25   1.5249e-18   1.2037e-19
 6547.35   1.1850e-18   1.1483e-19
 6550.46   1.2649e-18   1.1918e-19
 6553.57   1.3087e-18   1.1897e-19
 6556.68   1.2164e-18   1.1863e-19
 6559.79   1.4178e-18   1.1994e-19
 6562.90   1.4500e-18   1.1609e-19
 6566.01   1.3330e-18   1.1439e-19
 6569.12   1.4104e-18   1.1583e-19
 6572.23   1.3559e-18   1.1375e-19
 6575.34   1.3452e-18   1.1183e-19
 6578.44   1.4373e-18   1.1180e-19
 6581.55   1.4535e-18   1.0961e-19
 6584.66   1.4418e-18   1.0709e-19
 6587.77   1.5492e-18   1.0461e-19
 6590.88   1.4539e-18   1.0452e-19
 6593.99   1.2924e-18   1.0450e-19
 6597.10   1.3884e-18   1.0542e-19
 6600.21   1.3504e-18   1.0433e-19
 6603.32   1.4549e-18   1.0570e-19
 6606.43   1.4416e-18   1.0488e-19
 6609.53   1.3999e-18   1.0239e-19
 6612.64   1.4050e-18   9.9380e-20
 6615.75   1.4922e-18   9.8810e-20
 6618.86   1.5036e-18   9.9112e-20
 6621.97   1.3653e-18   9.9574e-20
 6625.08   1.3017e-18   9.9382e-20
 6628.19   1.3756e-18   1.0156e-19
 6631.30   1.2707e-18   9.8558e-20
 6634.41   1.2866e-18   9.8314e-20
 6637.52   1.4285e-18   9.9748e-20
 6640.62   1.4716e-18   9.9867e-20
 6643.73   1.3018e-18   9.4895e-20
 6646.84   1.3639e-18   9.3187e-20
 6649.95   1.3064e-18   9.2858e-20
 6653.06   1.3160e-18   9.5609e-20
 6656.17   1.3258e-18   9.4807e-20
 6659.28   1.3183e-18   9.4556e-20
 6662.39   1.2668e-18   9.2863e-20
 6665.50   1.1925e-18   9.2143e-20
 6668.60   1.3243e-18   9.3431e-20
 6671.71   1.3532e-18   9.4634e-20
 6674.82   1.3206e-18   9.4145e-20
 6677.93   1.2831e-18   9.1872e-20
 6681.04   1.2644e-18   9.1973e-20
 6684.15   1.2926e-18   9.2206e-20
 6687.26   1.2541e-18   9.3021e-20
 6690.37   1.3264e-18   9.4906e-20
 6693.48   1.3861e-18   9.5815e-20
 6696.59   1.2934e-18   9.5071e-20
 6699.69   1.2764e-18   9.5077e-20
 6702.80   1.2092e-18   9.3902e-20
 6705.91   1.1713e-18   9.3533e-20
 6709.02   1.2210e-18   9.3247e-20
 6712.13   1.2920e-18   9.3862e-20
 6715.24   1.3440e-18   9.5603e-20
 6718.35   1.3552e-18   9.5949e-20
 6721.46   1.2242e-18   9.2960e-20
 6724.57   1.1597e-18   9.2492e-20
 6727.68   1.1776e-18   9.2532e-20
 6730.78   1.1069e-18   9.2104e-20
 6733.89   1.1233e-18   9.1660e-20
 6737.00   1.1395e-18   9.1416e-20
 6740.11   1.1432e-18   9.3184e-20
 6743.22   1.1266e-18   9.1331e-20
 6746.33   1.1890e-18   9.2103e-20
 6749.44   1.2109e-18   9.1696e-20
 6752.55   1.2817e-18   9.2607e-20
 6755.66   1.1993e-18   9.1203e-20
 6758.77   1.1067e-18   8.9231e-20
 6761.87   1.1370e-18   8.8903e-20
 6764.98   1.2003e-18   8.9647e-20
 6768.09   1.2242e-18   9.0408e-20
 6771.20   1.2059e-18   8.9674e-20
 6774.31   1.2193e-18   9.0580e-20
 6777.42   1.1654e-18   9.0113e-20
 6780.53   1.1182e-18   8.8841e-20
 6783.64   1.1379e-18   8.8680e-20
 6786.75   1.1987e-18   9.1216e-20
 6789.86   1.1834e-18   9.0521e-20
 6792.96   1.1488e-18   8.9458e-20
 6796.07   1.1343e-18   9.0579e-20
 6799.18   1.2565e-18   9.2644e-20
 6802.29   1.2479e-18   9.2463e-20
 6805.40   1.2160e-18   9.1328e-20
 6808.51   1.1999e-18   9.0288e-20
 6811.62   1.2295e-18   9.1882e-20
 6814.73   1.2538e-18   9.8183e-20
 6817.84   1.3064e-18   1.0960e-19
 6820.95   1.2277e-18   1.2190e-19
 6824.05   1.1444e-18   1.2866e-19
 6827.16   1.1339e-18   1.3399e-19
 6830.27   1.3457e-18   1.3993e-19
 6833.38   1.2464e-18   1.3818e-19
 6836.49   1.2193e-18   1.3109e-19
 6839.60   1.2157e-18   1.1825e-19
 6842.71   1.4999e-18   1.1279e-19
 6845.82   1.1634e-18   1.0389e-19
 6848.93   1.2197e-18   9.9531e-20
 6852.04   1.2362e-18   1.1209e-19
 6855.14   1.2911e-18   1.2563e-19
 6858.25   1.1993e-18   1.2695e-19
 6861.36   1.1199e-18   1.2825e-19
 6864.47   1.1697e-18   1.3147e-19
 6867.58   9.5308e-19   1.2664e-19
 6870.69   1.2135e-18   1.2643e-19
 6873.80   1.0884e-18   1.0750e-19
 6876.91   1.0998e-18   1.0154e-19
 6880.02   9.5759e-19   1.0103e-19
 6883.12   1.0095e-18   1.0221e-19
 6886.23   1.0298e-18   1.0063e-19
 6889.34   1.0857e-18   1.0525e-19
 6892.45   1.1279e-18   1.0631e-19
 6895.56   1.1459e-18   1.0483e-19
 6898.67   1.1319e-18   1.0281e-19
 6901.78   1.0884e-18   1.0406e-19
 6904.89   1.1616e-18   1.0693e-19
 6908.00   1.1181e-18   1.0702e-19
 6911.11   1.2334e-18   1.1198e-19
 6914.22   1.3356e-18   1.1705e-19
 6917.32   1.1386e-18   1.1957e-19
 6920.43   1.0860e-18   1.1601e-19
 6923.54   1.2491e-18   1.1513e-19
 6926.65   1.0432e-18   1.1163e-19
 6929.76   1.0492e-18   1.1030e-19
 6932.87   1.1339e-18   1.0501e-19
 6935.98   1.2613e-18   1.0761e-19
 6939.09   1.2027e-18   1.1820e-19
 6942.20   1.4204e-18   1.2313e-19
 6945.31   1.1873e-18   1.2320e-19
 6948.41   1.1787e-18   1.1552e-19
 6951.52   1.2905e-18   1.1556e-19
 6954.63   1.2616e-18   1.1405e-19
 6957.74   1.2195e-18   1.0837e-19
 6960.85   1.2900e-18   1.0399e-19
 6963.96   1.1782e-18   1.0015e-19
 6967.07   1.1822e-18   1.0972e-19
 6970.18   1.3357e-18   1.1420e-19
 6973.29   1.3231e-18   1.1293e-19
 6976.40   1.2647e-18   1.1177e-19
 6979.50   1.3388e-18   1.0912e-19
 6982.61   1.2678e-18   1.0659e-19
 6985.72   1.2573e-18   1.0227e-19
 6988.83   1.1458e-18   9.3509e-20
 6991.94   1.0514e-18   9.1377e-20
 6995.05   1.0175e-18   9.2193e-20
 6998.16   1.0352e-18   9.3608e-20
 7001.27   1.0668e-18   9.7504e-20
 7004.38   1.1368e-18   9.8880e-20
 7007.48   1.2293e-18   9.9570e-20
 7010.59   1.2152e-18   9.7549e-20
 7013.70   1.1254e-18   9.5088e-20
 7016.81   1.1157e-18   9.3224e-20
 7019.92   1.1675e-18   9.0087e-20
 7023.03   1.0704e-18   8.5893e-20
 7026.14   9.1657e-19   8.4818e-20
 7029.25   9.1520e-19   8.6768e-20
 7032.36   8.9586e-19   9.0239e-20
 7035.47   9.9002e-19   9.1403e-20
 7038.57   8.9538e-19   9.2001e-20
 7041.68   1.1535e-18   9.4222e-20
 7044.79   1.1795e-18   9.4950e-20
 7047.90   1.0876e-18   9.4714e-20
 7051.01   1.1613e-18   9.5257e-20
 7054.12   1.1097e-18   9.4484e-20
 7057.23   1.1527e-18   9.2481e-20
 7060.34   1.0553e-18   9.0624e-20
 7063.45   1.0412e-18   8.9718e-20
 7066.56   1.1403e-18   9.1339e-20
 7069.66   1.2820e-18   9.4933e-20
 7072.77   1.1832e-18   9.2798e-20
 7075.88   1.1799e-18   9.4174e-20
 7078.99   1.1496e-18   9.4151e-20
 7082.10   1.0767e-18   9.4752e-20
 7085.21   1.1421e-18   9.3361e-20
 7088.32   1.1109e-18   9.0794e-20
 7091.43   1.1235e-18   9.1957e-20
 7094.54   9.9986e-19   9.0770e-20
 7097.65   1.0307e-18   8.8146e-20
 7100.75   1.1114e-18   8.7551e-20
 7103.86   1.1045e-18   8.5670e-20
 7106.97   1.0789e-18   8.5753e-20
 7110.08   1.1989e-18   8.8053e-20
 7113.19   1.2047e-18   8.8041e-20
 7116.30   1.0961e-18   8.9052e-20
 7119.41   1.0751e-18   9.0241e-20
 7122.52   1.0487e-18   8.9038e-20
 7125.63   1.1156e-18   8.9494e-20
 7128.74   1.0554e-18   9.0266e-20
 7131.84   9.9922e-19   8.8569e-20
 7134.95   1.0446e-18   9.1515e-20
 7138.06   1.0346e-18   9.2129e-20
 7141.17   1.0489e-18   9.1635e-20
 7144.28   1.1057e-18   9.2718e-20
 7147.39   1.0125e-18   9.0977e-20
 7150.50   1.0898e-18   9.1720e-20
 7153.61   1.0038e-18   9.2540e-20
 7156.72   1.0271e-18   9.0575e-20
 7159.83   1.0883e-18   8.9790e-20
 7162.93   1.0485e-18   8.9615e-20
 7166.04   9.5796e-19   8.9211e-20
 7169.15   8.9417e-19   8.7931e-20
 7172.26   8.9787e-19   8.8239e-20
 7175.37   8.5587e-19   8.6845e-20
 7178.48   8.3621e-19   8.7270e-20
 7181.59   9.3354e-19   8.7604e-20
 7184.70   8.4027e-19   8.4454e-20
 7187.81   8.6799e-19   8.3776e-20
 7190.92   8.4232e-19   8.3717e-20
 7194.02   8.0207e-19   8.3681e-20
 7197.13   7.5655e-19   8.1705e-20
 7200.24   7.1234e-19   8.2542e-20
 7203.35   7.6324e-19   8.3743e-20
 7206.46   7.5623e-19   8.4775e-20
 7209.57   7.1588e-19   8.3986e-20
 7212.68   6.7577e-19   8.4109e-20
 7215.79   7.5315e-19   8.6518e-20
 7218.90   7.9491e-19   8.7732e-20
 7222.00   8.1168e-19   8.9400e-20
 7225.11   7.6954e-19   9.2630e-20
 7228.22   8.2597e-19   1.1489e-19
 7231.33   7.6052e-19   1.3784e-19
 7234.44   9.1256e-19   1.6283e-19
 7237.55   9.8431e-19   1.7926e-19
 7240.66   9.8944e-19   1.7037e-19
 7243.77   1.1376e-18   1.8211e-19
 7246.88   7.0303e-19   1.7245e-19
 7249.99   6.1376e-19   1.5972e-19
 7253.09   7.7729e-19   1.3401e-19
 7256.20   6.5127e-19   1.1559e-19
 7259.31   6.9613e-19   1.0985e-19
 7262.42   6.8199e-19   1.0825e-19
 7265.53   7.9535e-19   1.4032e-19
 7268.64   7.9474e-19   1.5431e-19
 7271.75   8.3716e-19   1.5440e-19
 7274.86   8.2714e-19   1.6374e-19
 7277.97   8.1260e-19   1.7410e-19
 7281.08   8.9640e-19   1.6810e-19
 7284.18   7.9914e-19   1.6019e-19
 7287.29   6.5973e-19   1.4953e-19
 7290.40   7.8424e-19   1.3481e-19
 7293.51   7.3665e-19   1.2823e-19
 7296.62   7.1886e-19   1.1760e-19
 7299.73   7.3940e-19   1.1876e-19
 7302.84   8.4669e-19   1.2874e-19
 7305.95   8.5951e-19   1.4141e-19
 7309.06   8.2895e-19   1.5206e-19
 7312.17   8.1415e-19   1.5043e-19
 7315.27   7.5628e-19   1.4295e-19
 7318.38   8.8307e-19   1.5325e-19
 7321.49   7.5085e-19   1.6609e-19
 7324.60   7.6881e-19   1.5949e-19
 7327.71   7.2838e-19   1.2950e-19
 7330.82   8.2943e-19   1.5512e-19
 7333.93   9.9441e-19   1.7004e-19
 7337.04   1.2027e-18   1.6817e-19
 7340.15   1.2765e-18   1.6467e-19
 7343.26   9.9464e-19   1.5975e-19
 7346.36   9.5513e-19   1.5300e-19
 7349.47   1.2186e-18   1.4984e-19
 7352.58   9.8143e-19   1.3187e-19
 7355.69   9.4489e-19   1.2404e-19
 7358.80   9.4942e-19   1.3757e-19
 7361.91   1.1278e-18   1.5372e-19
 7365.02   1.1990e-18   1.5742e-19
 7368.13   8.7413e-19   1.4742e-19
 7371.24   9.9822e-19   1.4477e-19
 7374.35   1.0921e-18   1.4103e-19
 7377.45   1.0424e-18   1.2850e-19
 7380.56   9.7662e-19   1.0957e-19
 7383.67   9.3223e-19   1.1046e-19
 7386.78   9.3308e-19   1.0970e-19
 7389.89   9.5723e-19   1.1740e-19
 7393.00   9.2656e-19   1.2911e-19
 7396.11   1.0464e-18   1.3674e-19
 7399.22   1.0743e-18   1.3741e-19
 7402.33   9.4236e-19   1.2734e-19
 7405.44   8.5465e-19   1.2093e-19
 7408.54   1.0710e-18   1.2232e-19
 7411.65   9.3583e-19   1.0501e-19
 7414.76   8.8079e-19   9.2786e-20
 7417.87   9.8983e-19   9.4156e-20
 7420.98   1.0063e-18   9.9921e-20
 7424.09   8.8382e-19   9.9011e-20
 7427.20   1.0163e-18   1.0375e-19
 7430.31   1.1233e-18   1.1437e-19
 7433.42   1.0080e-18   1.1335e-19
 7436.53   8.7757e-19   1.1353e-19
 7439.63   1.0842e-18   1.1519e-19
 7442.74   1.0260e-18   1.1217e-19
 7445.85   1.1288e-18   1.0849e-19
 7448.96   9.6527e-19   9.7357e-20
 7452.07   1.0298e-18   9.6478e-20
 7455.18   9.8419e-19   9.6874e-20
 7458.29   9.6464e-19   1.0202e-19
 7461.40   1.0465e-18   1.0914e-19
 7464.51   9.0523e-19   1.1686e-19
 7467.62   7.9759e-19   1.1735e-19
 7470.72   1.0085e-18   1.3316e-19
 7473.83   1.0084e-18   1.3412e-19
 7476.94   1.1311e-18   1.3414e-19
 7480.05   1.1004e-18   1.3041e-19
 7483.16   9.6733e-19   1.2146e-19
 7486.27   9.8497e-19   1.1852e-19
 7489.38   9.3896e-19   1.1570e-19
 7492.49   8.9417e-19   1.0442e-19
 7495.60   8.6498e-19   9.6328e-20
 7498.71   9.1142e-19   9.5009e-20
 7501.81   9.6385e-19   9.3606e-20
 7504.92   8.9548e-19   9.2367e-20
 7508.03   9.1182e-19   9.3795e-20
 7511.14   9.7567e-19   9.8062e-20
 7514.25   9.3473e-19   1.1794e-19
 7517.36   9.5103e-19   1.2902e-19
 7520.47   1.2183e-18   1.4154e-19
 7523.58   1.1734e-18   1.4584e-19
 7526.69   1.0497e-18   1.4388e-19
 7529.79   8.1366e-19   1.4127e-19
 7532.90   8.5522e-19   1.3380e-19
 7536.01   8.8769e-19   1.1578e-19
 7539.12   1.0514e-18   1.0833e-19
 7542.23   9.2089e-19   9.8357e-20
 7545.34   9.7189e-19   9.8162e-20
 7548.45   1.0389e-18   1.0442e-19
 7551.56   8.7734e-19   1.0273e-19
 7554.67   8.4218e-19   9.9337e-20
 7557.78   8.1881e-19   9.9223e-20
 7560.88   8.1801e-19   1.0791e-19
 7563.99   1.0346e-18   1.2368e-19
 7567.10   1.1121e-18   1.2965e-19
 7570.21   1.0106e-18   1.2407e-19
 7573.32   9.8905e-19   1.2347e-19
 7576.43   9.5011e-19   1.2838e-19
 7579.54   9.2352e-19   1.2288e-19
 7691.46   9.0379e-19   1.0712e-19
 7694.57   9.2210e-19   1.0829e-19
 7697.68   9.3546e-19   1.1007e-19
 7700.79   9.7706e-19   1.1726e-19
 7703.90   1.0795e-18   1.5010e-19
 7707.01   1.1072e-18   1.7493e-19
 7710.12   9.9296e-19   1.8886e-19
 7713.23   1.0741e-18   2.0544e-19
 7716.33   1.1874e-18   2.1137e-19
 7719.44   1.2311e-18   2.0783e-19
 7722.55   8.2512e-19   1.9553e-19
 7725.66   1.0229e-18   1.7439e-19
 7728.77   9.1416e-19   1.4411e-19
 7731.88   1.0131e-18   1.2763e-19
 7734.99   9.1082e-19   1.2173e-19
 7738.10   9.9144e-19   1.2344e-19
 7741.21   8.8875e-19   1.4182e-19
 7744.31   1.0103e-18   1.6986e-19
 7747.42   9.9871e-19   1.8644e-19
 7750.53   1.0247e-18   1.8365e-19
 7753.64   1.1757e-18   1.9582e-19
 7756.75   1.1080e-18   1.9497e-19
 7759.86   1.0114e-18   1.8091e-19
 7762.97   9.9701e-19   1.5005e-19
 7766.08   9.0521e-19   1.4295e-19
 7769.19   9.8587e-19   1.3458e-19
 7772.30   1.2936e-18   1.3102e-19
 7775.40   1.4606e-18   1.3084e-19
 7778.51   1.5656e-18   1.3330e-19
 7781.62   1.4661e-18   1.3534e-19
 7784.73   1.5371e-18   1.5168e-19
 7787.84   1.5033e-18   1.6696e-19
 7790.95   1.2776e-18   1.6641e-19
 7794.06   9.2497e-19   1.6282e-19
 7797.17   1.1868e-18   1.6652e-19
 7800.28   1.0801e-18   1.7532e-19
 7803.39   1.1212e-18   1.7353e-19
 7806.49   1.0002e-18   1.4949e-19
 7809.60   9.6977e-19   1.4291e-19
 7812.71   1.0128e-18   1.6205e-19
 7815.82   8.3220e-19   1.8481e-19
 7818.93   7.2149e-19   1.8788e-19
 7822.04   9.1318e-19   1.7396e-19
 7825.15   9.0359e-19   1.7675e-19
 7828.26   8.2540e-19   1.7105e-19
 7831.37   1.2179e-18   1.7770e-19
 7834.48   8.2840e-19   1.3846e-19
 7837.58   1.0787e-18   1.4105e-19
 7840.69   8.4022e-19   1.3894e-19
 7843.80   1.0348e-18   1.6630e-19
 7846.91   1.1520e-18   1.9312e-19
 7850.02   1.1621e-18   2.0052e-19
 7853.13   1.3135e-18   2.1137e-19
 7856.24   1.2750e-18   2.1179e-19
 7859.35   1.1774e-18   2.0990e-19
 7862.46   1.1604e-18   2.1807e-19
 7865.57   1.3312e-18   2.0412e-19
 7868.67   1.1593e-18   1.8887e-19
 7871.78   1.0897e-18   1.8662e-19
 7874.89   1.0361e-18   1.8305e-19
 7878.00   9.4843e-19   1.8010e-19
 7881.11   9.0035e-19   1.7129e-19
 7884.22   9.8870e-19   1.7315e-19
 7887.33   1.0788e-18   1.7089e-19
 7890.44   1.0921e-18   1.7311e-19
 7893.55   1.1314e-18   1.5711e-19
 7896.66   1.0508e-18   1.5260e-19
 7899.76   8.9630e-19   1.4334e-19
 7902.87   8.5265e-19   1.4496e-19
 7905.98   1.0958e-18   1.7249e-19
 7909.09   1.1461e-18   2.0793e-19
 7912.20   8.1714e-19   2.1222e-19
 7915.31   1.5423e-18   2.5942e-19
 7918.42   8.9485e-19   2.2463e-19
 7921.53   9.4352e-19   2.2022e-19
 7924.64   9.5708e-19   2.2113e-19
 7927.75   7.4580e-19   1.8401e-19
 7930.85   8.6945e-19   1.7687e-19
 7933.96   9.5374e-19   1.5139e-19
 7937.07   9.6635e-19   1.4042e-19
 7940.18   1.0179e-18   1.4566e-19
 7943.29   1.0001e-18   1.4311e-19
 7946.40   7.8174e-19   1.4258e-19
 7949.51   6.2849e-19   1.2997e-19
 7952.62   9.8964e-19   1.3932e-19
 7955.73   1.1031e-18   1.5524e-19
 7958.84   1.0052e-18   1.7942e-19
 7961.94   1.0974e-18   1.8286e-19
 7965.05   1.3088e-18   1.7922e-19
 7968.16   1.1532e-18   1.8602e-19
 7971.27   1.1965e-18   1.9878e-19
 7974.38   1.2313e-18   1.9502e-19
 7977.49   1.1807e-18   1.7232e-19
 7980.60   1.0511e-18   1.5614e-19
 7983.71   1.1565e-18   1.6140e-19
 7986.82   1.2378e-18   1.9172e-19
 7989.93   1.3520e-18   1.9711e-19
 7993.03   1.2586e-18   1.9147e-19
 7996.14   1.0671e-18   1.7998e-19
 7999.25   1.3564e-18   1.8987e-19
 8002.36   1.3461e-18   1.7791e-19
 8005.47   9.6571e-19   1.6198e-19
 8008.58   6.5262e-19   1.3220e-19
 8011.69   6.7947e-19   1.3486e-19
 8014.80   7.7159e-19   1.4303e-19
 8017.91   8.5579e-19   1.5712e-19
 8021.02   7.5420e-19   1.7036e-19
 8024.12   8.3608e-19   1.7905e-19
 8027.23   8.5384e-19   1.6936e-19
 8030.34   8.1433e-19   1.6217e-19
 8033.45   7.6338e-19   1.6296e-19
 8036.56   6.5137e-19   1.5363e-19
 8039.67   8.0474e-19   1.2639e-19
 8042.78   8.1627e-19   1.1272e-19
 8045.89   7.7466e-19   1.1479e-19
 8049.00   6.9129e-19   1.1739e-19
 8052.10   7.6926e-19   1.2211e-19
 8055.21   7.3005e-19   1.3264e-19
 8058.32   6.2737e-19   1.4330e-19
 8061.43   7.0075e-19   1.4733e-19
 8064.54   6.4473e-19   1.3598e-19
 8067.65   6.2523e-19   1.3284e-19
 8070.76   7.2350e-19   1.3577e-19
 8073.87   7.4161e-19   1.2370e-19
 8076.98   7.4768e-19   1.0616e-19
 8080.09   6.1944e-19   9.9927e-20
 8083.19   7.8265e-19   1.0340e-19
 8086.30   7.4432e-19   1.0718e-19
 8089.41   7.7854e-19   1.0561e-19
 8092.52   7.7085e-19   1.0634e-19
 8095.63   6.5234e-19   1.1346e-19
 8098.74   8.8513e-19   1.2301e-19
 8101.85   9.9354e-19   1.2202e-19
 8104.96   8.0179e-19   1.2763e-19
 8108.07   7.3671e-19   1.1812e-19
 8111.18   6.6870e-19   1.0968e-19
 8114.28   7.9446e-19   1.1038e-19
 8117.39   8.2085e-19   1.0057e-19
 8120.50   7.7235e-19   9.9892e-20
 8123.61   6.0118e-19   8.9882e-20
 8126.72   6.1294e-19   9.1460e-20
 8129.83   6.6927e-19   9.0558e-20
 8132.94   6.9399e-19   9.4136e-20
 8136.05   6.9273e-19   9.7076e-20
 8139.16   5.7421e-19   9.7068e-20
 8142.27   7.9209e-19   1.0349e-19
