 
TRANSIENT_NAME:     DES15C1ebo 
SNID:               1306537    
OBS_DATE:           2015-09-21
MJD:                57286. 
PHASE:              -1.    
MJD_MAX:            57287.6
TYPE:               1  
SPEC_EVAL:          SNIa
REDSHIFT:           0.4800  
REDSHIFT_ERR:       0.0050  
REDSHIFT_SOURCE:    Z_SN
TELESCOPE:          VLT
INSTRUMENT:         X-SHOOTER
 
======================================
 
# WAVE  FLUX  FLUX_ERR
 3200.00  -5.5443e-18   3.0175e-18
 3205.00  -2.0146e-18   2.7652e-18
 3210.00   1.6585e-18   2.8761e-18
 3215.00   1.6801e-18   2.5891e-18
 3220.00   1.5567e-18   2.4340e-18
 3225.00  -1.9732e-18   2.2116e-18
 3230.00   2.7943e-18   2.1226e-18
 3235.00  -3.3260e-18   1.9453e-18
 3240.00  -2.4028e-18   1.8498e-18
 3245.00  -3.1419e-18   1.7984e-18
 3250.00   8.8494e-19   1.8069e-18
 3255.00   5.3220e-19   1.8062e-18
 3260.00  -1.6019e-18   1.8254e-18
 3265.00   1.8457e-18   1.8408e-18
 3270.00  -9.9537e-19   1.8233e-18
 3275.00  -3.6708e-18   1.7038e-18
 3280.00  -7.5764e-18   1.5703e-18
 3285.00  -2.5821e-18   1.5272e-18
 3290.00  -5.2930e-18   1.3329e-18
 3295.00  -3.6973e-18   1.2607e-18
 3300.00  -1.2939e-18   1.1158e-18
 3305.00   4.3004e-19   1.0185e-18
 3310.00  -2.1111e-18   8.6773e-19
 3315.00   1.1307e-18   8.0546e-19
 3320.00  -2.2151e-19   7.0308e-19
 3325.00  -8.3268e-19   6.0266e-19
 3330.00  -4.6528e-19   5.3486e-19
 3335.00  -1.7061e-18   4.5412e-19
 3340.00  -1.7099e-18   4.1544e-19
 3345.00  -1.1634e-19   4.1250e-19
 3350.00  -3.6441e-19   3.7575e-19
 3355.00   6.4764e-20   3.5509e-19
 3360.00  -4.4602e-19   3.1131e-19
 3365.00  -8.8495e-19   2.9391e-19
 3370.00   3.1518e-19   3.6116e-19
 3375.00  -2.2585e-19   3.1572e-19
 3380.00  -1.5518e-19   3.0514e-19
 3385.00  -1.5066e-18   2.5794e-19
 3390.00  -1.2513e-18   2.5398e-19
 3395.00  -3.7231e-19   2.5280e-19
 3400.00  -4.7038e-19   2.5918e-19
 3405.00   4.0640e-19   2.6183e-19
 3410.00  -4.8543e-19   2.5843e-19
 3415.00  -7.2824e-20   2.6351e-19
 3420.00   1.4002e-19   2.7464e-19
 3425.00  -5.5396e-19   2.7853e-19
 3430.00  -2.5575e-19   2.8934e-19
 3435.00   3.1838e-19   3.0240e-19
 3440.00  -5.2408e-19   3.0759e-19
 3445.00  -2.5778e-19   3.2093e-19
 3450.00  -1.0228e-18   3.4168e-19
 3455.00  -1.0392e-18   3.6510e-19
 3460.00  -4.7582e-19   3.9450e-19
 3465.00  -1.5698e-18   4.0456e-19
 3470.00  -1.0973e-18   4.2718e-19
 3475.00  -5.5851e-19   4.9211e-19
 3480.00  -1.2456e-18   5.5836e-19
 3485.00  -8.5419e-19   6.0682e-19
 3490.00  -1.1222e-18   6.1439e-19
 3495.00  -1.7751e-18   1.4560e-18
 3500.00   1.9983e-19   1.3581e-18
 3505.00  -1.9965e-18   1.2367e-18
 3510.00   2.0478e-19   1.2200e-18
 3515.00  -1.2332e-18   1.1162e-18
 3520.00  -2.3593e-18   1.0359e-18
 3525.00  -1.7489e-18   9.9816e-19
 3530.00  -1.6756e-18   9.6725e-19
 3535.00  -1.2989e-18   9.2503e-19
 3540.00  -3.0457e-19   9.8883e-19
 3545.00  -5.3932e-19   1.0371e-18
 3550.00  -7.2294e-19   9.5863e-19
 3555.00  -1.7448e-18   9.4224e-19
 3560.00  -7.1141e-19   8.9445e-19
 3565.00   3.3898e-19   8.4489e-19
 3570.00  -5.8962e-19   8.0989e-19
 3575.00  -5.2917e-19   7.9778e-19
 3580.00   4.0051e-19   7.9138e-19
 3585.00  -7.7021e-19   7.8298e-19
 3590.00  -1.2103e-18   7.9917e-19
 3595.00  -1.3831e-18   8.4499e-19
 3600.00  -1.9696e-19   8.9640e-19
 3605.00  -8.9826e-19   9.3743e-19
 3610.00   5.0798e-20   1.0127e-18
 3615.00  -1.1182e-18   1.0849e-18
 3620.00   3.5356e-19   1.1787e-18
 3625.00  -1.0586e-18   1.2046e-18
 3630.00  -2.8999e-18   1.2357e-18
 3635.00  -1.2157e-18   1.2851e-18
 3640.00  -1.4683e-18   1.3039e-18
 3645.00  -1.8207e-18   1.2878e-18
 3650.00   3.6480e-19   1.3090e-18
 3655.00  -2.6196e-19   1.6208e-18
 3660.00  -1.1101e-18   1.5000e-18
 3665.00  -6.6870e-19   1.3847e-18
 3670.00  -1.3829e-18   1.2528e-18
 3675.00   6.7167e-19   1.1845e-18
 3680.00   5.4159e-19   1.0979e-18
 3685.00   8.5068e-19   1.0501e-18
 3690.00   8.7163e-19   1.0074e-18
 3695.00   4.8337e-19   9.7085e-19
 3700.00   8.3063e-19   1.0126e-18
 3705.00  -1.0174e-18   9.4405e-19
 3710.00   9.9031e-19   9.1547e-19
 3715.00  -6.9345e-19   8.7027e-19
 3720.00  -3.2666e-19   8.2133e-19
 3725.00   3.9104e-19   8.3725e-19
 3730.00   5.8413e-20   8.5699e-19
 3735.00   2.4751e-20   8.5602e-19
 3740.00   1.2418e-18   9.0450e-19
 3745.00  -1.1440e-19   8.3561e-19
 3750.00  -2.2699e-19   7.8411e-19
 3755.00   1.4647e-19   8.0695e-19
 3760.00   7.6510e-19   7.9905e-19
 3765.00   4.2111e-19   7.9993e-19
 3770.00   4.1540e-20   8.1441e-19
 3775.00   1.5760e-19   8.6563e-19
 3780.00  -1.4345e-18   8.7469e-19
 3785.00  -9.4977e-19   9.1556e-19
 3790.00  -2.8606e-19   9.6041e-19
 3795.00   1.9146e-18   1.0194e-18
 3800.00   9.2692e-19   1.0397e-18
 3805.00  -1.9295e-18   1.0416e-18
 3810.00   4.5992e-20   1.0810e-18
 3815.00   5.8495e-19   1.1229e-18
 3820.00   4.1921e-21   1.1081e-18
 3825.00  -2.2398e-19   1.0945e-18
 3830.00   6.8241e-19   1.1712e-18
 3835.00   1.3447e-19   1.1187e-18
 3840.00   2.8551e-19   1.0854e-18
 3845.00   6.3999e-20   1.1808e-18
 3850.00  -5.0055e-19   1.0665e-18
 3855.00   6.2379e-19   9.9725e-19
 3860.00  -6.5030e-19   9.0648e-19
 3865.00  -5.6375e-19   8.5925e-19
 3870.00   5.7906e-19   8.1960e-19
 3875.00   4.8843e-20   7.8626e-19
 3880.00   1.9667e-19   7.4286e-19
 3885.00  -8.5972e-19   6.9968e-19
 3890.00  -3.7523e-19   6.9479e-19
 3895.00  -3.8522e-19   6.9201e-19
 3900.00   2.3587e-20   6.9143e-19
 3905.00  -3.1986e-19   7.1402e-19
 3910.00   7.1158e-20   7.2348e-19
 3915.00  -4.5241e-20   6.9271e-19
 3920.00  -1.0538e-19   6.5568e-19
 3925.00  -3.4421e-20   6.2711e-19
 3930.00   7.8386e-19   6.1824e-19
 3935.00   7.4504e-19   5.9615e-19
 3940.00   4.2517e-19   6.3888e-19
 3945.00   2.9781e-19   6.5604e-19
 3950.00  -6.3011e-19   6.3244e-19
 3955.00   1.4804e-20   6.2430e-19
 3960.00   9.9300e-20   6.1302e-19
 3965.00   7.4733e-19   6.0294e-19
 3970.00   1.6978e-19   5.9816e-19
 3975.00   5.9110e-20   6.5158e-19
 3980.00  -2.7314e-20   6.6649e-19
 3985.00  -6.1599e-19   6.5802e-19
 3990.00   2.5320e-19   6.7548e-19
 3995.00   5.7468e-19   6.6558e-19
 4000.00   6.9287e-19   6.6741e-19
 4005.00  -7.4252e-19   6.3953e-19
 4010.00  -5.9129e-19   6.3865e-19
 4015.00   1.2488e-19   6.1672e-19
 4020.00  -1.3416e-18   5.7370e-19
 4025.00   3.3962e-19   5.6295e-19
 4030.00   7.9618e-19   5.4495e-19
 4035.00  -6.2718e-19   4.9618e-19
 4040.00   8.7962e-20   4.9383e-19
 4045.00   6.8931e-19   5.1328e-19
 4050.00   7.8382e-20   4.7363e-19
 4055.00  -1.1667e-19   4.2893e-19
 4060.00  -1.8076e-19   4.1692e-19
 4065.00  -2.8633e-19   4.0738e-19
 4070.00   3.3778e-19   3.9636e-19
 4075.00   4.9246e-19   3.7613e-19
 4080.00   4.8132e-19   3.6129e-19
 4085.00   4.1672e-20   3.4249e-19
 4090.00   2.1765e-20   3.3030e-19
 4095.00   3.5762e-19   3.2458e-19
 4100.00  -8.4486e-21   3.0873e-19
 4105.00   1.2993e-19   3.0239e-19
 4110.00   5.4414e-19   3.0977e-19
 4115.00   6.2159e-19   3.0991e-19
 4120.00  -1.0036e-19   2.9629e-19
 4125.00  -2.4496e-19   3.0125e-19
 4130.00   2.0888e-19   3.0226e-19
 4135.00   3.4775e-19   3.0756e-19
 4140.00   4.1333e-19   3.0401e-19
 4145.00   1.3185e-19   2.9311e-19
 4150.00   1.1845e-20   2.8548e-19
 4155.00   3.7903e-19   3.0704e-19
 4160.00   2.4273e-19   3.0622e-19
 4165.00   5.9361e-19   3.2255e-19
 4170.00   7.0998e-19   3.3045e-19
 4175.00   4.5832e-19   3.1705e-19
 4180.00   5.4735e-19   3.2230e-19
 4185.00   4.2772e-19   3.1619e-19
 4190.00   1.7864e-19   3.1879e-19
 4195.00   2.4368e-19   3.2350e-19
 4200.00   4.2176e-19   3.2418e-19
 4205.00   2.9189e-19   3.3346e-19
 4210.00   2.1052e-19   3.4534e-19
 4215.00   1.1467e-19   3.5004e-19
 4220.00   7.9682e-19   3.6682e-19
 4225.00   9.6447e-19   3.7089e-19
 4230.00   4.5658e-19   3.8011e-19
 4235.00   9.7521e-19   3.9791e-19
 4240.00   7.3802e-19   4.0180e-19
 4245.00   7.2182e-19   4.2055e-19
 4250.00   8.5338e-19   4.3421e-19
 4255.00   7.2030e-19   4.4204e-19
 4260.00   4.5451e-19   4.4300e-19
 4265.00   3.5026e-19   4.5272e-19
 4270.00   7.7313e-19   4.5583e-19
 4275.00   2.7376e-19   4.5182e-19
 4280.00   1.4969e-18   5.6730e-19
 4285.00   1.1941e-18   5.3540e-19
 4290.00   9.8277e-19   5.0506e-19
 4295.00   1.0517e-18   4.9147e-19
 4300.00   3.5592e-19   4.4987e-19
 4305.00   1.0115e-18   4.4082e-19
 4310.00   1.7627e-18   4.4871e-19
 4315.00   1.4398e-18   4.4444e-19
 4320.00   1.1675e-18   4.3148e-19
 4325.00   1.5943e-18   4.0667e-19
 4330.00   1.0413e-18   4.0070e-19
 4335.00   1.5261e-18   3.9955e-19
 4340.00   1.0846e-18   3.8119e-19
 4345.00   1.1360e-18   3.8115e-19
 4350.00   1.2626e-18   3.8160e-19
 4355.00   1.1864e-18   3.7538e-19
 4360.00   1.7038e-18   3.8693e-19
 4365.00   1.1849e-18   3.6988e-19
 4370.00   1.4082e-18   3.7103e-19
 4375.00   1.4698e-18   3.7554e-19
 4380.00   1.6661e-18   3.7845e-19
 4385.00   1.5833e-18   3.6579e-19
 4390.00   1.3894e-18   3.6733e-19
 4395.00   1.3723e-18   3.7474e-19
 4400.00   9.4060e-19   3.7187e-19
 4405.00   1.3885e-18   3.9475e-19
 4410.00   1.8810e-18   4.1115e-19
 4415.00   1.1300e-18   4.0222e-19
 4420.00   1.1529e-18   4.0782e-19
 4425.00   6.5294e-19   4.0473e-19
 4430.00   1.8544e-18   4.1757e-19
 4435.00   1.3087e-18   4.0894e-19
 4440.00   1.0994e-18   4.2069e-19
 4445.00   1.2233e-18   4.2564e-19
 4450.00   9.2175e-19   4.2363e-19
 4455.00   1.1128e-18   4.2409e-19
 4460.00   1.2567e-18   4.3533e-19
 4465.00   6.2744e-19   4.3941e-19
 4470.00   1.2238e-18   4.4414e-19
 4475.00   8.3245e-19   4.5449e-19
 4480.00   1.1246e-18   4.5430e-19
 4485.00   1.2248e-18   4.6889e-19
 4490.00   9.3836e-19   4.6199e-19
 4495.00   1.8870e-18   4.7691e-19
 4500.00   1.7842e-18   4.7294e-19
 4505.00   7.9812e-19   4.6258e-19
 4510.00   1.5998e-18   6.2267e-19
 4515.00   1.1586e-18   5.8055e-19
 4520.00   1.3400e-18   5.5425e-19
 4525.00   1.2857e-18   5.3147e-19
 4530.00   1.0521e-18   5.0962e-19
 4535.00   1.0937e-18   4.8900e-19
 4540.00   1.1215e-18   4.6779e-19
 4545.00   1.9653e-18   4.6646e-19
 4550.00   1.5601e-18   4.3672e-19
 4555.00   1.5466e-18   4.2083e-19
 4560.00   1.6506e-18   4.0855e-19
 4565.00   1.7593e-18   3.9563e-19
 4570.00   2.4265e-18   3.9214e-19
 4575.00   2.0133e-18   3.8083e-19
 4580.00   2.0732e-18   3.7650e-19
 4585.00   2.2162e-18   3.6600e-19
 4590.00   2.0913e-18   3.5531e-19
 4595.00   1.8678e-18   3.4324e-19
 4600.00   2.2374e-18   3.4050e-19
 4605.00   2.0227e-18   3.3408e-19
 4610.00   1.8270e-18   3.3058e-19
 4615.00   1.8488e-18   3.2256e-19
 4620.00   2.1138e-18   3.2327e-19
 4625.00   1.7593e-18   3.1509e-19
 4630.00   1.5620e-18   3.1021e-19
 4635.00   1.9136e-18   3.1152e-19
 4640.00   1.4036e-18   3.0406e-19
 4645.00   1.3115e-18   2.9787e-19
 4650.00   1.4996e-18   3.0323e-19
 4655.00   1.6977e-18   3.0624e-19
 4660.00   1.5723e-18   3.1713e-19
 4665.00   1.2602e-18   3.0439e-19
 4670.00   1.1954e-18   3.0660e-19
 4675.00   1.3314e-18   3.1220e-19
 4680.00   1.2848e-18   3.0965e-19
 4685.00   1.6990e-18   3.2209e-19
 4690.00   1.4131e-18   3.1597e-19
 4695.00   1.4141e-18   3.2095e-19
 4700.00   1.6988e-18   3.2192e-19
 4705.00   1.0993e-18   3.1796e-19
 4710.00   1.0673e-18   3.2595e-19
 4715.00   8.9573e-19   3.2354e-19
 4720.00   5.8712e-19   3.2797e-19
 4725.00   7.6240e-19   3.3378e-19
 4730.00   1.1980e-18   3.3729e-19
 4735.00   1.0269e-18   3.4016e-19
 4740.00   1.4181e-18   3.5478e-19
 4745.00   1.3280e-18   3.5745e-19
 4750.00   8.8953e-19   3.5639e-19
 4755.00   1.0504e-18   3.6521e-19
 4760.00   9.8902e-19   3.6899e-19
 4765.00   1.6738e-18   3.7950e-19
 4770.00   1.2984e-18   3.7893e-19
 4775.00   1.0076e-18   3.8022e-19
 4780.00   7.0804e-19   3.7980e-19
 4785.00   7.6872e-19   3.7863e-19
 4790.00   1.6725e-19   5.9313e-19
 4795.00   6.7124e-19   5.7046e-19
 4800.00   1.2311e-18   5.4946e-19
 4805.00   8.1550e-19   5.1995e-19
 4810.00   7.2256e-19   4.9348e-19
 4815.00   9.8382e-19   4.8371e-19
 4820.00   1.2733e-18   4.8045e-19
 4825.00   1.5410e-18   4.5833e-19
 4830.00   9.6145e-19   4.3934e-19
 4835.00   1.2219e-18   4.3089e-19
 4840.00   1.1500e-18   4.1774e-19
 4845.00   9.4615e-19   3.9836e-19
 4850.00   9.7813e-19   3.8059e-19
 4855.00   1.3984e-18   3.7584e-19
 4860.00   9.0420e-19   3.6775e-19
 4865.00   1.3643e-18   3.5387e-19
 4870.00   7.8583e-19   3.4029e-19
 4875.00   2.0205e-18   3.5247e-19
 4880.00   1.7609e-18   3.4622e-19
 4885.00   1.5776e-18   3.4009e-19
 4890.00   1.6295e-18   3.3242e-19
 4895.00   1.7543e-18   3.3000e-19
 4900.00   1.7802e-18   3.2343e-19
 4905.00   1.1561e-18   3.1167e-19
 4910.00   1.4716e-18   3.0990e-19
 4915.00   1.3772e-18   3.0803e-19
 4920.00   1.1814e-18   2.9264e-19
 4925.00   1.7657e-18   3.0509e-19
 4930.00   9.5905e-19   2.9178e-19
 4935.00   1.2631e-18   2.9113e-19
 4940.00   1.1745e-18   2.9058e-19
 4945.00   1.3728e-18   2.9004e-19
 4950.00   1.4254e-18   2.9466e-19
 4955.00   1.5843e-18   2.9308e-19
 4960.00   1.4858e-18   2.9370e-19
 4965.00   1.4613e-18   2.9715e-19
 4970.00   1.3681e-18   2.9638e-19
 4975.00   1.7296e-18   2.9985e-19
 4980.00   1.6475e-18   2.9876e-19
 4985.00   1.5952e-18   2.9608e-19
 4990.00   1.8623e-18   3.1001e-19
 4995.00   1.9410e-18   3.1197e-19
 5000.00   1.5679e-18   3.0799e-19
 5005.00   1.8586e-18   3.2151e-19
 5010.00   1.4966e-18   3.1703e-19
 5015.00   1.7037e-18   3.1809e-19
 5020.00   2.3665e-18   3.3096e-19
 5025.00   1.8166e-18   3.2715e-19
 5030.00   1.9627e-18   3.3714e-19
 5035.00   1.7456e-18   3.3579e-19
 5040.00   1.9454e-18   3.4048e-19
 5045.00   2.2255e-18   3.5719e-19
 5050.00   2.3994e-18   3.5578e-19
 5055.00   1.7477e-18   3.5067e-19
 5060.00   1.9032e-18   3.5454e-19
 5065.00   2.2488e-18   3.5928e-19
 5070.00   2.0847e-18   3.6370e-19
 5075.00   2.9113e-18   3.7393e-19
 5080.00   2.3925e-18   3.6693e-19
 5085.00   2.8129e-18   3.7930e-19
 5090.00   2.4057e-18   3.7539e-19
 5095.00   2.3475e-18   3.7743e-19
 5100.00   1.9469e-18   3.7399e-19
 5105.00   2.1427e-18   3.7780e-19
 5110.00   2.8050e-18   3.8692e-19
 5115.00   1.4601e-18   5.8482e-19
 5120.00   1.1637e-18   5.5772e-19
 5125.00   2.7483e-18   5.5434e-19
 5130.00   2.0966e-18   5.3262e-19
 5135.00   2.2036e-18   5.2169e-19
 5140.00   3.0966e-18   5.1631e-19
 5145.00   3.1016e-18   4.9768e-19
 5150.00   2.2843e-18   4.7105e-19
 5155.00   2.3741e-18   4.5797e-19
 5160.00   2.3580e-18   4.4470e-19
 5165.00   3.0023e-18   4.3376e-19
 5170.00   2.4897e-18   4.0939e-19
 5175.00   2.6145e-18   4.1003e-19
 5180.00   3.3622e-18   4.0898e-19
 5185.00   3.2000e-18   3.9281e-19
 5190.00   3.4829e-18   3.9626e-19
 5195.00   3.0624e-18   3.8267e-19
 5200.00   3.0432e-18   4.1770e-19
 5205.00   3.0946e-18   3.7006e-19
 5210.00   3.0454e-18   3.5930e-19
 5215.00   2.8804e-18   3.5100e-19
 5220.00   2.5337e-18   3.4606e-19
 5225.00   3.0618e-18   3.4815e-19
 5230.00   3.4775e-18   3.4730e-19
 5235.00   3.3120e-18   3.3556e-19
 5240.00   3.7426e-18   3.4866e-19
 5245.00   3.4196e-18   3.3160e-19
 5250.00   3.1682e-18   3.2952e-19
 5255.00   3.3781e-18   3.3865e-19
 5260.00   3.7031e-18   3.3095e-19
 5265.00   3.5257e-18   3.2185e-19
 5270.00   3.6077e-18   3.2561e-19
 5275.00   3.7097e-18   3.3650e-19
 5280.00   4.0338e-18   3.3502e-19
 5285.00   4.1086e-18   3.3570e-19
 5290.00   3.7427e-18   3.3324e-19
 5295.00   3.8303e-18   3.3870e-19
 5300.00   3.6494e-18   3.3939e-19
 5305.00   3.6408e-18   3.4169e-19
 5310.00   3.6236e-18   3.4398e-19
 5315.00   4.0252e-18   3.4791e-19
 5320.00   3.6480e-18   3.4801e-19
 5325.00   4.1943e-18   3.5484e-19
 5330.00   3.9711e-18   3.5282e-19
 5335.00   3.9860e-18   3.5573e-19
 5340.00   4.2360e-18   3.5553e-19
 5345.00   3.8563e-18   3.5480e-19
 5350.00   4.3667e-18   3.6247e-19
 5355.00   4.4235e-18   3.6562e-19
 5360.00   4.3032e-18   3.6527e-19
 5365.00   4.2784e-18   3.6490e-19
 5370.00   4.5341e-18   3.7172e-19
 5375.00   3.7140e-18   3.6899e-19
 5380.00   4.0031e-18   3.7302e-19
 5385.00   4.0767e-18   3.7723e-19
 5390.00   3.3644e-18   3.7080e-19
 5395.00   3.9748e-18   3.8477e-19
 5400.00   3.7030e-18   3.8585e-19
 5405.00   3.1693e-18   3.7934e-19
 5410.00   3.1874e-18   3.8939e-19
 5415.00   2.8769e-18   3.9399e-19
 5420.00   3.7845e-18   4.1455e-19
 5425.00   2.8761e-18   4.1033e-19
 5430.00   2.8488e-18   4.0427e-19
 5435.00   2.9853e-18   4.0452e-19
 5440.00   3.1628e-18   4.1740e-19
 5445.00   1.7866e-18   4.0751e-19
 5450.00   1.9197e-18   4.2168e-19
 5455.00   2.9167e-18   4.3674e-19
 5460.00   2.9956e-18   4.5547e-19
 5465.00   2.6633e-18   4.5642e-19
 5470.00   2.0758e-18   4.5811e-19
 5475.00   2.1340e-18   4.6619e-19
 5480.00   2.5209e-18   4.7404e-19
 5485.00   1.9955e-18   4.7055e-19
 5490.00   1.5025e-18   7.3140e-19
 5495.00   8.5308e-19   6.8207e-19
 5500.00   2.3297e-18   6.8513e-19
 5505.00   2.0580e-18   6.4499e-19
 5510.00   2.2054e-18   6.2536e-19
 5515.00   2.0544e-18   6.0390e-19
 5520.00   2.4360e-18   5.9589e-19
 5525.00   2.7232e-18   5.8771e-19
 5530.00   8.7908e-19   5.4692e-19
 5535.00   2.0848e-18   5.6605e-19
 5540.00   2.0777e-18   5.7141e-19
 5545.00   2.0301e-18   5.8215e-19
 5550.00   1.7794e-18   5.5919e-19
 5555.00   1.7470e-18   5.3998e-19
 5560.00   2.4854e-18   5.4319e-19
 5565.00   1.4752e-18   5.4847e-19
 5570.00   1.0941e-18   5.2927e-19
 5575.00   2.1292e-18   6.3504e-19
 5580.00   2.2451e-18   5.7250e-19
 5585.00   1.9521e-18   5.0458e-19
 5590.00   1.9715e-18   4.9637e-19
 5595.00   1.7905e-18   4.7696e-19
 5600.00   1.6101e-18   4.8134e-19
 5605.00   3.0735e-18   5.5430e-19
 5610.00   1.8408e-18   4.9797e-19
 5615.00   2.1318e-18   4.7307e-19
 5620.00   1.1986e-18   4.4039e-19
 5625.00   2.0718e-18   4.3535e-19
 5630.00   1.7289e-18   4.1097e-19
 5635.00   2.2027e-18   4.0653e-19
 5640.00   3.0299e-18   4.0217e-19
 5645.00   2.3406e-18   3.9154e-19
 5650.00   2.5919e-18   3.8573e-19
 5655.00   3.1665e-18   3.8442e-19
 5660.00   2.4144e-18   3.7381e-19
 5665.00   2.7548e-18   3.7662e-19
 5670.00   2.9002e-18   3.7995e-19
 5675.00   3.2634e-18   3.8397e-19
 5680.00   2.9872e-18   3.8268e-19
 5685.00   2.3278e-18   3.8382e-19
 5690.00   3.6417e-18   4.0089e-19
 5695.00   2.6910e-18   4.0542e-19
 5700.00   2.8996e-18   4.1328e-19
 5705.00   2.4875e-18   4.2210e-19
 5710.00   1.8497e-18   4.2357e-19
 5715.00   2.8652e-18   4.4419e-19
 5720.00   2.8532e-18   4.5868e-19
 5725.00   2.4434e-18   4.6796e-19
 5730.00   2.4865e-18   4.7629e-19
 5735.00   2.5292e-18   4.8702e-19
 5740.00   3.1401e-18   4.9748e-19
 5745.00   1.4349e-18   4.9405e-19
 5750.00   2.1389e-18   4.9889e-19
 5755.00   2.6502e-18   5.0338e-19
 5760.00   2.8471e-18   5.0172e-19
 5765.00   2.3164e-18   4.9552e-19
 5770.00   2.3191e-18   4.8330e-19
 5775.00   2.8459e-18   4.7672e-19
 5780.00   3.1481e-18   4.6518e-19
 5785.00   2.7674e-18   4.4013e-19
 5790.00   3.7818e-18   4.1864e-19
 5795.00   3.5907e-18   4.1786e-19
 5800.00   2.3876e-18   3.9644e-19
 5805.00   2.8846e-18   3.8995e-19
 5810.00   3.4793e-18   3.8738e-19
 5815.00   3.3245e-18   3.7701e-19
 5820.00   3.2682e-18   3.7462e-19
 5825.00   2.8159e-18   3.6469e-19
 5830.00   2.9776e-18   3.5874e-19
 5835.00   3.5124e-18   3.6230e-19
 5840.00   3.2736e-18   3.5846e-19
 5845.00   3.2431e-18   3.5813e-19
 5850.00   3.7828e-18   3.6279e-19
 5855.00   3.5812e-18   3.6253e-19
 5860.00   3.4407e-18   3.6329e-19
 5865.00   2.9968e-18   3.8277e-19
 5870.00   3.7258e-18   3.8746e-19
 5875.00   3.2198e-18   3.7879e-19
 5880.00   2.6556e-18   3.7192e-19
 5885.00   2.5360e-18   3.7989e-19
 5890.00   3.0909e-18   4.4941e-19
 5895.00   3.9893e-18   4.3686e-19
 5900.00   3.5122e-18   3.9453e-19
 5905.00   3.1689e-18   4.0695e-19
 5910.00   3.4548e-18   4.0046e-19
 5915.00   2.7626e-18   4.0889e-19
 5920.00   3.1769e-18   3.9839e-19
 5925.00   3.2649e-18   4.0826e-19
 5930.00   3.4655e-18   4.0142e-19
 5935.00   2.5559e-18   4.0837e-19
 5940.00   3.1011e-18   3.9339e-19
 5945.00   4.0224e-18   4.0626e-19
 5950.00   2.4458e-18   3.8527e-19
 5955.00   3.9153e-18   4.0960e-19
 5960.00   3.1073e-18   3.8818e-19
 5965.00   3.4311e-18   3.8847e-19
 5970.00   4.0111e-18   3.9506e-19
 5975.00   3.5726e-18   3.9652e-19
 5980.00   3.8852e-18   3.8541e-19
 5985.00   3.9555e-18   3.8257e-19
 5990.00   3.8401e-18   3.7767e-19
 5995.00   3.5831e-18   3.7406e-19
 6000.00   3.8175e-18   3.9257e-19
 6005.00   3.4034e-18   3.8490e-19
 6010.00   2.7281e-18   3.6205e-19
 6015.00   3.6856e-18   3.6380e-19
 6020.00   3.6438e-18   3.5796e-19
 6025.00   3.5952e-18   3.5029e-19
 6030.00   2.9485e-18   3.4238e-19
 6035.00   3.6906e-18   3.4885e-19
 6040.00   3.4037e-18   3.3763e-19
 6045.00   4.2205e-18   3.3851e-19
 6050.00   3.2554e-18   3.2841e-19
 6055.00   2.8853e-18   3.2100e-19
 6060.00   3.6117e-18   3.2695e-19
 6065.00   3.6124e-18   3.2829e-19
 6070.00   3.2912e-18   3.2086e-19
 6075.00   3.1815e-18   3.1724e-19
 6080.00   3.6142e-18   3.2050e-19
 6085.00   2.7844e-18   3.1104e-19
 6090.00   3.5960e-18   3.1897e-19
 6095.00   3.2270e-18   3.1978e-19
 6100.00   2.9130e-18   3.1701e-19
 6105.00   2.4555e-18   3.1699e-19
 6110.00   3.3944e-18   3.2362e-19
 6115.00   2.9217e-18   3.2431e-19
 6120.00   2.6209e-18   3.2000e-19
 6125.00   2.7470e-18   3.2467e-19
 6130.00   2.6239e-18   3.2536e-19
 6135.00   3.3995e-18   3.3627e-19
 6140.00   2.6749e-18   3.3518e-19
 6145.00   2.6971e-18   3.3887e-19
 6150.00   2.3441e-18   3.3156e-19
 6155.00   3.0219e-18   3.3728e-19
 6160.00   2.7264e-18   3.3491e-19
 6165.00   3.4733e-18   3.4074e-19
 6170.00   3.0669e-18   3.4761e-19
 6175.00   2.9900e-18   3.4184e-19
 6180.00   2.7771e-18   3.3515e-19
 6185.00   3.3628e-18   3.4088e-19
 6190.00   2.6377e-18   3.3413e-19
 6195.00   3.5450e-18   3.4479e-19
 6200.00   2.4915e-18   3.3032e-19
 6205.00   2.4530e-18   3.3318e-19
 6210.00   2.6108e-18   3.2574e-19
 6215.00   2.3342e-18   3.2287e-19
 6220.00   2.2815e-18   3.4412e-19
 6225.00   2.4864e-18   3.2734e-19
 6230.00   2.3881e-18   3.1736e-19
 6235.00   2.4317e-18   3.7139e-19
 6240.00   2.2329e-18   3.2431e-19
 6245.00   2.3358e-18   3.1024e-19
 6250.00   2.5193e-18   3.0009e-19
 6255.00   2.7354e-18   2.9958e-19
 6260.00   2.3145e-18   3.1329e-19
 6265.00   2.3989e-18   3.0023e-19
 6270.00   2.0697e-18   2.8471e-19
 6275.00   2.5199e-18   2.8813e-19
 6280.00   1.9786e-18   2.8122e-19
 6285.00   2.7043e-18   2.9521e-19
 6290.00   1.7442e-18   2.8314e-19
 6295.00   2.2718e-18   2.8143e-19
 6300.00   1.2160e-18   3.2748e-19
 6305.00   2.1998e-18   3.0365e-19
 6310.00   2.0593e-18   2.8132e-19
 6315.00   2.0828e-18   2.8060e-19
 6320.00   1.7928e-18   2.9293e-19
 6325.00   1.7174e-18   2.8413e-19
 6330.00   1.8578e-18   3.1084e-19
 6335.00   1.8614e-18   2.9149e-19
 6340.00   1.4795e-18   2.9152e-19
 6345.00   1.6415e-18   2.9710e-19
 6350.00   1.7539e-18   3.1198e-19
 6355.00   1.5825e-18   3.1708e-19
 6360.00   2.0034e-18   3.0846e-19
 6365.00   1.8463e-18   3.4495e-19
 6370.00   1.8218e-18   3.0824e-19
 6375.00   1.0982e-18   3.0601e-19
 6380.00  -2.9059e-19   2.9721e-19
 6385.00   1.4165e-18   3.1760e-19
 6390.00   1.6556e-18   3.1001e-19
 6395.00   1.9112e-18   3.1158e-19
 6400.00   1.6589e-18   3.0567e-19
 6405.00   2.7225e-18   3.1596e-19
 6410.00   2.0474e-18   3.0762e-19
 6415.00   1.8051e-18   3.0968e-19
 6420.00   2.1223e-18   3.1425e-19
 6425.00   1.8373e-18   3.0485e-19
 6430.00   2.2632e-18   3.0543e-19
 6435.00   1.9935e-18   3.0245e-19
 6440.00   2.3894e-18   3.0324e-19
 6445.00   2.1262e-18   3.0069e-19
 6450.00   2.6575e-18   3.0855e-19
 6455.00   2.6902e-18   3.0413e-19
 6460.00   2.0207e-18   3.1855e-19
 6465.00   2.1809e-18   3.4792e-19
 6470.00   2.6502e-18   3.2946e-19
 6475.00   2.7279e-18   3.0181e-19
 6480.00   2.9071e-18   3.0477e-19
 6485.00   2.7591e-18   2.9024e-19
 6490.00   2.3954e-18   2.7955e-19
 6495.00   2.6725e-18   2.8177e-19
 6500.00   2.8117e-18   3.0644e-19
 6505.00   2.6111e-18   2.8407e-19
 6510.00   2.6630e-18   2.6792e-19
 6515.00   2.8204e-18   2.7150e-19
 6520.00   2.2113e-18   2.6400e-19
 6525.00   2.3371e-18   2.6409e-19
 6530.00   2.6903e-18   2.5973e-19
 6535.00   2.7817e-18   2.8161e-19
 6540.00   2.8876e-18   2.6295e-19
 6545.00   2.7178e-18   2.7366e-19
 6550.00   2.5407e-18   2.6060e-19
 6555.00   2.2262e-18   2.7732e-19
 6560.00   2.2672e-18   2.6122e-19
 6565.00   2.8125e-18   2.7892e-19
 6570.00   2.5225e-18   2.7631e-19
 6575.00   2.8218e-18   2.8325e-19
 6580.00   2.9369e-18   2.7835e-19
 6585.00   2.5340e-18   2.7838e-19
 6590.00   2.6356e-18   2.7483e-19
 6595.00   2.2014e-18   2.8156e-19
 6600.00   2.8056e-18   2.7959e-19
 6605.00   2.9671e-18   2.9952e-19
 6610.00   2.3128e-18   2.7938e-19
 6615.00   2.4870e-18   2.8191e-19
 6620.00   3.1476e-18   2.8852e-19
 6625.00   2.6156e-18   2.8669e-19
 6630.00   3.1562e-18   2.9475e-19
 6635.00   2.7751e-18   2.9658e-19
 6640.00   3.1006e-18   2.9385e-19
 6645.00   2.6197e-18   2.8889e-19
 6650.00   2.6150e-18   2.9109e-19
 6655.00   2.9246e-18   2.9234e-19
 6660.00   2.8138e-18   2.9423e-19
 6665.00   2.2335e-18   2.9090e-19
 6670.00   3.2575e-18   2.9920e-19
 6675.00   2.3551e-18   2.8917e-19
 6680.00   2.6499e-18   2.9100e-19
 6685.00   2.7790e-18   2.9012e-19
 6690.00   2.8260e-18   2.8919e-19
 6695.00   2.6205e-18   2.8614e-19
 6700.00   2.9350e-18   2.9129e-19
 6705.00   2.5843e-18   2.8489e-19
 6710.00   2.9172e-18   2.8573e-19
 6715.00   3.0648e-18   3.1589e-19
 6720.00   2.8649e-18   2.9976e-19
 6725.00   2.4268e-18   2.8889e-19
 6730.00   3.1520e-18   2.9717e-19
 6735.00   2.5845e-18   2.7997e-19
 6740.00   2.9668e-18   2.8368e-19
 6745.00   2.6555e-18   2.7648e-19
 6750.00   2.8403e-18   2.7160e-19
 6755.00   2.8693e-18   2.6808e-19
 6760.00   3.0400e-18   2.6661e-19
 6765.00   3.0865e-18   2.6318e-19
 6770.00   2.8325e-18   2.5742e-19
 6775.00   3.4003e-18   2.6752e-19
 6780.00   2.7291e-18   2.5105e-19
 6785.00   2.8747e-18   2.5302e-19
 6790.00   2.7465e-18   2.4942e-19
 6795.00   3.0284e-18   2.4912e-19
 6800.00   2.6336e-18   2.4328e-19
 6805.00   2.8198e-18   2.4389e-19
 6810.00   2.7832e-18   2.4238e-19
 6815.00   2.8426e-18   2.4257e-19
 6820.00   2.7257e-18   2.4074e-19
 6825.00   2.6354e-18   2.4820e-19
 6830.00   2.4504e-18   2.9555e-19
 6835.00   2.6575e-18   2.8157e-19
 6840.00   2.7699e-18   2.5960e-19
 6845.00   2.7357e-18   2.4357e-19
 6850.00   2.9387e-18   2.5234e-19
 6855.00   2.3090e-18   2.4391e-19
 6860.00   2.1099e-18   2.4820e-19
 6865.00   2.1128e-18   2.8444e-19
 6870.00   1.1759e-18   2.4549e-19
 6875.00   2.0210e-18   2.4260e-19
 6880.00   2.1904e-18   2.6685e-19
 6885.00   2.1282e-18   2.5631e-19
 6890.00   1.6361e-18   2.6642e-19
 6895.00   1.7322e-18   2.5402e-19
 6900.00   1.7386e-18   2.7401e-19
 6905.00   1.7803e-18   2.5809e-19
 6910.00   1.8720e-18   2.6622e-19
 6915.00   2.4393e-18   2.7745e-19
 6920.00   2.3765e-18   2.6799e-19
 6925.00   2.0824e-18   2.9339e-19
 6930.00   1.8510e-18   2.6500e-19
 6935.00   1.8191e-18   2.6381e-19
 6940.00   1.7697e-18   2.8734e-19
 6945.00   1.9694e-18   2.6531e-19
 6950.00   1.6112e-18   2.9494e-19
 6955.00   1.7311e-18   2.6743e-19
 6960.00   1.7392e-18   2.6515e-19
 6965.00   2.1722e-18   2.6895e-19
 6970.00   2.1962e-18   2.8147e-19
 6975.00   2.1501e-18   2.6477e-19
 6980.00   2.1692e-18   2.8800e-19
 6985.00   1.8227e-18   2.6383e-19
 6990.00   2.0668e-18   2.9934e-19
 6995.00   2.1081e-18   2.9230e-19
 7000.00   2.4123e-18   2.9031e-19
 7005.00   2.3588e-18   2.9186e-19
 7010.00   2.5958e-18   2.9946e-19
 7015.00   2.1203e-18   2.6383e-19
 7020.00   2.3875e-18   2.6432e-19
 7025.00   2.3326e-18   2.5759e-19
 7030.00   2.1650e-18   2.5489e-19
 7035.00   2.5426e-18   2.5298e-19
 7040.00   2.6992e-18   2.5908e-19
 7045.00   2.5654e-18   2.5706e-19
 7050.00   2.7298e-18   2.7719e-19
 7055.00   2.3363e-18   2.4661e-19
 7060.00   2.2327e-18   2.3784e-19
 7065.00   2.4104e-18   2.4692e-19
 7070.00   2.5908e-18   2.3941e-19
 7075.00   1.9545e-18   2.3121e-19
 7080.00   1.7721e-18   2.3110e-19
 7085.00   2.2205e-18   2.2771e-19
 7090.00   2.0147e-18   2.3455e-19
 7095.00   2.0194e-18   2.1853e-19
 7100.00   1.8931e-18   2.1589e-19
 7105.00   2.1809e-18   2.1868e-19
 7110.00   1.9502e-18   2.1605e-19
 7115.00   2.0423e-18   2.1517e-19
 7120.00   2.0224e-18   2.1578e-19
 7125.00   2.1920e-18   2.2208e-19
 7130.00   2.1487e-18   2.2528e-19
 7135.00   2.6019e-18   2.3047e-19
 7140.00   1.9073e-18   2.2398e-19
 7145.00   1.9195e-18   2.4267e-19
 7150.00   2.1485e-18   2.3465e-19
 7155.00   2.0647e-18   2.2804e-19
 7160.00   2.1573e-18   2.4129e-19
 7165.00   1.5398e-18   2.3568e-19
 7170.00   2.5170e-18   2.4680e-19
 7175.00   1.5185e-18   2.3765e-19
 7180.00   1.5345e-18   2.4061e-19
 7185.00   1.3288e-18   2.3123e-19
 7190.00   1.6606e-18   2.3700e-19
 7195.00   1.6530e-18   2.3723e-19
 7200.00   1.7654e-18   2.4243e-19
 7205.00   1.6991e-18   2.4170e-19
 7210.00   1.7703e-18   2.4593e-19
 7215.00   1.6968e-18   2.4694e-19
 7220.00   1.8300e-18   2.5182e-19
 7225.00   1.3314e-18   2.5066e-19
 7230.00   1.2965e-18   2.5097e-19
 7235.00   1.2525e-18   2.5410e-19
 7240.00   2.1515e-18   3.8379e-19
 7245.00   1.5991e-18   3.2802e-19
 7250.00   1.3050e-18   2.6035e-19
 7255.00   1.2427e-18   2.8907e-19
 7260.00   1.3531e-18   2.5461e-19
 7265.00   1.7489e-18   2.5975e-19
 7270.00   1.5859e-18   2.6830e-19
 7275.00   1.6232e-18   3.0950e-19
 7280.00   1.4929e-18   2.5922e-19
 7285.00   1.7764e-18   2.9073e-19
 7290.00   1.3059e-18   2.5078e-19
 7295.00   1.6422e-18   3.0599e-19
 7300.00   1.2930e-18   2.6579e-19
 7305.00   1.3601e-18   2.9719e-19
 7310.00   1.5879e-18   2.7061e-19
 7315.00   1.8192e-18   2.9211e-19
 7320.00   2.1744e-18   2.5500e-19
 7325.00   1.8318e-18   2.4582e-19
 7330.00   1.9343e-18   2.8333e-19
 7335.00   1.7237e-18   2.3969e-19
 7340.00   1.5044e-18   2.7174e-19
 7345.00   1.9736e-18   2.4428e-19
 7350.00   1.9458e-18   2.4457e-19
 7355.00   1.8651e-18   2.3482e-19
 7360.00   1.8517e-18   2.5885e-19
 7365.00   1.9171e-18   2.3304e-19
 7370.00   1.6143e-18   2.5593e-19
 7375.00   2.2198e-18   2.3060e-19
 7380.00   1.9196e-18   2.2171e-19
 7385.00   1.8666e-18   2.1765e-19
 7390.00   1.7931e-18   2.3885e-19
 7395.00   1.8635e-18   2.1945e-19
 7400.00   1.7534e-18   2.4371e-19
 7405.00   1.9557e-18   2.1453e-19
 7410.00   1.7919e-18   2.1199e-19
 7415.00   2.1879e-18   2.2007e-19
 7420.00   1.5587e-18   2.0871e-19
 7425.00   1.7001e-18   2.0916e-19
 7430.00   1.7000e-18   2.2918e-19
 7435.00   1.8150e-18   2.1077e-19
 7440.00   2.1338e-18   2.4589e-19
 7445.00   1.6364e-18   2.0929e-19
 7450.00   2.1898e-18   2.1624e-19
 7455.00   2.7167e-18   2.2659e-19
 7460.00   2.2355e-18   2.2890e-19
 7465.00   2.1292e-18   2.4525e-19
 7470.00   2.1405e-18   2.4779e-19
 7475.00   1.7941e-18   2.3915e-19
 7480.00   2.2301e-18   2.6044e-19
 7485.00   1.7542e-18   2.4719e-19
 7490.00   2.0246e-18   2.2785e-19
 7495.00   1.9325e-18   2.3693e-19
 7500.00   2.1842e-18   2.3052e-19
 7505.00   1.9808e-18   2.2769e-19
 7510.00   2.4186e-18   2.3231e-19
 7515.00   2.7179e-18   2.4427e-19
 7520.00   2.3140e-18   2.4498e-19
 7525.00   2.2881e-18   2.8655e-19
 7530.00   1.8803e-18   2.5987e-19
 7535.00   1.9475e-18   2.3692e-19
 7540.00   2.1726e-18   2.4990e-19
 7545.00   2.3616e-18   2.4078e-19
 7550.00   2.3539e-18   2.3973e-19
 7555.00   2.1275e-18   2.4758e-19
 7560.00   2.2066e-18   2.4919e-19
 7565.00   2.3459e-18   2.4255e-19
 7570.00   2.6680e-18   2.7709e-19
 7575.00   2.4943e-18   2.5235e-19
 7580.00   2.1112e-18   2.3530e-19
 7585.00   2.2541e-18   2.5362e-19
 7590.00   2.3672e-18   2.3634e-19
 7595.00   1.3119e-18   2.1675e-19
 7600.00   5.5335e-19   2.2359e-19
 7605.00   3.2795e-19   2.0233e-19
 7610.00   6.5822e-19   2.0864e-19
 7615.00   1.4813e-18   2.1705e-19
 7620.00   1.8984e-18   2.9255e-19
 7625.00   1.0786e-18   2.4562e-19
 7630.00   1.1546e-18   2.6211e-19
 7635.00   1.0843e-18   2.2956e-19
 7640.00   1.6418e-18   2.3676e-19
 7645.00   1.4934e-18   2.3309e-19
 7650.00   1.7934e-18   2.3198e-19
 7655.00   1.9258e-18   2.4255e-19
 7660.00   1.4919e-18   2.3057e-19
 7665.00   1.8053e-18   2.2951e-19
 7670.00   1.6788e-18   2.1825e-19
 7675.00   2.2682e-18   2.2393e-19
 7680.00   2.3537e-18   2.2910e-19
 7685.00   1.8777e-18   2.3520e-19
 7690.00   2.0770e-18   2.4175e-19
 7695.00   2.0311e-18   2.2560e-19
 7700.00   1.9274e-18   2.3567e-19
 7705.00   2.1572e-18   2.1296e-19
 7710.00   2.0294e-18   2.2851e-19
 7715.00   2.4318e-18   3.6501e-19
 7720.00   2.1435e-18   2.3581e-19
 7725.00   1.8335e-18   2.5673e-19
 7730.00   1.7734e-18   2.0891e-19
 7735.00   1.9744e-18   2.2754e-19
 7740.00   2.1659e-18   2.1392e-19
 7745.00   1.8709e-18   2.0728e-19
 7750.00   2.1983e-18   2.7768e-19
 7755.00   1.8503e-18   2.1367e-19
 7760.00   2.1711e-18   2.2956e-19
 7765.00   1.8158e-18   1.9650e-19
 7770.00   2.2272e-18   2.1206e-19
 7775.00   1.7641e-18   2.2844e-19
 7780.00   1.7663e-18   2.2533e-19
 7785.00   1.7157e-18   2.1075e-19
 7790.00   1.7846e-18   2.2309e-19
 7795.00   1.7670e-18   2.3836e-19
 7800.00   1.9068e-18   2.0281e-19
 7805.00   1.6746e-18   2.0287e-19
 7810.00   1.8900e-18   2.4085e-19
 7815.00   1.8267e-18   2.1752e-19
 7820.00   2.0382e-18   2.5753e-19
 7825.00   1.5790e-18   2.0720e-19
 7830.00   1.6977e-18   2.1115e-19
 7835.00   1.8367e-18   2.1310e-19
 7840.00   1.2039e-18   2.2965e-19
 7845.00   1.5405e-18   2.0528e-19
 7850.00   1.4816e-18   2.5459e-19
 7855.00   1.5724e-18   2.5475e-19
 7860.00   1.9275e-18   2.7019e-19
 7865.00   1.3216e-18   2.1490e-19
 7870.00   1.3267e-18   2.6043e-19
 7875.00   1.4768e-18   2.1281e-19
 7880.00   1.8650e-18   2.8717e-19
 7885.00   1.6950e-18   2.3960e-19
 7890.00   1.6172e-18   2.8433e-19
 7895.00   1.3233e-18   2.3369e-19
 7900.00   1.7753e-18   2.2448e-19
 7905.00   1.6990e-18   2.3316e-19
 7910.00   1.8555e-18   2.4557e-19
 7915.00   1.9094e-18   2.7667e-19
 7920.00   1.4942e-18   2.8965e-19
 7925.00   2.0448e-18   2.3069e-19
 7930.00   1.2553e-18   2.8333e-19
 7935.00   1.5954e-18   2.2580e-19
 7940.00   1.2398e-18   2.2082e-19
 7945.00   1.6308e-18   2.3460e-19
 7950.00   1.9537e-18   2.4941e-19
 7955.00   1.7698e-18   2.1875e-19
 7960.00   1.4769e-18   2.1414e-19
 7965.00   1.4920e-18   2.5251e-19
 7970.00   1.5272e-18   2.3560e-19
 7975.00   1.5646e-18   2.3337e-19
 7980.00   1.3498e-18   2.5640e-19
 7985.00   1.5657e-18   2.6450e-19
 7990.00   1.5753e-18   2.7188e-19
 7995.00   1.8132e-18   3.2232e-19
 8000.00   1.5808e-18   2.6678e-19
 8005.00   1.4106e-18   2.4427e-19
 8010.00   1.8644e-18   2.4572e-19
 8015.00   2.1347e-18   2.8198e-19
 8020.00   2.0181e-18   2.5602e-19
 8025.00   1.7010e-18   2.8185e-19
 8030.00   1.9101e-18   2.6870e-19
 8035.00   1.4500e-18   2.2457e-19
 8040.00   1.3905e-18   2.2048e-19
 8045.00   1.5445e-18   2.1386e-19
 8050.00   1.4652e-18   2.4479e-19
 8055.00   1.7028e-18   2.1273e-19
 8060.00   1.6857e-18   2.3442e-19
 8065.00   1.3462e-18   2.1546e-19
 8070.00   1.5330e-18   2.0125e-19
 8075.00   1.3881e-18   2.0902e-19
 8080.00   1.7342e-18   2.0419e-19
 8085.00   1.6170e-18   2.1404e-19
 8090.00   1.3898e-18   1.9306e-19
 8095.00   1.6642e-18   2.1736e-19
 8100.00   1.3606e-18   2.1171e-19
 8105.00   1.6425e-18   2.1671e-19
 8110.00   1.7674e-18   2.0109e-19
 8115.00   1.5841e-18   1.9172e-19
 8120.00   1.8233e-18   1.9508e-19
 8125.00   1.4385e-18   1.9410e-19
 8130.00   1.6796e-18   1.9884e-19
 8135.00   1.2770e-18   1.9333e-19
 8140.00   1.6796e-18   2.1138e-19
 8145.00   1.3568e-18   2.0477e-19
 8150.00   1.5267e-18   1.9183e-19
 8155.00   1.6721e-18   1.8929e-19
 8160.00   1.4311e-18   1.8866e-19
 8165.00   1.5910e-18   1.8856e-19
 8170.00   1.4733e-18   1.8596e-19
 8175.00   1.9587e-18   1.9388e-19
 8180.00   1.8442e-18   1.9151e-19
 8185.00   1.5626e-18   1.9153e-19
 8190.00   1.5378e-18   2.0145e-19
 8195.00   1.7036e-18   2.0630e-19
 8200.00   1.6613e-18   1.9176e-19
 8205.00   1.8533e-18   2.0237e-19
 8210.00   1.9144e-18   2.0260e-19
 8215.00   2.2463e-18   2.0621e-19
 8220.00   1.6748e-18   1.9721e-19
 8225.00   1.6313e-18   2.0073e-19
 8230.00   1.3665e-18   1.8901e-19
 8235.00   1.8179e-18   2.0048e-19
 8240.00   1.6861e-18   2.0936e-19
 8245.00   1.7700e-18   2.0802e-19
 8250.00   1.7536e-18   2.1141e-19
 8255.00   1.9931e-18   2.1151e-19
 8260.00   1.8893e-18   2.0759e-19
 8265.00   1.7944e-18   2.0654e-19
 8270.00   1.6907e-18   2.0650e-19
 8275.00   1.7733e-18   2.0897e-19
 8280.00   2.1699e-18   3.5586e-19
 8285.00   1.7310e-18   2.5791e-19
 8290.00   1.5107e-18   2.6384e-19
 8295.00   1.9514e-18   2.3893e-19
 8300.00   1.6913e-18   2.6213e-19
 8305.00   1.4670e-18   2.2042e-19
 8310.00   1.9149e-18   2.4613e-19
 8315.00   1.5712e-18   2.1154e-19
 8320.00   1.8020e-18   2.2410e-19
 8325.00   1.6026e-18   2.1261e-19
 8330.00   1.7861e-18   2.1451e-19
 8335.00   1.4078e-18   2.1366e-19
 8340.00   2.5498e-18   2.3626e-19
 8345.00   1.7894e-18   3.0623e-19
 8350.00   1.5730e-18   2.4367e-19
 8355.00   1.5855e-18   2.4490e-19
 8360.00   1.7736e-18   2.3573e-19
 8365.00   1.8378e-18   2.7334e-19
 8370.00   1.8899e-18   2.1634e-19
 8375.00   1.7299e-18   2.8197e-19
 8380.00   2.7287e-18   3.4875e-19
 8385.00   1.8246e-18   2.8674e-19
 8390.00   1.6191e-18   2.7326e-19
 8395.00   1.7285e-18   2.5728e-19
 8400.00   2.0514e-18   3.1756e-19
 8405.00   2.1631e-18   2.5319e-19
 8410.00   1.9272e-18   2.4531e-19
 8415.00   1.6429e-18   2.7927e-19
 8420.00   1.8490e-18   2.3970e-19
 8425.00   1.7655e-18   2.5952e-19
 8430.00   1.7507e-18   3.0365e-19
 8435.00   1.9550e-18   2.4318e-19
 8440.00   1.5079e-18   2.1952e-19
 8445.00   1.9351e-18   2.3043e-19
 8450.00   1.6943e-18   2.4531e-19
 8455.00   1.7117e-18   2.3294e-19
 8460.00   1.9501e-18   2.2281e-19
 8465.00   2.3076e-18   2.6994e-19
 8470.00   1.7744e-18   2.0950e-19
 8475.00   2.0801e-18   2.2540e-19
 8480.00   1.8383e-18   2.0625e-19
 8485.00   1.8883e-18   2.0610e-19
 8490.00   1.6158e-18   2.0008e-19
 8495.00   2.0175e-18   2.5171e-19
 8500.00   1.9909e-18   2.1330e-19
 8505.00   2.0495e-18   2.5817e-19
 8510.00   1.5527e-18   1.9288e-19
 8515.00   1.5654e-18   1.9320e-19
 8520.00   1.6598e-18   2.0013e-19
 8525.00   1.5358e-18   1.9071e-19
 8530.00   1.6192e-18   1.8988e-19
 8535.00   1.8811e-18   1.9096e-19
 8540.00   1.7016e-18   2.1675e-19
 8545.00   1.6184e-18   1.9043e-19
 8550.00   1.9054e-18   2.4137e-19
 8555.00   1.6938e-18   1.9221e-19
 8560.00   1.1312e-18   1.8040e-19
 8565.00   1.5044e-18   1.8570e-19
 8570.00   1.7203e-18   1.9321e-19
 8575.00   1.8389e-18   2.0401e-19
 8580.00   1.4980e-18   1.8909e-19
 8585.00   1.8087e-18   1.9148e-19
 8590.00   1.8813e-18   2.1672e-19
 8595.00   1.9769e-18   2.1508e-19
 8600.00   1.6984e-18   2.0003e-19
 8605.00   1.5892e-18   1.9631e-19
 8610.00   1.6915e-18   2.1942e-19
 8615.00   2.1825e-18   2.8112e-19
 8620.00   2.1268e-18   3.3682e-19
 8625.00   2.2392e-18   3.4574e-19
 8630.00   2.4083e-18   3.5606e-19
 8635.00   1.7807e-18   3.2209e-19
 8640.00   1.6732e-18   2.7718e-19
 8645.00   2.0246e-18   2.2981e-19
 8650.00   1.9412e-18   2.9051e-19
 8655.00   1.6798e-18   2.8720e-19
 8660.00   1.9317e-18   2.8529e-19
 8665.00   1.9600e-18   2.7936e-19
 8670.00   1.6174e-18   2.7428e-19
 8675.00   1.9094e-18   2.6592e-19
 8680.00   1.2955e-18   2.4651e-19
 8685.00   2.0045e-18   2.3639e-19
 8690.00   1.5328e-18   2.1602e-19
 8695.00   1.6987e-18   2.1958e-19
 8700.00   1.8881e-18   2.4107e-19
 8705.00   2.0322e-18   2.2818e-19
 8710.00   1.8459e-18   2.1941e-19
 8715.00   1.6969e-18   2.0571e-19
 8720.00   1.8191e-18   2.0816e-19
 8725.00   1.5291e-18   2.1096e-19
 8730.00   1.5633e-18   2.0414e-19
 8735.00   1.9472e-18   2.1080e-19
 8740.00   1.6289e-18   2.1715e-19
 8745.00   1.3893e-18   2.1060e-19
 8750.00   1.7545e-18   2.1469e-19
 8755.00   1.6279e-18   2.0841e-19
 8760.00   1.8361e-18   3.9761e-19
 8765.00   1.9976e-18   2.9026e-19
 8770.00   1.6969e-18   2.7102e-19
 8775.00   1.8553e-18   2.6178e-19
 8780.00   1.7395e-18   2.5728e-19
 8785.00   1.8001e-18   2.1438e-19
 8790.00   2.0901e-18   2.6782e-19
 8795.00   1.6691e-18   2.1189e-19
 8800.00   1.4853e-18   2.1334e-19
 8805.00   1.4654e-18   2.0729e-19
 8810.00   1.6276e-18   2.3856e-19
 8815.00   1.4314e-18   2.0824e-19
 8820.00   1.7051e-18   2.7765e-19
 8825.00   1.8187e-18   3.9726e-19
 8830.00   1.3550e-18   3.4582e-19
 8835.00   2.2540e-18   4.6278e-19
 8840.00   1.7195e-18   2.6632e-19
 8845.00   1.8014e-18   2.7782e-19
 8850.00   2.1344e-18   3.1440e-19
 8855.00   1.1304e-18   2.4568e-19
 8860.00   1.9934e-18   2.6450e-19
 8865.00   1.5369e-18   2.8912e-19
 8870.00   1.4744e-18   2.6099e-19
 8875.00   1.6950e-18   2.3135e-19
 8880.00   1.4547e-18   2.2508e-19
 8885.00   1.4563e-18   2.9885e-19
 8890.00   2.1210e-18   2.4914e-19
 8895.00   1.5619e-18   2.3905e-19
 8900.00   1.4727e-18   2.2634e-19
 8905.00   1.9408e-18   2.7474e-19
 8910.00   1.4009e-18   2.3992e-19
 8915.00   1.6430e-18   2.1860e-19
 8920.00   1.5158e-18   3.0786e-19
 8925.00   1.6695e-18   2.3330e-19
 8930.00   1.3353e-18   2.3109e-19
 8935.00   1.5511e-18   2.2966e-19
 8940.00   1.7311e-18   2.2093e-19
 8945.00   1.2359e-18   2.4893e-19
 8950.00   1.5323e-18   2.0282e-19
 8955.00   1.5033e-18   2.1440e-19
 8960.00   1.3131e-18   2.4761e-19
 8965.00   1.1797e-18   1.9867e-19
 8970.00   1.4610e-18   2.2430e-19
 8975.00   1.1989e-18   2.0306e-19
 8980.00   1.1658e-18   2.3050e-19
 8985.00   1.5122e-18   2.2092e-19
 8990.00   8.3755e-19   2.3715e-19
 8995.00   1.3652e-18   2.0395e-19
 9000.00   1.7011e-18   2.5976e-19
 9005.00   1.1787e-18   1.9116e-19
 9010.00   1.1469e-18   1.8672e-19
 9015.00   1.1891e-18   1.8427e-19
 9020.00   1.1312e-18   2.0263e-19
 9025.00   1.0163e-18   1.8351e-19
 9030.00   1.3186e-18   2.1339e-19
 9035.00   1.1758e-18   1.9615e-19
 9040.00   1.2845e-18   2.2367e-19
 9045.00   1.3604e-18   2.0747e-19
 9050.00   1.3245e-18   2.5933e-19
 9055.00   1.1930e-18   2.0362e-19
 9060.00   9.2254e-19   1.9114e-19
 9065.00   1.5140e-18   2.1810e-19
 9070.00   1.1478e-18   2.1552e-19
 9075.00   9.2610e-19   1.9109e-19
 9080.00   1.1420e-18   1.9185e-19
 9085.00   7.8759e-19   2.0030e-19
 9090.00   9.7027e-19   2.0806e-19
 9095.00   7.5423e-19   2.2027e-19
 9100.00   1.0269e-18   2.1682e-19
 9105.00   8.5473e-19   2.2174e-19
 9110.00   1.4789e-18   2.0767e-19
 9115.00   8.6805e-19   2.0114e-19
 9120.00   8.9705e-19   1.9914e-19
 9125.00   1.0893e-18   2.0829e-19
 9130.00   8.3194e-19   2.0315e-19
 9135.00   8.7474e-19   2.1580e-19
 9140.00   1.0483e-18   2.2082e-19
 9145.00   1.2064e-18   2.2634e-19
 9150.00   1.0721e-18   2.5131e-19
 9155.00   1.0321e-18   2.5376e-19
 9160.00   1.4094e-18   2.9795e-19
 9165.00   1.1447e-18   2.3329e-19
 9170.00   1.3137e-18   2.3860e-19
 9175.00   6.3821e-19   2.2740e-19
 9180.00   1.2772e-18   2.4385e-19
 9185.00   1.0927e-18   2.3937e-19
 9190.00   1.5695e-18   2.4559e-19
 9195.00   8.8976e-19   2.3907e-19
 9200.00   1.2513e-18   2.4089e-19
 9205.00   1.2751e-18   2.3277e-19
 9210.00   1.2473e-18   2.3561e-19
 9215.00   1.1773e-18   2.6488e-19
 9220.00   1.2366e-18   2.3936e-19
 9225.00   1.4889e-18   2.9090e-19
 9230.00   1.1251e-18   2.3884e-19
 9235.00   1.2690e-18   2.4055e-19
 9240.00   8.8921e-19   2.3590e-19
 9245.00   9.2870e-19   2.4166e-19
 9250.00   7.5067e-19   2.6837e-19
 9255.00   1.1908e-18   2.5158e-19
 9260.00   8.4922e-19   2.4313e-19
 9265.00   1.0299e-18   2.5090e-19
 9270.00   8.9215e-19   2.3904e-19
 9275.00   1.5161e-18   2.4373e-19
 9280.00   1.0570e-18   2.3672e-19
 9285.00   1.1679e-18   2.6834e-19
 9290.00   1.1471e-18   2.5433e-19
 9295.00   1.1606e-18   2.8242e-19
 9300.00   8.0586e-19   3.2379e-19
 9305.00   1.5759e-18   4.7625e-19
 9310.00   1.2453e-18   6.9341e-19
 9315.00   1.1560e-18   4.7355e-19
 9320.00   1.0333e-18   3.9959e-19
 9325.00   5.7775e-19   4.2443e-19
 9330.00   7.8875e-19   3.5376e-19
 9335.00   8.9257e-19   3.1567e-19
 9340.00   1.1148e-18   3.4496e-19
 9345.00   5.6016e-19   2.7154e-19
 9350.00   1.5143e-18   4.0340e-19
 9355.00   2.3293e-19   2.7224e-19
 9360.00   7.8000e-19   3.0032e-19
 9365.00   1.0521e-18   2.9250e-19
 9370.00   5.9616e-19   3.0113e-19
 9375.00   5.1285e-18   7.4096e-19
 9380.00   5.6530e-19   2.9586e-19
 9385.00   1.4873e-18   3.6045e-19
 9390.00   1.2237e-18   2.7873e-19
 9395.00   1.0496e-18   3.0514e-19
 9400.00   9.3917e-19   3.3735e-19
 9405.00   1.0916e-18   3.0458e-19
 9410.00   9.6490e-19   2.5557e-19
 9415.00   1.2410e-18   2.8224e-19
 9420.00   5.7400e-19   4.1190e-19
 9425.00   7.2849e-19   2.7856e-19
 9430.00   8.7066e-19   2.4748e-19
 9435.00   1.0768e-18   2.8722e-19
 9440.00   1.4720e-19   5.0306e-19
 9445.00   6.9126e-19   2.7661e-19
 9450.00   1.0012e-18   3.1652e-19
 9455.00   1.2025e-18   2.8288e-19
 9460.00   8.9655e-19   3.5847e-19
 9465.00   1.0044e-18   2.5069e-19
 9470.00   4.2419e-19   2.3964e-19
 9475.00   1.2424e-18   3.6241e-19
 9480.00   7.8470e-19   2.8789e-19
 9485.00   7.0502e-19   2.5764e-19
 9490.00   1.0432e-18   2.7448e-19
 9495.00   5.2425e-19   2.2930e-19
 9500.00   4.2762e-19   2.6584e-19
 9505.00   1.0065e-18   3.0847e-19
 9510.00   1.0489e-18   2.4680e-19
 9515.00   9.5843e-19   2.4369e-19
 9520.00   1.4349e-18   3.6820e-19
 9525.00   8.1034e-19   2.4600e-19
 9530.00   2.3338e-18   3.0787e-19
 9535.00   1.0494e-18   3.0019e-19
 9540.00   1.4552e-18   2.4901e-19
 9545.00   8.2395e-19   2.2696e-19
 9550.00   7.9028e-19   2.7749e-19
 9555.00   7.1057e-19   2.7658e-19
 9560.00   1.6594e-18   2.9189e-19
 9565.00   8.6810e-19   3.1165e-19
 9570.00   7.4954e-19   3.4269e-19
 9575.00   1.0762e-18   2.7370e-19
 9580.00   5.7545e-19   2.4106e-19
 9585.00   9.9043e-19   2.5797e-19
 9590.00   7.0662e-19   2.6001e-19
 9595.00   1.0881e-18   2.6297e-19
 9600.00   6.9621e-19   2.5835e-19
 9605.00   1.1819e-18   3.0108e-19
 9610.00   6.9463e-19   3.1628e-19
 9615.00   1.6273e-18   3.0090e-19
 9620.00   1.4177e-18   4.0027e-19
 9625.00   8.9468e-19   3.1903e-19
 9630.00   1.5258e-18   3.4103e-19
 9635.00   9.8624e-19   2.8663e-19
 9640.00   8.4177e-19   2.8825e-19
 9645.00   1.1365e-18   2.8108e-19
 9650.00   1.1423e-18   3.0299e-19
 9655.00   1.5439e-18   3.4879e-19
 9660.00   1.1938e-18   3.5793e-19
 9665.00   1.2867e-18   3.2141e-19
 9670.00   5.4838e-19   4.5083e-19
 9675.00   1.4691e-18   3.6329e-19
 9680.00   1.4061e-18   5.3886e-19
 9685.00   8.0838e-19   3.7387e-19
 9690.00   1.0958e-18   3.9453e-19
 9695.00   8.7749e-19   3.5010e-19
 9700.00   2.2771e-18   5.0373e-19
 9705.00   1.2910e-18   3.5880e-19
 9710.00   6.8662e-19   4.0940e-19
 9715.00   1.2884e-18   3.7051e-19
 9720.00   1.3058e-18   5.7439e-19
 9725.00   2.1121e-18   4.2277e-19
 9730.00   1.0756e-18   4.0757e-19
 9735.00   1.5620e-18   5.0366e-19
 9740.00   1.1602e-18   4.6097e-19
 9745.00   1.5683e-18   5.1453e-19
 9750.00   5.8464e-19   3.8908e-19
 9755.00   1.3314e-18   4.2167e-19
 9760.00   1.2506e-18   4.0911e-19
 9765.00   1.0692e-18   4.1233e-19
 9770.00   1.0463e-18   4.2884e-19
 9775.00   8.6909e-19   4.3062e-19
 9780.00   5.6655e-19   4.3761e-19
 9785.00   1.4021e-18   4.6734e-19
 9790.00   2.1259e-18   9.2671e-19
 9795.00   1.2763e-18   5.9173e-19
 9800.00   1.3701e-18   6.5669e-19
 9805.00   1.1690e-18   5.3351e-19
 9810.00   1.8677e-18   6.6567e-19
 9815.00   5.7898e-19   5.9826e-19
 9820.00   8.2962e-19   5.6038e-19
 9825.00   2.2823e-19   5.3918e-19
 9830.00   1.0179e-18   5.9422e-19
 9835.00   1.3979e-18   5.5800e-19
 9840.00   5.5901e-19   5.2900e-19
 9845.00   7.2832e-19   5.7922e-19
 9850.00   2.0560e-18   7.5075e-19
 9855.00   7.5045e-19   5.7365e-19
 9860.00   5.0142e-19   5.7087e-19
 9865.00   3.5836e-19   1.0958e-18
 9870.00   2.1984e-18   1.6401e-18
 9875.00   1.5769e-18   1.3424e-18
 9880.00   3.9650e-19   1.0240e-18
 9885.00   1.1415e-18   1.2019e-18
 9890.00   3.2495e-19   1.0390e-18
 9895.00   1.4131e-18   1.5698e-18
 9900.00   1.2770e-18   1.0570e-18
 9905.00   2.0768e-19   9.6666e-19
 9910.00   1.0130e-18   1.0962e-18
 9915.00   3.0014e-18   1.9112e-18
 9920.00   1.1321e-18   1.0080e-18
 9925.00   2.3184e-19   8.9377e-19
 9930.00  -2.5233e-18   9.4395e-19
 9935.00   9.4863e-19   9.7188e-19
 9940.00   2.4375e-18   1.4481e-18
 9945.00   4.0358e-18   2.5361e-18
 9950.00   3.9531e-18   1.5584e-18
 9955.00   2.2819e-18   1.6316e-18
 9960.00   5.0698e-18   1.9271e-18
 9965.00   2.3375e-19   1.0928e-18
 9970.00   1.6076e-18   1.1694e-18
 9975.00  -3.7478e-19   1.1072e-18
 9980.00   3.0053e-18   1.0878e-18
 9985.00   1.3458e-18   8.5518e-19
 9990.00   9.8334e-19   8.4390e-19
 9995.00  -5.2323e-19   8.2042e-19
10000.00   1.2854e-18   1.2100e-18
