 
TRANSIENT_NAME:     DES15X2nkz 
SNID:               1339149    
OBS_DATE:           2015-12-17
MJD:                57373. 
PHASE:              -1.    
MJD_MAX:            57374.1
TYPE:               1  
SPEC_EVAL:          SNIa
REDSHIFT:           0.4700  
REDSHIFT_ERR:       0.0005  
REDSHIFT_SOURCE:    Z_GAL
TELESCOPE:          GTC
INSTRUMENT:         OSIRIS
 
======================================
 
# WAVE  FLUX  FLUX_ERR
 4803.60   1.0239e-18   6.5399e-19
 4808.21   2.0274e-18   6.7162e-19
 4812.82   1.5059e-18   6.6455e-19
 4817.43   1.8539e-18   6.6662e-19
 4822.03   9.4010e-19   6.6340e-19
 4826.64  -1.0573e-20   6.5551e-19
 4831.25   1.1004e-18   6.6346e-19
 4835.85  -2.9005e-19   6.6856e-19
 4840.46   1.3299e-18   6.8258e-19
 4845.07   1.9782e-18   6.7651e-19
 4849.67   3.7182e-18   6.9330e-19
 4854.28   2.1041e-18   6.5800e-19
 4858.89   1.1201e-18   6.4317e-19
 4863.50   1.8028e-18   6.4096e-19
 4868.10   1.1415e-18   6.4536e-19
 4872.71   3.2880e-18   6.6661e-19
 4877.32   2.5678e-18   6.7660e-19
 4881.92   2.1843e-18   6.5779e-19
 4886.53   3.2021e-18   6.5986e-19
 4891.14   1.3696e-18   6.4943e-19
 4895.75   1.7823e-18   6.5347e-19
 4900.35   2.9989e-18   6.5846e-19
 4904.96   2.6121e-18   6.4730e-19
 4909.57   1.7201e-18   6.3249e-19
 4914.17   2.4000e-18   6.2774e-19
 4918.78   2.9150e-18   6.1690e-19
 4923.39   2.2232e-18   6.1005e-19
 4928.00   3.2636e-18   6.1488e-19
 4932.60   3.0744e-18   6.1096e-19
 4937.21   3.2113e-18   6.0941e-19
 4941.82   2.8609e-18   6.0015e-19
 4946.42   1.9965e-18   5.9397e-19
 4951.03   3.2568e-18   5.9153e-19
 4955.64   1.8523e-18   5.7626e-19
 4960.24   2.9559e-18   5.7969e-19
 4964.85   2.6808e-18   5.7593e-19
 4969.46   3.1674e-18   5.7763e-19
 4974.07   2.9762e-18   5.6947e-19
 4978.67   3.4212e-18   5.6285e-19
 4983.28   3.1469e-18   5.5240e-19
 4987.89   3.5516e-18   5.5070e-19
 4992.49   3.0288e-18   5.4312e-19
 4997.10   2.6191e-18   5.3186e-19
 5001.71   2.9420e-18   5.2428e-19
 5006.32   2.4220e-18   5.1333e-19
 5010.92   3.5726e-18   5.1060e-19
 5015.53   3.2589e-18   5.0622e-19
 5020.14   3.0843e-18   5.0107e-19
 5024.74   1.8662e-18   4.9345e-19
 5029.35   2.0476e-18   4.9179e-19
 5033.96   2.5156e-18   4.8819e-19
 5038.56   1.9414e-18   4.7602e-19
 5043.17   1.7495e-18   4.7426e-19
 5047.78   2.3517e-18   4.7687e-19
 5052.39   1.8742e-18   4.7097e-19
 5056.99   2.4116e-18   4.7481e-19
 5061.60   2.9268e-18   4.7276e-19
 5066.21   1.7281e-18   4.5784e-19
 5070.81   2.2586e-18   4.5585e-19
 5075.42   2.7201e-18   4.4958e-19
 5080.03   1.5255e-18   4.4140e-19
 5084.64   2.6660e-18   4.4743e-19
 5089.24   3.6654e-18   4.5021e-19
 5093.85   3.2213e-18   4.4512e-19
 5098.46   3.5113e-18   4.4257e-19
 5103.06   3.1611e-18   4.3371e-19
 5107.67   2.6317e-18   4.2825e-19
 5112.28   3.6475e-18   4.3338e-19
 5116.89   2.7614e-18   4.2574e-19
 5121.49   3.0151e-18   4.2221e-19
 5126.10   3.7439e-18   4.2205e-19
 5130.71   3.1543e-18   4.1391e-19
 5135.31   2.1092e-18   4.0553e-19
 5139.92   2.7944e-18   4.0528e-19
 5144.53   2.9896e-18   4.0439e-19
 5149.14   2.8114e-18   4.0272e-19
 5153.74   3.6569e-18   4.0629e-19
 5158.35   3.6990e-18   4.0090e-19
 5162.96   4.0116e-18   3.9109e-19
 5167.56   3.2874e-18   3.7572e-19
 5172.17   2.8092e-18   3.7004e-19
 5176.78   3.4048e-18   3.7311e-19
 5181.38   3.3381e-18   3.7486e-19
 5185.99   2.6057e-18   3.7151e-19
 5190.60   3.2960e-18   3.8679e-19
 5195.21   3.2540e-18   4.0397e-19
 5199.81   3.1154e-18   4.0665e-19
 5204.42   3.1747e-18   3.9586e-19
 5209.03   3.4607e-18   3.7844e-19
 5213.63   3.1081e-18   3.7023e-19
 5218.24   2.7660e-18   3.6810e-19
 5222.85   3.2942e-18   3.6797e-19
 5227.46   3.1764e-18   3.6255e-19
 5232.06   3.4983e-18   3.6295e-19
 5236.67   3.0707e-18   3.6137e-19
 5241.28   3.1196e-18   3.6099e-19
 5245.88   2.9547e-18   3.5780e-19
 5250.49   2.6739e-18   3.5479e-19
 5255.10   2.7280e-18   3.5323e-19
 5259.71   3.0366e-18   3.4695e-19
 5264.31   2.3247e-18   3.3393e-19
 5268.92   3.2544e-18   3.3518e-19
 5273.53   2.8193e-18   3.3709e-19
 5278.13   2.6945e-18   3.3750e-19
 5282.74   2.4711e-18   3.3700e-19
 5287.35   2.2717e-18   3.3593e-19
 5291.95   2.8992e-18   3.3802e-19
 5296.56   2.2228e-18   3.3427e-19
 5301.17   2.7727e-18   3.3577e-19
 5305.78   2.2022e-18   3.3519e-19
 5310.38   1.7407e-18   3.3102e-19
 5314.99   2.3680e-18   3.3165e-19
 5319.60   2.5312e-18   3.2825e-19
 5324.20   2.0949e-18   3.2459e-19
 5328.81   2.1571e-18   3.1681e-19
 5333.42   2.3719e-18   3.2406e-19
 5338.03   2.4684e-18   3.2422e-19
 5342.63   1.9441e-18   3.2138e-19
 5347.24   2.3577e-18   3.3994e-19
 5351.85   2.3137e-18   3.4820e-19
 5356.45   1.7330e-18   3.4695e-19
 5361.06   1.9539e-18   3.3756e-19
 5365.67   1.6526e-18   3.2384e-19
 5370.27   1.9677e-18   3.1860e-19
 5374.88   1.9456e-18   3.1618e-19
 5379.49   1.4519e-18   3.1384e-19
 5384.10   1.8672e-18   3.1326e-19
 5388.70   1.5306e-18   3.0747e-19
 5393.31   1.1622e-18   3.0152e-19
 5397.92   1.0378e-18   2.9623e-19
 5402.52   1.3337e-18   2.9432e-19
 5407.13   2.0743e-18   2.9640e-19
 5411.74   1.2463e-18   2.9325e-19
 5416.35   1.3915e-18   2.9598e-19
 5420.95   7.5474e-19   2.9205e-19
 5425.56   1.0553e-18   2.9195e-19
 5430.17   1.3016e-18   2.9128e-19
 5434.77   1.5096e-18   2.9219e-19
 5439.38   1.2087e-18   2.9116e-19
 5443.99   1.0149e-18   2.8935e-19
 5448.60   1.3568e-18   2.8906e-19
 5453.20   1.4949e-18   2.9581e-19
 5457.81   1.7491e-18   3.0493e-19
 5462.42   1.5401e-18   3.0430e-19
 5467.02   2.1613e-18   3.0138e-19
 5471.63   1.8372e-18   2.9004e-19
 5476.24   1.7808e-18   2.9673e-19
 5480.84   1.8342e-18   2.9848e-19
 5485.45   1.8343e-18   2.9083e-19
 5490.06   2.6694e-18   2.8423e-19
 5494.67   2.1070e-18   2.8018e-19
 5499.27   1.9101e-18   2.7824e-19
 5503.88   1.3751e-18   2.7427e-19
 5508.49   2.0774e-18   2.7644e-19
 5513.09   2.0887e-18   2.7608e-19
 5517.70   2.0739e-18   2.7614e-19
 5522.31   2.2767e-18   2.7556e-19
 5526.92   2.3258e-18   2.7279e-19
 5531.52   1.6310e-18   2.6870e-19
 5536.13   1.8615e-18   2.7248e-19
 5540.74   1.9439e-18   2.7528e-19
 5545.34   1.9139e-18   2.7344e-19
 5549.95   2.0633e-18   2.7529e-19
 5554.56   1.9781e-18   2.7201e-19
 5559.17   2.6694e-18   2.7580e-19
 5563.77   2.4317e-18   2.7922e-19
 5568.38   2.3862e-18   3.7092e-19
 5572.99   1.8046e-18   5.2435e-19
 5577.59   2.6130e-18   5.7915e-19
 5582.20   2.4785e-18   5.3711e-19
 5586.81   2.4630e-18   3.8532e-19
 5591.41   3.2281e-18   2.7606e-19
 5596.02   1.7846e-18   2.6281e-19
 5600.63   2.4390e-18   2.6557e-19
 5605.24   2.8781e-18   2.6785e-19
 5609.84   2.5157e-18   2.6538e-19
 5614.45   2.5259e-18   2.6279e-19
 5619.06   2.4811e-18   2.6181e-19
 5623.66   2.9063e-18   2.6428e-19
 5628.27   2.7042e-18   2.6211e-19
 5632.88   2.6300e-18   2.5997e-19
 5637.49   2.6581e-18   2.5878e-19
 5642.09   2.9712e-18   2.6084e-19
 5646.70   2.5832e-18   2.5822e-19
 5651.31   3.0884e-18   2.5864e-19
 5655.91   3.0658e-18   2.5642e-19
 5660.52   3.8367e-18   2.5877e-19
 5665.13   3.7183e-18   2.5961e-19
 5669.73   3.5373e-18   2.6420e-19
 5674.34   3.7827e-18   2.6463e-19
 5678.95   4.0932e-18   2.6839e-19
 5683.56   4.1997e-18   2.7321e-19
 5688.16   3.9875e-18   2.7455e-19
 5692.77   3.9318e-18   2.7108e-19
 5697.38   3.9010e-18   2.6462e-19
 5701.98   4.0136e-18   2.5976e-19
 5706.59   3.7896e-18   2.5560e-19
 5711.20   3.8708e-18   2.5436e-19
 5715.81   4.0052e-18   2.5591e-19
 5720.41   4.4388e-18   2.5798e-19
 5725.02   4.2493e-18   2.5666e-19
 5729.63   3.7534e-18   2.5344e-19
 5734.23   4.4351e-18   2.5474e-19
 5738.84   4.4205e-18   2.5410e-19
 5743.45   3.9685e-18   2.5101e-19
 5748.06   4.2782e-18   2.5132e-19
 5752.66   3.8867e-18   2.4871e-19
 5757.27   4.4819e-18   2.5080e-19
 5761.88   4.0604e-18   2.5040e-19
 5766.48   4.2174e-18   2.5249e-19
 5771.09   3.6685e-18   2.5006e-19
 5775.70   3.6525e-18   2.4706e-19
 5780.31   3.6957e-18   2.4497e-19
 5784.91   3.6543e-18   2.4484e-19
 5789.52   3.6726e-18   2.4626e-19
 5794.13   3.8127e-18   2.4682e-19
 5798.73   3.7826e-18   2.4596e-19
 5803.34   3.8662e-18   2.4498e-19
 5807.95   4.3044e-18   2.4691e-19
 5812.55   3.7060e-18   2.4427e-19
 5817.16   3.9281e-18   2.4525e-19
 5821.77   3.7988e-18   2.4466e-19
 5826.38   3.5776e-18   2.4421e-19
 5830.98   3.3583e-18   2.4311e-19
 5835.59   3.8687e-18   2.4230e-19
 5840.20   4.0282e-18   2.4451e-19
 5844.80   3.5879e-18   2.4210e-19
 5849.41   3.1354e-18   2.3931e-19
 5854.02   3.7476e-18   2.4173e-19
 5858.63   3.5605e-18   2.4403e-19
 5863.23   3.6698e-18   2.5676e-19
 5867.84   3.2407e-18   2.6141e-19
 5872.45   4.0809e-18   2.6311e-19
 5877.05   3.9443e-18   2.6326e-19
 5881.66   2.9631e-18   3.2232e-19
 5886.27   3.5769e-18   4.3418e-19
 5890.88   4.2200e-18   5.0792e-19
 5895.48   4.0421e-18   5.0997e-19
 5900.09   2.9037e-18   4.2840e-19
 5904.70   3.4049e-18   3.2888e-19
 5909.30   3.9946e-18   2.7111e-19
 5913.91   4.1286e-18   2.6380e-19
 5918.52   3.8458e-18   2.6081e-19
 5923.12   4.5441e-18   2.6066e-19
 5927.73   4.4507e-18   2.6132e-19
 5932.34   3.8451e-18   2.5849e-19
 5936.95   4.7285e-18   2.5756e-19
 5941.55   4.3492e-18   2.5041e-19
 5946.16   4.6435e-18   2.5053e-19
 5950.77   4.5186e-18   2.5262e-19
 5955.37   4.1764e-18   2.5055e-19
 5959.98   4.0192e-18   2.4568e-19
 5964.59   3.9956e-18   2.4092e-19
 5969.20   4.4397e-18   2.4371e-19
 5973.80   4.3177e-18   2.4558e-19
 5978.41   4.2430e-18   2.4448e-19
 5983.02   3.9069e-18   2.3916e-19
 5987.62   4.0306e-18   2.3500e-19
 5992.23   3.9023e-18   2.3268e-19
 5996.84   3.6004e-18   2.3203e-19
 6001.44   3.7827e-18   2.3345e-19
 6006.05   4.2352e-18   2.3350e-19
 6010.66   3.9552e-18   2.2863e-19
 6015.27   3.8693e-18   2.2537e-19
 6019.87   3.9548e-18   2.2380e-19
 6024.48   3.7154e-18   2.2293e-19
 6029.09   4.0163e-18   2.2501e-19
 6033.69   3.8332e-18   2.2438e-19
 6038.30   3.9430e-18   2.2353e-19
 6042.91   3.8131e-18   2.2083e-19
 6047.52   3.5407e-18   2.1844e-19
 6052.12   3.6384e-18   2.1788e-19
 6056.73   3.6470e-18   2.1740e-19
 6061.34   3.1837e-18   2.1505e-19
 6065.94   3.9981e-18   2.1624e-19
 6070.55   4.4424e-18   2.1587e-19
 6075.16   4.2472e-18   2.1491e-19
 6079.77   4.1375e-18   2.1434e-19
 6084.37   4.3608e-18   2.1361e-19
 6088.98   3.7242e-18   2.1214e-19
 6093.59   3.8306e-18   2.1356e-19
 6098.19   3.7085e-18   2.1376e-19
 6102.80   3.5726e-18   2.1493e-19
 6107.41   4.1297e-18   2.1917e-19
 6112.01   3.9070e-18   2.1916e-19
 6116.62   3.6259e-18   2.1722e-19
 6121.23   3.8408e-18   2.1454e-19
 6125.84   3.7562e-18   2.1072e-19
 6130.44   3.5175e-18   2.0980e-19
 6135.05   3.5650e-18   2.1161e-19
 6139.66   3.4116e-18   2.1303e-19
 6144.26   3.3862e-18   2.1327e-19
 6148.87   3.4157e-18   2.1297e-19
 6153.48   3.6238e-18   2.1371e-19
 6158.09   3.4522e-18   2.1237e-19
 6162.69   3.2167e-18   2.1022e-19
 6167.30   2.9754e-18   2.0846e-19
 6171.91   3.0933e-18   2.0824e-19
 6176.51   3.8832e-18   2.1008e-19
 6181.12   3.1686e-18   2.0385e-19
 6185.73   3.1956e-18   2.0130e-19
 6190.33   3.3304e-18   2.0143e-19
 6194.94   3.2476e-18   2.0217e-19
 6199.55   2.9908e-18   2.0346e-19
 6204.16   2.7601e-18   2.0272e-19
 6208.76   2.5078e-18   2.0053e-19
 6213.37   3.3584e-18   2.0244e-19
 6217.98   3.1374e-18   2.0323e-19
 6222.58   2.6640e-18   2.0072e-19
 6227.19   3.0422e-18   2.0912e-19
 6231.80   2.7978e-18   2.2085e-19
 6236.41   3.0707e-18   2.3068e-19
 6241.01   2.7620e-18   2.2879e-19
 6245.62   2.6889e-18   2.1518e-19
 6250.23   2.8435e-18   2.0987e-19
 6254.83   2.6594e-18   2.1612e-19
 6259.44   3.2239e-18   2.2415e-19
 6264.05   2.8236e-18   2.1658e-19
 6268.66   2.5367e-18   2.1040e-19
 6273.26   2.4159e-18   2.0177e-19
 6277.87   2.6408e-18   1.9995e-19
 6282.48   3.2503e-18   2.1088e-19
 6287.08   2.7370e-18   2.2180e-19
 6291.69   3.2539e-18   3.6082e-19
 6296.30   1.5227e-18   5.2193e-19
 6300.91   3.8793e-18   5.8535e-19
 6305.51   1.4091e-18   5.3787e-19
 6310.12   2.8516e-18   3.8638e-19
 6314.73   2.7647e-18   2.2245e-19
 6319.33   2.9130e-18   2.0171e-19
 6323.94   2.6289e-18   2.0563e-19
 6328.55   2.7728e-18   2.1078e-19
 6333.15   2.4048e-18   2.0499e-19
 6337.76   2.1298e-18   1.9481e-19
 6342.37   2.7226e-18   1.9066e-19
 6346.98   2.6996e-18   1.9309e-19
 6351.58   2.9400e-18   2.1101e-19
 6356.19   2.1400e-18   2.7605e-19
 6360.80   3.2527e-18   3.4921e-19
 6365.40   2.3909e-18   3.6075e-19
 6370.01   2.6893e-18   3.2433e-19
 6374.62   2.6675e-18   2.4000e-19
 6379.23   3.2690e-18   1.9339e-19
 6383.83   3.3541e-18   1.9316e-19
 6388.44   2.7738e-18   1.8876e-19
 6393.05   2.9586e-18   1.8540e-19
 6397.65   2.6798e-18   1.7968e-19
 6402.26   2.8463e-18   1.7786e-19
 6406.87   3.1127e-18   1.7883e-19
 6411.48   2.8346e-18   1.7868e-19
 6416.08   2.9980e-18   1.8032e-19
 6420.69   3.0366e-18   1.8038e-19
 6425.30   2.9537e-18   1.7887e-19
 6429.90   3.0980e-18   1.7695e-19
 6434.51   3.2709e-18   1.7599e-19
 6439.12   2.9966e-18   1.7449e-19
 6443.72   2.7569e-18   1.7387e-19
 6448.33   2.9144e-18   1.7576e-19
 6452.94   3.0313e-18   1.7873e-19
 6457.55   3.0095e-18   1.8541e-19
 6462.15   3.1250e-18   1.9550e-19
 6466.76   3.2077e-18   2.0240e-19
 6471.37   3.0046e-18   2.0056e-19
 6475.97   2.9197e-18   1.9030e-19
 6480.58   3.1353e-18   1.7999e-19
 6485.19   3.4563e-18   1.7506e-19
 6489.80   3.1237e-18   1.7723e-19
 6494.40   3.0943e-18   1.9084e-19
 6499.01   3.0135e-18   2.0103e-19
 6503.62   3.2563e-18   2.0221e-19
 6508.22   3.1628e-18   1.9118e-19
 6512.83   2.8293e-18   1.7792e-19
 6517.44   3.0989e-18   1.7557e-19
 6522.04   3.3527e-18   1.7876e-19
 6526.65   3.1142e-18   1.8603e-19
 6531.26   2.8309e-18   1.9102e-19
 6535.87   3.3235e-18   1.9333e-19
 6540.47   3.1521e-18   1.8988e-19
 6545.08   3.5446e-18   1.8910e-19
 6549.69   3.1799e-18   1.9418e-19
 6554.29   2.9475e-18   1.9608e-19
 6558.90   3.2858e-18   1.9509e-19
 6563.51   3.4390e-18   1.8903e-19
 6568.12   3.3697e-18   1.8563e-19
 6572.72   3.3318e-18   1.8864e-19
 6577.33   3.3887e-18   1.8885e-19
 6581.94   3.5023e-18   1.8451e-19
 6586.54   3.7041e-18   1.7689e-19
 6591.15   3.3645e-18   1.7057e-19
 6595.76   3.4532e-18   1.7356e-19
 6600.37   3.6876e-18   1.7923e-19
 6604.97   3.5846e-18   1.7921e-19
 6609.58   3.5252e-18   1.7469e-19
 6614.19   3.4280e-18   1.6842e-19
 6618.79   3.4013e-18   1.6549e-19
 6623.40   3.6686e-18   1.6814e-19
 6628.01   3.9455e-18   1.7161e-19
 6632.61   3.3984e-18   1.7054e-19
 6637.22   3.6499e-18   1.7046e-19
 6641.83   3.6116e-18   1.6755e-19
 6646.44   3.6175e-18   1.6508e-19
 6651.04   3.2910e-18   1.6324e-19
 6655.65   3.6002e-18   1.6486e-19
 6660.26   3.3734e-18   1.6463e-19
 6664.86   3.1538e-18   1.6456e-19
 6669.47   3.4609e-18   1.6537e-19
 6674.08   3.5945e-18   1.6425e-19
 6678.69   3.4528e-18   1.6229e-19
 6683.29   3.5674e-18   1.6243e-19
 6687.90   3.6916e-18   1.6316e-19
 6692.51   3.4033e-18   1.6201e-19
 6697.11   3.3069e-18   1.6196e-19
 6701.72   3.5057e-18   1.6433e-19
 6706.33   3.5753e-18   1.6531e-19
 6710.94   3.7113e-18   1.6434e-19
 6715.54   3.4018e-18   1.6212e-19
 6720.15   3.5031e-18   1.6097e-19
 6724.76   3.7840e-18   1.6095e-19
 6729.36   3.4504e-18   1.5960e-19
 6733.97   3.3538e-18   1.5906e-19
 6738.58   3.3444e-18   1.5900e-19
 6743.18   3.4472e-18   1.5908e-19
 6747.79   3.5747e-18   1.5886e-19
 6752.40   3.4367e-18   1.5779e-19
 6757.01   3.3180e-18   1.5614e-19
 6761.61   3.3719e-18   1.5605e-19
 6766.22   3.3773e-18   1.5582e-19
 6770.83   3.5057e-18   1.5603e-19
 6775.43   3.4528e-18   1.5544e-19
 6780.04   3.4330e-18   1.5567e-19
 6784.65   3.2913e-18   1.5485e-19
 6789.26   2.9702e-18   1.5309e-19
 6793.86   3.0786e-18   1.5299e-19
 6798.47   3.3980e-18   1.5325e-19
 6803.08   3.2828e-18   1.5265e-19
 6807.68   3.0595e-18   1.5145e-19
 6812.29   2.8952e-18   1.5075e-19
 6816.90   3.2166e-18   1.5486e-19
 6821.50   3.0272e-18   1.7109e-19
 6826.11   2.9745e-18   1.9949e-19
 6830.72   3.2078e-18   2.1994e-19
 6835.33   2.7521e-18   2.1862e-19
 6839.93   3.1624e-18   1.9950e-19
 6844.54   3.1134e-18   1.7252e-19
 6849.15   3.1868e-18   1.5958e-19
 6853.75   2.9931e-18   1.6176e-19
 6858.36   2.7574e-18   1.8756e-19
 6862.97   2.7018e-18   2.0615e-19
 6867.58   2.7496e-18   2.0530e-19
 6872.18   2.1732e-18   1.8145e-19
 6876.79   2.8286e-18   1.5636e-19
 6881.40   2.5584e-18   1.5331e-19
 6886.00   2.3480e-18   1.5903e-19
 6890.61   2.2481e-18   1.5991e-19
 6895.22   2.4491e-18   1.6061e-19
 6899.83   2.9933e-18   1.6089e-19
 6904.43   2.3544e-18   1.6007e-19
 6909.04   2.4297e-18   1.6473e-19
 6913.65   2.6654e-18   1.7010e-19
 6918.25   2.5182e-18   1.8117e-19
 6922.86   2.6329e-18   1.8360e-19
 6927.47   2.8435e-18   1.7756e-19
 6932.08   2.3188e-18   1.6671e-19
 6936.68   2.6886e-18   1.6252e-19
 6941.29   2.6510e-18   1.7397e-19
 6945.90   2.4059e-18   1.8709e-19
 6950.50   2.8372e-18   1.8748e-19
 6955.11   2.5251e-18   1.7578e-19
 6959.72   2.5378e-18   1.5922e-19
 6964.32   2.7392e-18   1.5339e-19
 6968.93   2.3361e-18   1.5950e-19
 6973.54   2.4473e-18   1.7071e-19
 6978.15   2.5975e-18   1.7443e-19
 6982.75   2.3886e-18   1.6693e-19
 6987.36   2.8078e-18   1.5631e-19
 6991.97   2.7227e-18   1.4551e-19
 6996.57   2.3239e-18   1.4449e-19
 7001.18   2.5412e-18   1.5022e-19
 7005.79   2.3661e-18   1.5467e-19
 7010.40   2.4510e-18   1.5637e-19
 7015.00   2.5861e-18   1.5241e-19
 7019.61   2.4148e-18   1.4450e-19
 7024.22   2.6067e-18   1.3938e-19
 7028.82   2.5099e-18   1.3792e-19
 7033.43   2.1640e-18   1.3776e-19
 7038.04   2.1776e-18   1.4149e-19
 7042.65   2.2594e-18   1.4766e-19
 7047.25   2.0484e-18   1.5145e-19
 7051.86   2.1794e-18   1.5158e-19
 7056.47   2.3337e-18   1.4823e-19
 7061.07   2.4051e-18   1.4486e-19
 7065.68   2.3801e-18   1.4399e-19
 7070.29   2.0576e-18   1.4378e-19
 7074.89   2.0959e-18   1.4385e-19
 7079.50   2.0787e-18   1.4403e-19
 7084.11   2.1492e-18   1.4501e-19
 7088.72   2.2825e-18   1.4471e-19
 7093.32   2.1055e-18   1.4138e-19
 7097.93   2.1611e-18   1.3906e-19
 7102.54   2.0856e-18   1.3635e-19
 7107.14   2.1798e-18   1.3638e-19
 7111.75   2.1192e-18   1.3550e-19
 7116.36   2.0349e-18   1.3517e-19
 7120.97   2.0153e-18   1.3585e-19
 7125.57   2.0608e-18   1.3746e-19
 7130.18   2.3297e-18   1.3953e-19
 7134.79   2.2155e-18   1.3983e-19
 7139.39   2.3727e-18   1.4207e-19
 7144.00   2.2090e-18   1.4727e-19
 7148.61   2.2077e-18   1.4832e-19
 7153.21   2.1988e-18   1.4419e-19
 7157.82   2.4128e-18   1.4002e-19
 7162.43   2.2171e-18   1.3843e-19
 7167.04   2.2861e-18   1.3826e-19
 7171.64   2.3580e-18   1.3734e-19
 7176.25   2.2231e-18   1.3566e-19
 7180.86   2.0220e-18   1.3297e-19
 7185.46   2.0261e-18   1.3002e-19
 7190.07   2.2089e-18   1.2822e-19
 7194.68   2.2273e-18   1.2698e-19
 7199.29   2.0905e-18   1.2667e-19
 7203.89   2.0626e-18   1.2734e-19
 7208.50   2.0222e-18   1.2813e-19
 7213.11   2.1312e-18   1.2988e-19
 7217.71   2.3094e-18   1.3219e-19
 7222.32   2.2144e-18   1.3360e-19
 7226.93   2.2214e-18   1.3749e-19
 7231.54   2.2003e-18   1.6285e-19
 7236.14   1.9474e-18   2.1361e-19
 7240.75   2.0571e-18   2.5533e-19
 7245.36   2.1249e-18   2.6504e-19
 7249.96   1.8659e-18   2.3902e-19
 7254.57   1.6925e-18   1.9196e-19
 7259.18   1.8115e-18   1.5838e-19
 7263.78   2.1792e-18   1.4877e-19
 7268.39   2.4653e-18   1.8135e-19
 7273.00   2.0266e-18   2.2657e-19
 7277.61   2.2996e-18   2.5450e-19
 7282.21   2.0323e-18   2.5154e-19
 7286.82   2.5771e-18   2.1970e-19
 7291.43   2.5453e-18   1.8525e-19
 7296.03   2.4294e-18   1.7183e-19
 7300.64   2.0579e-18   1.6901e-19
 7305.25   2.0094e-18   1.7769e-19
 7309.86   1.7594e-18   2.0121e-19
 7314.46   1.9895e-18   2.2187e-19
 7319.07   2.0718e-18   2.2355e-19
 7323.68   1.8247e-18   2.1429e-19
 7328.28   2.0864e-18   1.9212e-19
 7332.89   2.4522e-18   2.0706e-19
 7337.50   2.4785e-18   2.3493e-19
 7342.10   2.2050e-18   2.3935e-19
 7346.71   2.0323e-18   2.2249e-19
 7351.32   2.1822e-18   1.9170e-19
 7355.93   2.3807e-18   1.7843e-19
 7360.53   2.4202e-18   1.9936e-19
 7365.14   2.3973e-18   2.2027e-19
 7369.75   2.7395e-18   2.2209e-19
 7374.35   2.1900e-18   2.0605e-19
 7378.96   2.7421e-18   1.7616e-19
 7383.57   2.3153e-18   1.4818e-19
 7388.18   2.5316e-18   1.5797e-19
 7392.78   2.4987e-18   1.7447e-19
 7397.39   2.6196e-18   1.9606e-19
 7402.00   2.0694e-18   1.9634e-19
 7406.60   2.2393e-18   1.8553e-19
 7411.21   2.4825e-18   1.6262e-19
 7415.82   2.5789e-18   1.4044e-19
 7420.43   2.4723e-18   1.3818e-19
 7425.03   2.5841e-18   1.4586e-19
 7429.64   2.5851e-18   1.5734e-19
 7434.25   2.7054e-18   1.7039e-19
 7438.85   2.6977e-18   1.7226e-19
 7443.46   2.4736e-18   1.6213e-19
 7448.07   2.6878e-18   1.4782e-19
 7452.68   2.4521e-18   1.3610e-19
 7457.28   2.8215e-18   1.4195e-19
 7461.89   2.4994e-18   1.5259e-19
 7466.50   2.8138e-18   1.6979e-19
 7471.10   2.2785e-18   1.8193e-19
 7475.71   2.6326e-18   1.9399e-19
 7480.32   2.6952e-18   1.9560e-19
 7484.92   2.5937e-18   1.8590e-19
 7489.53   2.5428e-18   1.7075e-19
 7494.14   2.8142e-18   1.5448e-19
 7498.75   2.6590e-18   1.4315e-19
 7503.35   2.6579e-18   1.3833e-19
 7507.96   2.6414e-18   1.3428e-19
 7512.57   2.7389e-18   1.4236e-19
 7517.17   3.0071e-18   1.7453e-19
 7521.78   2.9730e-18   2.0761e-19
 7526.39   2.4806e-18   2.1842e-19
 7531.00   2.9414e-18   2.0760e-19
 7535.60   2.6551e-18   1.7559e-19
 7540.21   2.6028e-18   1.5199e-19
 7544.82   2.7151e-18   1.4291e-19
 7549.42   2.6135e-18   1.4336e-19
 7554.03   2.5761e-18   1.4907e-19
 7558.64   2.6501e-18   1.5299e-19
 7563.25   2.6551e-18   1.6466e-19
 7567.85   2.3431e-18   1.8223e-19
 7572.46   2.3582e-18   1.8998e-19
 7577.07   2.4327e-18   1.8584e-19
 7581.67   2.5446e-18   1.7087e-19
 7586.28   2.5525e-18   1.5535e-19
 7590.89   2.1957e-18   1.5189e-19
 7595.49   1.8991e-18   1.4293e-19
 7600.10   2.1328e-18   1.2588e-19
 7604.71   2.1077e-18   1.1152e-19
 7609.32   2.0791e-18   1.0478e-19
 7613.92   2.0724e-18   1.1721e-19
 7618.53   2.0718e-18   1.3184e-19
 7623.14   1.7768e-18   1.4250e-19
 7627.74   1.6669e-18   1.4227e-19
 7632.35   1.7945e-18   1.3223e-19
 7636.96   1.8690e-18   1.2271e-19
 7641.57   1.6772e-18   1.1307e-19
 7646.17   1.9653e-18   1.1722e-19
 7650.78   1.7966e-18   1.2490e-19
 7655.39   1.9496e-18   1.3764e-19
 7659.99   1.9160e-18   1.4640e-19
 7664.60   2.0179e-18   1.4656e-19
 7669.21   2.0490e-18   1.4100e-19
 7673.81   1.9973e-18   1.3192e-19
 7678.42   2.0255e-18   1.3211e-19
 7683.03   2.1439e-18   1.4017e-19
 7687.64   1.8215e-18   1.4625e-19
 7692.24   1.7018e-18   1.5187e-19
 7696.85   1.9769e-18   1.5417e-19
 7701.46   2.0277e-18   1.5786e-19
 7706.06   1.8090e-18   1.9915e-19
 7710.67   2.1722e-18   2.6496e-19
 7715.28   1.5076e-18   2.9999e-19
 7719.89   1.8526e-18   2.9763e-19
 7724.49   1.6862e-18   2.5180e-19
 7729.10   2.1560e-18   1.9746e-19
 7733.71   2.0479e-18   1.6850e-19
 7738.31   1.7278e-18   1.5540e-19
 7742.92   1.8309e-18   1.9946e-19
 7747.53   1.4434e-18   2.5302e-19
 7752.14   2.2159e-18   2.8293e-19
 7756.74   1.8384e-18   2.7782e-19
 7761.35   2.3001e-18   2.3633e-19
 7765.96   1.7715e-18   2.0853e-19
 7770.56   2.0652e-18   2.1650e-19
 7775.17   1.7202e-18   2.2352e-19
 7779.78   1.9687e-18   2.2180e-19
 7784.38   1.9537e-18   2.0822e-19
 7788.99   2.2982e-18   2.2978e-19
 7793.60   2.0391e-18   2.4339e-19
 7798.21   2.4892e-18   2.4176e-19
 7802.81   2.4198e-18   2.2187e-19
 7807.42   2.0622e-18   1.9480e-19
 7812.03   2.0807e-18   2.0866e-19
 7816.63   1.6985e-18   2.4582e-19
 7821.24   1.7422e-18   2.6150e-19
 7825.85   1.9367e-18   2.5153e-19
 7830.46   2.0200e-18   2.1281e-19
 7835.06   1.8200e-18   1.7378e-19
 7839.67   2.2690e-18   1.8318e-19
 7844.28   1.6714e-18   2.1464e-19
 7848.88   2.8723e-18   2.6874e-19
 7853.49   2.0174e-18   2.9781e-19
 7858.10   1.9923e-18   3.0312e-19
 7862.71   2.2041e-18   2.8292e-19
 7867.31   1.8781e-18   2.5593e-19
 7871.92   2.2308e-18   2.4723e-19
 7876.53   2.0412e-18   2.4163e-19
 7881.13   2.2622e-18   2.3379e-19
 7885.74   1.7162e-18   2.3695e-19
 7890.35   2.0379e-18   2.3190e-19
 7894.95   1.9419e-18   2.1077e-19
 7899.56   2.0408e-18   1.7752e-19
 7904.17   1.9889e-18   1.7906e-19
 7908.78   2.3432e-18   2.5654e-19
 7913.38   1.8331e-18   3.0856e-19
 7917.99   1.5433e-18   3.2601e-19
 7922.60   2.1520e-18   2.9682e-19
 7927.20   2.7100e-18   2.5113e-19
 7931.81   2.3446e-18   2.1834e-19
 7936.42   1.5382e-18   1.9042e-19
 7941.03   1.8866e-18   1.7826e-19
 7945.63   1.8070e-18   1.7835e-19
 7950.24   1.8195e-18   1.8288e-19
 7954.85   1.6674e-18   1.9040e-19
 7959.45   1.8478e-18   2.3067e-19
 7964.06   2.1716e-18   2.5748e-19
 7968.67   1.8264e-18   2.6285e-19
 7973.27   1.5237e-18   2.4484e-19
 7977.88   2.1276e-18   2.1717e-19
 7982.49   1.7409e-18   2.1357e-19
 7987.10   1.3822e-18   2.4610e-19
 7991.70   1.6308e-18   2.7140e-19
 7996.31   1.9155e-18   2.7063e-19
 8000.92   2.4985e-18   2.4093e-19
 8005.52   1.6702e-18   1.7674e-19
 8010.13   2.0952e-18   1.7375e-19
 8014.74   1.6118e-18   1.8834e-19
 8019.35   2.0898e-18   2.2875e-19
 8023.95   2.2446e-18   2.5146e-19
 8028.56   1.9421e-18   2.4876e-19
 8033.17   1.5511e-18   2.1881e-19
 8037.77   2.1160e-18   1.6659e-19
 8042.38   2.1615e-18   1.4073e-19
 8046.99   1.9868e-18   1.5378e-19
 8051.60   2.0601e-18   1.7003e-19
 8056.20   2.2745e-18   1.9291e-19
 8060.81   2.4966e-18   2.0526e-19
 8065.42   2.1410e-18   1.9437e-19
 8070.02   2.0966e-18   1.7569e-19
 8074.63   1.9951e-18   1.4500e-19
 8079.24   2.1830e-18   1.3712e-19
 8083.85   2.0631e-18   1.3905e-19
 8088.45   2.3954e-18   1.4571e-19
 8093.06   2.2868e-18   1.5324e-19
 8097.67   2.0835e-18   1.6431e-19
 8102.27   2.1747e-18   1.6894e-19
 8106.88   2.2257e-18   1.6148e-19
 8111.49   2.3885e-18   1.4921e-19
 8116.09   2.2720e-18   1.3311e-19
 8120.70   2.1520e-18   1.2935e-19
 8125.31   2.2614e-18   1.2996e-19
 8129.92   2.1612e-18   1.3200e-19
 8134.52   2.0927e-18   1.3668e-19
 8139.13   2.1329e-18   1.4163e-19
 8143.74   2.0290e-18   1.4457e-19
 8148.34   2.0309e-18   1.4151e-19
 8152.95   2.0642e-18   1.3441e-19
 8157.56   1.8493e-18   1.2567e-19
 8162.17   1.9380e-18   1.2092e-19
 8166.77   2.3297e-18   1.2267e-19
 8171.38   2.1655e-18   1.2252e-19
 8175.99   1.9657e-18   1.2593e-19
 8180.59   2.1110e-18   1.3354e-19
 8185.20   1.9085e-18   1.3926e-19
 8189.81   2.5349e-18   1.5015e-19
 8194.42   1.9271e-18   1.4885e-19
 8199.02   2.3989e-18   1.4724e-19
 8203.63   2.2969e-18   1.4019e-19
 8208.24   2.0631e-18   1.3196e-19
 8212.84   2.2867e-18   1.3038e-19
 8217.45   2.2619e-18   1.2852e-19
 8222.06   2.1699e-18   1.2532e-19
 8226.66   2.2576e-18   1.2110e-19
 8231.27   1.9424e-18   1.1959e-19
 8235.88   2.0966e-18   1.2237e-19
 8240.49   2.3546e-18   1.2835e-19
 8245.09   2.2605e-18   1.3188e-19
 8249.70   2.0893e-18   1.3211e-19
 8254.31   2.1455e-18   1.3040e-19
 8258.91   2.3510e-18   1.2905e-19
 8263.52   2.2690e-18   1.2682e-19
 8268.13   2.1107e-18   1.3111e-19
 8272.74   2.2154e-18   1.6888e-19
 8277.34   2.3877e-18   2.3070e-19
 8281.95   1.6418e-18   2.8239e-19
 8286.56   2.4737e-18   3.1380e-19
 8291.16   2.6114e-18   3.2050e-19
 8295.77   2.0703e-18   3.2283e-19
 8300.38   1.9531e-18   2.9726e-19
 8304.99   2.2258e-18   2.7091e-19
 8309.59   2.4907e-18   2.2392e-19
 8314.20   2.4737e-18   1.8421e-19
 8318.81   2.0004e-18   1.6530e-19
 8323.41   2.1151e-18   1.3769e-19
 8328.02   2.0055e-18   1.2420e-19
 8332.63   2.3414e-18   1.4366e-19
 8337.23   1.4223e-18   2.4655e-19
 8341.84   2.9007e-18   3.5914e-19
 8346.45   2.9756e-18   4.0287e-19
 8351.06   2.7482e-18   3.9165e-19
 8355.66   2.0894e-18   3.0823e-19
 8360.27   1.5117e-18   2.3803e-19
 8364.88   2.1415e-18   2.0420e-19
 8369.48   1.9514e-18   1.7506e-19
 8374.09   1.8971e-18   1.7961e-19
 8378.70   2.1014e-18   2.0299e-19
 8383.31   2.0852e-18   2.1310e-19
 8387.91   1.9135e-18   2.1577e-19
 8392.52   2.1885e-18   2.5788e-19
 8397.13   2.1753e-18   3.1408e-19
 8401.73   2.2847e-18   3.2633e-19
 8406.34   2.5227e-18   2.9624e-19
 8410.95   2.4718e-18   2.4619e-19
 8415.55   1.7416e-18   2.2088e-19
 8420.16   1.9804e-18   2.4686e-19
 8424.77   2.4368e-18   3.0549e-19
 8429.38   2.8049e-18   3.4745e-19
 8433.98   1.9952e-18   3.3969e-19
 8438.59   2.7065e-18   2.8617e-19
 8443.20   1.7977e-18   1.9162e-19
 8447.80   2.4082e-18   2.1364e-19
 8452.41   2.1290e-18   2.2809e-19
 8457.02   2.4470e-18   2.5761e-19
 8461.63   1.4699e-18   2.9377e-19
 8466.23   1.9014e-18   3.0470e-19
 8470.84   2.4335e-18   2.8533e-19
 8475.45   2.3131e-18   2.1930e-19
 8480.05   2.1213e-18   1.3371e-19
 8484.66   2.1857e-18   1.4364e-19
 8489.27   1.7900e-18   1.7297e-19
 8493.88   1.7381e-18   1.9333e-19
 8498.48   2.0761e-18   2.3515e-19
 8503.09   1.5314e-18   2.4935e-19
 8507.70   2.3458e-18   2.4248e-19
 8512.30   1.9643e-18   2.0836e-19
 8516.91   1.9064e-18   1.5274e-19
 8521.52   2.0746e-18   1.2399e-19
 8526.12   2.1501e-18   1.2642e-19
 8530.73   2.2004e-18   1.3346e-19
 8535.34   1.9610e-18   1.4890e-19
 8539.95   1.7359e-18   1.6425e-19
 8544.55   1.9834e-18   1.9234e-19
 8549.16   1.8910e-18   1.9031e-19
 8553.77   2.3410e-18   1.8224e-19
 8558.37   1.9848e-18   1.5222e-19
 8562.98   2.0413e-18   1.2681e-19
 8567.59   2.1246e-18   1.2436e-19
 8572.20   2.1621e-18   1.2811e-19
 8576.80   2.0575e-18   1.2908e-19
 8581.41   2.0009e-18   1.3402e-19
 8586.02   2.0659e-18   1.4361e-19
 8590.62   1.9369e-18   1.5277e-19
 8595.23   2.0894e-18   1.6196e-19
 8599.84   1.9398e-18   1.5582e-19
 8604.45   2.0461e-18   1.4725e-19
 8609.05   1.7205e-18   1.4147e-19
 8613.66   1.8326e-18   1.5848e-19
 8618.27   1.9080e-18   1.8933e-19
 8622.87   1.9890e-18   2.2057e-19
 8627.48   1.9749e-18   2.4214e-19
 8632.09   1.7623e-18   2.4708e-19
 8636.69   2.1005e-18   2.3475e-19
 8641.30   2.2923e-18   2.1429e-19
 8645.91   2.0951e-18   2.1042e-19
 8650.52   1.9082e-18   2.2442e-19
 8655.12   1.9323e-18   2.4466e-19
 8659.73   1.5489e-18   2.5132e-19
 8664.34   1.8102e-18   2.4637e-19
 8668.94   1.9884e-18   2.3297e-19
 8673.55   1.6167e-18   2.1370e-19
 8678.16   1.5856e-18   1.9430e-19
 8682.77   1.9968e-18   1.7691e-19
 8687.37   2.1010e-18   1.6156e-19
 8691.98   2.0315e-18   1.5148e-19
 8696.59   1.9663e-18   1.4760e-19
 8701.19   1.9443e-18   1.4851e-19
 8705.80   1.9664e-18   1.4777e-19
 8710.41   1.8805e-18   1.4225e-19
 8715.01   1.8056e-18   1.3467e-19
 8719.62   1.9619e-18   1.3069e-19
 8724.23   2.0723e-18   1.3031e-19
 8728.84   1.8202e-18   1.3000e-19
 8733.44   1.7719e-18   1.3077e-19
 8738.05   2.1113e-18   1.3396e-19
 8742.66   2.0149e-18   1.3472e-19
 8747.26   1.9432e-18   1.3734e-19
 8751.87   1.6993e-18   1.8134e-19
 8756.48   1.3850e-18   2.7779e-19
 8761.09   1.5091e-18   3.7494e-19
 8765.69   9.9324e-19   4.1551e-19
 8770.30   2.1597e-18   4.3105e-19
 8774.91   1.9845e-18   4.2032e-19
 8779.51   2.6060e-18   3.7903e-19
 8784.12   2.4047e-18   3.3991e-19
 8788.73   1.8789e-18   2.7323e-19
 8793.33   1.7656e-18   2.2045e-19
 8797.94   1.8133e-18   2.0332e-19
 8802.55   1.8489e-18   1.5730e-19
 8807.16   1.4788e-18   1.3789e-19
 8811.76   1.7600e-18   1.4094e-19
 8816.37   1.0755e-18   1.7825e-19
 8820.98   4.5212e-19   3.4525e-19
 8825.58   1.1515e-18   4.6965e-19
 8830.19   5.5249e-19   5.0493e-19
 8834.80   1.5048e-18   4.8550e-19
 8839.41   1.1411e-18   3.4672e-19
 8844.01   1.3509e-18   2.9183e-19
 8848.62   1.0468e-18   2.2779e-19
 8853.23   1.2910e-18   2.0370e-19
 8857.83   1.2018e-18   1.9873e-19
 8862.44   1.6171e-18   2.3299e-19
 8867.05   1.5813e-18   2.6585e-19
 8871.66   1.2387e-18   2.5258e-19
 8876.26   1.8365e-18   2.5809e-19
 8880.87   1.8283e-18   3.3612e-19
 8885.48   1.5714e-18   4.0513e-19
 8890.08   1.7082e-18   4.0197e-19
 8894.69   1.7379e-18   3.3442e-19
 8899.30   9.7986e-19   2.8241e-19
 8903.91   1.2302e-18   2.8483e-19
 8908.51   6.6487e-19   2.8184e-19
 8913.12   4.1986e-19   3.4746e-19
 8917.73   4.3461e-19   4.1714e-19
 8922.33   4.2148e-19   4.3285e-19
 8926.94   1.3732e-19   3.8412e-19
 8931.55   8.7695e-19   2.2527e-19
 8936.16   1.0143e-18   1.9899e-19
 8940.76   5.6637e-19   2.5807e-19
 8945.37   5.1097e-19   2.6567e-19
 8949.98   8.0152e-19   3.0589e-19
 8954.58   1.9533e-18   3.6198e-19
 8959.19   1.1523e-18   3.8505e-19
 8963.80   1.0227e-18   3.5798e-19
 8968.40   1.4695e-18   2.6213e-19
 8973.01   8.0109e-19   1.3451e-19
 8977.62   1.1052e-18   1.5172e-19
 8982.23   1.0020e-18   1.8805e-19
 8986.83   7.1450e-19   2.2387e-19
 8991.44   6.5877e-19   2.3715e-19
 8996.05   1.4002e-18   2.9418e-19
 9000.65   1.7538e-18   3.0640e-19
 9005.26   1.5550e-18   2.9874e-19
 9009.87   1.7605e-18   2.4382e-19
 9014.48   1.4255e-18   1.4654e-19
 9019.08   1.1400e-18   1.2775e-19
 9023.69   9.3799e-19   1.2923e-19
 9028.30   1.4972e-18   1.4170e-19
 9032.90   1.6575e-18   1.7635e-19
 9037.51   1.3258e-18   1.9309e-19
 9042.12   8.4611e-19   2.2654e-19
 9046.72   7.5427e-19   2.4782e-19
 9051.33   7.5567e-19   2.4597e-19
 9055.94   8.7032e-19   2.2296e-19
 9060.55   1.2369e-18   1.7765e-19
 9065.15   1.1324e-18   1.3994e-19
 9069.76   1.3831e-18   1.4229e-19
 9074.37   1.1686e-18   1.3633e-19
 9078.97   1.4853e-18   1.3257e-19
 9083.58   1.4099e-18   1.3394e-19
 9088.19   1.0956e-18   1.5263e-19
 9092.80   1.3552e-18   1.6734e-19
 9097.40   1.3557e-18   1.9201e-19
 9102.01   1.2125e-18   1.9842e-19
 9106.62   1.4238e-18   1.8644e-19
 9111.22   1.5121e-18   1.6770e-19
 9115.83   1.5424e-18   1.3272e-19
 9120.44   1.2192e-18   1.2674e-19
 9125.04   1.5553e-18   1.2702e-19
 9129.65   1.6461e-18   1.2838e-19
 9134.26   1.5217e-18   1.2822e-19
 9138.87   1.3964e-18   1.2833e-19
 9143.47   1.4129e-18   1.3762e-19
 9148.08   1.5777e-18   1.5093e-19
 9152.69   1.3985e-18   1.6677e-19
 9157.29   1.4019e-18   1.8041e-19
 9161.90   1.6592e-18   1.7967e-19
 9166.51   1.3495e-18   1.6577e-19
 9171.12   1.3758e-18   1.4539e-19
 9175.72   1.5726e-18   1.3426e-19
 9180.33   1.5680e-18   1.3306e-19
 9184.94   1.4995e-18   1.3349e-19
 9189.54   1.7414e-18   1.3420e-19
 9194.15   1.6465e-18   1.3364e-19
 9198.76   1.3468e-18   1.3381e-19
