 
TRANSIENT_NAME:     DES14S2pon 
SNID:               1315296    
OBS_DATE:           2014-12-25
MJD:                57016. 
PHASE:              +8.    
MJD_MAX:            57004.8
TYPE:               1  
SPEC_EVAL:          SNIa
REDSHIFT:           0.4140  
REDSHIFT_ERR:       0.0005  
REDSHIFT_SOURCE:    Z_GAL
TELESCOPE:          GTC
INSTRUMENT:         OSIRIS
 
======================================
 
# WAVE  FLUX  FLUX_ERR
 4800.46   2.0746e-18   1.4123e-18
 4805.07  -8.9176e-19   1.2379e-18
 4809.68  -1.3550e-18   1.1425e-18
 4814.30  -3.1469e-19   1.0660e-18
 4818.91   2.8246e-18   1.0780e-18
 4823.52  -5.0979e-20   9.1264e-19
 4828.14   4.2524e-19   8.7959e-19
 4832.75   2.1380e-18   8.6518e-19
 4837.36   1.5146e-18   7.8403e-19
 4841.98  -4.0937e-19   7.0802e-19
 4846.59   3.9593e-19   6.5902e-19
 4851.20   1.4442e-19   6.2159e-19
 4855.81   1.7717e-18   6.3308e-19
 4860.43   4.2203e-19   5.4118e-19
 4865.04   3.8597e-19   5.1342e-19
 4869.65   1.2507e-18   5.1672e-19
 4874.27   1.4337e-18   5.0484e-19
 4878.88   9.0441e-19   4.8332e-19
 4883.49   9.5754e-19   4.5103e-19
 4888.10   1.4012e-18   4.5150e-19
 4892.72   7.3824e-19   4.2533e-19
 4897.33   7.1569e-19   4.0656e-19
 4901.94   4.4905e-19   3.8707e-19
 4906.56   7.6887e-19   3.7617e-19
 4911.17   5.0194e-19   3.5002e-19
 4915.78   9.0447e-19   3.5079e-19
 4920.39   1.4404e-18   3.5489e-19
 4925.01   1.0083e-18   3.3692e-19
 4929.62   5.5619e-19   3.2253e-19
 4934.23   8.7515e-19   3.2046e-19
 4938.85   8.5936e-19   3.1645e-19
 4943.46   1.3429e-18   3.2259e-19
 4948.07   3.9591e-19   3.0237e-19
 4952.69   7.7477e-19   2.9475e-19
 4957.30   1.7204e-18   3.1121e-19
 4961.91   1.0873e-18   3.0091e-19
 4966.52   8.7592e-19   2.9604e-19
 4971.14   7.9664e-19   2.9275e-19
 4975.75   1.4178e-18   2.9885e-19
 4980.36   1.5325e-18   2.9500e-19
 4984.98   4.2910e-19   2.7841e-19
 4989.59   1.4181e-18   2.8795e-19
 4994.20   1.5173e-18   2.8556e-19
 4998.81   1.8270e-18   2.8346e-19
 5003.43   1.7419e-18   2.8371e-19
 5008.04   1.4434e-18   2.8228e-19
 5012.65   1.3655e-18   2.7009e-19
 5017.27   2.0438e-18   2.8162e-19
 5021.88   1.6277e-18   2.7740e-19
 5026.49   2.2518e-18   2.8673e-19
 5031.10   1.2619e-18   2.7741e-19
 5035.72   1.5166e-18   2.7579e-19
 5040.33   1.8174e-18   2.7714e-19
 5044.94   1.1539e-18   2.7154e-19
 5049.56   2.2940e-18   2.8137e-19
 5054.17   1.8235e-18   2.7938e-19
 5058.78   1.7485e-18   2.7906e-19
 5063.40   1.3188e-18   2.7627e-19
 5068.01   1.5254e-18   2.7586e-19
 5072.62   2.7314e-18   2.8174e-19
 5077.23   2.1704e-18   2.7552e-19
 5081.85   2.0375e-18   2.7493e-19
 5086.46   2.0857e-18   2.7920e-19
 5091.07   1.6607e-18   2.7674e-19
 5095.69   2.2982e-18   2.7699e-19
 5100.30   2.1133e-18   2.7589e-19
 5104.91   1.9606e-18   2.7506e-19
 5109.52   2.6848e-18   2.7905e-19
 5114.14   1.6918e-18   2.7326e-19
 5118.75   2.3456e-18   2.7108e-19
 5123.36   2.4936e-18   3.2568e-19
 5127.98   2.5118e-18   3.2421e-19
 5132.59   1.9851e-18   2.7408e-19
 5137.20   2.1855e-18   2.7397e-19
 5141.81   2.1013e-18   2.7264e-19
 5146.43   2.2614e-18   2.7455e-19
 5151.04   2.5084e-18   2.7557e-19
 5155.65   2.5227e-18   2.7462e-19
 5160.27   2.3170e-18   2.6997e-19
 5164.88   2.4045e-18   2.6451e-19
 5169.49   2.4702e-18   2.6170e-19
 5174.11   2.5806e-18   2.6343e-19
 5178.72   2.6107e-18   2.6857e-19
 5183.33   3.0121e-18   2.6778e-19
 5187.94   2.2822e-18   2.7455e-19
 5192.56   2.5949e-18   3.1136e-19
 5197.17   2.4918e-18   3.2722e-19
 5201.78   2.4400e-18   3.2145e-19
 5206.40   2.6720e-18   2.9339e-19
 5211.01   2.6540e-18   2.7230e-19
 5215.62   1.9293e-18   2.6817e-19
 5220.23   2.7844e-18   2.7223e-19
 5224.85   2.7904e-18   2.7261e-19
 5229.46   2.0810e-18   2.6782e-19
 5234.07   2.6992e-18   2.7292e-19
 5238.69   2.1855e-18   2.7286e-19
 5243.30   2.2656e-18   2.7288e-19
 5247.91   2.0492e-18   2.7097e-19
 5252.52   1.9261e-18   2.7249e-19
 5257.14   2.2127e-18   2.7213e-19
 5261.75   3.1501e-18   2.7212e-19
 5266.36   2.6018e-18   2.8353e-19
 5270.98   2.6133e-18   3.0185e-19
 5275.59   2.6114e-18   3.0404e-19
 5280.20   2.6048e-18   2.8763e-19
 5284.82   2.0647e-18   2.7246e-19
 5289.43   2.5195e-18   2.7641e-19
 5294.04   2.7759e-18   2.7879e-19
 5298.65   2.5304e-18   2.7673e-19
 5303.27   2.3707e-18   2.8056e-19
 5307.88   2.5486e-18   2.8367e-19
 5312.49   2.5828e-18   2.8484e-19
 5317.11   2.7752e-18   2.8168e-19
 5321.72   2.6724e-18   2.8461e-19
 5326.33   2.5149e-18   2.8675e-19
 5330.94   2.4922e-18   2.9012e-19
 5335.56   2.6070e-18   2.9012e-19
 5340.17   2.6056e-18   2.8348e-19
 5344.78   2.2940e-18   2.8652e-19
 5349.40   2.9543e-18   2.9386e-19
 5354.01   3.8986e-18   3.0111e-19
 5358.62   3.9475e-18   2.9953e-19
 5363.23   3.0038e-18   2.9315e-19
 5367.85   2.7201e-18   2.8844e-19
 5372.46   2.7797e-18   2.9003e-19
 5377.07   2.4372e-18   2.9074e-19
 5381.69   3.3548e-18   2.9610e-19
 5386.30   3.9572e-18   2.9868e-19
 5390.91   3.4358e-18   2.9645e-19
 5395.53   3.7680e-18   2.9742e-19
 5400.14   4.0326e-18   2.9840e-19
 5404.75   3.3454e-18   2.9705e-19
 5409.36   3.2109e-18   2.9886e-19
 5413.98   3.3738e-18   3.0328e-19
 5418.59   3.1478e-18   3.0602e-19
 5423.20   3.1769e-18   3.0593e-19
 5427.82   2.9927e-18   3.0542e-19
 5432.43   3.1551e-18   3.0939e-19
 5437.04   3.5608e-18   3.1426e-19
 5441.65   4.4476e-18   3.1624e-19
 5446.27   3.9566e-18   3.1268e-19
 5450.88   4.3389e-18   3.1921e-19
 5455.49   4.1475e-18   3.2878e-19
 5460.11   4.4117e-18   3.3488e-19
 5464.72   5.4717e-18   3.3695e-19
 5469.33   5.1835e-18   3.2384e-19
 5473.95   4.5554e-18   3.1579e-19
 5478.56   4.9388e-18   3.1673e-19
 5483.17   4.7952e-18   3.1416e-19
 5487.78   4.6541e-18   3.1585e-19
 5492.40   4.6199e-18   3.1608e-19
 5497.01   3.8991e-18   3.1155e-19
 5501.62   4.8552e-18   3.1609e-19
 5506.24   4.6560e-18   3.1507e-19
 5510.85   4.9315e-18   3.1580e-19
 5515.46   5.3577e-18   3.1793e-19
 5520.07   4.9975e-18   3.1493e-19
 5524.69   5.2340e-18   3.1590e-19
 5529.30   5.9686e-18   3.1757e-19
 5533.91   5.7072e-18   3.1879e-19
 5538.53   4.7481e-18   3.2209e-19
 5543.14   5.3502e-18   3.2494e-19
 5547.75   5.9560e-18   3.2692e-19
 5552.36   5.3042e-18   3.2095e-19
 5556.98   5.4517e-18   3.2252e-19
 5561.59   5.1151e-18   3.1399e-19
 5566.20   5.1250e-18   4.5072e-19
 5570.82   5.0845e-18   7.6771e-19
 5575.43   6.4783e-18   9.3899e-19
 5580.04   4.4653e-18   8.9881e-19
 5584.66   5.1663e-18   6.7097e-19
 5589.27   4.7295e-18   3.4318e-19
 5593.88   5.2716e-18   3.2102e-19
 5598.49   5.0030e-18   3.1285e-19
 5603.11   5.3875e-18   3.1416e-19
 5607.72   4.7640e-18   3.1070e-19
 5612.33   4.9356e-18   3.0387e-19
 5616.95   4.4256e-18   3.0378e-19
 5621.56   4.9952e-18   3.0591e-19
 5626.17   5.3468e-18   3.5513e-19
 5630.78   5.3140e-18   3.6779e-19
 5635.40   5.3769e-18   3.0156e-19
 5640.01   5.8005e-18   3.0296e-19
 5644.62   5.6701e-18   3.0290e-19
 5649.24   5.1167e-18   3.0114e-19
 5653.85   5.3509e-18   2.9729e-19
 5658.46   5.0990e-18   2.9553e-19
 5663.08   5.0636e-18   2.9604e-19
 5667.69   5.4049e-18   2.9763e-19
 5672.30   5.6069e-18   3.0031e-19
 5676.91   4.9735e-18   3.0269e-19
 5681.53   5.4677e-18   3.0980e-19
 5686.14   5.2287e-18   3.1255e-19
 5690.75   5.0169e-18   3.0981e-19
 5695.37   5.6654e-18   3.0393e-19
 5699.98   5.1568e-18   2.9397e-19
 5704.59   4.8390e-18   2.8884e-19
 5709.20   5.8237e-18   2.9090e-19
 5713.82   5.2340e-18   2.8873e-19
 5718.43   5.0117e-18   2.8728e-19
 5723.04   5.0871e-18   2.8608e-19
 5727.66   4.9423e-18   2.8354e-19
 5732.27   5.3259e-18   2.8376e-19
 5736.88   5.1630e-18   2.8096e-19
 5741.49   5.2305e-18   2.7960e-19
 5746.11   5.5396e-18   2.7923e-19
 5750.72   5.3578e-18   2.7761e-19
 5755.33   5.3107e-18   2.7535e-19
 5759.95   5.3841e-18   2.7633e-19
 5764.56   5.4262e-18   2.7750e-19
 5769.17   4.9083e-18   2.7417e-19
 5773.79   4.5505e-18   2.7130e-19
 5778.40   5.1790e-18   2.6950e-19
 5783.01   5.4020e-18   2.6889e-19
 5787.62   4.5510e-18   2.6681e-19
 5792.24   4.5090e-18   2.6692e-19
 5796.85   4.3451e-18   2.6461e-19
 5801.46   4.7310e-18   2.6292e-19
 5806.08   4.4080e-18   2.6373e-19
 5810.69   4.3278e-18   2.6296e-19
 5815.30   4.5522e-18   2.6344e-19
 5819.91   4.1977e-18   2.6216e-19
 5824.53   4.3195e-18   2.6111e-19
 5829.14   4.6967e-18   2.6188e-19
 5833.75   4.7070e-18   2.6089e-19
 5838.37   4.9159e-18   2.6122e-19
 5842.98   4.9568e-18   2.5909e-19
 5847.59   4.7280e-18   2.5783e-19
 5852.20   4.6118e-18   2.5627e-19
 5856.82   5.3350e-18   2.6128e-19
 5861.43   4.9645e-18   2.7076e-19
 5866.04   5.0021e-18   2.7893e-19
 5870.66   5.1662e-18   2.7996e-19
 5875.27   4.3788e-18   2.6864e-19
 5879.88   5.5019e-18   3.4361e-19
 5884.50   4.3632e-18   4.9998e-19
 5889.11   5.8458e-18   6.1882e-19
 5893.72   4.4143e-18   6.3319e-19
 5898.33   5.9488e-18   5.3260e-19
 5902.95   4.5136e-18   3.8015e-19
 5907.56   5.6878e-18   2.8368e-19
 5912.17   4.4905e-18   2.6447e-19
 5916.79   4.9307e-18   2.6676e-19
 5921.40   4.5855e-18   2.6276e-19
 5926.01   4.9597e-18   2.6385e-19
 5930.62   4.8250e-18   2.6400e-19
 5935.24   4.9608e-18   2.5999e-19
 5939.85   4.5217e-18   2.5174e-19
 5944.46   4.1525e-18   2.4703e-19
 5949.08   4.5020e-18   2.5227e-19
 5953.69   4.8381e-18   2.5270e-19
 5958.30   4.5280e-18   2.4718e-19
 5962.92   4.4769e-18   2.4080e-19
 5967.53   4.3491e-18   2.3887e-19
 5972.14   4.6032e-18   2.4284e-19
 5976.75   4.2524e-18   2.4055e-19
 5981.37   4.2976e-18   2.3592e-19
 5985.98   4.5134e-18   2.3128e-19
 5990.59   4.2820e-18   2.2777e-19
 5995.21   4.8541e-18   2.3005e-19
 5999.82   4.4238e-18   2.2894e-19
 6004.43   4.3833e-18   2.2526e-19
 6009.04   4.4580e-18   2.2295e-19
 6013.66   4.1908e-18   2.1774e-19
 6018.27   4.1863e-18   2.1540e-19
 6022.88   4.3630e-18   2.0999e-19
 6027.50   4.0969e-18   2.1423e-19
 6032.11   3.8103e-18   2.1366e-19
 6036.72   3.8814e-18   2.0858e-19
 6041.33   4.1481e-18   2.1032e-19
 6045.95   4.3329e-18   2.0834e-19
 6050.56   3.8717e-18   2.0622e-19
 6055.17   3.7834e-18   2.0435e-19
 6059.79   3.7901e-18   2.0421e-19
 6064.40   4.2830e-18   2.0471e-19
 6069.01   3.9536e-18   2.0320e-19
 6073.62   3.6946e-18   1.9751e-19
 6078.24   3.8882e-18   1.9373e-19
 6082.85   3.6945e-18   1.9773e-19
 6087.46   3.8482e-18   1.9754e-19
 6092.08   3.6307e-18   1.9721e-19
 6096.69   3.6094e-18   1.9830e-19
 6101.30   3.8114e-18   2.0054e-19
 6105.92   3.5470e-18   2.0292e-19
 6110.53   3.6560e-18   2.0582e-19
 6115.14   3.7520e-18   2.0474e-19
 6119.75   3.4448e-18   1.9915e-19
 6124.37   3.3458e-18   1.9262e-19
 6128.98   3.3652e-18   1.9274e-19
 6133.59   3.4531e-18   1.9414e-19
 6138.21   4.1650e-18   1.9857e-19
 6142.82   3.9996e-18   1.9814e-19
 6147.43   3.6157e-18   1.9598e-19
 6152.04   3.4988e-18   1.9948e-19
 6156.66   3.5545e-18   1.9965e-19
 6161.27   3.5074e-18   1.9636e-19
 6165.88   3.6700e-18   1.9362e-19
 6170.50   3.5145e-18   1.9161e-19
 6175.11   3.6024e-18   1.9027e-19
 6179.72   3.6425e-18   1.8654e-19
 6184.33   3.5816e-18   1.8337e-19
 6188.95   3.5734e-18   1.8335e-19
 6193.56   3.3341e-18   1.8334e-19
 6198.17   3.7984e-18   1.8609e-19
 6202.79   3.4003e-18   1.8542e-19
 6207.40   3.7265e-18   1.8538e-19
 6212.01   3.5643e-18   1.8332e-19
 6216.63   3.3277e-18   1.8386e-19
 6221.24   3.5398e-18   1.8512e-19
 6225.85   3.5490e-18   1.9081e-19
 6230.46   4.1143e-18   2.0466e-19
 6235.08   3.7511e-18   2.1254e-19
 6239.69   3.5311e-18   2.1083e-19
 6244.30   3.9665e-18   1.9907e-19
 6248.92   3.6482e-18   1.9290e-19
 6253.53   3.5391e-18   1.9969e-19
 6258.14   3.6530e-18   2.0694e-19
 6262.75   3.5158e-18   2.0496e-19
 6267.37   3.7427e-18   1.9492e-19
 6271.98   3.4113e-18   1.8668e-19
 6276.59   3.6440e-18   1.8509e-19
 6281.21   3.8019e-18   1.9713e-19
 6285.82   3.9619e-18   2.0141e-19
 6290.43   3.7327e-18   3.9811e-19
 6295.05   3.7536e-18   6.3010e-19
 6299.66   3.7726e-18   7.0879e-19
 6304.27   4.1144e-18   6.5158e-19
 6308.88   4.6908e-18   4.3604e-19
 6313.50   3.5777e-18   2.0362e-19
 6318.11   3.9876e-18   1.9162e-19
 6322.72   3.4847e-18   1.9143e-19
 6327.34   4.1659e-18   1.9809e-19
 6331.95   4.0412e-18   1.9379e-19
 6336.56   3.7345e-18   1.8429e-19
 6341.17   3.9355e-18   1.7790e-19
 6345.79   4.2136e-18   1.8196e-19
 6350.40   4.5929e-18   1.9926e-19
 6355.01   3.4826e-18   3.0063e-19
 6359.63   4.6236e-18   4.0907e-19
 6364.24   2.9846e-18   4.2330e-19
 6368.85   4.0143e-18   3.7643e-19
 6373.46   3.6537e-18   2.4466e-19
 6378.08   4.2855e-18   1.8076e-19
 6382.69   3.9993e-18   1.7993e-19
 6387.30   3.8568e-18   1.7683e-19
 6391.92   4.3249e-18   1.7490e-19
 6396.53   4.4452e-18   1.7075e-19
 6401.14   4.1301e-18   1.6803e-19
 6405.76   4.1993e-18   1.6772e-19
 6410.37   3.9530e-18   1.6759e-19
 6414.98   3.9775e-18   1.6918e-19
 6419.59   3.9715e-18   1.6920e-19
 6424.21   4.2038e-18   1.6839e-19
 6428.82   4.3320e-18   1.6704e-19
 6433.43   4.1874e-18   1.6526e-19
 6438.05   4.0637e-18   1.6455e-19
 6442.66   4.1079e-18   1.6526e-19
 6447.27   4.2461e-18   1.6844e-19
 6451.88   4.2812e-18   1.7209e-19
 6456.50   4.5166e-18   1.7838e-19
 6461.11   4.2094e-18   1.8658e-19
 6465.72   4.4050e-18   1.9259e-19
 6470.34   4.7391e-18   1.9181e-19
 6474.95   4.2997e-18   1.8142e-19
 6479.56   3.9841e-18   1.6917e-19
 6484.17   4.5531e-18   1.6553e-19
 6488.79   4.4155e-18   1.6937e-19
 6493.40   4.3884e-18   1.8404e-19
 6498.01   3.9707e-18   1.9318e-19
 6502.63   4.3480e-18   1.9424e-19
 6507.24   4.3840e-18   1.8198e-19
 6511.85   4.1888e-18   1.7076e-19
 6516.47   3.9910e-18   1.6829e-19
 6521.08   4.0081e-18   1.7071e-19
 6525.69   4.2922e-18   1.8033e-19
 6530.30   4.1388e-18   1.8558e-19
 6534.92   4.6268e-18   1.8837e-19
 6539.53   4.1404e-18   1.8332e-19
 6544.14   4.4864e-18   1.8200e-19
 6548.76   4.3429e-18   1.8849e-19
 6553.37   4.6660e-18   1.9293e-19
 6557.98   4.1738e-18   1.9208e-19
 6562.59   4.6011e-18   1.8709e-19
 6567.21   4.4251e-18   1.8375e-19
 6571.82   4.1150e-18   1.8496e-19
 6576.43   4.3412e-18   1.8435e-19
 6581.05   4.0727e-18   1.7892e-19
 6585.66   4.0220e-18   1.7009e-19
 6590.27   4.4004e-18   1.6692e-19
 6594.88   4.5954e-18   1.7116e-19
 6599.50   4.6752e-18   1.7654e-19
 6604.11   4.0760e-18   1.7378e-19
 6608.72   4.2391e-18   1.7085e-19
 6613.34   4.1788e-18   1.6511e-19
 6617.95   4.3264e-18   1.6358e-19
 6622.56   4.4342e-18   1.6586e-19
 6627.18   4.4776e-18   1.6885e-19
 6631.79   4.6326e-18   1.7022e-19
 6636.40   4.6486e-18   1.6932e-19
 6641.01   4.3642e-18   1.6627e-19
 6645.63   3.9501e-18   1.6299e-19
 6650.24   4.1794e-18   1.6335e-19
 6654.85   4.2659e-18   1.6418e-19
 6659.47   4.1523e-18   1.6510e-19
 6664.08   4.3567e-18   1.6605e-19
 6668.69   4.4232e-18   1.6601e-19
 6673.30   4.4628e-18   1.6504e-19
 6677.92   4.0571e-18   1.6306e-19
 6682.53   4.0674e-18   1.6277e-19
 6687.14   4.2592e-18   1.6355e-19
 6691.76   4.3954e-18   1.6472e-19
 6696.37   4.7688e-18   1.6660e-19
 6700.98   4.2933e-18   1.6617e-19
 6705.60   4.0946e-18   1.6555e-19
 6710.21   4.3357e-18   1.6583e-19
 6714.82   4.2994e-18   1.6505e-19
 6719.43   4.2154e-18   1.6399e-19
 6724.05   4.0799e-18   1.6334e-19
 6728.66   4.2732e-18   1.6388e-19
 6733.27   4.0103e-18   1.6311e-19
 6737.89   4.3260e-18   1.6425e-19
 6742.50   4.3433e-18   1.6465e-19
 6747.11   4.0813e-18   1.6354e-19
 6751.72   4.1219e-18   1.6241e-19
 6756.34   4.2863e-18   1.6205e-19
 6760.95   4.5223e-18   1.6266e-19
 6765.56   4.4084e-18   1.6201e-19
 6770.18   4.2781e-18   1.6158e-19
 6774.79   4.4207e-18   1.6187e-19
 6779.40   4.2480e-18   1.6159e-19
 6784.01   4.0106e-18   1.6183e-19
 6788.63   4.4986e-18   1.6256e-19
 6793.24   4.5383e-18   1.6209e-19
 6797.85   4.4964e-18   1.6129e-19
 6802.47   4.4467e-18   1.6076e-19
 6807.08   4.3234e-18   1.6048e-19
 6811.69   4.2221e-18   1.6035e-19
 6816.31   4.1685e-18   1.6336e-19
 6820.92   4.0148e-18   1.8382e-19
 6825.53   4.0524e-18   2.1425e-19
 6830.14   4.0751e-18   2.3276e-19
 6834.76   4.4533e-18   2.2957e-19
 6839.37   4.2751e-18   2.0444e-19
 6843.98   4.0040e-18   1.7936e-19
 6848.60   4.0240e-18   1.6521e-19
 6853.21   4.0944e-18   1.7415e-19
 6857.82   4.2698e-18   2.0690e-19
 6862.43   4.1112e-18   2.2132e-19
 6867.05   3.4101e-18   2.1721e-19
 6871.66   4.5125e-18   1.9282e-19
 6876.27   4.3872e-18   1.7015e-19
 6880.89   4.3765e-18   1.7218e-19
 6885.50   3.7004e-18   1.7307e-19
 6890.11   3.8824e-18   1.7199e-19
 6894.73   4.0550e-18   1.7232e-19
 6899.34   3.4853e-18   1.7085e-19
 6903.95   3.5499e-18   1.7455e-19
 6908.56   3.9954e-18   1.8035e-19
 6913.18   3.8052e-18   1.8405e-19
 6917.79   3.9929e-18   1.9993e-19
 6922.40   3.9741e-18   1.9814e-19
 6927.02   3.8645e-18   1.9080e-19
 6931.63   3.9845e-18   1.7946e-19
 6936.24   4.1164e-18   1.7677e-19
 6940.85   4.4991e-18   1.9349e-19
 6945.47   4.0064e-18   2.0396e-19
 6950.08   4.2793e-18   2.0141e-19
 6954.69   4.1798e-18   1.8858e-19
 6959.31   4.5372e-18   1.7206e-19
 6963.92   4.0797e-18   1.6753e-19
 6968.53   4.1332e-18   1.7830e-19
 6973.14   4.1772e-18   1.8949e-19
 6977.76   4.4436e-18   1.9056e-19
 6982.37   4.0656e-18   1.8143e-19
 6986.98   4.2096e-18   1.6922e-19
 6991.60   4.0390e-18   1.5972e-19
 6996.21   4.3029e-18   1.6397e-19
 7000.82   4.0837e-18   1.6861e-19
 7005.44   4.6184e-18   1.7566e-19
 7010.05   4.5006e-18   1.7470e-19
 7014.66   4.1833e-18   1.7080e-19
 7019.27   4.2562e-18   1.6018e-19
 7023.89   4.3924e-18   1.5455e-19
 7028.50   3.8794e-18   1.5283e-19
 7033.11   4.0329e-18   1.5503e-19
 7037.73   4.0927e-18   1.5925e-19
 7042.34   4.0357e-18   1.6674e-19
 7046.95   3.9685e-18   1.7130e-19
 7051.56   3.9443e-18   1.6977e-19
 7056.18   4.1461e-18   1.6592e-19
 7060.79   4.0168e-18   1.6219e-19
 7065.40   4.3107e-18   1.6331e-19
 7070.02   4.2431e-18   1.6511e-19
 7074.63   4.4237e-18   1.6692e-19
 7079.24   4.1582e-18   1.7617e-19
 7083.85   4.1326e-18   1.7803e-19
 7088.47   4.1314e-18   1.6978e-19
 7093.08   3.9839e-18   1.5973e-19
 7097.69   4.2805e-18   1.5642e-19
 7102.31   4.0732e-18   1.5353e-19
 7106.92   3.8862e-18   1.5315e-19
 7111.53   3.9773e-18   1.5338e-19
 7116.15   3.8969e-18   1.5265e-19
 7120.76   4.0601e-18   1.5428e-19
 7125.37   3.8886e-18   1.5500e-19
 7129.98   3.8420e-18   1.5602e-19
 7134.60   4.2619e-18   1.5789e-19
 7139.21   3.7389e-18   1.5897e-19
 7143.82   3.9903e-18   1.6119e-19
 7148.44   4.4492e-18   1.6176e-19
 7153.05   4.2434e-18   1.5870e-19
 7157.66   4.0134e-18   1.5616e-19
 7162.27   4.1285e-18   1.5627e-19
 7166.89   3.7271e-18   1.5377e-19
 7171.50   3.9238e-18   1.5300e-19
 7176.11   3.8417e-18   1.5046e-19
 7180.73   3.8888e-18   1.4785e-19
 7185.34   3.4602e-18   1.4298e-19
 7189.95   3.6668e-18   1.4031e-19
 7194.56   3.6021e-18   1.3886e-19
 7199.18   3.7030e-18   1.3975e-19
 7203.79   3.7374e-18   1.4187e-19
 7208.40   3.6910e-18   1.4309e-19
 7213.02   3.6406e-18   1.4509e-19
 7217.63   3.7826e-18   1.4768e-19
 7222.24   4.0841e-18   1.4970e-19
 7226.86   3.9602e-18   1.5644e-19
 7231.47   3.2868e-18   1.8874e-19
 7236.08   3.5969e-18   2.4507e-19
 7240.69   3.9723e-18   2.7996e-19
 7245.31   3.7426e-18   2.7729e-19
 7249.92   3.5330e-18   2.4007e-19
 7254.53   3.4068e-18   1.9082e-19
 7259.15   4.0792e-18   1.6843e-19
 7263.76   3.2044e-18   1.6366e-19
 7268.37   3.7750e-18   2.1381e-19
 7272.98   3.7558e-18   2.5459e-19
 7277.60   4.2534e-18   2.7645e-19
 7282.21   3.1853e-18   2.5927e-19
 7286.82   3.7650e-18   2.1842e-19
 7291.44   3.5349e-18   1.8952e-19
 7296.05   3.6824e-18   1.8072e-19
 7300.66   3.2730e-18   1.8394e-19
 7305.27   3.7894e-18   1.9371e-19
 7309.89   3.3643e-18   2.2504e-19
 7314.50   3.8930e-18   2.3792e-19
 7319.11   3.4458e-18   2.3581e-19
 7323.73   4.3742e-18   2.2064e-19
 7328.34   3.3165e-18   1.9643e-19
 7332.95   4.1207e-18   2.3212e-19
 7337.57   3.7516e-18   2.5055e-19
 7342.18   4.1910e-18   2.4995e-19
 7346.79   3.5374e-18   2.2351e-19
 7351.40   3.8627e-18   1.9264e-19
 7356.02   3.9510e-18   1.8638e-19
 7360.63   4.5506e-18   2.1390e-19
 7365.24   3.7513e-18   2.3282e-19
 7369.86   4.3369e-18   2.2696e-19
 7374.47   3.9376e-18   2.0795e-19
 7379.08   4.2670e-18   1.6935e-19
 7383.69   3.7230e-18   1.5838e-19
 7388.31   4.4525e-18   1.7334e-19
 7392.92   3.7325e-18   1.8841e-19
 7397.53   4.3998e-18   2.0822e-19
 7402.15   4.0601e-18   2.0118e-19
 7406.76   4.3008e-18   1.8743e-19
 7411.37   3.7251e-18   1.5951e-19
 7415.98   4.1747e-18   1.4589e-19
 7420.60   4.0462e-18   1.5056e-19
 7425.21   3.8123e-18   1.5666e-19
 7429.82   3.9373e-18   1.6955e-19
 7434.44   3.6427e-18   1.7879e-19
 7439.05   3.7973e-18   1.7584e-19
 7443.66   3.9009e-18   1.6414e-19
 7448.28   3.5702e-18   1.4715e-19
 7452.89   3.6731e-18   1.4340e-19
 7457.50   3.7905e-18   1.5211e-19
 7462.11   3.7473e-18   1.6406e-19
 7466.73   3.9579e-18   1.8069e-19
 7471.34   3.6234e-18   1.9110e-19
 7475.95   3.6163e-18   2.0029e-19
 7480.57   3.6255e-18   1.9667e-19
 7485.18   4.0597e-18   1.8593e-19
 7489.79   3.6501e-18   1.6844e-19
 7494.40   3.8292e-18   1.5377e-19
 7499.02   3.6045e-18   1.4723e-19
 7503.63   4.1926e-18   1.4361e-19
 7508.24   3.7736e-18   1.4123e-19
 7512.86   3.9912e-18   1.5740e-19
 7517.47   3.4792e-18   1.9457e-19
 7522.08   3.9851e-18   2.1994e-19
 7526.70   3.4911e-18   2.2210e-19
 7531.31   3.9642e-18   1.9803e-19
 7535.92   3.3215e-18   1.6640e-19
 7540.53   3.3731e-18   1.5028e-19
 7545.15   3.6971e-18   1.4718e-19
 7549.76   3.7891e-18   1.5161e-19
 7554.37   3.6609e-18   1.5588e-19
 7558.99   3.5091e-18   1.5955e-19
 7563.60   3.5136e-18   1.7774e-19
 7568.21   3.7451e-18   1.9311e-19
 7572.82   3.7150e-18   1.9424e-19
 7577.44   3.6493e-18   1.8514e-19
 7582.05   3.7455e-18   1.6560e-19
 7586.66   3.7029e-18   1.5715e-19
 7591.28   3.0711e-18   1.5630e-19
 7595.89   3.3810e-18   1.4164e-19
 7600.50   3.3359e-18   1.2584e-19
 7605.11   3.3351e-18   1.1151e-19
 7609.73   3.3376e-18   1.1316e-19
 7614.34   3.3361e-18   1.2813e-19
 7618.95   3.3355e-18   1.4338e-19
 7623.57   3.3327e-18   1.4719e-19
 7628.18   3.3197e-18   1.4351e-19
 7632.79   3.3338e-18   1.3237e-19
 7637.41   3.3417e-18   1.2220e-19
 7642.02   3.3424e-18   1.1838e-19
 7646.63   3.3227e-18   1.2487e-19
 7651.24   3.2393e-18   1.3482e-19
 7655.86   3.3591e-18   1.4690e-19
 7660.47   3.0711e-18   1.5061e-19
 7665.08   3.1136e-18   1.4850e-19
 7669.70   3.1115e-18   1.4179e-19
 7674.31   3.5059e-18   1.3790e-19
 7678.92   3.3440e-18   1.4531e-19
 7683.53   3.2899e-18   1.5545e-19
 7688.15   3.4903e-18   1.6295e-19
 7692.76   3.3941e-18   1.6782e-19
 7697.37   3.7108e-18   1.6358e-19
 7701.99   3.4905e-18   1.7627e-19
 7706.60   3.5811e-18   2.3410e-19
 7711.21   3.6133e-18   2.8935e-19
 7715.82   2.9394e-18   3.0411e-19
 7720.44   3.6317e-18   2.8322e-19
 7725.05   3.4446e-18   2.2270e-19
 7729.66   3.8630e-18   1.8616e-19
 7734.28   3.4065e-18   1.6637e-19
 7738.89   3.5236e-18   1.7181e-19
 7743.50   3.8792e-18   2.3825e-19
 7748.12   3.7074e-18   2.7620e-19
 7752.73   3.4220e-18   2.9225e-19
 7757.34   3.1709e-18   2.6253e-19
 7761.95   3.9530e-18   2.2247e-19
 7766.57   3.5512e-18   2.3565e-19
 7771.18   3.7641e-18   2.5215e-19
 7775.79   3.0488e-18   2.5748e-19
 7780.41   3.9605e-18   2.3528e-19
 7785.02   3.5904e-18   2.2230e-19
 7789.63   3.4888e-18   2.4897e-19
 7794.24   3.2223e-18   2.4972e-19
 7798.86   3.5521e-18   2.4035e-19
 7803.47   3.2524e-18   2.1123e-19
 7808.08   3.3606e-18   1.9687e-19
 7812.70   3.9936e-18   2.3696e-19
 7817.31   3.2135e-18   2.6486e-19
 7821.92   3.2946e-18   2.6699e-19
 7826.54   3.3912e-18   2.4098e-19
 7831.15   3.6019e-18   1.9098e-19
 7835.76   3.1164e-18   1.8081e-19
 7840.37   3.7078e-18   1.9792e-19
 7844.99   2.8351e-18   2.4453e-19
 7849.60   3.5499e-18   2.8499e-19
 7854.21   3.3291e-18   3.0443e-19
 7858.83   3.6049e-18   2.9217e-19
 7863.44   4.0159e-18   2.6856e-19
 7868.05   3.1913e-18   2.4719e-19
 7872.66   3.8709e-18   2.4719e-19
 7877.28   3.2562e-18   2.3854e-19
 7881.89   4.0699e-18   2.3786e-19
 7886.50   2.9494e-18   2.4417e-19
 7891.12   3.8207e-18   2.2764e-19
 7895.73   3.2687e-18   2.0292e-19
 7900.34   3.3713e-18   1.7216e-19
 7904.95   2.8897e-18   2.2363e-19
 7909.57   4.0909e-18   2.9671e-19
 7914.18   3.0995e-18   3.3019e-19
 7918.79   3.7334e-18   3.1870e-19
 7923.41   3.3412e-18   2.7257e-19
 7928.02   3.1991e-18   2.3162e-19
 7932.63   3.9452e-18   2.0947e-19
 7937.25   3.3622e-18   1.8984e-19
 7941.86   3.9480e-18   1.8458e-19
 7946.47   3.3153e-18   1.9084e-19
 7951.08   3.1291e-18   1.9128e-19
 7955.70   3.3348e-18   2.1549e-19
 7960.31   3.4733e-18   2.5869e-19
 7964.92   3.6239e-18   2.6855e-19
 7969.54   4.0393e-18   2.6473e-19
 7974.15   3.1087e-18   2.3072e-19
 7978.76   3.6719e-18   2.1310e-19
 7983.37   3.1422e-18   2.3773e-19
 7987.99   3.5038e-18   2.7142e-19
 7992.60   4.2323e-18   2.8459e-19
 7997.21   3.6811e-18   2.6650e-19
 8001.83   3.3465e-18   2.1188e-19
 8006.44   3.2282e-18   1.7323e-19
 8011.05   3.8186e-18   1.9459e-19
 8015.67   4.0393e-18   2.1652e-19
 8020.28   3.6370e-18   2.5701e-19
 8024.89   3.1486e-18   2.5689e-19
 8029.50   3.5019e-18   2.4690e-19
 8034.12   3.0991e-18   1.9494e-19
 8038.73   3.5936e-18   1.5482e-19
 8043.34   3.9106e-18   1.6202e-19
 8047.96   3.4032e-18   1.7216e-19
 8052.57   3.5865e-18   1.9287e-19
 8057.18   3.5110e-18   2.1078e-19
 8061.79   3.9447e-18   2.0860e-19
 8066.41   3.1169e-18   1.9429e-19
 8071.02   3.6945e-18   1.6791e-19
 8075.63   3.4919e-18   1.5095e-19
 8080.25   3.5913e-18   1.5357e-19
 8084.86   3.3471e-18   1.5599e-19
 8089.47   3.8957e-18   1.6245e-19
 8094.08   3.4011e-18   1.7252e-19
 8098.70   3.1762e-18   1.7964e-19
 8103.31   3.3338e-18   1.7785e-19
 8107.92   3.7561e-18   1.6859e-19
 8112.54   4.0093e-18   1.5538e-19
 8117.15   3.5062e-18   1.4665e-19
 8121.76   3.5213e-18   1.4675e-19
 8126.38   3.6824e-18   1.4803e-19
 8130.99   3.2866e-18   1.5037e-19
 8135.60   3.2035e-18   1.5450e-19
 8140.21   3.5037e-18   1.6007e-19
 8144.83   3.2070e-18   1.5730e-19
 8149.44   3.1480e-18   1.5146e-19
 8154.05   3.3755e-18   1.4464e-19
 8158.67   3.2922e-18   1.3884e-19
 8163.28   3.3866e-18   1.3700e-19
 8167.89   3.2645e-18   1.3761e-19
 8172.50   3.2441e-18   1.4333e-19
 8177.12   3.5270e-18   1.5392e-19
 8181.73   3.6050e-18   1.6383e-19
 8186.34   3.0612e-18   1.7315e-19
 8190.96   3.5603e-18   1.8082e-19
 8195.57   3.3775e-18   1.7588e-19
 8200.18   3.4178e-18   1.6936e-19
 8204.79   3.2435e-18   1.5459e-19
 8209.41   3.6621e-18   1.5043e-19
 8214.02   3.4807e-18   1.4889e-19
 8218.63   3.1498e-18   1.4412e-19
 8223.25   3.0576e-18   1.4000e-19
 8227.86   3.1070e-18   1.3736e-19
 8232.47   3.1277e-18   1.3805e-19
 8237.08   3.4512e-18   1.4437e-19
 8241.70   3.4055e-18   1.4981e-19
 8246.31   3.3651e-18   1.5161e-19
 8250.92   3.3844e-18   1.5059e-19
 8255.54   3.5392e-18   1.4804e-19
 8260.15   3.4194e-18   1.4665e-19
 8264.76   3.4248e-18   1.4493e-19
 8269.38   3.5380e-18   1.6912e-19
 8273.99   3.3783e-18   2.2005e-19
 8278.60   3.0236e-18   2.8244e-19
 8283.21   3.5453e-18   3.2087e-19
 8287.83   3.9741e-18   3.3540e-19
 8292.44   3.0204e-18   3.4470e-19
 8297.05   3.6263e-18   3.2472e-19
 8301.67   2.8195e-18   3.0134e-19
 8306.28   4.2281e-18   2.5724e-19
 8310.89   3.5692e-18   2.1104e-19
 8315.50   3.5484e-18   1.9264e-19
 8320.12   3.5250e-18   1.6429e-19
 8324.73   3.3796e-18   1.5050e-19
 8329.34   3.2593e-18   1.3575e-19
 8333.96   3.4889e-18   2.3402e-19
 8338.57   3.2495e-18   3.5764e-19
 8343.18   3.1398e-18   4.2360e-19
 8347.79   2.9326e-18   4.3575e-19
 8352.41   3.9171e-18   3.5746e-19
 8357.02   3.0546e-18   2.7865e-19
 8361.63   3.3321e-18   2.2813e-19
 8366.25   3.5914e-18   2.0462e-19
 8370.86   3.1814e-18   1.9222e-19
 8375.47   4.0058e-18   2.1575e-19
 8380.09   3.2226e-18   2.3590e-19
 8384.70   3.0623e-18   2.2756e-19
 8389.31   3.8047e-18   2.6432e-19
 8393.92   3.2754e-18   3.2990e-19
 8398.54   4.0053e-18   3.5341e-19
 8403.15   3.5181e-18   3.3847e-19
 8407.76   3.8543e-18   2.7248e-19
 8412.38   3.5273e-18   2.4630e-19
 8416.99   3.6933e-18   2.4807e-19
 8421.60   3.6059e-18   3.1653e-19
 8426.21   3.6555e-18   3.6464e-19
 8430.83   4.0082e-18   3.7839e-19
 8435.44   3.2665e-18   3.2953e-19
 8440.05   3.1842e-18   2.4284e-19
 8444.67   3.3294e-18   2.3373e-19
 8449.28   3.3210e-18   2.6113e-19
 8453.89   3.8863e-18   2.6583e-19
 8458.50   3.3521e-18   3.1475e-19
 8463.12   3.3741e-18   3.2237e-19
 8467.73   3.1616e-18   3.1962e-19
 8472.34   3.2589e-18   2.5145e-19
 8476.96   3.5429e-18   1.7048e-19
 8481.57   3.2519e-18   1.5076e-19
 8486.18   3.3592e-18   1.8458e-19
 8490.80   2.6506e-18   2.0453e-19
 8495.41   3.4171e-18   2.3796e-19
 8500.02   3.1526e-18   2.7276e-19
 8504.63   3.4836e-18   2.5838e-19
 8509.25   2.9733e-18   2.4156e-19
 8513.86   3.1520e-18   1.7646e-19
 8518.47   3.2272e-18   1.4654e-19
 8523.09   3.3497e-18   1.4556e-19
 8527.70   3.3062e-18   1.4847e-19
 8532.31   3.5830e-18   1.6375e-19
 8536.92   3.4975e-18   1.7841e-19
 8541.54   3.5829e-18   2.0055e-19
 8546.15   3.2978e-18   2.1040e-19
 8550.76   3.2073e-18   1.9669e-19
 8555.38   3.2629e-18   1.7938e-19
 8559.99   3.2038e-18   1.4587e-19
 8564.60   3.4455e-18   1.4446e-19
 8569.21   3.2488e-18   1.4768e-19
 8573.83   3.3684e-18   1.4854e-19
 8578.44   2.9621e-18   1.5233e-19
 8583.05   3.2961e-18   1.5884e-19
 8587.67   3.6427e-18   1.7042e-19
 8592.28   3.3916e-18   1.7767e-19
 8596.89   3.3816e-18   1.7458e-19
 8601.51   3.1688e-18   1.6592e-19
 8606.12   2.9825e-18   1.6174e-19
 8610.73   3.1816e-18   1.7885e-19
 8615.34   3.0641e-18   2.1564e-19
 8619.96   3.1558e-18   2.5692e-19
 8624.57   3.7812e-18   2.8937e-19
 8629.18   3.1840e-18   3.0183e-19
 8633.80   3.4407e-18   2.8914e-19
 8638.41   3.3987e-18   2.6102e-19
 8643.02   2.9380e-18   2.4668e-19
 8647.63   2.9578e-18   2.6286e-19
 8652.25   3.1640e-18   2.9034e-19
 8656.86   3.0858e-18   3.0571e-19
 8661.47   3.2854e-18   3.0088e-19
 8666.09   3.1686e-18   2.8397e-19
 8670.70   2.9742e-18   2.6109e-19
 8675.31   2.6155e-18   2.3446e-19
 8679.93   3.0867e-18   2.1003e-19
 8684.54   3.1162e-18   1.8960e-19
 8689.15   3.1054e-18   1.7555e-19
 8693.76   2.8312e-18   1.6791e-19
 8698.38   2.7992e-18   1.6676e-19
 8702.99   2.9127e-18   1.6750e-19
 8707.60   2.9368e-18   1.6247e-19
 8712.22   2.9601e-18   1.5571e-19
 8716.83   2.7760e-18   1.4788e-19
 8721.44   3.0322e-18   1.4770e-19
 8726.05   3.0765e-18   1.4821e-19
 8730.67   3.0121e-18   1.5012e-19
 8735.28   3.0455e-18   1.5030e-19
 8739.89   2.9123e-18   1.5315e-19
 8744.51   3.0050e-18   1.4990e-19
 8749.12   2.9826e-18   1.8473e-19
 8753.73   2.6166e-18   2.7210e-19
 8758.34   2.4732e-18   3.6346e-19
 8762.96   1.5823e-18   4.2906e-19
 8767.57   3.6723e-18   4.3100e-19
 8772.18   3.6484e-18   4.4466e-19
 8776.80   3.1760e-18   3.9284e-19
 8781.41   2.9075e-18   3.6018e-19
 8786.02   2.9610e-18   2.9773e-19
 8790.64   3.5692e-18   2.3458e-19
 8795.25   3.3174e-18   2.2126e-19
 8799.86   3.2899e-18   1.7931e-19
 8804.47   2.6377e-18   1.5608e-19
 8809.09   2.6779e-18   1.5540e-19
 8813.70   3.1444e-18   1.7679e-19
 8818.31   3.0330e-18   3.4123e-19
 8822.93   1.2805e-18   4.6597e-19
 8827.54   2.4927e-18   5.2947e-19
 8832.15   3.7750e-18   5.0119e-19
 8836.76   3.5499e-18   3.9305e-19
 8841.38   2.9881e-18   2.9752e-19
 8845.99   3.2527e-18   2.5495e-19
 8850.60   2.4992e-18   2.1361e-19
 8855.22   2.7711e-18   2.1498e-19
 8859.83   2.3796e-18   2.3810e-19
 8864.44   3.0437e-18   2.7292e-19
 8869.06   2.5357e-18   2.7564e-19
 8873.67   3.0524e-18   2.4641e-19
 8878.28   2.7720e-18   3.5178e-19
 8882.89   4.1762e-18   4.1598e-19
 8887.51   3.3973e-18   4.2245e-19
 8892.12   3.1093e-18   3.6589e-19
 8896.73   2.7494e-18   2.8443e-19
 8901.35   2.8872e-18   3.0048e-19
 8905.96   3.0072e-18   3.0058e-19
 8910.57   1.6144e-18   3.4052e-19
 8915.18   2.2133e-18   4.2768e-19
 8919.80   1.8297e-18   4.4454e-19
 8924.41   2.4982e-18   4.0345e-19
 8929.02   1.9935e-18   2.6307e-19
 8933.64   2.2352e-18   1.9966e-19
 8938.25   1.7094e-18   2.6682e-19
 8942.86   2.1659e-18   2.7418e-19
 8947.47   2.4401e-18   3.0500e-19
 8952.09   2.6475e-18   3.7201e-19
 8956.70   3.3113e-18   3.8847e-19
 8961.31   3.1239e-18   3.8102e-19
 8965.93   2.7170e-18   2.6952e-19
 8970.54   3.0462e-18   1.7354e-19
 8975.15   2.3686e-18   1.5991e-19
 8979.77   2.2955e-18   2.0340e-19
 8984.38   2.0705e-18   2.3256e-19
 8988.99   2.2768e-18   2.5114e-19
 8993.60   2.4730e-18   2.9135e-19
 8998.22   2.9038e-18   3.1664e-19
 9002.83   2.8553e-18   3.0256e-19
 9007.44   3.2570e-18   2.6183e-19
 9012.06   2.4335e-18   1.6483e-19
 9016.67   2.7567e-18   1.4179e-19
 9021.28   2.4575e-18   1.5091e-19
 9025.89   2.4789e-18   1.5608e-19
 9030.51   2.9520e-18   1.8891e-19
 9035.12   2.8586e-18   2.0926e-19
 9039.73   2.8952e-18   2.3225e-19
 9044.35   1.9488e-18   2.6371e-19
 9048.96   2.7069e-18   2.5320e-19
 9053.57   2.9065e-18   2.4419e-19
 9058.18   2.7480e-18   1.9020e-19
 9062.80   2.9805e-18   1.6586e-19
 9067.41   2.7585e-18   1.6270e-19
 9072.02   2.7275e-18   1.5876e-19
 9076.64   2.6759e-18   1.5225e-19
 9081.25   2.4901e-18   1.5489e-19
 9085.86   2.4570e-18   1.6861e-19
 9090.48   2.5569e-18   1.8533e-19
 9095.09   2.7872e-18   2.0570e-19
 9099.70   2.5741e-18   2.1273e-19
 9104.31   2.4545e-18   2.0199e-19
 9108.93   2.6860e-18   1.8207e-19
 9113.54   2.8453e-18   1.5663e-19
 9118.15   2.6461e-18   1.4708e-19
 9122.77   2.6397e-18   1.4820e-19
 9127.38   2.6229e-18   1.4707e-19
 9131.99   2.4211e-18   1.4712e-19
 9136.60   2.3572e-18   1.4903e-19
 9141.22   2.3831e-18   1.5635e-19
 9145.83   2.6837e-18   1.7251e-19
 9150.44   2.7187e-18   1.8387e-19
 9155.06   2.5925e-18   2.0097e-19
 9159.67   2.9328e-18   1.9841e-19
 9164.28   3.1392e-18   1.8811e-19
 9168.90   2.6149e-18   1.6772e-19
 9173.51   2.5078e-18   1.5273e-19
 9178.12   2.4771e-18   1.5398e-19
 9182.73   2.3310e-18   1.5311e-19
 9187.35   2.6438e-18   1.5401e-19
 9191.96   2.8032e-18   1.5522e-19
 9196.57   3.0844e-18   1.5813e-19
