 
TRANSIENT_NAME:     DES15S2dye 
SNID:               1289664    
OBS_DATE:           2015-09-20
MJD:                57285. 
PHASE:              +5.    
MJD_MAX:            57278.7
TYPE:               1  
SPEC_EVAL:          SNIa
REDSHIFT:           0.2500  
REDSHIFT_ERR:       0.0050  
REDSHIFT_SOURCE:    Z_SN
TELESCOPE:          SALT
INSTRUMENT:         RSS
 
======================================
 
# WAVE  FLUX  FLUX_ERR
 3838.90   1.1592e-19   1.7186e-19
 3841.94   2.3169e-19   2.1430e-19
 3844.97   2.2910e-19   1.9165e-19
 3848.01   2.3038e-19   2.3011e-19
 3851.05   5.5974e-20   1.2927e-19
 3854.09   9.8981e-20   1.8676e-19
 3857.13   9.1907e-20   1.6486e-19
 3860.17  -4.8733e-20   7.5906e-20
 3863.21  -1.6037e-19   1.6371e-19
 3866.25  -7.5870e-21   3.5164e-20
 3869.29   2.0591e-19   1.7577e-19
 3872.33   2.7652e-19   1.9710e-19
 3875.37   2.3926e-19   1.8425e-19
 3878.40   1.5755e-19   1.2656e-19
 3881.44   1.3248e-19   1.2332e-19
 3884.48   5.8560e-20   1.0086e-19
 3887.52   3.4833e-20   7.7231e-20
 3890.56   8.0071e-21   3.4496e-20
 3893.60   1.0985e-19   1.4764e-19
 3896.64   7.6460e-20   1.3309e-19
 3899.68   8.6267e-20   1.3001e-19
 3902.72   2.3852e-19   2.4361e-19
 3905.76   1.7756e-19   1.7790e-19
 3908.80   2.2554e-19   2.0747e-19
 3911.83   3.1061e-19   1.8429e-19
 3914.87   1.5951e-19   1.5556e-19
 3917.91   1.6323e-19   2.1836e-19
 3920.95   1.9445e-19   2.3000e-19
 3923.99   2.0206e-19   1.9966e-19
 3927.03   8.8208e-20   1.4059e-19
 3930.07   7.6999e-20   1.1325e-19
 3933.11   9.4936e-20   1.1876e-19
 3936.15   2.8662e-19   2.0169e-19
 3939.19   3.7575e-19   2.1130e-19
 3942.23   3.3561e-19   2.0490e-19
 3945.27   3.6127e-19   1.8231e-19
 3948.30   3.0445e-19   1.9873e-19
 3951.34   2.8281e-19   2.0330e-19
 3954.38  -9.1840e-21   4.3047e-20
 3957.42   1.6202e-19   1.5583e-19
 3960.46   1.7622e-19   1.3475e-19
 3963.50   9.0184e-20   1.1231e-19
 3966.54   2.6094e-19   1.9556e-19
 3969.58   2.8690e-19   2.0737e-19
 3972.62   2.2760e-20   5.8597e-20
 3975.66   6.4955e-21   2.9530e-20
 3978.70   3.9010e-19   2.0668e-19
 3981.73   3.8273e-19   2.0898e-19
 3984.77   1.7421e-19   1.6429e-19
 3987.81   1.7592e-19   1.7992e-19
 3990.85   2.5453e-19   2.1676e-19
 3993.89   3.0045e-19   1.6421e-19
 3996.93   4.0685e-19   1.9420e-19
 3999.97   2.8424e-19   1.9665e-19
 4003.01  -1.0033e-19   1.1647e-19
 4006.05   1.9750e-19   1.3878e-19
 4009.09   2.3169e-19   1.8262e-19
 4012.13   1.4964e-19   1.2130e-19
 4015.16   1.4963e-19   1.6291e-19
 4018.20  -3.0082e-20   7.1954e-20
 4021.24   2.5685e-19   1.6852e-19
 4024.28   2.5130e-19   1.9134e-19
 4027.32   1.7231e-19   1.7591e-19
 4030.36   2.7630e-19   2.0122e-19
 4033.40   1.5986e-19   1.7168e-19
 4036.44  -8.3679e-22   1.3020e-20
 4039.48   1.0953e-19   1.7958e-19
 4042.52   2.0103e-19   2.0980e-19
 4045.56   1.5994e-19   1.8466e-19
 4048.59   1.7883e-19   2.0834e-19
 4051.63  -6.8118e-20   9.8713e-20
 4054.67   1.5674e-21   1.4378e-20
 4057.71  -8.9700e-20   1.0930e-19
 4060.75   1.6907e-19   1.7947e-19
 4063.79   3.0284e-19   1.6650e-19
 4066.83   6.6833e-20   1.1010e-19
 4069.87   5.7085e-20   1.1022e-19
 4072.91   2.2354e-19   1.9192e-19
 4075.95  -8.1943e-20   8.8318e-20
 4078.99   2.4296e-19   2.0112e-19
 4082.02   1.5225e-19   1.2857e-19
 4085.06   4.5784e-19   2.0140e-19
 4088.10   2.0274e-19   1.6033e-19
 4091.14  -5.1411e-20   8.1082e-20
 4094.18   4.1436e-19   2.0115e-19
 4097.22   2.5362e-19   1.9407e-19
 4100.26   3.1076e-19   1.7712e-19
 4103.30   2.2277e-20   6.7829e-20
 4106.34   3.3135e-19   1.7100e-19
 4109.38   4.4385e-19   2.1263e-19
 4112.42   3.0835e-19   2.0831e-19
 4115.45   3.5572e-19   2.2607e-19
 4118.49   4.8910e-19   1.9394e-19
 4121.53   1.8048e-19   1.4691e-19
 4124.57   3.5376e-19   1.9878e-19
 4127.61   5.9365e-19   2.1810e-19
 4130.65   4.3150e-19   1.8446e-19
 4133.69   1.6481e-20   4.9259e-20
 4136.73   2.6758e-19   1.5965e-19
 4139.77   4.1987e-19   1.9181e-19
 4142.81   2.1661e-19   1.4371e-19
 4145.85   1.4445e-19   1.3182e-19
 4148.88  -1.8114e-19   1.3356e-19
 4151.92   2.4523e-19   2.0371e-19
 4154.96   2.2084e-19   1.8926e-19
 4158.00   1.6591e-19   1.2548e-19
 4161.04   4.5275e-19   2.0070e-19
 4164.08   4.3224e-19   2.0857e-19
 4167.12   4.2396e-19   2.1319e-19
 4170.16   4.3734e-19   2.0762e-19
 4173.20  -5.8347e-20   7.8361e-20
 4176.24   9.2899e-20   1.2077e-19
 4179.28   2.0744e-19   1.6918e-19
 4182.31   1.8432e-19   1.6311e-19
 4185.35   2.8271e-19   1.7182e-19
 4188.39   3.0005e-19   2.1129e-19
 4191.43   2.5573e-19   1.8583e-19
 4194.47   3.3117e-19   1.8511e-19
 4197.51   2.6918e-19   1.9111e-19
 4200.55   5.6409e-19   2.0164e-19
 4203.59   1.4061e-19   1.4634e-19
 4206.63   3.6583e-19   1.7094e-19
 4209.67   2.0981e-19   1.7320e-19
 4212.71   6.9052e-20   1.0959e-19
 4215.75   3.7659e-19   1.7624e-19
 4218.78   4.7601e-19   1.6475e-19
 4221.82   3.0270e-19   1.5987e-19
 4224.86   2.6321e-20   5.7724e-20
 4227.90   3.6485e-19   1.7131e-19
 4230.94   3.6892e-19   1.7131e-19
 4233.98   4.3366e-19   2.4821e-19
 4237.02   3.3960e-19   1.7739e-19
 4240.06   2.9597e-19   1.6243e-19
 4243.10   2.9240e-19   1.7883e-19
 4246.14   2.2705e-19   1.6065e-19
 4249.18   2.3669e-19   1.6824e-19
 4252.21   4.0975e-19   2.1627e-19
 4255.25   4.2999e-19   1.8810e-19
 4258.29   3.1982e-19   1.4468e-19
 4261.33   3.0874e-19   1.8165e-19
 4264.37   2.9732e-19   1.6670e-19
 4267.41   3.7095e-19   1.6978e-19
 4270.45   4.6697e-19   2.0015e-19
 4273.49   3.4111e-19   1.6612e-19
 4276.53   3.3652e-19   1.7897e-19
 4279.57   4.1017e-19   1.7040e-19
 4282.60   2.7309e-19   1.5741e-19
 4285.64   1.8384e-19   1.3751e-19
 4288.68   2.5244e-19   1.7628e-19
 4291.72   2.1394e-19   1.6073e-19
 4294.76   1.7347e-19   1.4494e-19
 4297.80   3.9267e-19   2.2855e-19
 4300.84   2.7490e-19   1.5746e-19
 4303.88   3.0029e-19   2.0312e-19
 4306.92   3.0477e-19   1.5555e-19
 4309.96   3.0806e-19   1.7166e-19
 4313.00   3.5371e-19   1.5966e-19
 4316.04   3.7237e-19   1.7913e-19
 4319.07   4.1745e-19   2.1070e-19
 4322.11   2.0723e-19   1.7024e-19
 4325.15   2.7005e-19   1.5818e-19
 4328.19   3.9357e-19   1.6975e-19
 4331.23   2.7156e-19   1.5194e-19
 4334.27   3.3124e-19   1.6817e-19
 4337.31   2.9580e-19   1.5735e-19
 4340.35   2.8183e-19   1.4677e-19
 4343.39   3.6817e-19   1.5530e-19
 4346.43   4.0143e-19   1.7296e-19
 4349.47   4.8668e-19   1.6957e-19
 4352.50   3.9600e-19   1.7013e-19
 4355.54   4.4440e-19   1.6592e-19
 4358.58   3.4872e-19   1.6689e-19
 4361.62   4.0295e-19   1.5066e-19
 4364.66   3.4447e-19   1.8870e-19
 4367.70   3.2769e-19   1.5207e-19
 4370.74   4.4272e-19   1.5634e-19
 4373.78   4.1758e-19   1.6662e-19
 4376.82   4.3661e-19   1.5486e-19
 4379.86   3.3933e-19   1.6003e-19
 4382.90   1.4025e-19   1.2229e-19
 4385.93   2.1430e-19   1.4077e-19
 4388.97   4.5709e-19   1.6434e-19
 4392.01   3.4359e-19   1.8853e-19
 4395.05   3.1482e-19   1.7265e-19
 4398.09   2.8604e-19   1.6946e-19
 4401.13   3.5061e-19   2.0010e-19
 4404.17   3.0774e-19   1.7580e-19
 4407.21   2.5883e-19   1.5426e-19
 4410.25   3.9398e-19   1.7329e-19
 4413.29   4.6225e-19   1.6758e-19
 4416.33   3.9260e-19   1.6602e-19
 4419.36   4.5192e-19   1.6791e-19
 4422.40   4.6059e-19   1.6971e-19
 4425.44   3.5137e-19   1.7287e-19
 4428.48   2.0709e-19   1.5573e-19
 4431.52   3.2065e-19   1.5835e-19
 4434.56   3.5912e-19   1.5204e-19
 4437.60   4.2403e-19   1.6184e-19
 4440.64   3.9839e-19   1.8055e-19
 4443.68   3.1501e-19   1.6271e-19
 4446.72   4.8913e-19   1.7324e-19
 4449.76   4.4246e-19   1.5092e-19
 4452.79   4.3222e-19   1.6813e-19
 4455.83   4.8615e-19   1.6160e-19
 4458.87   5.3882e-19   1.6096e-19
 4461.91   5.4295e-19   1.5724e-19
 4464.95   4.1313e-19   1.6308e-19
 4467.99   3.0179e-19   1.5783e-19
 4471.03   2.6672e-19   1.3157e-19
 4474.07   3.8961e-19   1.4961e-19
 4477.11   4.2281e-19   1.7776e-19
 4480.15   3.7753e-19   1.8296e-19
 4483.19   3.2944e-19   1.5841e-19
 4486.23   4.1053e-19   1.8172e-19
 4489.26   3.0778e-19   1.5195e-19
 4492.30   2.7870e-19   1.5858e-19
 4495.34   4.1320e-19   1.5197e-19
 4498.38   4.8528e-19   1.5366e-19
 4501.42   4.7266e-19   1.6308e-19
 4504.46   3.2092e-19   1.5535e-19
 4507.50   3.4669e-19   1.6320e-19
 4510.54   2.7617e-19   1.4518e-19
 4513.58   3.4419e-19   1.6647e-19
 4516.62   4.3450e-19   1.6162e-19
 4519.66   4.2080e-19   1.5903e-19
 4522.69   4.2924e-19   1.5908e-19
 4525.73   4.1953e-19   1.6357e-19
 4528.77   3.6926e-19   1.5184e-19
 4531.81   4.4818e-19   1.7252e-19
 4534.85   3.6492e-19   1.5586e-19
 4537.89   3.4133e-19   1.5998e-19
 4540.93   2.8907e-19   1.2794e-19
 4543.97   2.6641e-19   1.2000e-19
 4547.01   4.1371e-19   1.8319e-19
 4550.05   4.8065e-19   1.6443e-19
 4553.08   4.8083e-19   1.5699e-19
 4556.12   4.4621e-19   1.4859e-19
 4559.16   4.9160e-19   1.5139e-19
 4562.20   4.6440e-19   1.5128e-19
 4565.24   3.8788e-19   1.5985e-19
 4568.28   4.7166e-19   1.4659e-19
 4571.32   5.5227e-19   1.6724e-19
 4574.36   3.3332e-19   1.5621e-19
 4577.40   2.1817e-19   1.4323e-19
 4580.44   1.6749e-19   1.2059e-19
 4583.48   3.8513e-19   1.4136e-19
 4586.52   4.6575e-19   1.4887e-19
 4589.55   4.8299e-19   1.5229e-19
 4592.59   4.7176e-19   1.4476e-19
 4595.63   5.0345e-19   1.5537e-19
 4598.67   5.5423e-19   1.5617e-19
 4601.71   5.7080e-19   1.4951e-19
 4604.75   4.5341e-19   1.5047e-19
 4607.79   4.1233e-19   1.5689e-19
 4610.83   4.5258e-19   1.9234e-19
 4613.87   2.9010e-19   1.4317e-19
 4616.91   3.6845e-19   1.5146e-19
 4619.95   3.8987e-19   1.6011e-19
 4622.98   3.5103e-19   1.4895e-19
 4626.02   3.3987e-19   1.5373e-19
 4629.06   3.1289e-19   1.6039e-19
 4632.10   3.6819e-19   1.4616e-19
 4635.14   3.6121e-19   1.3892e-19
 4638.18   3.4305e-19   1.7466e-19
 4641.22   3.2235e-19   1.6250e-19
 4644.26   3.6003e-19   1.3760e-19
 4647.30   3.9878e-19   1.5817e-19
 4650.34   3.8901e-19   1.4114e-19
 4653.38   4.4230e-19   1.5571e-19
 4656.41   3.9538e-19   1.3543e-19
 4659.45   4.1527e-19   1.3668e-19
 4662.49   4.1148e-19   1.4284e-19
 4665.53   4.6440e-19   1.5972e-19
 4668.57   3.7398e-19   1.4244e-19
 4671.61   3.3360e-19   1.3335e-19
 4674.65   3.9425e-19   1.4588e-19
 4677.69   4.1436e-19   1.3816e-19
 4680.73   3.3114e-19   1.3067e-19
 4683.77   3.0822e-19   1.4334e-19
 4686.81   4.5039e-19   1.4859e-19
 4689.84   4.6738e-19   1.4892e-19
 4692.88   3.7413e-19   1.5219e-19
 4695.92   3.2825e-19   1.6292e-19
 4698.96   2.6700e-19   1.3142e-19
 4702.00   3.0709e-19   1.3471e-19
 4705.04   3.9329e-19   1.5249e-19
 4708.08   3.9017e-19   1.3908e-19
 4711.12   4.2833e-19   1.3879e-19
 4714.16   4.3560e-19   1.4980e-19
 4717.20   4.3507e-19   1.7008e-19
 4720.24   3.5089e-19   1.4171e-19
 4723.27   3.4562e-19   1.4668e-19
 4726.31   3.4392e-19   1.4529e-19
 4729.35   2.4754e-19   1.3716e-19
 4732.39   2.2094e-19   1.4081e-19
 4735.43   2.6984e-19   1.4547e-19
 4738.47   3.1044e-19   1.3012e-19
 4741.51   3.7349e-19   1.3947e-19
 4744.55   4.1058e-19   1.3005e-19
 4747.59   3.0677e-19   1.3599e-19
 4750.63   2.6154e-19   1.4569e-19
 4753.67   3.6356e-19   1.3481e-19
 4756.71   4.8538e-19   1.4840e-19
 4759.74   3.6256e-19   1.4081e-19
 4762.78   2.3980e-19   1.2309e-19
 4765.82   3.6683e-19   1.6682e-19
 4768.86   3.3826e-19   1.4387e-19
 4771.90   4.0504e-19   1.3621e-19
 4774.94   3.0101e-19   1.2321e-19
 4777.98   3.1554e-19   1.3284e-19
 4781.02   3.5052e-19   1.5422e-19
 4784.06   3.1495e-19   1.6494e-19
 4787.10   3.5750e-19   1.4887e-19
 4790.14   4.2798e-19   1.4018e-19
 4793.17   4.0273e-19   1.3899e-19
 4796.21   4.0076e-19   1.2866e-19
 4799.25   3.8249e-19   1.2316e-19
 4802.29   3.7949e-19   1.2508e-19
 4805.33   4.1616e-19   1.3460e-19
 4808.37   4.8037e-19   1.5161e-19
 4811.41   4.6294e-19   1.5714e-19
 4814.45   2.6866e-19   1.2971e-19
 4817.49   3.9274e-19   1.3077e-19
 4820.53   3.4418e-19   1.2593e-19
 4823.56   4.1736e-19   1.3932e-19
 4826.60   4.1255e-19   1.4124e-19
 4829.64   4.3391e-19   1.3662e-19
 4832.68   4.9950e-19   1.3332e-19
 4835.72   5.6766e-19   1.3958e-19
 4838.76   5.8177e-19   1.4165e-19
 4841.80   6.4231e-19   1.4160e-19
 4844.84   6.1867e-19   1.4913e-19
 4847.88   5.6703e-19   1.5807e-19
 4850.92   5.7247e-19   1.5742e-19
 4853.96   4.8217e-19   1.4140e-19
 4857.00   5.1616e-19   1.5074e-19
 4860.03   5.6294e-19   1.4746e-19
 4863.07   6.0166e-19   1.4223e-19
 4866.11   5.5245e-19   1.2925e-19
 4869.15   5.4440e-19   1.2820e-19
 4872.19   5.5533e-19   1.3258e-19
 4875.23   6.1428e-19   1.6731e-19
 4878.27   5.5634e-19   1.4397e-19
 4881.31   6.0119e-19   1.3684e-19
 4884.35   5.5731e-19   1.3307e-19
 4887.39   4.8956e-19   1.3647e-19
 4890.43   5.4035e-19   1.3718e-19
 4893.46   5.7536e-19   1.4501e-19
 4896.50   5.5014e-19   1.4662e-19
 4899.54   6.4384e-19   1.4194e-19
 4902.58   6.7771e-19   1.3822e-19
 4905.62   6.2060e-19   1.3255e-19
 4908.66   5.9438e-19   1.3104e-19
 4911.70   6.2674e-19   1.3343e-19
 4914.74   5.6114e-19   1.3461e-19
 4917.78   6.1176e-19   1.3748e-19
 4920.82   6.7173e-19   1.3440e-19
 4923.86   6.4697e-19   1.3381e-19
 4926.89   6.1383e-19   1.4277e-19
 4929.93   6.4368e-19   1.4731e-19
 4932.97   6.0879e-19   1.3412e-19
 5097.08   5.3062e-19   1.1772e-19
 5100.12   6.2385e-19   1.2165e-19
 5103.16   6.3886e-19   1.2500e-19
 5106.20   6.7957e-19   1.3663e-19
 5109.24   5.9326e-19   1.2791e-19
 5112.28   5.7358e-19   1.1790e-19
 5115.32   6.1074e-19   1.3485e-19
 5118.36   5.6401e-19   1.3082e-19
 5121.40   5.6464e-19   1.2322e-19
 5124.44   6.4212e-19   1.2607e-19
 5127.48   6.1429e-19   1.2544e-19
 5130.51   5.8750e-19   1.1795e-19
 5133.55   5.7245e-19   1.1484e-19
 5136.59   5.5324e-19   1.2134e-19
 5139.63   5.0124e-19   1.2978e-19
 5142.67   5.2261e-19   1.2375e-19
 5145.71   5.9063e-19   1.1584e-19
 5148.75   5.6838e-19   1.2257e-19
 5151.79   5.9863e-19   1.3067e-19
 5154.83   5.2286e-19   1.1807e-19
 5157.87   5.4621e-19   1.2034e-19
 5160.91   5.1276e-19   1.1483e-19
 5163.94   4.5256e-19   1.1238e-19
 5166.98   5.0769e-19   1.1792e-19
 5170.02   5.5948e-19   1.1807e-19
 5173.06   5.1933e-19   1.1849e-19
 5176.10   6.1834e-19   1.1773e-19
 5179.14   6.3171e-19   1.1643e-19
 5182.18   5.4320e-19   1.1552e-19
 5185.22   5.8317e-19   1.1547e-19
 5188.26   6.1450e-19   1.2047e-19
 5191.30   5.9354e-19   1.1978e-19
 5194.34   5.8497e-19   1.2759e-19
 5197.37   5.4823e-19   1.1476e-19
 5200.41   6.0791e-19   1.2077e-19
 5203.45   5.7340e-19   1.2871e-19
 5206.49   6.0461e-19   1.2839e-19
 5209.53   5.7299e-19   1.1932e-19
 5212.57   6.5093e-19   1.3249e-19
 5215.61   5.9524e-19   1.2413e-19
 5218.65   5.3773e-19   1.2653e-19
 5221.69   5.1869e-19   1.2723e-19
 5224.73   5.3146e-19   1.2890e-19
 5227.77   6.0566e-19   1.3134e-19
 5230.80   6.3568e-19   1.2206e-19
 5233.84   6.6922e-19   1.2058e-19
 5236.88   7.4730e-19   1.2284e-19
 5239.92   6.6541e-19   1.2039e-19
 5242.96   6.5566e-19   1.2521e-19
 5246.00   7.2180e-19   1.2120e-19
 5249.04   7.5969e-19   1.2497e-19
 5252.08   7.2007e-19   1.2340e-19
 5255.12   6.1744e-19   1.1913e-19
 5258.16   5.4749e-19   1.1482e-19
 5261.20   5.5912e-19   1.1623e-19
 5264.23   6.0642e-19   1.1708e-19
 5267.27   6.6648e-19   1.1205e-19
 5270.31   6.2560e-19   1.1546e-19
 5273.35   5.1584e-19   1.1506e-19
 5276.39   5.2741e-19   1.1146e-19
 5279.43   5.5807e-19   1.1400e-19
 5282.47   5.8952e-19   1.2058e-19
 5285.51   6.2664e-19   1.1802e-19
 5288.55   6.2778e-19   1.1603e-19
 5291.59   6.5788e-19   1.2366e-19
 5294.63   5.4229e-19   1.1855e-19
 5297.67   4.4503e-19   1.1015e-19
 5300.70   4.9862e-19   1.2053e-19
 5303.74   4.7436e-19   1.1969e-19
 5306.78   4.8686e-19   1.1750e-19
 5309.82   5.1921e-19   1.1239e-19
 5312.86   5.1188e-19   1.1404e-19
 5315.90   4.8651e-19   1.2702e-19
 5318.94   5.4616e-19   1.2128e-19
 5321.98   5.7689e-19   1.2663e-19
 5325.02   6.2569e-19   1.2160e-19
 5328.06   7.6268e-19   1.1722e-19
 5331.10   7.5467e-19   1.1169e-19
 5334.13   5.9718e-19   1.1050e-19
 5337.17   5.4748e-19   1.0903e-19
 5340.21   5.1039e-19   1.1382e-19
 5343.25   6.3824e-19   1.1877e-19
 5346.29   5.8299e-19   1.1900e-19
 5349.33   5.3145e-19   1.1571e-19
 5352.37   5.0087e-19   1.1985e-19
 5355.41   4.6259e-19   1.2153e-19
 5358.45   4.9290e-19   1.1744e-19
 5361.49   3.5630e-19   1.1290e-19
 5364.52   4.1284e-19   1.2316e-19
 5367.56   5.0406e-19   1.2295e-19
 5370.60   5.2951e-19   1.3134e-19
 5373.64   4.4658e-19   1.3577e-19
 5376.68   4.8337e-19   1.1744e-19
 5379.72   4.1832e-19   1.2469e-19
 5382.76   4.1611e-19   1.1346e-19
 5385.80   3.8341e-19   1.1427e-19
 5388.84   3.8116e-19   1.2375e-19
 5391.88   4.6599e-19   1.2030e-19
 5394.92   5.8875e-19   1.1928e-19
 5397.96   4.0587e-19   1.0558e-19
 5400.99   4.7093e-19   1.1029e-19
 5404.03   5.1653e-19   1.1875e-19
 5407.07   5.3323e-19   1.1407e-19
 5410.11   4.1200e-19   1.3523e-19
 5413.15   3.1819e-19   1.0880e-19
 5416.19   3.5903e-19   1.1306e-19
 5419.23   3.7794e-19   1.0787e-19
 5422.27   4.3405e-19   1.0848e-19
 5425.31   5.4646e-19   1.1542e-19
 5428.35   6.3630e-19   1.1765e-19
 5431.39   5.0163e-19   1.1829e-19
 5434.42   4.9119e-19   1.3790e-19
 5437.46   3.8720e-19   1.0679e-19
 5440.50   4.1442e-19   1.0920e-19
 5443.54   4.4140e-19   1.1727e-19
 5446.58   5.6596e-19   1.1605e-19
 5449.62   4.9775e-19   1.1514e-19
 5452.66   6.5086e-19   1.1697e-19
 5455.70   5.4376e-19   1.1958e-19
 5458.74   5.8046e-19   1.1607e-19
 5461.78   5.7286e-19   1.1821e-19
 5464.82   4.6140e-19   1.2101e-19
 5467.85   5.0407e-19   1.2041e-19
 5470.89   5.6245e-19   1.1615e-19
 5473.93   5.1191e-19   1.1091e-19
 5476.97   5.1971e-19   1.1424e-19
 5480.01   7.3637e-19   1.2332e-19
 5483.05   7.0187e-19   1.3077e-19
 5486.09   4.7659e-19   1.3154e-19
 5489.13   5.0465e-19   1.2298e-19
 5492.17   5.2355e-19   1.1437e-19
 5495.21   4.6592e-19   1.1132e-19
 5498.25   4.9603e-19   1.1060e-19
 5501.28   5.6883e-19   1.1989e-19
 5504.32   4.7206e-19   1.2567e-19
 5507.36   5.5248e-19   1.1753e-19
 5510.40   6.8452e-19   1.1706e-19
 5513.44   4.8395e-19   1.1641e-19
 5516.48   5.6130e-19   1.2520e-19
 5519.52   5.2574e-19   1.1449e-19
 5522.56   5.7855e-19   1.2191e-19
 5525.60   5.6632e-19   1.2607e-19
 5528.64   4.7734e-19   1.1741e-19
 5531.68   7.2339e-19   1.4619e-19
 5534.71   5.5095e-19   1.2321e-19
 5537.75   4.5288e-19   1.1743e-19
 5540.79   6.1952e-19   1.2283e-19
 5543.83   5.0988e-19   1.2204e-19
 5546.87   6.1363e-19   1.2446e-19
 5549.91   6.3617e-19   1.2833e-19
 5552.95   4.7820e-19   1.2541e-19
 5555.99   6.0410e-19   1.3258e-19
 5559.03   5.3378e-19   1.2792e-19
 5562.07   1.0030e-18   1.3647e-19
 5595.50   4.7363e-19   1.2213e-19
 5598.54   5.9448e-19   1.3654e-19
 5601.58   7.5107e-19   1.3212e-19
 5604.61   6.8488e-19   1.2470e-19
 5607.65   5.5233e-19   1.2673e-19
 5610.69   5.9810e-19   1.2369e-19
 5613.73   8.2710e-19   1.3140e-19
 5616.77   7.8852e-19   1.2729e-19
 5619.81   7.0602e-19   1.4241e-19
 5622.85   7.3950e-19   1.1383e-19
 5625.89   8.0589e-19   1.1930e-19
 5628.93   5.7664e-19   1.1652e-19
 5631.97   7.2118e-19   1.1919e-19
 5635.00   6.1642e-19   1.1483e-19
 5638.04   6.4864e-19   1.2060e-19
 5641.08   6.5306e-19   1.1213e-19
 5644.12   5.1551e-19   1.1482e-19
 5647.16   7.1463e-19   1.3409e-19
 5650.20   6.4164e-19   1.2023e-19
 5653.24   5.4177e-19   1.1053e-19
 5656.28   6.4788e-19   1.2187e-19
 5659.32   6.1839e-19   1.2278e-19
 5662.36   6.3022e-19   1.1168e-19
 5665.40   5.7856e-19   1.2044e-19
 5668.44   6.5474e-19   1.1643e-19
 5671.47   7.4628e-19   1.2489e-19
 5674.51   7.9727e-19   1.2418e-19
 5677.55   7.0932e-19   1.2362e-19
 5680.59   7.3598e-19   1.2291e-19
 5683.63   6.0356e-19   1.3529e-19
 5686.67   4.4983e-19   1.2445e-19
 5689.71   6.2721e-19   1.2172e-19
 5692.75   6.2585e-19   1.2107e-19
 5695.79   4.9330e-19   1.0629e-19
 5698.83   6.6372e-19   1.1559e-19
 5701.87   7.9255e-19   1.1799e-19
 5704.90   6.3945e-19   1.1233e-19
 5707.94   6.7583e-19   1.1881e-19
 5710.98   6.5570e-19   1.1355e-19
 5714.02   5.1262e-19   1.2604e-19
 5717.06   5.5044e-19   1.1885e-19
 5720.10   5.8589e-19   1.1174e-19
 5723.14   4.8008e-19   1.1081e-19
 5726.18   7.6248e-19   1.1358e-19
 5729.22   7.7717e-19   1.1616e-19
 5732.26   6.7285e-19   1.2193e-19
 5735.30   6.6138e-19   1.2033e-19
 5738.33   6.2640e-19   1.1856e-19
 5741.37   7.2514e-19   1.1813e-19
 5744.41   5.2545e-19   1.1089e-19
 5747.45   5.4536e-19   1.0866e-19
 5750.49   6.7598e-19   1.1222e-19
 5753.53   7.3619e-19   1.1118e-19
 5756.57   7.2666e-19   1.0776e-19
 5759.61   6.6753e-19   1.0993e-19
 5762.65   5.8856e-19   1.1049e-19
 5765.69   7.4233e-19   1.1298e-19
 5768.73   7.3274e-19   1.1060e-19
 5771.76   5.9360e-19   1.1118e-19
 5774.80   5.6825e-19   1.1661e-19
 5777.84   6.4197e-19   1.0662e-19
 5780.88   6.3348e-19   1.1308e-19
 5783.92   6.2180e-19   1.0776e-19
 5786.96   5.8349e-19   1.0617e-19
 5790.00   5.6413e-19   1.0952e-19
 5793.04   4.4485e-19   1.1015e-19
 5796.08   5.7348e-19   1.1213e-19
 5799.12   5.8512e-19   1.0903e-19
 5802.16   5.6268e-19   1.0910e-19
 5805.19   5.5265e-19   1.1128e-19
 5808.23   6.5615e-19   1.1101e-19
 5811.27   6.0730e-19   1.1341e-19
 5814.31   5.7743e-19   1.1344e-19
 5817.35   4.7634e-19   1.0473e-19
 5820.39   5.4203e-19   1.0971e-19
 5823.43   5.4354e-19   1.1050e-19
 5826.47   5.3055e-19   1.1266e-19
 5829.51   5.4617e-19   1.1515e-19
 5832.55   5.1789e-19   1.1470e-19
 5835.59   4.9588e-19   1.1202e-19
 5838.62   3.7063e-19   1.1021e-19
 5841.66   3.4519e-19   1.1031e-19
 5844.70   3.7073e-19   1.0886e-19
 5847.74   5.2005e-19   1.1418e-19
 5850.78   5.9181e-19   1.0949e-19
 5853.82   6.9165e-19   1.1541e-19
 5856.86   4.9793e-19   1.1408e-19
 5859.90   5.1330e-19   1.1540e-19
 5862.94   7.0019e-19   1.2427e-19
 5865.98   6.4554e-19   1.2206e-19
 5869.02   4.8657e-19   1.2123e-19
 5872.06   5.3062e-19   1.2707e-19
 5875.09   5.2260e-19   1.2763e-19
 5878.13   6.3124e-19   1.4674e-19
 5881.17   6.2821e-19   1.5799e-19
 5884.21   5.8558e-19   1.6409e-19
 5887.25   6.7515e-19   1.7576e-19
 5890.29   7.2652e-19   1.7656e-19
 5893.33   6.3649e-19   2.0469e-19
 5896.37   6.2191e-19   2.0924e-19
 5899.41   6.4218e-19   1.5555e-19
 5902.45   4.6405e-19   1.3653e-19
 5905.48   5.0201e-19   1.2922e-19
 5908.52   5.9373e-19   1.2220e-19
 5911.56   4.9680e-19   1.3028e-19
 5914.60   4.9527e-19   1.3496e-19
 5917.64   4.1756e-19   1.1594e-19
 5920.68   5.3053e-19   1.1796e-19
 5923.72   6.7108e-19   1.2375e-19
 5926.76   5.9662e-19   1.2296e-19
 5929.80   6.0562e-19   1.2531e-19
 5932.84   5.6500e-19   1.1873e-19
 5935.88   4.4885e-19   1.1936e-19
 5938.92   4.9647e-19   1.1352e-19
 5941.95   5.7440e-19   1.2023e-19
 5944.99   5.4322e-19   1.3517e-19
 5948.03   4.9325e-19   1.3458e-19
 5951.07   4.3516e-19   1.2736e-19
 5954.11   4.6143e-19   1.2314e-19
 5957.15   5.6091e-19   1.2069e-19
 5960.19   5.4742e-19   1.1893e-19
 5963.23   4.8450e-19   1.1560e-19
 5966.27   5.0222e-19   1.1458e-19
 5969.31   5.0152e-19   1.1414e-19
 5972.35   4.7219e-19   1.1585e-19
 5975.38   4.8214e-19   1.1035e-19
 5978.42   5.8585e-19   1.1365e-19
 5981.46   4.3205e-19   1.1042e-19
 5984.50   4.0996e-19   1.0537e-19
 5987.54   5.0113e-19   1.1047e-19
 5990.58   5.1736e-19   1.1129e-19
 5993.62   4.9977e-19   1.1255e-19
 5996.66   4.2840e-19   1.0533e-19
 5999.70   5.4320e-19   1.1584e-19
 6002.74   4.6945e-19   1.0882e-19
 6005.78   4.4059e-19   1.0601e-19
 6008.81   3.9736e-19   1.0544e-19
 6011.85   4.2832e-19   1.0138e-19
 6014.89   5.0235e-19   9.9898e-20
 6017.93   4.0516e-19   1.0644e-19
 6020.97   4.5495e-19   1.0212e-19
 6024.01   4.2702e-19   1.0430e-19
 6027.05   4.4982e-19   1.0905e-19
 6030.09   4.4009e-19   1.0101e-19
 6033.13   3.9562e-19   9.7426e-20
 6036.17   4.2324e-19   1.0776e-19
 6039.21   4.2728e-19   1.0985e-19
 6042.24   4.1401e-19   1.1354e-19
 6045.28   3.3311e-19   9.8056e-20
 6048.32   3.9466e-19   1.0660e-19
 6051.36   4.4570e-19   1.1192e-19
 6054.40   4.7732e-19   1.0683e-19
 6057.44   4.2538e-19   1.0389e-19
 6060.48   3.3727e-19   1.0069e-19
 6063.52   4.3134e-19   1.0205e-19
 6066.56   3.8328e-19   9.6352e-20
 6069.60   3.0594e-19   9.7258e-20
 6072.64   3.4679e-19   9.7257e-20
 6075.67   3.8037e-19   1.0401e-19
 6078.71   3.7811e-19   1.0412e-19
 6081.75   4.3343e-19   1.0958e-19
 6084.79   3.2003e-19   1.0094e-19
 6087.83   3.2133e-19   1.1020e-19
 6090.87   2.8288e-19   9.7526e-20
 6093.91   3.3932e-19   9.7607e-20
 6096.95   3.6948e-19   9.7785e-20
 6099.99   3.7800e-19   1.1212e-19
 6103.03   5.2227e-19   1.1588e-19
 6106.07   4.2114e-19   1.1523e-19
 6109.10   4.3234e-19   9.9362e-20
 6112.14   3.8085e-19   1.0234e-19
 6115.18   4.8661e-19   1.0017e-19
 6118.22   4.5849e-19   1.0721e-19
 6121.26   4.4634e-19   1.0093e-19
 6124.30   3.9842e-19   9.6634e-20
 6127.34   5.3312e-19   1.0242e-19
 6130.38   3.9648e-19   9.2695e-20
 6133.42   3.1363e-19   1.1539e-19
 6136.46   1.0914e-19   7.5086e-20
 6139.50   2.1909e-19   9.9176e-20
 6142.54   3.3267e-19   1.0570e-19
 6145.57   4.9067e-19   1.0031e-19
 6148.61   4.5099e-19   9.7628e-20
 6151.65   5.2591e-19   9.9568e-20
 6154.69   3.7407e-19   9.6281e-20
 6157.73   5.3065e-19   1.0125e-19
 6160.77   6.0447e-19   1.0467e-19
 6163.81   5.2004e-19   1.0529e-19
 6166.85   3.4667e-19   9.0871e-20
 6169.89   5.0655e-19   1.0794e-19
 6172.93   3.6374e-19   1.0278e-19
 6175.96   5.5999e-19   1.0829e-19
 6179.00   5.5442e-19   1.0268e-19
 6182.04   6.1014e-19   1.0638e-19
 6185.08   4.4673e-19   9.2119e-20
 6188.12   4.7571e-19   1.0000e-19
 6191.16   6.0902e-19   1.0177e-19
 6194.20   2.1725e-19   9.5986e-20
 6197.24   3.2530e-19   1.0042e-19
 6200.28   4.8601e-19   9.9773e-20
 6203.32   4.2918e-19   1.1300e-19
 6206.36   2.9719e-19   1.0449e-19
 6209.40   6.4575e-19   1.2142e-19
 6212.43   6.4731e-19   1.0568e-19
 6215.47   5.2226e-19   1.1612e-19
 6218.51   5.3063e-19   1.0495e-19
 6221.55   4.9628e-19   1.0550e-19
 6224.59   5.5601e-19   1.0981e-19
 6227.63   3.0330e-19   1.1860e-19
 6230.67   5.9044e-19   1.1920e-19
 6233.71   7.2093e-19   1.2332e-19
 6236.75   4.7631e-19   1.1671e-19
 6239.79   3.6873e-19   1.0911e-19
 6242.83   4.4278e-19   1.0529e-19
 6245.86   4.5412e-19   1.2267e-19
 6248.90   4.6868e-19   1.1130e-19
 6251.94   4.1250e-19   1.1485e-19
 6254.98   3.7860e-19   1.0949e-19
 6258.02   3.2648e-19   1.0243e-19
 6261.06   3.9942e-19   1.1343e-19
 6264.10   4.7755e-19   1.1499e-19
 6267.14   5.5597e-19   1.0982e-19
 6270.18   4.7275e-19   9.8304e-20
 6273.22   4.4405e-19   1.0295e-19
 6276.26   6.1167e-19   1.0816e-19
 6279.29   6.4563e-19   1.0765e-19
 6282.33   4.5200e-19   1.0638e-19
 6285.37   4.1899e-19   1.1811e-19
 6318.80   4.4581e-19   1.0775e-19
 6321.84   5.9973e-19   1.1550e-19
 6324.88   5.2348e-19   1.1252e-19
 6327.92   4.0279e-19   1.0639e-19
 6330.96   4.9439e-19   1.0684e-19
 6334.00   5.0693e-19   1.0609e-19
 6337.04   4.8895e-19   1.0600e-19
 6340.08   4.2271e-19   1.0078e-19
 6343.12   4.4076e-19   1.0756e-19
 6346.15   4.8624e-19   1.0653e-19
 6349.19   4.9619e-19   1.0818e-19
 6382.62   6.3054e-19   1.0087e-19
 6385.66   6.6604e-19   1.0311e-19
 6388.70   6.3554e-19   1.0095e-19
 6391.74   5.7830e-19   1.0212e-19
 6394.78   6.2731e-19   1.0277e-19
 6397.82   6.6518e-19   1.0257e-19
 6400.86   5.9570e-19   9.6458e-20
 6403.90   4.8965e-19   9.3847e-20
 6406.94   5.4298e-19   9.4633e-20
 6409.98   5.6756e-19   9.7825e-20
 6413.02   5.2507e-19   9.9205e-20
 6416.05   4.6833e-19   9.3955e-20
 6419.09   5.3772e-19   9.6257e-20
 6422.13   5.9531e-19   9.6758e-20
 6425.17   5.3496e-19   9.1612e-20
 6428.21   5.5461e-19   9.2423e-20
 6431.25   4.9023e-19   8.9628e-20
 6434.29   5.0050e-19   9.1397e-20
 6437.33   6.7018e-19   9.9548e-20
 6440.37   6.1725e-19   9.5851e-20
 6443.41   5.6381e-19   9.7531e-20
 6446.44   5.0636e-19   9.3771e-20
 6449.48   4.8918e-19   9.3567e-20
 6452.52   5.0414e-19   9.5845e-20
 6455.56   5.3400e-19   1.0035e-19
 6458.60   6.3111e-19   1.0971e-19
 6461.64   4.7036e-19   1.0534e-19
 6464.68   4.9653e-19   1.0405e-19
 6467.72   5.0075e-19   1.0899e-19
 6470.76   4.6880e-19   1.0551e-19
 6473.80   5.8324e-19   1.0445e-19
 6476.84   5.0637e-19   9.8728e-20
 6479.88   4.4991e-19   9.5154e-20
 6482.91   4.7600e-19   9.2470e-20
 6485.95   4.8167e-19   9.6079e-20
 6488.99   5.1611e-19   9.7604e-20
 6492.03   6.0267e-19   1.0891e-19
 6495.07   7.0808e-19   1.1109e-19
 6498.11   6.2855e-19   1.0913e-19
 6501.15   6.0239e-19   1.0956e-19
 6504.19   4.6374e-19   1.0604e-19
 6507.23   4.1577e-19   9.4315e-20
 6510.27   4.2874e-19   9.1074e-20
 6513.31   4.5623e-19   9.3132e-20
 6516.34   4.4450e-19   9.3448e-20
 6519.38   4.9072e-19   9.1158e-20
 6522.42   6.9362e-19   1.0875e-19
 6525.46   6.2603e-19   1.0739e-19
 6528.50   5.9593e-19   1.0290e-19
 6531.54   5.8588e-19   1.0605e-19
 6534.58   4.4439e-19   9.6871e-20
 6537.62   5.1498e-19   1.0359e-19
 6540.66   6.5398e-19   1.1537e-19
 6543.70   4.9790e-19   1.0718e-19
 6546.74   4.9243e-19   1.0401e-19
 6549.77   5.5089e-19   1.0370e-19
 6552.81   5.6267e-19   1.0906e-19
 6555.85   5.1368e-19   1.0571e-19
 6558.89   4.9187e-19   1.0366e-19
 6561.93   6.2386e-19   1.0846e-19
 6564.97   5.9628e-19   1.0981e-19
 6568.01   5.1267e-19   1.0627e-19
 6571.05   5.4701e-19   1.0300e-19
 6574.09   4.0278e-19   9.4309e-20
 6577.13   5.2478e-19   1.0359e-19
 6580.17   4.8868e-19   9.6502e-20
 6583.20   3.8425e-19   9.9585e-20
 6586.24   4.7113e-19   9.5437e-20
 6589.28   4.6845e-19   9.4446e-20
 6592.32   5.2491e-19   9.5197e-20
 6595.36   4.6990e-19   1.0069e-19
 6598.40   4.3743e-19   1.0147e-19
 6601.44   4.5539e-19   9.1490e-20
 6604.48   3.6996e-19   1.0484e-19
 6607.52   4.8726e-19   9.9322e-20
 6610.56   3.1730e-19   8.9686e-20
 6613.60   3.7520e-19   8.7291e-20
 6616.63   5.2215e-19   8.6703e-20
 6619.67   3.7818e-19   9.3520e-20
 6622.71   3.6431e-19   9.5129e-20
 6625.75   3.8580e-19   8.6202e-20
 6628.79   3.7732e-19   9.1415e-20
 6631.83   3.0201e-19   8.1736e-20
 6634.87   4.4781e-19   9.2883e-20
 6637.91   3.7066e-19   9.0421e-20
 6640.95   3.2457e-19   8.2859e-20
 6643.99   2.8313e-19   8.3509e-20
 6647.03   2.9489e-19   8.6382e-20
 6650.06   5.0129e-19   8.7580e-20
 6653.10   4.6111e-19   8.8101e-20
 6656.14   5.8825e-19   9.2069e-20
 6659.18   4.9047e-19   8.8005e-20
 6662.22   4.2631e-19   8.9987e-20
 6665.26   5.5457e-19   9.5839e-20
 6668.30   3.2820e-19   9.4602e-20
 6671.34   4.0826e-19   8.6878e-20
 6674.38   3.9051e-19   8.8476e-20
 6677.42   3.8775e-19   9.0976e-20
 6680.46   3.5593e-19   8.5706e-20
 6683.50   4.3206e-19   8.8440e-20
 6686.53   4.5004e-19   8.8310e-20
 6689.57   3.0862e-19   8.7959e-20
 6692.61   4.0930e-19   9.0796e-20
 6695.65   5.6647e-19   9.5906e-20
 6698.69   5.3439e-19   9.5487e-20
 6701.73   4.5085e-19   8.9799e-20
 6704.77   3.9269e-19   9.0254e-20
 6707.81   3.0066e-19   8.2509e-20
 6710.85   3.1795e-19   8.6859e-20
 6713.89   3.9726e-19   9.1993e-20
 6716.92   4.1357e-19   8.2780e-20
 6719.96   4.3270e-19   8.4336e-20
 6723.00   3.9598e-19   8.6923e-20
 6726.04   3.8701e-19   8.3049e-20
 6729.08   3.4267e-19   8.1949e-20
 6732.12   3.0597e-19   8.3938e-20
 6735.16   3.5587e-19   9.3480e-20
 6738.20   3.8606e-19   8.3775e-20
 6741.24   3.7943e-19   8.3128e-20
 6744.28   4.4417e-19   8.8458e-20
 6747.32   4.2199e-19   8.5148e-20
 6750.35   4.0493e-19   8.6951e-20
 6753.39   4.5298e-19   8.8647e-20
 6756.43   4.1063e-19   8.2943e-20
 6759.47   4.1508e-19   8.7711e-20
 6762.51   3.6045e-19   8.0324e-20
 6765.55   3.7088e-19   8.0625e-20
 6768.59   4.0420e-19   8.0732e-20
 6771.63   4.1798e-19   8.3044e-20
 6774.67   3.5917e-19   8.3531e-20
 6777.71   3.9353e-19   8.1202e-20
 6780.75   4.0100e-19   8.3923e-20
 6783.79   3.4847e-19   7.6340e-20
 6786.82   4.0662e-19   8.1698e-20
 6789.86   2.9298e-19   8.2070e-20
 6792.90   2.7293e-19   8.2826e-20
 6795.94   3.2080e-19   8.2849e-20
 6798.98   3.5765e-19   8.6916e-20
 6802.02   2.7186e-19   8.0081e-20
 6805.06   3.3257e-19   9.0807e-20
 6808.10   1.7512e-19   8.1310e-20
 6811.14   2.1681e-19   8.3090e-20
 6814.18   2.2656e-19   8.2943e-20
 6817.22   4.1671e-19   9.7024e-20
 6820.25   4.4967e-19   1.0220e-19
 6823.29   4.4473e-19   1.1357e-19
 6826.33   5.1074e-19   1.2255e-19
 6829.37   5.3617e-19   1.1512e-19
 6832.41   4.1981e-19   1.0969e-19
 6835.45   3.3936e-19   1.0722e-19
 6838.49   4.6462e-19   1.0381e-19
 6841.53   5.2344e-19   1.0372e-19
 6844.57   4.1558e-19   9.8620e-20
 6847.61   3.9157e-19   9.8036e-20
 6850.65   3.9690e-19   9.4689e-20
 6853.68   2.8844e-19   1.0606e-19
 6856.72   2.4729e-19   1.0924e-19
 6859.76   2.3055e-19   1.0223e-19
 6862.80   3.1646e-19   1.0813e-19
 6865.84   4.0430e-19   1.0499e-19
 6868.88   4.5599e-19   1.1490e-19
 6871.92   3.2314e-19   1.0504e-19
 6874.96   3.4944e-19   9.1949e-20
 6878.00   2.9958e-19   8.8563e-20
 6881.04   2.9471e-19   8.7255e-20
 6884.08   3.1105e-19   9.1361e-20
 6887.11   2.8937e-19   8.3017e-20
 6890.15   2.8032e-19   9.2895e-20
 6893.19   3.7502e-19   9.1171e-20
 6896.23   5.3406e-19   9.7112e-20
 6899.27   3.8987e-19   8.5226e-20
 6902.31   3.7588e-19   9.1122e-20
 6905.35   3.8963e-19   9.5478e-20
 6908.39   5.0180e-19   9.3520e-20
 6911.43   3.8200e-19   1.0087e-19
 6914.47   3.3442e-19   1.0488e-19
 6917.51   4.5877e-19   1.0234e-19
 6920.54   3.7992e-19   1.0069e-19
 6923.58   5.2488e-19   9.8114e-20
 6926.62   4.2726e-19   9.5988e-20
 6929.66   4.7384e-19   9.7977e-20
 6932.70   6.1384e-19   9.8920e-20
 6935.74   4.0871e-19   9.5316e-20
 6938.78   3.9858e-19   1.0166e-19
 6941.82   4.5068e-19   1.0262e-19
 6944.86   4.7578e-19   1.0614e-19
 6947.90   4.6563e-19   1.0107e-19
 6950.94   5.3783e-19   9.5951e-20
 6953.98   6.3894e-19   9.9212e-20
 6957.01   5.6641e-19   9.9431e-20
 6960.05   5.5288e-19   9.1864e-20
 6963.09   4.9693e-19   9.0573e-20
 6966.13   5.5238e-19   1.0184e-19
 6969.17   6.3606e-19   9.7785e-20
 6972.21   5.7278e-19   1.1500e-19
 6975.25   5.3551e-19   9.8385e-20
 6978.29   4.1813e-19   9.7052e-20
 6981.33   4.2983e-19   8.9247e-20
 6984.37   5.4381e-19   9.6514e-20
 6987.40   4.1315e-19   8.4909e-20
 6990.44   5.3244e-19   8.8283e-20
 6993.48   4.1222e-19   9.1069e-20
 6996.52   4.0130e-19   8.5935e-20
 6999.56   2.1448e-19   8.4213e-20
 7002.60   4.4881e-19   8.7160e-20
 7005.64   4.4356e-19   8.8013e-20
 7008.68   4.2746e-19   8.9098e-20
 7011.72   4.3526e-19   8.7122e-20
 7014.76   5.2343e-19   8.9785e-20
 7017.80   3.9338e-19   8.2457e-20
 7020.83   4.0655e-19   8.2146e-20
 7023.87   4.6882e-19   8.5850e-20
 7026.91   4.2508e-19   7.8337e-20
 7029.95   4.3261e-19   8.0237e-20
 7032.99   5.3353e-19   8.8463e-20
 7036.03   4.6416e-19   8.6688e-20
 7039.07   5.4970e-19   8.9413e-20
 7042.11   3.4757e-19   8.2970e-20
 7045.15   3.7880e-19   8.7390e-20
 7048.19   4.3199e-19   8.8596e-20
 7051.23   3.9495e-19   8.4420e-20
 7054.27   5.6391e-19   9.2514e-20
 7057.30   4.7493e-19   8.5414e-20
 7060.34   5.3857e-19   8.6670e-20
 7063.38   4.8007e-19   8.5205e-20
 7066.42   4.0963e-19   8.1386e-20
 7069.46   3.9822e-19   8.3476e-20
 7072.50   3.7117e-19   8.1558e-20
 7075.54   4.7068e-19   8.6696e-20
 7078.58   3.2704e-19   7.9293e-20
 7081.62   3.9757e-19   8.5349e-20
 7084.66   4.2786e-19   8.7805e-20
 7087.70   4.5639e-19   8.5864e-20
 7090.73   5.1663e-19   8.5279e-20
 7093.77   5.0484e-19   8.6824e-20
 7096.81   4.6959e-19   8.9032e-20
 7099.85   4.4931e-19   8.5267e-20
 7102.89   3.9050e-19   7.5159e-20
 7105.93   3.9832e-19   7.8547e-20
 7108.97   4.0675e-19   8.0907e-20
 7112.01   3.2749e-19   7.5900e-20
 7115.05   4.2790e-19   8.1325e-20
 7118.09   3.7429e-19   7.9679e-20
 7121.13   3.6813e-19   8.1725e-20
 7124.16   4.3856e-19   8.5841e-20
 7127.20   3.8077e-19   8.1744e-20
 7130.24   3.5096e-19   8.1506e-20
 7133.28   3.5997e-19   9.1651e-20
 7136.32   3.1490e-19   8.2386e-20
 7139.36   4.0618e-19   8.0889e-20
 7142.40   3.6276e-19   8.0433e-20
 7145.44   3.4476e-19   7.8682e-20
 7148.48   4.0732e-19   8.4344e-20
 7151.52   3.9134e-19   8.3500e-20
 7154.56   3.5711e-19   7.8047e-20
 7157.59   3.8897e-19   7.9982e-20
 7160.63   4.2419e-19   8.8473e-20
 7163.67   4.1615e-19   8.3800e-20
 7166.71   5.1871e-19   8.5882e-20
 7169.75   4.0394e-19   8.0704e-20
 7172.79   3.0951e-19   7.7501e-20
 7175.83   3.7452e-19   8.1133e-20
 7178.87   3.6787e-19   7.9442e-20
 7181.91   3.1319e-19   8.0552e-20
 7184.95   3.2506e-19   7.9142e-20
 7187.99   3.2202e-19   7.8854e-20
 7191.02   3.2422e-19   7.5908e-20
 7194.06   3.1955e-19   7.7102e-20
 7197.10   3.1039e-19   7.7124e-20
 7200.14   4.1642e-19   7.9809e-20
 7203.18   3.1531e-19   7.8434e-20
 7206.22   1.9437e-19   7.4609e-20
 7209.26   3.0354e-19   7.7761e-20
 7212.30   3.3849e-19   7.9002e-20
 7215.34   3.9009e-19   8.2798e-20
 7218.38   3.6142e-19   8.4163e-20
 7221.42   3.1600e-19   8.5039e-20
 7224.46   3.5026e-19   8.7090e-20
 7227.49   4.0648e-19   9.9893e-20
 7230.53   4.9872e-19   1.1062e-19
 7233.57   4.7646e-19   1.3120e-19
 7236.61   3.5178e-19   1.4040e-19
 7239.65   4.4605e-19   1.4364e-19
 7242.69   5.2980e-19   1.5507e-19
 7245.73   4.3677e-19   1.4773e-19
 7248.77   3.5707e-19   1.3359e-19
 7251.81   4.7823e-19   1.3776e-19
 7254.85   4.5259e-19   1.0459e-19
 7257.88   4.4909e-19   9.9597e-20
 7260.92   4.8417e-19   9.8863e-20
 7263.96   4.4611e-19   1.0830e-19
 7267.00   5.3220e-19   1.4214e-19
 7270.04   4.9355e-19   1.3338e-19
 7273.08   5.4895e-19   1.3419e-19
 7276.12   5.9422e-19   1.4261e-19
 7279.16   5.8763e-19   1.4582e-19
 7282.20   6.3461e-19   1.5413e-19
 7285.24   6.0502e-19   1.3250e-19
 7288.28   5.3839e-19   1.2406e-19
 7291.31   5.3212e-19   1.1601e-19
 7294.35   5.0947e-19   1.1641e-19
 7297.39   4.2305e-19   1.0799e-19
 7300.43   4.0481e-19   1.1034e-19
 7303.47   3.6787e-19   1.1010e-19
 7306.51   5.0369e-19   1.3009e-19
 7309.55   4.7163e-19   1.2499e-19
 7312.59   4.1633e-19   1.2036e-19
 7315.63   5.5257e-19   1.3114e-19
 7318.67   5.0763e-19   1.3168e-19
 7321.71   3.6902e-19   1.3044e-19
 7324.75   5.8282e-19   1.3106e-19
 7327.78   3.7494e-19   1.0842e-19
 7330.82   5.2106e-19   1.3081e-19
 7333.86   5.7444e-19   1.5150e-19
 7336.90   7.0188e-19   1.4350e-19
 7339.94   9.5028e-19   1.5660e-19
 7342.98   5.8103e-19   1.5129e-19
 7346.02   5.4123e-19   1.4158e-19
 7349.06   5.1771e-19   1.4506e-19
 7352.10   6.4353e-19   1.2092e-19
 7355.14   4.7929e-19   1.0881e-19
 7358.18   4.4390e-19   1.1817e-19
 7361.21   5.6356e-19   1.2922e-19
 7364.25   6.3560e-19   1.3504e-19
 7367.29   8.1160e-19   1.3054e-19
 7370.33   5.2639e-19   1.2390e-19
 7373.37   5.6454e-19   1.2237e-19
 7376.41   7.2737e-19   1.2661e-19
 7379.45   7.6246e-19   1.1186e-19
 7382.49   5.3722e-19   9.9567e-20
 7385.53   3.9129e-19   9.6578e-20
 7388.57   3.8602e-19   1.0341e-19
 7391.61   4.4959e-19   1.0981e-19
 7394.64   4.3538e-19   1.2444e-19
 7397.68   3.9499e-19   1.0881e-19
 7400.72   4.8362e-19   1.1470e-19
 7403.76   7.2430e-19   1.2263e-19
 7406.80   5.6318e-19   1.0967e-19
 7409.84   4.1232e-19   9.9687e-20
 7412.88   4.3682e-19   9.0174e-20
 7415.92   3.9568e-19   8.9285e-20
 7418.96   3.5643e-19   8.4103e-20
 7422.00   4.0521e-19   9.0409e-20
 7425.04   4.6693e-19   9.2168e-20
 7428.07   4.1839e-19   9.7961e-20
 7431.11   4.3454e-19   1.0928e-19
 7434.15   3.6594e-19   1.0343e-19
 7437.19   3.1458e-19   9.6263e-20
 7440.23   4.5270e-19   1.0584e-19
 7443.27   4.4711e-19   9.7543e-20
 7446.31   4.1180e-19   9.4814e-20
 7449.35   3.7334e-19   8.9379e-20
 7452.39   3.0805e-19   8.0660e-20
 7455.43   4.2276e-19   9.3556e-20
 7458.47   5.7416e-19   1.0592e-19
 7461.50   5.8939e-19   1.0491e-19
 7464.54   4.6420e-19   1.0186e-19
 7467.58   4.6452e-19   1.1409e-19
 7470.62   5.1863e-19   1.1601e-19
 7473.66   4.2175e-19   1.1475e-19
 7476.70   3.4180e-19   1.1572e-19
 7479.74   3.6135e-19   1.0728e-19
 7482.78   4.4370e-19   1.1031e-19
 7485.82   4.8708e-19   1.1106e-19
 7488.86   4.9646e-19   1.0287e-19
 7491.90   3.5723e-19   9.3231e-20
 7494.93   3.3543e-19   9.0605e-20
 7497.97   2.9229e-19   8.4431e-20
 7501.01   4.2891e-19   9.0967e-20
 7504.05   4.1133e-19   8.7183e-20
 7507.09   3.3066e-19   8.2497e-20
 7510.13   3.9586e-19   8.9271e-20
 7513.17   5.2129e-19   9.9358e-20
 7516.21   5.7438e-19   1.1574e-19
 7519.25   4.7404e-19   1.1497e-19
 7522.29   5.2196e-19   1.1760e-19
 7525.33   3.8276e-19   1.1553e-19
 7528.36   4.2601e-19   1.1704e-19
 7531.40   5.7514e-19   1.1631e-19
 7534.44   4.7104e-19   1.0136e-19
 7537.48   4.7514e-19   9.7424e-20
 7540.52   4.5166e-19   9.7893e-20
 7543.56   4.0790e-19   9.2200e-20
 7546.60   2.8781e-19   8.4368e-20
 7549.64   3.4786e-19   8.9606e-20
 7552.68   4.6258e-19   9.4920e-20
 7555.72   4.3058e-19   8.7893e-20
 7558.76   4.1176e-19   8.9192e-20
 7561.79   3.4092e-19   9.5910e-20
 7564.83   4.6042e-19   1.0637e-19
 7567.87   3.7730e-19   1.0802e-19
 7570.91   2.4763e-19   1.0034e-19
 7573.95   3.6397e-19   1.1365e-19
 7576.99   4.0349e-19   1.0550e-19
 7580.03   1.9497e-19   9.2990e-20
 7583.07   1.9715e-19   9.6256e-20
 7586.11   2.0236e-19   8.3972e-20
 7589.15   2.5509e-19   8.7751e-20
 7592.19   1.0481e-19   7.5881e-20
 7595.23   2.4804e-19   8.4195e-20
 7598.26   1.5813e-19   7.6107e-20
 7601.30   2.4667e-19   8.6170e-20
 7604.34   6.6821e-20   5.4812e-20
 7607.38   7.5595e-20   5.5785e-20
 7610.42  -1.2888e-19   6.6242e-20
 7613.46   8.0407e-21   1.8230e-20
 7616.50   1.2626e-19   6.9416e-20
 7619.54   2.9068e-19   9.6370e-20
 7622.58   2.8494e-19   9.6706e-20
 7625.62   2.5390e-19   8.7601e-20
 7628.66   2.4301e-19   9.5419e-20
 7631.69   7.1225e-20   6.5651e-20
 7634.73   1.1885e-19   6.4362e-20
 7637.77   1.7498e-19   8.5604e-20
 7640.81   3.6477e-20   3.2747e-20
 7643.85   3.1019e-19   9.0051e-20
 7646.89   1.7665e-19   7.0052e-20
 7649.93  -5.8915e-20   4.9682e-20
 7652.97   2.2076e-19   8.4814e-20
 7656.01   7.4768e-20   5.7717e-20
 7659.05   2.0443e-19   9.0750e-20
 7662.09   2.9811e-19   8.5016e-20
 7665.12   3.7148e-19   9.4341e-20
 7668.16   1.9864e-19   9.1644e-20
 7671.20   9.2693e-20   7.3944e-20
 7674.24   2.7136e-19   8.4654e-20
 7677.28   1.9163e-19   8.0499e-20
 7680.32   1.1905e-19   7.9913e-20
 7683.36   2.6771e-19   9.7482e-20
 7686.40   2.8086e-19   9.5309e-20
 7689.44   2.1421e-19   9.4937e-20
 7692.48   8.9457e-20   6.4320e-20
 7695.52   3.2908e-19   1.0562e-19
 7698.55   2.8736e-19   9.4460e-20
 7701.59   3.6821e-19   1.0956e-19
 7704.63   3.1886e-19   1.4252e-19
 7707.67   3.6392e-19   1.4802e-19
 7710.71   1.7222e-19   1.1744e-19
 7713.75   2.3224e-19   1.4875e-19
 7716.79   1.9643e-19   1.3982e-19
 7719.83   1.5260e-19   1.1365e-19
 7722.87   6.7183e-19   1.6166e-19
 7725.91   3.9043e-19   1.5163e-19
 7728.95   4.8733e-19   1.3214e-19
 7731.98   3.4005e-19   1.1106e-19
 7735.02   2.4584e-19   1.1404e-19
 7738.06   2.2494e-19   9.6848e-20
 7741.10   1.8066e-19   1.1432e-19
 7744.14   3.1443e-19   1.5089e-19
 7747.18   5.2623e-19   1.9015e-19
 7750.22   4.5243e-19   1.4994e-19
 7753.26   3.3529e-19   1.4259e-19
 7756.30   2.5099e-19   1.4320e-19
 7759.34   5.6832e-19   1.6474e-19
 7762.38   6.8697e-19   1.5749e-19
 7765.41   3.8077e-19   1.2951e-19
 7768.45   2.9488e-19   1.1467e-19
 7771.49   3.3276e-19   1.2074e-19
 7774.53   3.2965e-19   1.1562e-19
 7777.57   4.1396e-19   1.2796e-19
 7780.61   3.3218e-19   1.1627e-19
 7783.65   4.5336e-19   1.3116e-19
 7786.69   3.8413e-19   1.3458e-19
 7789.73   4.0114e-19   1.4631e-19
 7792.77   4.2890e-19   1.3926e-19
 7795.81   4.4478e-19   1.4026e-19
 7798.84   5.8927e-19   1.4870e-19
 7801.88   6.2063e-19   1.5840e-19
 7804.92   5.7473e-19   1.4443e-19
 7807.96   4.2708e-19   1.2153e-19
 7811.00   3.6644e-19   1.2695e-19
 7814.04   2.4799e-19   1.1913e-19
 7817.08   3.2517e-19   1.4636e-19
 7820.12   2.3396e-19   1.2529e-19
 7823.16   3.7798e-20   5.4324e-20
 7826.20   3.2901e-19   1.5801e-19
 7829.24   3.0181e-19   1.3216e-19
 7832.27   4.1422e-19   1.3612e-19
 7835.31   4.7885e-19   1.2691e-19
 7838.35   3.7764e-19   1.2467e-19
 7841.39   3.1634e-19   1.2994e-19
 7844.43   4.3230e-19   1.5364e-19
 7847.47   6.4618e-19   1.7009e-19
 7850.51   5.9380e-19   1.6931e-19
 7853.55   6.4814e-19   1.7169e-19
 7856.59   5.1726e-19   1.5717e-19
 7859.63   5.1561e-19   1.7129e-19
 7862.67   6.4479e-19   1.7656e-19
 7865.71   5.4890e-19   1.6667e-19
 7868.74   5.5415e-19   1.5666e-19
 7871.78   5.6528e-19   1.6179e-19
 7874.82   4.2315e-19   1.6621e-19
 7877.86   5.3749e-19   1.4894e-19
 7880.90   6.4612e-19   1.4998e-19
 7883.94   5.8759e-19   1.5325e-19
 7886.98   3.9972e-19   1.4951e-19
 7890.02   4.7985e-19   1.5519e-19
 7893.06   6.6079e-19   1.4304e-19
 7896.10   5.4143e-19   1.3867e-19
 7899.14   6.3869e-19   1.2695e-19
 7902.17   4.9678e-19   1.2459e-19
 7905.21   5.9493e-19   1.3738e-19
 7908.25   3.8371e-19   1.3841e-19
 7911.29   5.0533e-19   1.6245e-19
 7914.33   4.2931e-19   1.7399e-19
 7917.37   8.1261e-19   1.8772e-19
 7920.41   8.8697e-19   1.8481e-19
 7923.45   8.6289e-19   1.9600e-19
 7926.49   4.6965e-19   1.4981e-19
 7929.53   6.1564e-19   1.5406e-19
 7932.57   6.4323e-19   1.5194e-19
 7935.60   4.4448e-19   1.1312e-19
 7938.64   5.5167e-19   1.3043e-19
 7941.68   5.6981e-19   1.1805e-19
 7944.72   6.6390e-19   1.2251e-19
 7947.76   3.3125e-19   1.0284e-19
 7950.80   3.4031e-19   1.1376e-19
 7953.84   2.4934e-19   1.1422e-19
 7956.88   4.6381e-19   1.4548e-19
 7959.92   4.0851e-19   1.3977e-19
 7962.96   5.4318e-19   1.7351e-19
 7966.00   4.6529e-19   1.5902e-19
 7969.03   6.3705e-19   1.5029e-19
 7972.07   5.9503e-19   1.6968e-19
 7975.11   5.0702e-19   1.5310e-19
 7978.15   6.9555e-19   1.4436e-19
 7981.19   2.8798e-19   1.0854e-19
 7984.23   4.2592e-19   1.3156e-19
 7987.27   6.5447e-19   1.7604e-19
 7990.31   6.4420e-19   1.5153e-19
 7993.35   7.2010e-19   1.5007e-19
 7996.39   5.9055e-19   1.4525e-19
 7999.43   6.8606e-19   1.5144e-19
 8002.46   5.2855e-19   1.4810e-19
 8005.50   7.4864e-19   1.3662e-19
 8008.54   4.3178e-19   1.2724e-19
 8011.58   2.6853e-19   1.1402e-19
 8014.62   4.7428e-19   1.2981e-19
 8017.66   2.8768e-19   1.1703e-19
 8020.70   3.7614e-19   1.5575e-19
 8023.74   3.7676e-19   1.6771e-19
 8026.78   4.0382e-19   1.5352e-19
 8029.82   5.2599e-19   1.4672e-19
 8032.86   4.1469e-19   1.3951e-19
 8035.89   1.6655e-19   9.5925e-20
 8038.93   5.1398e-19   1.3458e-19
 8041.97   3.5815e-19   1.0436e-19
 8045.01   4.4719e-19   1.0823e-19
 8048.05   4.0766e-19   1.0570e-19
 8051.09   4.5541e-19   1.0811e-19
 8054.13   4.1000e-19   1.1575e-19
 8057.17   2.2429e-19   1.2590e-19
 8060.21   2.9006e-19   1.1467e-19
 8063.25   3.3190e-19   1.3773e-19
 8066.29   3.9972e-19   1.1829e-19
 8069.32   3.3486e-19   1.2364e-19
 8072.36   2.3824e-19   1.0545e-19
 8075.40   4.0327e-19   1.0120e-19
 8078.44   3.6245e-19   9.7145e-20
 8081.48   4.1115e-19   1.0418e-19
 8084.52   4.2335e-19   9.8232e-20
 8087.56   4.3350e-19   9.7900e-20
 8090.60   3.9682e-19   9.6196e-20
 8093.64   4.6191e-19   1.0178e-19
 8096.68   3.2014e-19   1.0007e-19
 8099.72   2.2736e-19   9.1809e-20
 8102.75   3.2590e-19   1.1121e-19
 8105.79   3.7758e-19   1.0876e-19
 8108.83   2.7675e-19   9.1413e-20
 8111.87   2.7523e-19   9.4358e-20
 8114.91   2.6675e-19   8.7683e-20
 8117.95   3.4988e-19   9.0267e-20
 8120.99   3.1979e-19   8.3214e-20
 8124.03   3.6816e-19   9.6352e-20
 8127.07   2.8803e-19   9.2835e-20
 8130.11   2.9830e-19   8.6808e-20
 8133.15   3.3574e-19   9.3260e-20
 8136.19   3.1535e-19   9.2286e-20
 8139.22   2.4770e-19   9.2403e-20
 8142.26   3.1420e-19   9.4646e-20
 8145.30   2.8313e-19   9.2122e-20
 8148.34   2.7658e-19   9.7645e-20
 8151.38   2.7773e-19   9.4841e-20
 8154.42   3.0167e-19   9.4124e-20
 8157.46   3.1083e-19   9.1060e-20
 8160.50   2.7815e-19   9.1319e-20
 8163.54   3.0626e-19   8.7549e-20
 8166.58   2.4043e-19   7.9076e-20
 8169.62   1.8399e-19   7.8731e-20
