 
TRANSIENT_NAME:     DES14X3amb 
SNID:               1297026    
OBS_DATE:           2014-10-23
MJD:                56953. 
PHASE:              +19.   
MJD_MAX:            56928.8
TYPE:               1  
SPEC_EVAL:          SNIa
REDSHIFT:           0.2590  
REDSHIFT_ERR:       0.0005  
REDSHIFT_SOURCE:    Z_GAL
TELESCOPE:          MMT
INSTRUMENT:         BCS
 
======================================
 
# WAVE  FLUX  FLUX_ERR
 3331.00   3.4970e-03   4.3357e-04
 3332.95   8.5694e-03   1.0617e-03
 3334.90   2.8708e-02   3.5217e-03
 3336.85   7.6476e-03   9.2360e-04
 3338.80   6.2256e-03   7.5757e-04
 3340.75  -1.0551e-02  -1.2605e-03
 3342.70   4.5478e-03   5.3042e-04
 3344.65  -6.4631e-03  -7.5018e-04
 3346.60  -7.3317e-03  -8.4128e-04
 3348.55   2.3443e-02   2.6420e-03
 3350.50   3.2535e-02   3.6739e-03
 3352.45   2.5538e-02   2.8577e-03
 3354.40   1.3788e-04   1.5309e-05
 3356.35  -8.6524e-04  -9.6421e-05
 3358.30  -3.9031e-04  -4.2545e-05
 3360.25   2.1807e-02   2.4030e-03
 3362.20   2.1194e-02   2.4158e-03
 3364.15   3.2659e-02   4.0510e-03
 3366.10   4.5784e-02   6.2829e-03
 3368.05   6.2347e-03   9.2744e-04
 3370.00   3.0944e-03   4.8351e-04
 3371.95  -2.3441e-03  -3.7500e-04
 3373.90  -2.1921e-02  -3.4440e-03
 3375.85   5.5924e-02   8.5773e-03
 3377.80   1.3428e-02   1.9830e-03
 3379.75  -5.6350e-03  -8.0097e-04
 3381.70   1.5245e-02   2.1245e-03
 3383.65   2.7996e-02   3.8427e-03
 3385.60   1.8575e-03   2.4432e-04
 3387.55   1.5628e-02   2.0300e-03
 3389.50   3.5241e-02   4.4837e-03
 3391.45   5.6971e-03   7.0783e-04
 3393.40   4.6422e-03   5.6849e-04
 3395.35   5.8027e-03   6.9839e-04
 3397.30   1.6410e-02   1.9571e-03
 3399.25   2.2977e-02   2.7054e-03
 3401.20   6.9248e-03   7.9283e-04
 3403.15   6.1824e-03   6.9251e-04
 3405.10   3.2015e-03   3.4817e-04
 3407.05  -7.0790e-03  -7.5656e-04
 3409.00   2.9826e-03   3.1565e-04
 3410.95   1.1242e-02   1.2036e-03
 3412.90   3.4920e-03   3.8815e-04
 3414.85  -1.5007e-02  -1.6941e-03
 3416.80   7.4645e-03   8.7229e-04
 3418.75   1.6073e-02   1.8969e-03
 3420.70   1.1408e-02   1.3417e-03
 3422.65   1.6381e-02   1.9443e-03
 3424.60   1.0238e-02   1.2183e-03
 3426.55   2.8900e-02   3.4400e-03
 3428.50   1.2766e-02   1.5000e-03
 3430.45  -1.8400e-03  -2.1348e-04
 3432.40   6.0850e-03   7.1221e-04
 3434.35   3.2305e-02   3.8957e-03
 3436.30   2.9173e-02   3.5657e-03
 3438.25  -1.2215e-02  -1.4623e-03
 3440.20   7.1445e-03   8.4764e-04
 3442.15   2.8217e-02   3.3214e-03
 3444.10   4.6726e-03   5.3594e-04
 3446.05  -2.3408e-02  -2.6717e-03
 3448.00   1.2853e-02   1.5383e-03
 3449.95   3.0684e-02   3.9235e-03
 3451.90  -1.2514e-02  -1.6690e-03
 3453.85  -1.7416e-02  -2.3169e-03
 3455.80  -1.9381e-02  -2.5571e-03
 3457.75  -2.9835e-02  -3.8879e-03
 3459.70  -1.5475e-02  -1.9662e-03
 3461.65  -4.8496e-03  -6.0151e-04
 3463.60   1.3636e-02   1.6376e-03
 3465.55   1.1451e-02   1.3542e-03
 3467.50  -1.1875e-02  -1.3883e-03
 3469.45  -2.2212e-02  -2.5635e-03
 3471.40   1.1513e-02   1.3204e-03
 3473.35   1.7632e-02   2.0179e-03
 3475.30  -3.0800e-03  -3.6315e-04
 3477.25   1.8038e-03   2.2709e-04
 3479.20   1.1922e-02   1.6063e-03
 3481.15  -2.1673e-02  -3.0430e-03
 3483.10  -1.9755e-02  -2.7936e-03
 3485.05   2.7129e-02   3.7690e-03
 3487.00   3.4744e-02   4.6842e-03
 3488.95   3.5366e-02   4.6610e-03
 3490.90   1.8939e-02   2.4172e-03
 3492.85   1.1792e-02   1.4704e-03
 3494.80  -5.5920e-03  -6.8481e-04
 3496.75   1.8562e-02   2.2197e-03
 3498.70   3.0809e-02   3.6163e-03
 3500.65   3.3665e-02   3.9111e-03
 3502.60   1.2083e-02   1.3746e-03
 3504.55  -1.5016e-02  -1.6907e-03
 3506.50  -5.8898e-03  -6.6597e-04
 3508.45   1.7823e-02   2.0533e-03
 3510.40   1.4887e-02   1.7197e-03
 3512.35   1.1981e-02   1.3588e-03
 3514.30   1.9411e-02   2.1870e-03
 3516.25   2.0025e-02   2.2554e-03
 3518.20   1.3459e-02   1.4849e-03
 3520.15   1.6075e-02   1.7495e-03
 3522.10  -8.9058e-03  -9.6487e-04
 3524.05  -6.7485e-03  -7.1328e-04
 3526.00  -3.0807e-04  -3.2127e-05
 3527.95   8.6448e-03   9.0191e-04
 3529.90   4.1452e-02   4.3989e-03
 3531.85   2.5822e-02   2.7199e-03
 3533.80   6.8039e-03   6.9962e-04
 3535.75   4.4981e-03   4.6858e-04
 3537.70   5.1001e-04   5.7026e-05
 3539.65  -1.5578e-02  -1.9065e-03
 3541.60  -2.0008e-02  -2.6310e-03
 3543.55   1.3320e-02   1.8150e-03
 3545.50   3.3697e-03   4.5969e-04
 3547.45  -1.8788e-02  -2.5371e-03
 3549.40   4.5045e-03   5.9980e-04
 3551.35   7.9142e-03   1.0586e-03
 3553.30  -2.5040e-02  -3.3527e-03
 3555.25  -1.6331e-02  -2.1719e-03
 3557.20  -2.9105e-02  -3.8157e-03
 3559.15  -2.9471e-02  -3.7774e-03
 3561.10  -1.1494e-02  -1.4383e-03
 3563.05   1.5234e-02   1.8544e-03
 3565.00   1.3509e-02   1.6056e-03
 3566.95  -1.8652e-02  -2.1541e-03
 3568.90  -3.9917e-03  -4.4927e-04
 3570.85   1.1985e-02   1.3236e-03
 3572.80   2.2078e-02   2.3855e-03
 3574.75  -4.7228e-03  -4.9813e-04
 3576.70   3.5330e-03   3.6914e-04
 3578.65   8.7912e-03   9.0533e-04
 3580.60   3.8624e-03   3.8840e-04
 3582.55   6.3504e-03   6.2653e-04
 3584.50   1.2329e-02   1.1995e-03
 3586.45   7.5562e-03   7.2497e-04
 3588.40   1.1050e-02   1.0642e-03
 3590.35   6.7385e-03   6.5517e-04
 3592.30  -3.7195e-04  -3.6147e-05
 3594.25   1.0997e-02   1.0695e-03
 3596.20   1.0966e-02   1.0652e-03
 3598.15   3.0029e-03   2.8523e-04
 3600.10  -4.6575e-04  -4.4490e-05
 3602.05  -6.5273e-03  -6.2146e-04
 3604.00   1.1198e-03   1.0339e-04
 3605.95   1.2379e-03   1.1339e-04
 3607.90   6.4641e-03   5.9790e-04
 3609.85   1.6157e-02   1.5048e-03
 3611.80   1.9447e-02   1.8500e-03
 3613.75   1.8364e-02   1.8498e-03
 3615.70   2.8804e-02   3.0870e-03
 3617.65   2.7127e-02   2.9847e-03
 3619.60   1.4104e-02   1.5576e-03
 3621.55   1.5623e-02   1.7182e-03
 3623.50   9.6951e-03   1.0422e-03
 3625.45   4.0738e-03   4.3592e-04
 3627.40   1.6338e-02   1.7740e-03
 3629.35   1.5693e-02   1.7583e-03
 3631.30  -1.8275e-03  -2.1138e-04
 3633.25   1.4802e-02   1.7510e-03
 3635.20   2.2300e-02   2.6459e-03
 3637.15   6.9407e-03   8.1243e-04
 3639.10   1.0438e-02   1.2140e-03
 3641.05   1.5019e-02   1.7283e-03
 3643.00   7.4610e-03   8.4171e-04
 3644.95   2.5548e-02   2.8655e-03
 3646.90   1.4292e-02   1.6202e-03
 3648.85   9.5334e-03   1.1016e-03
 3650.80   2.7503e-02   3.2014e-03
 3652.75   9.1984e-03   1.0499e-03
 3654.70  -3.0253e-03  -3.3551e-04
 3656.65   7.1910e-03   7.8305e-04
 3658.60   8.6739e-03   9.3527e-04
 3660.55   1.3109e-02   1.4178e-03
 3662.50   2.0550e-02   2.2168e-03
 3664.45   9.6664e-03   1.0158e-03
 3666.40   7.0326e-03   7.1381e-04
 3668.35   2.1485e-02   2.1297e-03
 3670.30   2.1340e-02   2.0783e-03
 3672.25   1.1014e-02   1.0573e-03
 3674.20   1.5645e-02   1.4816e-03
 3676.15   2.0685e-02   1.9238e-03
 3678.10   2.2081e-02   1.9998e-03
 3680.05   1.9511e-02   1.7395e-03
 3682.00   1.3843e-02   1.2178e-03
 3683.95   1.6912e-02   1.4782e-03
 3685.90   1.8559e-02   1.6173e-03
 3687.85   1.3413e-02   1.1703e-03
 3689.80   1.0075e-02   8.7901e-04
 3691.75   2.3262e-03   2.0274e-04
 3693.70  -5.4538e-03  -4.8362e-04
 3695.65   6.9697e-04   6.4344e-05
 3697.60   1.0152e-02   9.8246e-04
 3699.55   1.6394e-02   1.6445e-03
 3701.50   2.8874e-02   2.9597e-03
 3703.45   1.7135e-02   1.7437e-03
 3705.40  -1.6879e-05  -1.6710e-06
 3707.35   7.0295e-03   6.8633e-04
 3709.30   1.7493e-02   1.7061e-03
 3711.25   1.1432e-02   1.0977e-03
 3713.20   8.6956e-03   8.1879e-04
 3715.15   1.4349e-02   1.3261e-03
 3717.10   6.1228e-03   5.4973e-04
 3719.05   5.7956e-03   5.1035e-04
 3721.00   9.8273e-03   8.6115e-04
 3722.95  -4.7223e-03  -4.0753e-04
 3724.90  -5.1526e-03  -4.3908e-04
 3726.85   4.0564e-03   3.5549e-04
 3728.80   6.1301e-03   5.6188e-04
 3730.75   6.0557e-03   5.7856e-04
 3732.70  -1.4960e-04  -1.4857e-05
 3734.65  -8.8161e-03  -8.9658e-04
 3736.60   2.8706e-03   2.9511e-04
 3738.55   2.0234e-03   2.0949e-04
 3740.50   2.1061e-03   2.1854e-04
 3742.45   1.5498e-02   1.5966e-03
 3744.40   1.9056e-02   1.9066e-03
 3746.35   1.0075e-02   9.7520e-04
 3748.30   2.0463e-03   1.9458e-04
 3750.25  -4.7291e-03  -4.4369e-04
 3752.20  -5.5198e-03  -5.1279e-04
 3754.15   6.4097e-03   5.8966e-04
 3756.10   1.1521e-02   1.0422e-03
 3758.05   9.2729e-03   8.2796e-04
 3760.00   7.4182e-03   6.4752e-04
 3761.95   6.5405e-03   5.5810e-04
 3763.90   1.5670e-02   1.3314e-03
 3765.85   8.3449e-03   6.9593e-04
 3767.80  -6.6569e-04  -5.4855e-05
 3769.75   3.7071e-03   3.0974e-04
 3771.70   6.9047e-03   5.9069e-04
 3773.65   8.3216e-03   7.2272e-04
 3775.60   6.9293e-03   5.9931e-04
 3777.55   3.1861e-03   2.7216e-04
 3779.50  -3.7707e-04  -3.1887e-05
 3781.45   1.1760e-03   9.7703e-05
 3783.40   9.6878e-03   8.0010e-04
 3785.35   1.0590e-02   8.7266e-04
 3787.30   1.7124e-02   1.4209e-03
 3789.25   2.0684e-02   1.7591e-03
 3791.20   9.2564e-03   7.9416e-04
 3793.15   6.5510e-03   5.5876e-04
 3795.10   8.0204e-03   6.7829e-04
 3797.05   6.8836e-03   5.6929e-04
 3799.00   1.1825e-02   9.6748e-04
 3800.95   9.1836e-03   7.4999e-04
 3802.90   6.3476e-03   5.1441e-04
 3804.85   1.3610e-04   1.0806e-05
 3806.80   7.1631e-03   5.6844e-04
 3808.75   1.1423e-02   9.1105e-04
 3810.70   6.9145e-03   5.5833e-04
 3812.65   9.5346e-03   7.9796e-04
 3814.60   1.8143e-02   1.5668e-03
 3816.55   1.6484e-02   1.4254e-03
 3818.50   5.6708e-03   4.8039e-04
 3820.45   8.7266e-03   7.3240e-04
 3822.40   1.3949e-02   1.1594e-03
 3824.35   1.1499e-02   9.6119e-04
 3826.30   5.5296e-03   4.8146e-04
 3828.25  -7.1043e-03  -6.4796e-04
 3830.20  -7.8183e-03  -7.3753e-04
 3832.15   6.4678e-03   6.1858e-04
 3834.10   8.4760e-03   7.9678e-04
 3836.05  -6.2850e-03  -5.7545e-04
 3838.00  -5.1507e-03  -4.6271e-04
 3839.95   3.9486e-04   3.4768e-05
 3841.90   5.9711e-03   5.2344e-04
 3843.85   1.5784e-02   1.3783e-03
 3845.80   6.0838e-03   5.1908e-04
 3847.75   1.1385e-02   9.5663e-04
 3849.70   1.9729e-02   1.6478e-03
 3851.65   1.7275e-02   1.4179e-03
 3853.60   1.4472e-02   1.1679e-03
 3855.55   1.1460e-02   9.0527e-04
 3857.50   6.1872e-03   4.7704e-04
 3859.45   7.2475e-03   5.5649e-04
 3861.40   6.1047e-03   4.6967e-04
 3863.35   2.5524e-03   1.9501e-04
 3865.30   5.0942e-03   3.8583e-04
 3867.25   7.9999e-03   6.0193e-04
 3869.20   1.2183e-02   9.0922e-04
 3871.15   1.2067e-02   8.8372e-04
 3873.10   6.3848e-03   4.6359e-04
 3875.05   5.7336e-03   4.1878e-04
 3877.00   8.3936e-03   6.0930e-04
 3878.95   1.2681e-02   9.1719e-04
 3880.90   1.1691e-02   8.3674e-04
 3882.85   8.9438e-03   6.2710e-04
 3884.80   1.1310e-02   7.8817e-04
 3886.75   1.0252e-02   7.0767e-04
 3888.70   1.0646e-02   7.3741e-04
 3890.65   1.5128e-02   1.0745e-03
 3892.60   9.4131e-03   6.6978e-04
 3894.55   5.9959e-03   4.2499e-04
 3896.50   1.4203e-02   1.0287e-03
 3898.45   1.4767e-02   1.0850e-03
 3900.40   1.2765e-02   9.4905e-04
 3902.35   9.3831e-03   7.1806e-04
 3904.30   4.1782e-03   3.3012e-04
 3906.25   6.0277e-03   4.9446e-04
 3908.20   8.6098e-03   7.2233e-04
 3910.15   9.9189e-03   8.3333e-04
 3912.10   7.7492e-03   6.4270e-04
 3914.05   1.0118e-02   8.2395e-04
 3916.00   1.6102e-02   1.2924e-03
 3917.95   1.0156e-02   7.8818e-04
 3919.90   1.0242e-02   7.7218e-04
 3921.85   1.7456e-02   1.3024e-03
 3923.80   1.6545e-02   1.2092e-03
 3925.75   1.8348e-02   1.3332e-03
 3927.70   1.5764e-02   1.1332e-03
 3929.65   7.2450e-03   5.1254e-04
 3931.60   3.1670e-03   2.2414e-04
 3933.55   4.7796e-03   3.3906e-04
 3935.50   5.5829e-03   3.9775e-04
 3937.45   1.8750e-03   1.3719e-04
 3939.40   5.6262e-04   4.2952e-05
 3941.35   8.1548e-03   6.4364e-04
 3943.30   1.3874e-02   1.1065e-03
 3945.25   1.1850e-02   9.3698e-04
 3947.20   1.1209e-02   8.7324e-04
 3949.15   1.2769e-02   9.8034e-04
 3951.10   1.0996e-02   8.2893e-04
 3953.05   1.0458e-02   7.7646e-04
 3955.00   1.5205e-02   1.1201e-03
 3956.95   1.6864e-02   1.2228e-03
 3958.90   8.3053e-03   5.8782e-04
 3960.85   6.4601e-03   4.5424e-04
 3962.80   1.1009e-02   7.7221e-04
 3964.75   1.0740e-02   7.3848e-04
 3966.70   8.4805e-03   5.6655e-04
 3968.65   4.8154e-03   3.1541e-04
 3970.60   6.1786e-03   4.1378e-04
 3972.55   9.7686e-03   6.8025e-04
 3974.50   1.0557e-02   7.5207e-04
 3976.45   9.2986e-03   6.6853e-04
 3978.40   5.0272e-03   3.6129e-04
 3980.35   7.8994e-03   5.7003e-04
 3982.30   1.6418e-02   1.1927e-03
 3984.25   1.2392e-02   8.8769e-04
 3986.20   7.9831e-03   5.6260e-04
 3988.15   1.0633e-02   7.4876e-04
 3990.10   1.4376e-02   1.0142e-03
 3992.05   1.5690e-02   1.1034e-03
 3994.00   1.1397e-02   7.9543e-04
 3995.95   9.2381e-03   6.4152e-04
 3997.90   4.9898e-03   3.4474e-04
 3999.85   8.8819e-03   6.2156e-04
 4001.80   1.4570e-02   1.0313e-03
 4003.75   2.8449e-03   1.9939e-04
 4005.70   8.6849e-04   6.2180e-05
 4007.65   1.0091e-02   7.5047e-04
 4009.60   9.4295e-03   7.1227e-04
 4011.55   1.1389e-02   8.6263e-04
 4013.50   1.4820e-02   1.1170e-03
 4015.45   1.2676e-02   9.4864e-04
 4017.40   1.3593e-02   1.0197e-03
 4019.35   1.4819e-02   1.1158e-03
 4021.30   1.3693e-02   1.0243e-03
 4023.25   1.2270e-02   9.0977e-04
 4025.20   1.3046e-02   9.6264e-04
 4027.15   1.5653e-02   1.1457e-03
 4029.10   1.2788e-02   9.1844e-04
 4031.05   8.5040e-03   6.0029e-04
 4033.00   1.1352e-02   8.0484e-04
 4034.95   1.7467e-02   1.2554e-03
 4036.90   1.7454e-02   1.2644e-03
 4038.85   1.0557e-02   7.7036e-04
 4040.80   2.5780e-03   1.9273e-04
 4042.75   9.5353e-03   7.6622e-04
 4044.70   1.3384e-02   1.1505e-03
 4046.65   6.9831e-03   6.1303e-04
 4048.60   8.6770e-03   7.3890e-04
 4050.55   1.2535e-02   9.9580e-04
 4052.50   1.1950e-02   8.9556e-04
 4054.45   1.1666e-02   8.5397e-04
 4056.40   1.2165e-02   8.8552e-04
 4058.35   9.7464e-03   7.0991e-04
 4060.30   6.7548e-03   4.9531e-04
 4062.25   7.2749e-03   5.4624e-04
 4064.20   1.1777e-02   9.0565e-04
 4066.15   7.0784e-03   5.4320e-04
 4068.10   8.5401e-03   6.4845e-04
 4070.05   1.4373e-02   1.0817e-03
 4072.00   1.4402e-02   1.0714e-03
 4073.95   1.1923e-02   8.8466e-04
 4075.90   8.7142e-03   6.5875e-04
 4077.85   1.4830e-02   1.1388e-03
 4079.80   1.1735e-02   8.8464e-04
 4081.75   8.0371e-03   5.9200e-04
 4083.70   1.4218e-02   1.0407e-03
 4085.65   9.4697e-03   6.8300e-04
 4087.60   6.9958e-03   4.9760e-04
 4089.55   1.3993e-02   9.9520e-04
 4091.50   1.0788e-02   7.5587e-04
 4093.45   7.0515e-03   4.8517e-04
 4095.40   1.4470e-02   1.0030e-03
 4097.35   1.3912e-02   9.6001e-04
 4099.30   8.8723e-03   6.0329e-04
 4101.25   1.1348e-02   7.6554e-04
 4103.20   1.3859e-02   9.2737e-04
 4105.15   1.1434e-02   7.6620e-04
 4107.10   1.5050e-02   1.0181e-03
 4109.05   1.7390e-02   1.1734e-03
 4111.00   1.7194e-02   1.1581e-03
 4112.95   1.5657e-02   1.0528e-03
 4114.90   1.4866e-02   9.9591e-04
 4116.85   1.5706e-02   1.0499e-03
 4118.80   1.3854e-02   9.2561e-04
 4120.75   1.2296e-02   8.3003e-04
 4122.70   1.2224e-02   8.3825e-04
 4124.65   1.5109e-02   1.0497e-03
 4126.60   1.3399e-02   9.2880e-04
 4128.55   1.3457e-02   9.3872e-04
 4130.50   1.2444e-02   8.6892e-04
 4132.45   1.2864e-02   8.9570e-04
 4134.40   8.0208e-03   5.5862e-04
 4136.35   1.0771e-02   7.5127e-04
 4138.30   1.4015e-02   9.7003e-04
 4140.25   1.4404e-02   9.8606e-04
 4142.20   1.6136e-02   1.1003e-03
 4144.15   1.4686e-02   9.9547e-04
 4146.10   1.8042e-02   1.2211e-03
 4148.05   2.3114e-02   1.5680e-03
 4150.00   1.6048e-02   1.0780e-03
 4151.95   1.2162e-02   8.2297e-04
 4153.90   1.4975e-02   1.0458e-03
 4155.85   1.4834e-02   1.0564e-03
 4157.80   2.0004e-02   1.4400e-03
 4159.75   2.1252e-02   1.5348e-03
 4161.70   1.5190e-02   1.0957e-03
 4163.65   1.1361e-02   8.2932e-04
 4165.60   1.5495e-02   1.1537e-03
 4167.55   1.7614e-02   1.3225e-03
 4169.50   1.0641e-02   7.9182e-04
 4171.45   9.3245e-03   6.8389e-04
 4173.40   7.6387e-03   5.5006e-04
 4175.35   1.1347e-02   8.1125e-04
 4177.30   1.6804e-02   1.1994e-03
 4179.25   1.3391e-02   9.4279e-04
 4181.20   1.2502e-02   8.6578e-04
 4183.15   1.1607e-02   7.8912e-04
 4185.10   8.3915e-03   5.5989e-04
 4187.05   1.1669e-02   7.7520e-04
 4189.00   1.2625e-02   8.4059e-04
 4190.95   1.2258e-02   8.1601e-04
 4192.90   1.9790e-02   1.3264e-03
 4194.85   2.3651e-02   1.5864e-03
 4196.80   1.8160e-02   1.1887e-03
 4198.75   1.0899e-02   6.9449e-04
 4200.70   1.1839e-02   7.5669e-04
 4202.65   1.3357e-02   8.5617e-04
 4204.60   1.5040e-02   9.7324e-04
 4206.55   1.3573e-02   8.8551e-04
 4208.50   9.1431e-03   5.9207e-04
 4210.45   1.2503e-02   8.0834e-04
 4212.40   1.4088e-02   9.0518e-04
 4214.35   1.1455e-02   7.3015e-04
 4216.30   1.1858e-02   7.5661e-04
 4218.25   1.0081e-02   6.3718e-04
 4220.20   1.0751e-02   6.7626e-04
 4222.15   1.4240e-02   9.0001e-04
 4224.10   1.2552e-02   7.8897e-04
 4226.05   7.6797e-03   4.7541e-04
 4228.00   8.5649e-03   5.2968e-04
 4229.95   1.0160e-02   6.2912e-04
 4231.90   7.9751e-03   4.9111e-04
 4233.85   5.6235e-03   3.4519e-04
 4235.80   8.0194e-03   4.9446e-04
 4237.75   7.6330e-03   4.6675e-04
 4239.70   3.7185e-03   2.2438e-04
 4241.65   8.6518e-03   5.3020e-04
 4243.60   1.2091e-02   7.5701e-04
 4245.55   6.8370e-03   4.3870e-04
 4247.50   1.0591e-02   6.9808e-04
 4249.45   1.5753e-02   1.0417e-03
 4251.40   1.0685e-02   6.9522e-04
 4253.35   4.8739e-03   3.1233e-04
 4255.30   1.1807e-02   7.6129e-04
 4257.25   1.5087e-02   9.7077e-04
 4259.20   7.9784e-03   5.0302e-04
 4261.15   4.4786e-03   2.7960e-04
 4263.10   1.0635e-02   6.6993e-04
 4265.05   1.4181e-02   8.9662e-04
 4267.00   1.0822e-02   6.8220e-04
 4268.95   1.2787e-02   8.1513e-04
 4270.90   1.6440e-02   1.0506e-03
 4272.85   1.3837e-02   8.7081e-04
 4274.80   1.1788e-02   7.3539e-04
 4276.75   1.2835e-02   8.0676e-04
 4278.70   1.3458e-02   8.4513e-04
 4280.65   1.5879e-02   1.0032e-03
 4282.60   1.3101e-02   8.2284e-04
 4284.55   8.0553e-03   4.9993e-04
 4286.50   1.1298e-02   6.9865e-04
 4288.45   1.4168e-02   8.7300e-04
 4290.40   1.9588e-02   1.2266e-03
 4292.35   1.5897e-02   9.9417e-04
 4294.30   8.9402e-03   5.5407e-04
 4296.25   1.1912e-02   7.4286e-04
 4298.20   1.4139e-02   8.7848e-04
 4300.15   1.1805e-02   7.2636e-04
 4302.10   1.2213e-02   7.5068e-04
 4304.05   1.5492e-02   9.5665e-04
 4306.00   1.7928e-02   1.1225e-03
 4307.95   9.0596e-03   5.6955e-04
 4309.90   1.1447e-02   7.2838e-04
 4311.85   1.6964e-02   1.1022e-03
 4313.80   1.3875e-02   9.0680e-04
 4315.75   1.0164e-02   6.6278e-04
 4317.70   1.6586e-02   1.0947e-03
 4319.65   1.4492e-02   9.4779e-04
 4321.60   1.0085e-02   6.4216e-04
 4323.55   1.2490e-02   7.8929e-04
 4325.50   1.5546e-02   9.8045e-04
 4327.45   1.4946e-02   9.3198e-04
 4329.40   1.4029e-02   8.6991e-04
 4331.35   9.0831e-03   5.5186e-04
 4333.30   8.2537e-03   4.9854e-04
 4335.25   9.2934e-03   5.6336e-04
 4337.20   1.0312e-02   6.2488e-04
 4339.15   1.3866e-02   8.4692e-04
 4341.10   1.4807e-02   9.1183e-04
 4343.05   1.4164e-02   8.7721e-04
 4345.00   1.3424e-02   8.3971e-04
 4346.95   1.1707e-02   7.3747e-04
 4348.90   7.2637e-03   4.5408e-04
 4350.85   1.3516e-02   8.5484e-04
 4352.80   9.2988e-03   5.9950e-04
 4354.75   5.7471e-03   4.1192e-04
 4356.70   6.1384e-03   4.9337e-04
 4358.65   5.6733e-03   4.7432e-04
 4360.60   7.6294e-03   6.1276e-04
 4362.55   1.2245e-02   8.8675e-04
 4364.50   1.0121e-02   6.6107e-04
 4366.45   1.0901e-02   6.8219e-04
 4368.40   1.1222e-02   6.9603e-04
 4370.35   7.8822e-03   4.8653e-04
 4372.30   1.3100e-02   8.2013e-04
 4374.25   1.9449e-02   1.2472e-03
 4376.20   1.3385e-02   8.5507e-04
 4378.15   8.9974e-03   5.6747e-04
 4380.10   8.2386e-03   5.1322e-04
 4382.05   1.0052e-02   6.2191e-04
 4384.00   9.0558e-03   5.5357e-04
 4385.95   1.0805e-02   6.6336e-04
 4387.90   1.2590e-02   7.7404e-04
 4389.85   1.2022e-02   7.3551e-04
 4391.80   6.0105e-03   3.6415e-04
 4393.75   9.2580e-03   5.6908e-04
 4395.70   1.4647e-02   9.1419e-04
 4397.65   1.8800e-02   1.1831e-03
 4399.60   1.3656e-02   8.6222e-04
 4401.55   1.0668e-02   6.8397e-04
 4403.50   1.2298e-02   8.0531e-04
 4405.45   1.4982e-02   1.0022e-03
 4407.40   1.8829e-02   1.2733e-03
 4409.35   1.2982e-02   8.6928e-04
 4411.30   1.9168e-02   1.2963e-03
 4413.25   1.9221e-02   1.3020e-03
 4415.20   1.6107e-02   1.0834e-03
 4417.15   1.6353e-02   1.0938e-03
 4419.10   1.7079e-02   1.1435e-03
 4421.05   1.2723e-02   8.4475e-04
 4423.00   1.6170e-02   1.0706e-03
 4424.95   2.2517e-02   1.5066e-03
 4426.90   1.7128e-02   1.1315e-03
 4428.85   1.0899e-02   7.0651e-04
 4430.80   1.6876e-02   1.0984e-03
 4432.75   1.8835e-02   1.2211e-03
 4434.70   1.4562e-02   9.3228e-04
 4436.65   1.5778e-02   1.0106e-03
 4438.60   1.3825e-02   8.8684e-04
 4440.55   1.0709e-02   6.8488e-04
 4442.50   1.0314e-02   6.5332e-04
 4444.45   1.3846e-02   8.8299e-04
 4446.40   1.3180e-02   8.4035e-04
 4448.35   1.3434e-02   8.5135e-04
 4450.30   1.5459e-02   9.7307e-04
 4452.25   1.5415e-02   9.6195e-04
 4454.20   1.5115e-02   9.3872e-04
 4456.15   2.0083e-02   1.2530e-03
 4458.10   2.2073e-02   1.3807e-03
 4460.05   1.9073e-02   1.1821e-03
 4462.00   1.7532e-02   1.0866e-03
 4463.95   2.0685e-02   1.2993e-03
 4465.90   1.4552e-02   8.9817e-04
 4467.85   8.9445e-03   5.4365e-04
 4469.80   1.2064e-02   7.3610e-04
 4471.75   1.1919e-02   7.2468e-04
 4473.70   1.4036e-02   8.6423e-04
 4475.65   1.4265e-02   8.8181e-04
 4477.60   1.4492e-02   8.9308e-04
 4479.55   1.2916e-02   7.9130e-04
 4481.50   1.0266e-02   6.2425e-04
 4483.45   1.5197e-02   9.3890e-04
 4485.40   1.9285e-02   1.2136e-03
 4487.35   1.5661e-02   9.7638e-04
 4489.30   1.2936e-02   7.9639e-04
 4491.25   1.3968e-02   8.6603e-04
 4493.20   1.2890e-02   8.0222e-04
 4495.15   1.1942e-02   7.4538e-04
 4497.10   1.4754e-02   9.2424e-04
 4499.05   1.3823e-02   8.6328e-04
 4501.00   8.0367e-03   4.9476e-04
 4502.95   8.4095e-03   5.1300e-04
 4504.90   1.2405e-02   7.6472e-04
 4506.85   1.1644e-02   7.2334e-04
 4508.80   1.2619e-02   7.8493e-04
 4510.75   1.1770e-02   7.2776e-04
 4512.70   1.0631e-02   6.5263e-04
 4514.65   1.3725e-02   8.4929e-04
 4516.60   1.3023e-02   8.0051e-04
 4518.55   7.9892e-03   4.8786e-04
 4520.50   9.4329e-03   5.8282e-04
 4522.45   1.4407e-02   9.0525e-04
 4524.40   1.6232e-02   1.0311e-03
 4526.35   1.5483e-02   9.8432e-04
 4528.30   1.7259e-02   1.1093e-03
 4530.25   1.9172e-02   1.2441e-03
 4532.20   2.0779e-02   1.3618e-03
 4534.15   1.6382e-02   1.0677e-03
 4536.10   1.6597e-02   1.0734e-03
 4538.05   1.6696e-02   1.0817e-03
 4540.00   1.0873e-02   6.9741e-04
 4541.95   8.0474e-03   5.1357e-04
 4543.90   1.5721e-02   1.0201e-03
 4545.85   1.5527e-02   1.0057e-03
 4547.80   1.6351e-02   1.0524e-03
 4549.75   1.6775e-02   1.0741e-03
 4551.70   8.4657e-03   5.3287e-04
 4553.65   8.7916e-03   5.5305e-04
 4555.60   8.2530e-03   5.1598e-04
 4557.55   9.5108e-03   5.9427e-04
 4559.50   7.4561e-03   4.6018e-04
 4561.45   9.4311e-03   5.8121e-04
 4563.40   1.3419e-02   8.2748e-04
 4565.35   1.7634e-02   1.0884e-03
 4567.30   1.7152e-02   1.0621e-03
 4569.25   1.8116e-02   1.1328e-03
 4571.20   1.5398e-02   9.5393e-04
 4573.15   7.9012e-03   4.7994e-04
 4575.10   1.1415e-02   7.0276e-04
 4577.05   1.6807e-02   1.0544e-03
 4579.00   1.7881e-02   1.1343e-03
 4580.95   1.6448e-02   1.0420e-03
 4582.90   2.1279e-02   1.3592e-03
 4584.85   1.4922e-02   9.3832e-04
 4586.80   1.1377e-02   7.0579e-04
 4588.75   1.6720e-02   1.0441e-03
 4590.70   1.3876e-02   8.5543e-04
 4592.65   1.7193e-02   1.0544e-03
 4594.60   1.7395e-02   1.0636e-03
 4596.55   1.0480e-02   6.3333e-04
 4598.50   1.0552e-02   6.3790e-04
 4600.45   1.3252e-02   7.9861e-04
 4602.40   1.0541e-02   6.2864e-04
 4604.35   1.7612e-02   1.0670e-03
 4606.30   2.0275e-02   1.2396e-03
 4608.25   1.6817e-02   1.0252e-03
 4610.20   1.8477e-02   1.1341e-03
 4612.15   2.0707e-02   1.2682e-03
 4614.10   1.9409e-02   1.1722e-03
 4616.05   1.6472e-02   9.8620e-04
 4618.00   1.6788e-02   1.0092e-03
 4619.95   1.3284e-02   7.9164e-04
 4621.90   1.3676e-02   8.1697e-04
 4623.85   1.6889e-02   1.0165e-03
 4625.80   2.1666e-02   1.3219e-03
 4627.75   2.0315e-02   1.2297e-03
 4629.70   1.6933e-02   1.0106e-03
 4631.65   1.4973e-02   8.8989e-04
 4633.60   1.2837e-02   7.5545e-04
 4635.55   1.5689e-02   9.2973e-04
 4637.50   1.4919e-02   8.7898e-04
 4639.45   2.2396e-02   1.3355e-03
 4641.40   1.3529e-02   7.9324e-04
 4643.35   1.1379e-02   6.6215e-04
 4645.30   1.5476e-02   9.0334e-04
 4647.25   1.7792e-02   1.0424e-03
 4649.20   1.8352e-02   1.0914e-03
 4651.15   1.9635e-02   1.1725e-03
 4653.10   1.9115e-02   1.1407e-03
 4655.05   1.7127e-02   1.0263e-03
 4657.00   1.9954e-02   1.2285e-03
 4658.95   2.2946e-02   1.4297e-03
 4660.90   1.5681e-02   9.7203e-04
 4662.85   1.5803e-02   9.7713e-04
 4664.80   1.6914e-02   1.0438e-03
 4666.75   1.3154e-02   8.0390e-04
 4668.70   1.2401e-02   7.5905e-04
 4670.65   1.1986e-02   7.3530e-04
 4672.60   1.5532e-02   9.6344e-04
 4674.55   1.8232e-02   1.1338e-03
 4676.50   1.9637e-02   1.2183e-03
 4678.45   1.7491e-02   1.0744e-03
 4680.40   2.1996e-02   1.3636e-03
 4682.35   1.4890e-02   9.0741e-04
 4684.30   1.3018e-02   7.8429e-04
 4686.25   1.6911e-02   1.0213e-03
 4688.20   1.7647e-02   1.0609e-03
 4690.15   2.0077e-02   1.2096e-03
 4692.10   2.2337e-02   1.3483e-03
 4694.05   2.5198e-02   1.5365e-03
 4696.00   2.4270e-02   1.4712e-03
 4697.95   2.2069e-02   1.3197e-03
 4699.90   1.8016e-02   1.0653e-03
 4701.85   1.3032e-02   7.6224e-04
 4703.80   1.2101e-02   7.0432e-04
 4705.75   8.5797e-03   4.9463e-04
 4707.70   1.0530e-02   6.1332e-04
 4709.65   1.3569e-02   7.9756e-04
 4711.60   1.0912e-02   6.3911e-04
 4713.55   1.1142e-02   6.5008e-04
 4715.50   1.2485e-02   7.2504e-04
 4717.45   1.3363e-02   7.7393e-04
 4719.40   1.1733e-02   6.7278e-04
 4721.35   1.3554e-02   7.8738e-04
 4723.30   1.7299e-02   1.0149e-03
 4725.25   1.8391e-02   1.0765e-03
 4727.20   1.5421e-02   9.0097e-04
 4729.15   1.1928e-02   6.9349e-04
 4731.10   1.5976e-02   9.3509e-04
 4733.05   1.4928e-02   8.7162e-04
 4735.00   1.6985e-02   9.9616e-04
 4736.95   2.3466e-02   1.4046e-03
 4738.90   1.8427e-02   1.0995e-03
 4740.85   1.3866e-02   8.2010e-04
 4742.80   1.7176e-02   1.0232e-03
 4744.75   1.8813e-02   1.1114e-03
 4746.70   1.4357e-02   8.3211e-04
 4748.65   1.4244e-02   8.2225e-04
 4750.60   1.6864e-02   9.7587e-04
 4752.55   1.6484e-02   9.5511e-04
 4754.50   1.4182e-02   8.1530e-04
 4756.45   1.4244e-02   8.1494e-04
 4758.40   1.5729e-02   8.9868e-04
 4760.35   2.2707e-02   1.3144e-03
 4762.30   2.3338e-02   1.3492e-03
 4764.25   1.8352e-02   1.0434e-03
 4766.20   1.8741e-02   1.0699e-03
 4768.15   1.9588e-02   1.1247e-03
 4770.10   2.0611e-02   1.1770e-03
 4772.05   1.7701e-02   1.0010e-03
 4774.00   1.8392e-02   1.0444e-03
 4775.95   1.7026e-02   9.6911e-04
 4777.90   1.3547e-02   7.6784e-04
 4779.85   1.6242e-02   9.2181e-04
 4781.80   1.4196e-02   7.9611e-04
 4783.75   1.5140e-02   8.5153e-04
 4785.70   1.6095e-02   9.1134e-04
 4787.65   1.4708e-02   8.2770e-04
 4789.60   1.5155e-02   8.5573e-04
 4791.55   1.6529e-02   9.3970e-04
 4793.50   1.8798e-02   1.0738e-03
 4795.45   2.1460e-02   1.2378e-03
 4797.40   2.4325e-02   1.4104e-03
 4799.35   1.8651e-02   1.0589e-03
 4801.30   1.4157e-02   8.0285e-04
 4803.25   1.7357e-02   9.9647e-04
 4805.20   1.4367e-02   8.1617e-04
 4807.15   1.4602e-02   8.2904e-04
 4809.10   1.8115e-02   1.0342e-03
 4811.05   1.6338e-02   9.2780e-04
 4813.00   1.9691e-02   1.1432e-03
 4814.95   1.4471e-02   8.3613e-04
 4816.90   1.0336e-02   5.9621e-04
 4818.85   9.3810e-03   5.4547e-04
 4820.80   1.3818e-02   8.1751e-04
 4822.75   1.0379e-02   6.1082e-04
 4824.70   1.0725e-02   6.3175e-04
 4826.65   1.2544e-02   7.4359e-04
 4828.60   1.3851e-02   8.2278e-04
 4830.55   1.3830e-02   8.1980e-04
 4832.50   1.0822e-02   6.3900e-04
 4834.45   1.1669e-02   6.9357e-04
 4836.40   1.0101e-02   5.9815e-04
 4838.35   1.2784e-02   7.6246e-04
 4840.30   1.4710e-02   8.8189e-04
 4842.25   1.9204e-02   1.1543e-03
 4844.20   1.7419e-02   1.0359e-03
 4846.15   1.9212e-02   1.1411e-03
 4848.10   1.9688e-02   1.1714e-03
 4850.05   1.3715e-02   7.9944e-04
 4852.00   1.8762e-02   1.1020e-03
 4853.95   2.3122e-02   1.3653e-03
 4855.90   1.8217e-02   1.0526e-03
 4857.85   1.7835e-02   1.0202e-03
 4859.80   1.4987e-02   8.5143e-04
 4861.75   1.4743e-02   8.3873e-04
 4863.70   1.7604e-02   1.0102e-03
 4865.65   1.6986e-02   9.7666e-04
 4867.60   1.6324e-02   9.3853e-04
 4869.55   1.8651e-02   1.0794e-03
 4871.50   2.1276e-02   1.2361e-03
 4873.45   2.1279e-02   1.2309e-03
 4875.40   1.8266e-02   1.0473e-03
 4877.35   1.8560e-02   1.0728e-03
 4879.30   1.5980e-02   9.2804e-04
 4881.25   1.6053e-02   9.3695e-04
 4883.20   2.5238e-02   1.4973e-03
 4885.15   1.9509e-02   1.1522e-03
 4887.10   1.7281e-02   1.0126e-03
 4889.05   1.9285e-02   1.1335e-03
 4891.00   1.9000e-02   1.1072e-03
 4892.95   1.6561e-02   9.5691e-04
 4894.90   1.2520e-02   7.1291e-04
 4896.85   1.7826e-02   1.0323e-03
 4898.80   1.7747e-02   1.0215e-03
 4900.75   1.4758e-02   8.3853e-04
 4902.70   1.9755e-02   1.1359e-03
 4904.65   1.7935e-02   1.0296e-03
 4906.60   1.7887e-02   1.0266e-03
 4908.55   2.3139e-02   1.3384e-03
 4910.50   1.8655e-02   1.0670e-03
 4912.45   1.6611e-02   9.4653e-04
 4914.40   1.5530e-02   8.8059e-04
 4916.35   1.9991e-02   1.1438e-03
 4918.30   2.0611e-02   1.1800e-03
 4920.25   1.7338e-02   9.8138e-04
 4922.20   1.8037e-02   1.0226e-03
 4924.15   1.8564e-02   1.0515e-03
 4926.10   2.3107e-02   1.3210e-03
 4928.05   3.0558e-02   1.7832e-03
 4930.00   2.6735e-02   1.5415e-03
 4931.95   2.2480e-02   1.2798e-03
 4933.90   1.8630e-02   1.0584e-03
 4935.85   2.1012e-02   1.1996e-03
 4937.80   2.2295e-02   1.2742e-03
 4939.75   1.9098e-02   1.0818e-03
 4941.70   1.8551e-02   1.0461e-03
 4943.65   1.8451e-02   1.0393e-03
 4945.60   1.9120e-02   1.0786e-03
 4947.55   1.4950e-02   8.3300e-04
 4949.50   1.2935e-02   7.1915e-04
 4951.45   1.3672e-02   7.6260e-04
 4953.40   1.1384e-02   6.3215e-04
 4955.35   1.3794e-02   7.7304e-04
 4957.30   1.4618e-02   8.1319e-04
 4959.25   2.5321e-02   1.4424e-03
 4961.20   1.8406e-02   1.0403e-03
 4963.15   1.8068e-02   1.0366e-03
 4965.10   2.0195e-02   1.1689e-03
 4967.05   2.2697e-02   1.3240e-03
 4969.00   1.2858e-02   7.3611e-04
 4970.95   1.9214e-02   1.1277e-03
 4972.90   1.5140e-02   8.8894e-04
 4974.85   1.9972e-02   1.1943e-03
 4976.80   2.2552e-02   1.3719e-03
 4978.75   2.0289e-02   1.2455e-03
 4980.70   2.0645e-02   1.2720e-03
 4982.65   2.9717e-02   1.8702e-03
 4984.60   2.4561e-02   1.5257e-03
 4986.55   2.1524e-02   1.3221e-03
 4988.50   2.2400e-02   1.3672e-03
 4990.45   2.0661e-02   1.2471e-03
 4992.40   1.5965e-02   9.4298e-04
 4994.35   1.6621e-02   9.7137e-04
 4996.30   1.0394e-02   5.9090e-04
 4998.25   9.9756e-03   5.6269e-04
 5000.20   1.3664e-02   7.7375e-04
 5002.15   1.1110e-02   6.2421e-04
 5004.10   1.7362e-02   9.9289e-04
 5006.05   2.0916e-02   1.2043e-03
 5008.00   2.0036e-02   1.1471e-03
 5009.95   2.5303e-02   1.4602e-03
 5011.90   2.2691e-02   1.2982e-03
 5013.85   2.2998e-02   1.3178e-03
 5015.80   2.2287e-02   1.2717e-03
 5017.75   2.2848e-02   1.3097e-03
 5019.70   1.8686e-02   1.0637e-03
 5021.65   2.7009e-02   1.5536e-03
 5023.60   2.7545e-02   1.5877e-03
 5025.55   2.7504e-02   1.5837e-03
 5027.50   2.7553e-02   1.5829e-03
 5029.45   2.7796e-02   1.5965e-03
 5031.40   2.8284e-02   1.6224e-03
 5033.35   2.3908e-02   1.3608e-03
 5035.30   2.5956e-02   1.4792e-03
 5037.25   2.6940e-02   1.5333e-03
 5039.20   2.5177e-02   1.4224e-03
 5041.15   2.7049e-02   1.5290e-03
 5043.10   2.2742e-02   1.2750e-03
 5045.05   2.0050e-02   1.1143e-03
 5047.00   2.4160e-02   1.3573e-03
 5048.95   2.5235e-02   1.4248e-03
 5050.90   2.7935e-02   1.5831e-03
 5052.85   3.0602e-02   1.7429e-03
 5054.80   2.6496e-02   1.4958e-03
 5056.75   2.8721e-02   1.6349e-03
 5058.70   2.8948e-02   1.6499e-03
 5060.65   3.1889e-02   1.8276e-03
 5062.60   3.1676e-02   1.8180e-03
 5064.55   2.6696e-02   1.5194e-03
 5066.50   2.8988e-02   1.6664e-03
 5068.45   2.6601e-02   1.5257e-03
 5070.40   2.4789e-02   1.4088e-03
 5072.35   2.6280e-02   1.4946e-03
 5074.30   2.6190e-02   1.4865e-03
 5076.25   2.4969e-02   1.4166e-03
 5078.20   2.6938e-02   1.5413e-03
 5080.15   2.6790e-02   1.5576e-03
 5082.10   2.8415e-02   1.6860e-03
 5084.05   2.4366e-02   1.4448e-03
 5086.00   2.5337e-02   1.5053e-03
 5087.95   2.7005e-02   1.5991e-03
 5089.90   2.8697e-02   1.6816e-03
 5091.85   2.7277e-02   1.5749e-03
 5093.80   2.3441e-02   1.3331e-03
 5095.75   2.3417e-02   1.3331e-03
 5097.70   2.6345e-02   1.5157e-03
 5099.65   3.0598e-02   1.7753e-03
 5101.60   2.5435e-02   1.4560e-03
 5103.55   2.4634e-02   1.4030e-03
 5105.50   2.7298e-02   1.5500e-03
 5107.45   2.4168e-02   1.3625e-03
 5109.40   2.4435e-02   1.3717e-03
 5111.35   2.3226e-02   1.2948e-03
 5113.30   2.4463e-02   1.3824e-03
 5115.25   2.6273e-02   1.4931e-03
 5117.20   2.6471e-02   1.5085e-03
 5119.15   2.7716e-02   1.5857e-03
 5121.10   2.4507e-02   1.3825e-03
 5123.05   2.6087e-02   1.4666e-03
 5125.00   2.8940e-02   1.6394e-03
 5126.95   2.5499e-02   1.4386e-03
 5128.90   2.4963e-02   1.4110e-03
 5130.85   2.6796e-02   1.5334e-03
 5132.80   2.4676e-02   1.4220e-03
 5134.75   2.6123e-02   1.5187e-03
 5136.70   2.9032e-02   1.6997e-03
 5138.65   2.4571e-02   1.4269e-03
 5140.60   2.4134e-02   1.4043e-03
 5142.55   2.8128e-02   1.6571e-03
 5144.50   2.6588e-02   1.5640e-03
 5146.45   2.4524e-02   1.4397e-03
 5148.40   2.8964e-02   1.7173e-03
 5150.35   3.3969e-02   2.0441e-03
 5152.30   3.4791e-02   2.1115e-03
 5154.25   2.8655e-02   1.7188e-03
 5156.20   2.4495e-02   1.4499e-03
 5158.15   2.7721e-02   1.6396e-03
 5160.10   2.1146e-02   1.2231e-03
 5162.05   1.7860e-02   1.0212e-03
 5164.00   1.7643e-02   9.9900e-04
 5165.95   2.0079e-02   1.1400e-03
 5167.90   1.9566e-02   1.1115e-03
 5169.85   1.6043e-02   8.9924e-04
 5171.80   2.0025e-02   1.1307e-03
 5173.75   2.2924e-02   1.3115e-03
 5175.70   2.1620e-02   1.2283e-03
 5177.65   2.5551e-02   1.4629e-03
 5179.60   2.3814e-02   1.3584e-03
 5181.55   2.2496e-02   1.2836e-03
 5183.50   2.3799e-02   1.3676e-03
 5185.45   2.6741e-02   1.5450e-03
 5187.40   2.5622e-02   1.4683e-03
 5189.35   2.3432e-02   1.3405e-03
 5191.30   2.3395e-02   1.3401e-03
 5193.25   2.3132e-02   1.3230e-03
 5195.20   2.6317e-02   1.5230e-03
 5197.15   2.7795e-02   1.6195e-03
 5199.10   2.4687e-02   1.4384e-03
 5201.05   2.3021e-02   1.3437e-03
 5203.00   2.5786e-02   1.5083e-03
 5204.95   2.6892e-02   1.5702e-03
 5206.90   2.5926e-02   1.4957e-03
 5208.85   3.0844e-02   1.8003e-03
 5210.80   3.1278e-02   1.8279e-03
 5212.75   2.6384e-02   1.5267e-03
 5214.70   2.7445e-02   1.5997e-03
 5216.65   2.0913e-02   1.1946e-03
 5218.60   2.6242e-02   1.5300e-03
 5220.55   2.6845e-02   1.5781e-03
 5222.50   2.4315e-02   1.4241e-03
 5224.45   2.0942e-02   1.2187e-03
 5226.40   2.4558e-02   1.4305e-03
 5228.35   2.8896e-02   1.6889e-03
 5230.30   2.6673e-02   1.5489e-03
 5232.25   2.7242e-02   1.5883e-03
 5234.20   2.6392e-02   1.5426e-03
 5236.15   2.7871e-02   1.6451e-03
 5238.10   2.7695e-02   1.6440e-03
 5240.05   2.8874e-02   1.7148e-03
 5242.00   2.8968e-02   1.7046e-03
 5243.95   3.1958e-02   1.8666e-03
 5245.90   2.9215e-02   1.6943e-03
 5247.85   2.8211e-02   1.6373e-03
 5249.80   2.7780e-02   1.6195e-03
 5251.75   2.9048e-02   1.7022e-03
 5253.70   2.7310e-02   1.5962e-03
 5255.65   2.6990e-02   1.5899e-03
 5257.60   2.2907e-02   1.3415e-03
 5259.55   2.3328e-02   1.3464e-03
 5261.50   2.7777e-02   1.6045e-03
 5263.45   2.4514e-02   1.3955e-03
 5265.40   2.8655e-02   1.6537e-03
 5267.35   2.8903e-02   1.6619e-03
 5269.30   2.9656e-02   1.7112e-03
 5271.25   3.1696e-02   1.8586e-03
 5273.20   2.8320e-02   1.6454e-03
 5275.15   2.4683e-02   1.4247e-03
 5277.10   2.6455e-02   1.5474e-03
 5279.05   3.0267e-02   1.7798e-03
 5281.00   2.8841e-02   1.6766e-03
 5282.95   2.4050e-02   1.3817e-03
 5284.90   2.7070e-02   1.5674e-03
 5286.85   3.0685e-02   1.7917e-03
 5288.80   2.5083e-02   1.4498e-03
 5290.75   2.3822e-02   1.3748e-03
 5292.70   2.4981e-02   1.4488e-03
 5294.65   2.1268e-02   1.2270e-03
 5296.60   2.7985e-02   1.6534e-03
 5298.55   3.1826e-02   1.8950e-03
 5300.50   2.9545e-02   1.7563e-03
 5302.45   2.8815e-02   1.7086e-03
 5304.40   2.5652e-02   1.5106e-03
 5306.35   2.3440e-02   1.3738e-03
 5308.30   2.5806e-02   1.5275e-03
 5310.25   2.6298e-02   1.5618e-03
 5312.20   2.5945e-02   1.5373e-03
 5314.15   2.6842e-02   1.5888e-03
 5316.10   2.8967e-02   1.7293e-03
 5318.05   3.0826e-02   1.8499e-03
 5320.00   2.7111e-02   1.6137e-03
 5321.95   2.3113e-02   1.3657e-03
 5323.90   2.5480e-02   1.5201e-03
 5325.85   3.4600e-02   2.1086e-03
 5327.80   2.7775e-02   1.6694e-03
 5329.75   2.7966e-02   1.6906e-03
 5331.70   3.0003e-02   1.8228e-03
 5333.65   2.4977e-02   1.5030e-03
 5335.60   2.6166e-02   1.5777e-03
 5337.55   2.7165e-02   1.6384e-03
 5339.50   2.6194e-02   1.5738e-03
 5341.45   2.3405e-02   1.3979e-03
 5343.40   2.8701e-02   1.7360e-03
 5345.35   3.2208e-02   1.9715e-03
 5347.30   3.0244e-02   1.8391e-03
 5349.25   3.2947e-02   2.0144e-03
 5351.20   3.0648e-02   1.8616e-03
 5353.15   2.8233e-02   1.7108e-03
 5355.10   2.8802e-02   1.7476e-03
 5357.05   3.1247e-02   1.9093e-03
 5359.00   2.8274e-02   1.7117e-03
 5360.95   2.6639e-02   1.5921e-03
 5362.90   2.3645e-02   1.3992e-03
 5364.85   2.3111e-02   1.3620e-03
 5366.80   2.6428e-02   1.5778e-03
 5368.75   2.8790e-02   1.7337e-03
 5370.70   2.5277e-02   1.5128e-03
 5372.65   2.7651e-02   1.6699e-03
 5374.60   2.3011e-02   1.3858e-03
 5376.55   2.1280e-02   1.2733e-03
 5378.50   2.5420e-02   1.5335e-03
 5380.45   2.2925e-02   1.3686e-03
 5382.40   3.0065e-02   1.8119e-03
 5384.35   3.2316e-02   1.9623e-03
 5386.30   3.0832e-02   1.8657e-03
 5388.25   3.0522e-02   1.8392e-03
 5390.20   2.6742e-02   1.6089e-03
 5392.15   2.3553e-02   1.4173e-03
 5394.10   2.5654e-02   1.5547e-03
 5396.05   3.0491e-02   1.8492e-03
 5398.00   2.2527e-02   1.3369e-03
 5399.95   2.0291e-02   1.2029e-03
 5401.90   2.8620e-02   1.7383e-03
 5403.85   2.7057e-02   1.6382e-03
 5405.80   2.9647e-02   1.7993e-03
 5407.75   2.8439e-02   1.7293e-03
 5409.70   2.7474e-02   1.6785e-03
 5411.65   3.0249e-02   1.8731e-03
 5413.60   2.8449e-02   1.7588e-03
 5415.55   2.4110e-02   1.4883e-03
 5417.50   2.5422e-02   1.5790e-03
 5419.45   2.2721e-02   1.3995e-03
 5421.40   2.0852e-02   1.2805e-03
 5423.35   2.2399e-02   1.3765e-03
 5425.30   1.8003e-02   1.0970e-03
 5427.25   1.8703e-02   1.1375e-03
 5429.20   2.0399e-02   1.2408e-03
 5431.15   2.7146e-02   1.6726e-03
 5433.10   3.3670e-02   2.1091e-03
 5435.05   3.6440e-02   2.2999e-03
 5437.00   3.5538e-02   2.2512e-03
 5438.95   3.3545e-02   2.1240e-03
 5440.90   3.0428e-02   1.9157e-03
 5442.85   2.7161e-02   1.6937e-03
 5444.80   2.7189e-02   1.6944e-03
 5446.75   2.7977e-02   1.7490e-03
 5448.70   2.3918e-02   1.4876e-03
 5450.65   2.7311e-02   1.7134e-03
 5452.60   3.2203e-02   2.0399e-03
 5454.55   2.9778e-02   1.8972e-03
 5456.50   3.2710e-02   2.1614e-03
 5458.45   3.0717e-02   2.1603e-03
 5460.40   2.8579e-02   2.1104e-03
 5462.35   3.1576e-02   2.3307e-03
 5464.30   3.5366e-02   2.4970e-03
 5466.25   2.5510e-02   1.6731e-03
 5468.20   2.7369e-02   1.7367e-03
 5470.15   2.5827e-02   1.6159e-03
 5472.10   2.8903e-02   1.8151e-03
 5474.05   2.9656e-02   1.8502e-03
 5476.00   2.9962e-02   1.8701e-03
 5477.95   3.0805e-02   1.9344e-03
 5479.90   2.8973e-02   1.8121e-03
 5481.85   2.9382e-02   1.8483e-03
 5483.80   3.2761e-02   2.0891e-03
 5485.75   2.9392e-02   1.8588e-03
 5487.70   3.3214e-02   2.0958e-03
 5489.65   3.0822e-02   1.9290e-03
 5491.60   3.3489e-02   2.1069e-03
 5493.55   3.0616e-02   1.9149e-03
 5495.50   3.5712e-02   2.2495e-03
 5497.45   3.3559e-02   2.1071e-03
 5499.40   2.8051e-02   1.7490e-03
 5501.35   3.3983e-02   2.1472e-03
 5503.30   3.3201e-02   2.0917e-03
 5505.25   2.7435e-02   1.7002e-03
 5507.20   2.8847e-02   1.7924e-03
 5509.15   2.5918e-02   1.6086e-03
 5511.10   2.3970e-02   1.4853e-03
 5513.05   2.5884e-02   1.6148e-03
 5515.00   2.9026e-02   1.8244e-03
 5516.95   2.8760e-02   1.8140e-03
 5518.90   2.4897e-02   1.5559e-03
 5520.85   2.9283e-02   1.8416e-03
 5522.80   3.1989e-02   2.0175e-03
 5524.75   2.6196e-02   1.6336e-03
 5526.70   2.0618e-02   1.2690e-03
 5528.65   2.1646e-02   1.3288e-03
 5530.60   2.3232e-02   1.4320e-03
 5532.55   2.7619e-02   1.7120e-03
 5534.50   3.2281e-02   2.0131e-03
 5536.45   3.3613e-02   2.1039e-03
 5538.40   3.0408e-02   1.8986e-03
 5540.35   3.1333e-02   1.9724e-03
 5542.30   3.0231e-02   1.9171e-03
 5544.25   2.8552e-02   1.8156e-03
 5546.20   2.4444e-02   1.5384e-03
 5548.15   2.6084e-02   1.6330e-03
 5550.10   3.1624e-02   1.9890e-03
 5552.05   3.3022e-02   2.0810e-03
 5554.00   3.3554e-02   2.1179e-03
 5555.95   3.1767e-02   1.9896e-03
 5557.90   3.0638e-02   1.9133e-03
 5559.85   3.2116e-02   2.0303e-03
 5561.80   3.0538e-02   1.9400e-03
 5563.75   2.8988e-02   1.8434e-03
 5565.70   2.9182e-02   1.8693e-03
 5567.65   2.9376e-02   1.8933e-03
 5569.60   2.9569e-02   1.9813e-03
 5571.55   2.9763e-02   2.5086e-03
 5573.50   2.9957e-02   3.5123e-03
 5575.45   3.0150e-02   4.4579e-03
 5577.40   3.0344e-02   4.9395e-03
 5579.35   3.0537e-02   4.7831e-03
 5581.30   3.0731e-02   4.0591e-03
 5583.25   3.0925e-02   3.1109e-03
 5585.20   3.1118e-02   2.4015e-03
 5587.15   3.1312e-02   2.0779e-03
 5589.10   3.1505e-02   2.0195e-03
 5591.05   3.1699e-02   2.0288e-03
 5593.00   3.1594e-02   2.0030e-03
 5594.95   3.1412e-02   1.9736e-03
 5596.90   3.4516e-02   2.1852e-03
 5598.85   3.4308e-02   2.1825e-03
 5600.80   3.1610e-02   2.0028e-03
 5602.75   2.9679e-02   1.8828e-03
 5604.70   3.0321e-02   1.9318e-03
 5606.65   2.9029e-02   1.8453e-03
 5608.60   3.2475e-02   2.0722e-03
 5610.55   3.3833e-02   2.1474e-03
 5612.50   2.8490e-02   1.7762e-03
 5614.45   2.3891e-02   1.4729e-03
 5616.40   2.5625e-02   1.5867e-03
 5618.35   2.5722e-02   1.5914e-03
 5620.30   2.3120e-02   1.4276e-03
 5622.25   2.8364e-02   1.7847e-03
 5624.20   3.4105e-02   2.1720e-03
 5626.15   3.3007e-02   2.0897e-03
 5628.10   3.2013e-02   2.0102e-03
 5630.05   3.1381e-02   1.9581e-03
 5632.00   3.3466e-02   2.0973e-03
 5633.95   3.4235e-02   2.1445e-03
 5635.90   3.1696e-02   1.9788e-03
 5637.85   3.2706e-02   2.0551e-03
 5639.80   3.3351e-02   2.0965e-03
 5641.75   3.5540e-02   2.2464e-03
 5643.70   3.5871e-02   2.2828e-03
 5645.65   3.1752e-02   2.0107e-03
 5647.60   3.2073e-02   2.0258e-03
 5649.55   3.2951e-02   2.0754e-03
 5651.50   3.1650e-02   1.9900e-03
 5653.45   3.4273e-02   2.1664e-03
 5655.40   3.4643e-02   2.1890e-03
 5657.35   3.2992e-02   2.0724e-03
 5659.30   2.9775e-02   1.8566e-03
 5661.25   2.9662e-02   1.8560e-03
 5663.20   2.8577e-02   1.7993e-03
 5665.15   2.9653e-02   1.8885e-03
 5667.10   3.2182e-02   2.0761e-03
 5669.05   3.1151e-02   2.0314e-03
 5671.00   3.0704e-02   2.0215e-03
 5672.95   3.1179e-02   2.0573e-03
 5674.90   3.6562e-02   2.4279e-03
 5676.85   3.7119e-02   2.4647e-03
 5678.80   3.3235e-02   2.2110e-03
 5680.75   3.3628e-02   2.2859e-03
 5682.70   3.2694e-02   2.2791e-03
 5684.65   3.2938e-02   2.3459e-03
 5686.60   3.5353e-02   2.5573e-03
 5688.55   3.4959e-02   2.5475e-03
 5690.50   3.5984e-02   2.6272e-03
 5692.45   3.8407e-02   2.7683e-03
 5694.40   3.3900e-02   2.3655e-03
 5696.35   2.9420e-02   1.9968e-03
 5698.30   3.1497e-02   2.1147e-03
 5700.25   2.8651e-02   1.8993e-03
 5702.20   2.8497e-02   1.8714e-03
 5704.15   3.8342e-02   2.5287e-03
 5706.10   3.6855e-02   2.4125e-03
 5708.05   2.7210e-02   1.7475e-03
 5710.00   2.5452e-02   1.6263e-03
 5711.95   2.8575e-02   1.8363e-03
 5713.90   3.2987e-02   2.1328e-03
 5715.85   3.4605e-02   2.2417e-03
 5717.80   3.2746e-02   2.1135e-03
 5719.75   3.1496e-02   2.0273e-03
 5721.70   3.5758e-02   2.3092e-03
 5723.65   3.8607e-02   2.4946e-03
 5725.60   3.3323e-02   2.1286e-03
 5727.55   2.9628e-02   1.8751e-03
 5729.50   3.1319e-02   1.9888e-03
 5731.45   2.9516e-02   1.8688e-03
 5733.40   2.8583e-02   1.7987e-03
 5735.35   3.2521e-02   2.0560e-03
 5737.30   3.2264e-02   2.0407e-03
 5739.25   3.0416e-02   1.9158e-03
 5741.20   3.4453e-02   2.1827e-03
 5743.15   4.0187e-02   2.5813e-03
 5745.10   3.6658e-02   2.3423e-03
 5747.05   2.9514e-02   1.8498e-03
 5749.00   3.2494e-02   2.0433e-03
 5750.95   3.7046e-02   2.3519e-03
 5752.90   3.8565e-02   2.4606e-03
 5754.85   3.7428e-02   2.3860e-03
 5756.80   3.4401e-02   2.1811e-03
 5758.75   3.6068e-02   2.2962e-03
 5760.70   3.9260e-02   2.5228e-03
 5762.65   4.2049e-02   2.7267e-03
 5764.60   4.2810e-02   2.8042e-03
 5766.55   3.8277e-02   2.5294e-03
 5768.50   3.5701e-02   2.3817e-03
 5770.45   3.7222e-02   2.4922e-03
 5772.40   3.5533e-02   2.3514e-03
 5774.35   3.3559e-02   2.1836e-03
 5776.30   3.1145e-02   1.9960e-03
 5778.25   3.2927e-02   2.1056e-03
 5780.20   3.4986e-02   2.2408e-03
 5782.15   3.6353e-02   2.3354e-03
 5784.10   3.8494e-02   2.4876e-03
 5786.05   3.8299e-02   2.4927e-03
 5788.00   3.9152e-02   2.5948e-03
 5789.95   3.7331e-02   2.5019e-03
 5791.90   3.2456e-02   2.1594e-03
 5793.85   3.4101e-02   2.2553e-03
 5795.80   4.1875e-02   2.7692e-03
 5797.75   3.9267e-02   2.5649e-03
 5799.70   3.4982e-02   2.2579e-03
 5801.65   4.0678e-02   2.6455e-03
 5803.60   4.0031e-02   2.6191e-03
 5805.55   3.5818e-02   2.3329e-03
 5807.50   3.5117e-02   2.2809e-03
 5809.45   3.7831e-02   2.4735e-03
 5811.40   3.8297e-02   2.5044e-03
 5813.35   3.6852e-02   2.4010e-03
 5815.30   3.7544e-02   2.4519e-03
 5817.25   4.1704e-02   2.7563e-03
 5819.20   4.4674e-02   2.9742e-03
 5821.15   4.3169e-02   2.8673e-03
 5823.10   4.1807e-02   2.7812e-03
 5825.05   3.9451e-02   2.6221e-03
 5827.00   3.9677e-02   2.6400e-03
 5828.95   4.1695e-02   2.7793e-03
 5830.90   3.7545e-02   2.4862e-03
 5832.85   3.5352e-02   2.3476e-03
 5834.80   3.8465e-02   2.5727e-03
 5836.75   3.7885e-02   2.5325e-03
 5838.70   3.9450e-02   2.6446e-03
 5840.65   4.4574e-02   2.9999e-03
 5842.60   4.0681e-02   2.7236e-03
 5844.55   3.6799e-02   2.4636e-03
 5846.50   3.7515e-02   2.5270e-03
 5848.45   3.6967e-02   2.4904e-03
 5850.40   3.3396e-02   2.2347e-03
 5852.35   3.5343e-02   2.3779e-03
 5854.30   3.7865e-02   2.5584e-03
 5856.25   3.4901e-02   2.3479e-03
 5858.20   3.7204e-02   2.5141e-03
 5860.15   4.1079e-02   2.8104e-03
 5862.10   3.9660e-02   2.7440e-03
 5864.05   3.8977e-02   2.7346e-03
 5866.00   3.7938e-02   2.7029e-03
 5867.95   3.2643e-02   2.3322e-03
 5869.90   3.1187e-02   2.2073e-03
 5871.85   3.4452e-02   2.4146e-03
 5873.80   3.6036e-02   2.5013e-03
 5875.75   3.2646e-02   2.2334e-03
 5877.70   3.4256e-02   2.3232e-03
 5879.65   3.9599e-02   2.6825e-03
 5881.60   3.7428e-02   2.5297e-03
 5883.55   3.1992e-02   2.2030e-03
 5885.50   2.9741e-02   2.2765e-03
 5887.45   2.6909e-02   2.4125e-03
 5889.40   3.1171e-02   3.1000e-03
 5891.35   3.4432e-02   3.4724e-03
 5893.30   2.8505e-02   2.7685e-03
 5895.25   3.1718e-02   3.0030e-03
 5897.20   3.5584e-02   3.2500e-03
 5899.15   3.3025e-02   2.7556e-03
 5901.10   3.3296e-02   2.4809e-03
 5903.05   3.4032e-02   2.3736e-03
 5905.00   3.4132e-02   2.3469e-03
 5906.95   3.6288e-02   2.5137e-03
 5908.90   3.5595e-02   2.4586e-03
 5910.85   3.7097e-02   2.5634e-03
 5912.80   3.7541e-02   2.6344e-03
 5914.75   3.4999e-02   2.4888e-03
 5916.70   3.1086e-02   2.1979e-03
 5918.65   3.1759e-02   2.2205e-03
 5920.60   3.2606e-02   2.2663e-03
 5922.55   3.0859e-02   2.1503e-03
 5924.50   3.1839e-02   2.2393e-03
 5926.45   2.9079e-02   2.0419e-03
 5928.40   3.1137e-02   2.1965e-03
 5930.35   3.2908e-02   2.3547e-03
 5932.30   3.0136e-02   2.1786e-03
 5934.25   3.4334e-02   2.4934e-03
 5936.20   3.5362e-02   2.5337e-03
 5938.15   3.4082e-02   2.3937e-03
 5940.10   4.1226e-02   2.8982e-03
 5942.05   3.8801e-02   2.7168e-03
 5944.00   3.0574e-02   2.1264e-03
 5945.95   3.5354e-02   2.4848e-03
 5947.90   3.8422e-02   2.7056e-03
 5949.85   3.9578e-02   2.8021e-03
 5951.80   3.8984e-02   2.7967e-03
 5953.75   3.0092e-02   2.1556e-03
 5955.70   2.6360e-02   1.8656e-03
 5957.65   2.9749e-02   2.0772e-03
 5959.60   2.8674e-02   1.9772e-03
 5961.55   2.8661e-02   1.9697e-03
 5963.50   3.5081e-02   2.4273e-03
 5965.45   3.9003e-02   2.7247e-03
 5967.40   3.7387e-02   2.6245e-03
 5969.35   3.6654e-02   2.5784e-03
 5971.30   3.6732e-02   2.5815e-03
 5973.25   3.2970e-02   2.3078e-03
 5975.20   3.1633e-02   2.2238e-03
 5977.15   3.5560e-02   2.5261e-03
 5979.10   3.8352e-02   2.7278e-03
 5981.05   3.9030e-02   2.7479e-03
 5983.00   3.6643e-02   2.5489e-03
 5984.95   3.5812e-02   2.4762e-03
 5986.90   3.4235e-02   2.3551e-03
 5988.85   2.9558e-02   2.0192e-03
 5990.80   2.9449e-02   2.0084e-03
 5992.75   3.0108e-02   2.0588e-03
 5994.70   3.1696e-02   2.1742e-03
 5996.65   3.2148e-02   2.2118e-03
 5998.60   3.2539e-02   2.2441e-03
 6000.55   3.1272e-02   2.1488e-03
 6002.50   3.0671e-02   2.1078e-03
 6004.45   3.0261e-02   2.0764e-03
 6006.40   3.2404e-02   2.2230e-03
 6008.35   4.0268e-02   2.7816e-03
 6010.30   4.2846e-02   2.9556e-03
 6012.25   4.2453e-02   2.9157e-03
 6014.20   4.3054e-02   2.9488e-03
 6016.15   3.8496e-02   2.6101e-03
 6018.10   3.8041e-02   2.5743e-03
 6020.05   3.6604e-02   2.4710e-03
 6022.00   3.3061e-02   2.2224e-03
 6023.95   3.5277e-02   2.3759e-03
 6025.90   3.8474e-02   2.6003e-03
 6027.85   3.8590e-02   2.6121e-03
 6029.80   3.8903e-02   2.6393e-03
 6031.75   3.7563e-02   2.5497e-03
 6033.70   4.0489e-02   2.7625e-03
 6035.65   4.1333e-02   2.8194e-03
 6037.60   3.8304e-02   2.5839e-03
 6039.55   3.4657e-02   2.3171e-03
 6041.50   3.5882e-02   2.4036e-03
 6043.45   3.6636e-02   2.4485e-03
 6045.40   3.7026e-02   2.4724e-03
 6047.35   3.4872e-02   2.3163e-03
 6049.30   3.2187e-02   2.1240e-03
 6051.25   3.5912e-02   2.3900e-03
 6053.20   3.6655e-02   2.4332e-03
 6055.15   3.5321e-02   2.3377e-03
 6057.10   3.4327e-02   2.2770e-03
 6059.05   3.6411e-02   2.4206e-03
 6061.00   3.9843e-02   2.6673e-03
 6062.95   3.6372e-02   2.4276e-03
 6064.90   3.6149e-02   2.4041e-03
 6066.85   3.9424e-02   2.6309e-03
 6068.80   4.0874e-02   2.7294e-03
 6070.75   4.1576e-02   2.7665e-03
 6072.70   3.4701e-02   2.2765e-03
 6074.65   2.7139e-02   1.7543e-03
 6076.60   2.7849e-02   1.8023e-03
 6078.55   3.2647e-02   2.1328e-03
 6080.50   3.2718e-02   2.1367e-03
 6082.45   3.1159e-02   2.0276e-03
 6084.40   3.3117e-02   2.1603e-03
 6086.35   3.5568e-02   2.3277e-03
 6088.30   3.4103e-02   2.2291e-03
 6090.25   3.3791e-02   2.1982e-03
 6092.20   3.2028e-02   2.0791e-03
 6094.15   2.9096e-02   1.8933e-03
 6096.10   3.5589e-02   2.3546e-03
 6098.05   3.5733e-02   2.3658e-03
 6100.00   3.5937e-02   2.3760e-03
 6101.95   4.1211e-02   2.7527e-03
 6103.90   4.0208e-02   2.7029e-03
 6105.85   3.7979e-02   2.5670e-03
 6107.80   3.4699e-02   2.3515e-03
 6109.75   2.6371e-02   1.7772e-03
 6111.70   2.5528e-02   1.7385e-03
 6113.65   3.4872e-02   2.4203e-03
 6115.60   3.5549e-02   2.4576e-03
 6117.55   2.9871e-02   2.0205e-03
 6119.50   3.2211e-02   2.1510e-03
 6121.45   3.5496e-02   2.3511e-03
 6123.40   3.5859e-02   2.3621e-03
 6125.35   3.6185e-02   2.3803e-03
 6127.30   3.5066e-02   2.2985e-03
 6129.25   3.6911e-02   2.4199e-03
 6131.20   3.5215e-02   2.2873e-03
 6133.15   3.1527e-02   2.0366e-03
 6135.10   3.2872e-02   2.1449e-03
 6137.05   3.5586e-02   2.3446e-03
 6139.00   3.2250e-02   2.1177e-03
 6140.95   3.2728e-02   2.1551e-03
 6142.90   3.6006e-02   2.3823e-03
 6144.85   3.5141e-02   2.3169e-03
 6146.80   3.8270e-02   2.5225e-03
 6148.75   3.9919e-02   2.6215e-03
 6150.70   3.7850e-02   2.4766e-03
 6152.65   3.3221e-02   2.1634e-03
 6154.60   3.0982e-02   2.0190e-03
 6156.55   3.1926e-02   2.0952e-03
 6158.50   2.9793e-02   1.9532e-03
 6160.45   3.6929e-02   2.4590e-03
 6162.40   4.1506e-02   2.7723e-03
 6164.35   3.5070e-02   2.2954e-03
 6166.30   3.8139e-02   2.4844e-03
 6168.25   4.5410e-02   2.9886e-03
 6170.20   4.1562e-02   2.7283e-03
 6172.15   3.4960e-02   2.2703e-03
 6174.10   3.1705e-02   2.0362e-03
 6176.05   3.3664e-02   2.1495e-03
 6178.00   3.4924e-02   2.2275e-03
 6179.95   3.0743e-02   1.9431e-03
 6181.90   3.5264e-02   2.2297e-03
 6183.85   4.0012e-02   2.5371e-03
 6185.80   3.7992e-02   2.3981e-03
 6187.75   3.4269e-02   2.1542e-03
 6189.70   3.7572e-02   2.3750e-03
 6191.65   4.1295e-02   2.6250e-03
 6193.60   4.0121e-02   2.5403e-03
 6195.55   3.5901e-02   2.2568e-03
 6197.50   3.5497e-02   2.2305e-03
 6199.45   3.9033e-02   2.4738e-03
 6201.40   3.9383e-02   2.5175e-03
 6203.35   4.0544e-02   2.6154e-03
 6205.30   3.4510e-02   2.1941e-03
 6207.25   3.5352e-02   2.2283e-03
 6209.20   4.0113e-02   2.5441e-03
 6211.15   3.9624e-02   2.5213e-03
 6213.10   3.8004e-02   2.4100e-03
 6215.05   4.0001e-02   2.5369e-03
 6217.00   4.1581e-02   2.6446e-03
 6218.95   3.8792e-02   2.4648e-03
 6220.90   3.4498e-02   2.1971e-03
 6222.85   3.5083e-02   2.2462e-03
 6224.80   3.7459e-02   2.3825e-03
 6226.75   3.8953e-02   2.4558e-03
 6228.70   3.9350e-02   2.4776e-03
 6230.65   3.7331e-02   2.3838e-03
 6232.60   4.0002e-02   2.6759e-03
 6234.55   3.7731e-02   2.6293e-03
 6236.50   3.6011e-02   2.5495e-03
 6238.45   3.8994e-02   2.7312e-03
 6240.40   3.8919e-02   2.6529e-03
 6242.35   3.7873e-02   2.5126e-03
 6244.30   3.4528e-02   2.2438e-03
 6246.25   3.4288e-02   2.1939e-03
 6248.20   4.0444e-02   2.5798e-03
 6250.15   3.9084e-02   2.4656e-03
 6252.10   3.6290e-02   2.2706e-03
 6254.05   3.5677e-02   2.2784e-03
 6256.00   3.6071e-02   2.4050e-03
 6257.95   3.8655e-02   2.6746e-03
 6259.90   4.0627e-02   2.8137e-03
 6261.85   3.7177e-02   2.4952e-03
 6263.80   3.4862e-02   2.2832e-03
 6265.75   3.8399e-02   2.5156e-03
 6267.70   3.9183e-02   2.5568e-03
 6269.65   3.8895e-02   2.5194e-03
 6271.60   3.4554e-02   2.2026e-03
 6273.55   3.6130e-02   2.3011e-03
 6275.50   3.5117e-02   2.2453e-03
 6277.45   3.2926e-02   2.1102e-03
 6279.40   3.1393e-02   2.0201e-03
 6281.35   3.2711e-02   2.1069e-03
 6283.30   3.6156e-02   2.3481e-03
 6285.25   3.6496e-02   2.4239e-03
 6287.20   3.9779e-02   2.7361e-03
 6289.15   3.8493e-02   2.6279e-03
 6291.10   3.4642e-02   2.2681e-03
 6293.05   3.4349e-02   2.1950e-03
 6295.00   3.5793e-02   2.3425e-03
 6296.95   3.7021e-02   2.6022e-03
 6298.90   3.4288e-02   2.5886e-03
 6300.85   3.0605e-02   2.3426e-03
 6302.80   3.1549e-02   2.3345e-03
 6304.75   3.7428e-02   2.7004e-03
 6306.70   3.6328e-02   2.5889e-03
 6308.65   3.6779e-02   2.5789e-03
 6310.60   3.7897e-02   2.5631e-03
 6312.55   3.1876e-02   2.0435e-03
 6314.50   3.3898e-02   2.1250e-03
 6316.45   3.2951e-02   2.0578e-03
 6318.40   3.2126e-02   2.0488e-03
 6320.35   2.7121e-02   1.7422e-03
 6322.30   2.5420e-02   1.6263e-03
 6324.25   2.6457e-02   1.6837e-03
 6326.20   2.6104e-02   1.6830e-03
 6328.15   3.5596e-02   2.4049e-03
 6330.10   3.7034e-02   2.5462e-03
 6332.05   3.2152e-02   2.1578e-03
 6334.00   3.1487e-02   2.0452e-03
 6335.95   3.2581e-02   2.0417e-03
 6337.90   3.3573e-02   2.0715e-03
 6339.85   3.2813e-02   2.0328e-03
 6341.80   3.3361e-02   2.0692e-03
 6343.75   3.3173e-02   2.0695e-03
 6345.70   3.5689e-02   2.2853e-03
 6347.65   3.7197e-02   2.3971e-03
 6349.60   3.3891e-02   2.1536e-03
 6351.55   3.0803e-02   1.9299e-03
 6353.50   2.8964e-02   1.8310e-03
 6355.45   3.1747e-02   2.0615e-03
 6357.40   3.7590e-02   2.4758e-03
 6359.35   3.8505e-02   2.5199e-03
 6361.30   3.4319e-02   2.2392e-03
 6363.25   3.6843e-02   2.4516e-03
 6365.20   3.7652e-02   2.5010e-03
 6367.15   3.2371e-02   2.0706e-03
 6369.10   3.3715e-02   2.0995e-03
 6371.05   4.0739e-02   2.5353e-03
 6373.00   4.0592e-02   2.5117e-03
 6374.95   3.7718e-02   2.3261e-03
 6376.90   3.2917e-02   2.0294e-03
 6378.85   3.0821e-02   1.9055e-03
 6380.80   3.4946e-02   2.1747e-03
 6382.75   3.4617e-02   2.1588e-03
 6384.70   3.1416e-02   1.9735e-03
 6386.65   3.1236e-02   1.9752e-03
 6388.60   3.2300e-02   2.0260e-03
 6390.55   3.2638e-02   2.0161e-03
 6392.50   3.2889e-02   2.0089e-03
 6394.45   3.2225e-02   1.9629e-03
 6396.40   2.8539e-02   1.6972e-03
 6398.35   3.1175e-02   1.8537e-03
 6400.30   3.1118e-02   1.8652e-03
 6402.25   3.4437e-02   2.0786e-03
 6404.20   3.4372e-02   2.0790e-03
 6406.15   3.4098e-02   2.0680e-03
 6408.10   3.8036e-02   2.3240e-03
 6410.05   3.4362e-02   2.0809e-03
 6412.00   3.1179e-02   1.8862e-03
 6413.95   3.4790e-02   2.1459e-03
 6415.90   3.4155e-02   2.0996e-03
 6417.85   3.3343e-02   2.0428e-03
 6419.80   3.1040e-02   1.8976e-03
 6421.75   3.1813e-02   1.9476e-03
 6423.70   3.3178e-02   2.0240e-03
 6425.65   3.0470e-02   1.8287e-03
 6427.60   3.1636e-02   1.8991e-03
 6429.55   3.2427e-02   1.9523e-03
 6431.50   2.9639e-02   1.7683e-03
 6433.45   3.0852e-02   1.8454e-03
 6435.40   3.1907e-02   1.9107e-03
 6437.35   2.8498e-02   1.6900e-03
 6439.30   2.9656e-02   1.7648e-03
 6441.25   3.1585e-02   1.8872e-03
 6443.20   3.3823e-02   2.0312e-03
 6445.15   3.4226e-02   2.0565e-03
 6447.10   2.8117e-02   1.6710e-03
 6449.05   2.9689e-02   1.7816e-03
 6451.00   3.6077e-02   2.2053e-03
 6452.95   3.5968e-02   2.1983e-03
 6454.90   3.2620e-02   1.9794e-03
 6456.85   2.9063e-02   1.7510e-03
 6458.80   3.1437e-02   1.9080e-03
 6460.75   3.5780e-02   2.2180e-03
 6462.70   3.2943e-02   2.0789e-03
 6464.65   2.3390e-02   1.4791e-03
 6466.60   2.5299e-02   1.6230e-03
 6468.55   2.9085e-02   1.8716e-03
 6470.50   3.1457e-02   2.0137e-03
 6472.45   3.6299e-02   2.3222e-03
 6474.40   3.4869e-02   2.1773e-03
 6476.35   3.2391e-02   1.9647e-03
 6478.30   3.3327e-02   2.0047e-03
 6480.25   3.4739e-02   2.0916e-03
 6482.20   3.2257e-02   1.9258e-03
 6484.15   3.0235e-02   1.7893e-03
 6486.10   2.9907e-02   1.7561e-03
 6488.05   3.1189e-02   1.8301e-03
 6490.00   3.0947e-02   1.8116e-03
 6491.95   3.1599e-02   1.8526e-03
 6493.90   2.8754e-02   1.7003e-03
 6495.85   3.0198e-02   1.8700e-03
 6497.80   3.2778e-02   2.1350e-03
 6499.75   2.9585e-02   1.9423e-03
 6501.70   3.0652e-02   1.9752e-03
 6503.65   3.0961e-02   1.9390e-03
 6505.60   2.8897e-02   1.7743e-03
 6507.55   2.6313e-02   1.5825e-03
 6509.50   2.5357e-02   1.4924e-03
 6511.45   2.8627e-02   1.6803e-03
 6513.40   2.7815e-02   1.6310e-03
 6515.35   2.8261e-02   1.6516e-03
 6517.30   3.1306e-02   1.8334e-03
 6519.25   2.5703e-02   1.4987e-03
 6521.20   2.6081e-02   1.5450e-03
 6523.15   2.6473e-02   1.5866e-03
 6525.10   2.9465e-02   1.7673e-03
 6527.05   3.3066e-02   1.9702e-03
 6529.00   2.7389e-02   1.6243e-03
 6530.95   2.9458e-02   1.8226e-03
 6532.90   3.5160e-02   2.2764e-03
 6534.85   3.5905e-02   2.3144e-03
 6536.80   3.4710e-02   2.1492e-03
 6538.75   3.3936e-02   2.0388e-03
 6540.70   3.3918e-02   2.0447e-03
 6542.65   3.3132e-02   2.0337e-03
 6544.60   2.8588e-02   1.7462e-03
 6546.55   2.8850e-02   1.7364e-03
 6548.50   3.0108e-02   1.7947e-03
 6550.45   2.8481e-02   1.7299e-03
 6552.40   3.4036e-02   2.1886e-03
 6554.35   3.8518e-02   2.5329e-03
 6556.30   3.8690e-02   2.4746e-03
 6558.25   3.4655e-02   2.1101e-03
 6560.20   3.5371e-02   2.1234e-03
 6562.15   3.3507e-02   2.0123e-03
 6564.10   3.7754e-02   2.3004e-03
 6566.05   3.9906e-02   2.4534e-03
 6568.00   3.7133e-02   2.2874e-03
 6569.95   3.6894e-02   2.2812e-03
 6571.90   3.2599e-02   1.9789e-03
 6573.85   3.4516e-02   2.1052e-03
 6575.80   3.8429e-02   2.4366e-03
 6577.75   3.4705e-02   2.2246e-03
 6579.70   3.4825e-02   2.1973e-03
 6581.65   3.6303e-02   2.2155e-03
 6583.60   3.6840e-02   2.2114e-03
 6585.55   3.8466e-02   2.3017e-03
 6587.50   3.6888e-02   2.1896e-03
 6589.45   3.7182e-02   2.2050e-03
 6591.40   3.8315e-02   2.2873e-03
 6593.35   3.7696e-02   2.2572e-03
 6595.30   4.0087e-02   2.4457e-03
 6597.25   3.5764e-02   2.1717e-03
 6599.20   3.5792e-02   2.1506e-03
 6601.15   3.5667e-02   2.1466e-03
 6603.10   3.5044e-02   2.1525e-03
 6605.05   3.7601e-02   2.3346e-03
 6607.00   3.7006e-02   2.2521e-03
 6608.95   3.5566e-02   2.1135e-03
 6610.90   3.6211e-02   2.1202e-03
 6612.85   3.5659e-02   2.0671e-03
 6614.80   3.2383e-02   1.8665e-03
 6616.75   3.4935e-02   2.0284e-03
 6618.70   3.3935e-02   1.9710e-03
 6620.65   3.6105e-02   2.1127e-03
 6622.60   3.7711e-02   2.2126e-03
 6624.55   3.3140e-02   1.9254e-03
 6626.50   3.3020e-02   1.9411e-03
 6628.45   4.0381e-02   2.4235e-03
 6630.40   3.5108e-02   2.0698e-03
 6632.35   3.4651e-02   2.0607e-03
 6634.30   3.4416e-02   2.0500e-03
 6636.25   2.9768e-02   1.7442e-03
 6638.20   2.8272e-02   1.6293e-03
 6640.15   3.3061e-02   1.9267e-03
 6642.10   3.2972e-02   1.9038e-03
 6644.05   3.6366e-02   2.1123e-03
 6646.00   3.5862e-02   2.0709e-03
 6647.95   3.3413e-02   1.9189e-03
 6649.90   3.6717e-02   2.1340e-03
 6651.85   3.7317e-02   2.1757e-03
 6653.80   3.8362e-02   2.2324e-03
 6655.75   3.9321e-02   2.2922e-03
 6657.70   4.0535e-02   2.3787e-03
 6659.65   4.3180e-02   2.5634e-03
 6661.60   4.1800e-02   2.4662e-03
 6663.55   4.0749e-02   2.4015e-03
 6665.50   4.6624e-02   2.7887e-03
 6667.45   4.0832e-02   2.4226e-03
 6669.40   3.7407e-02   2.1986e-03
 6671.35   3.9562e-02   2.3244e-03
 6673.30   4.1844e-02   2.4559e-03
 6675.25   3.8528e-02   2.2273e-03
 6677.20   3.4880e-02   2.0064e-03
 6679.15   4.0392e-02   2.3471e-03
 6681.10   3.6076e-02   2.0693e-03
 6683.05   3.6531e-02   2.1117e-03
 6685.00   4.2716e-02   2.4962e-03
 6686.95   4.6183e-02   2.7157e-03
 6688.90   4.4619e-02   2.6317e-03
 6690.85   4.2285e-02   2.4713e-03
 6692.80   4.4055e-02   2.5785e-03
 6694.75   4.0074e-02   2.3213e-03
 6696.70   4.5843e-02   2.7093e-03
 6698.65   4.1405e-02   2.4381e-03
 6700.60   3.8982e-02   2.2818e-03
 6702.55   3.8206e-02   2.2314e-03
 6704.50   3.6989e-02   2.1536e-03
 6706.45   3.4192e-02   1.9666e-03
 6708.40   3.3696e-02   1.9382e-03
 6710.35   3.4656e-02   1.9929e-03
 6712.30   2.7599e-02   1.5531e-03
 6714.25   2.7768e-02   1.5614e-03
 6716.20   3.1851e-02   1.8037e-03
 6718.15   3.4527e-02   1.9695e-03
 6720.10   3.6523e-02   2.0880e-03
 6722.05   3.9518e-02   2.2760e-03
 6724.00   3.9699e-02   2.2773e-03
 6725.95   4.0286e-02   2.3119e-03
 6727.90   3.5791e-02   2.0421e-03
 6729.85   3.5940e-02   2.0552e-03
 6731.80   3.6945e-02   2.1262e-03
 6733.75   3.7975e-02   2.2020e-03
 6735.70   3.5650e-02   2.0606e-03
 6737.65   3.6788e-02   2.1339e-03
 6739.60   3.9197e-02   2.2840e-03
 6741.55   3.5347e-02   2.0464e-03
 6743.50   3.9463e-02   2.3006e-03
 6745.45   3.7575e-02   2.1771e-03
 6747.40   4.0127e-02   2.3320e-03
 6749.35   4.2798e-02   2.5048e-03
 6751.30   4.3647e-02   2.5595e-03
 6753.25   3.7711e-02   2.1667e-03
 6755.20   3.5458e-02   2.0212e-03
 6757.15   3.4458e-02   1.9577e-03
 6759.10   3.8487e-02   2.1996e-03
 6761.05   3.5439e-02   2.0056e-03
 6763.00   4.0468e-02   2.3250e-03
 6764.95   4.2769e-02   2.4655e-03
 6766.90   3.7100e-02   2.1047e-03
 6768.85   3.9878e-02   2.2860e-03
 6770.80   4.3813e-02   2.5300e-03
 6772.75   4.0798e-02   2.3395e-03
 6774.70   3.7963e-02   2.1505e-03
 6776.65   3.4754e-02   1.9549e-03
 6778.60   3.8693e-02   2.1965e-03
 6780.55   3.8156e-02   2.1685e-03
 6782.50   3.8204e-02   2.1798e-03
 6784.45   4.3228e-02   2.4906e-03
 6786.40   3.7115e-02   2.1170e-03
 6788.35   3.5340e-02   1.9990e-03
 6790.30   3.2392e-02   1.8125e-03
 6792.25   3.9861e-02   2.2592e-03
 6794.20   4.3651e-02   2.4934e-03
 6796.15   3.4686e-02   1.9354e-03
 6798.10   3.6146e-02   2.0181e-03
 6800.05   3.8698e-02   2.1742e-03
 6802.00   3.7136e-02   2.0807e-03
 6803.95   3.9842e-02   2.2470e-03
 6805.90   4.2068e-02   2.3934e-03
 6807.85   3.7964e-02   2.1236e-03
 6809.80   3.6534e-02   2.0393e-03
 6811.75   4.0140e-02   2.2595e-03
 6813.70   4.0490e-02   2.2845e-03
 6815.65   3.5818e-02   1.9911e-03
 6817.60   4.8606e-02   2.7995e-03
 6819.55   4.1255e-02   2.3338e-03
 6821.50   4.0166e-02   2.2702e-03
 6823.45   4.4753e-02   2.5999e-03
 6825.40   4.4604e-02   2.7367e-03
 6827.35   4.4422e-02   2.9283e-03
 6829.30   4.5966e-02   3.1852e-03
 6831.25   4.2695e-02   2.9630e-03
 6833.20   3.6505e-02   2.4936e-03
 6835.15   3.6067e-02   2.4126e-03
 6837.10   3.5313e-02   2.2453e-03
 6839.05   3.8127e-02   2.3056e-03
 6841.00   4.0770e-02   2.4497e-03
 6842.95   3.7894e-02   2.2591e-03
 6844.90   3.9472e-02   2.3128e-03
 6846.85   3.9390e-02   2.2764e-03
 6848.80   3.7722e-02   2.1542e-03
 6850.75   4.1097e-02   2.3615e-03
 6852.70   3.5841e-02   2.0175e-03
 6854.65   4.4939e-02   2.5838e-03
 6856.60   4.1557e-02   2.3605e-03
 6858.55   4.1549e-02   2.3927e-03
 6860.50   4.0925e-02   2.5323e-03
 6862.45   4.6432e-02   3.1877e-03
 6864.40   3.7311e-02   2.6485e-03
 6866.35   3.7494e-02   2.5992e-03
 6868.30   3.9126e-02   2.5734e-03
 6870.25   3.9126e-02   2.4846e-03
 6872.20   3.7604e-02   2.3478e-03
 6874.15   3.8786e-02   2.3640e-03
 6876.10   3.8921e-02   2.0964e-03
 6878.05   3.8786e-02   2.3088e-03
 6880.00   4.5792e-02   2.8309e-03
 6881.95   3.8604e-02   2.3114e-03
 6883.90   3.7139e-02   2.2017e-03
 6885.85   3.9193e-02   2.3793e-03
 6887.80   4.0830e-02   2.5488e-03
 6889.75   4.2101e-02   2.6665e-03
 6891.70   4.0298e-02   2.5023e-03
 6893.65   3.9271e-02   2.3546e-03
 6895.60   3.3578e-02   1.9558e-03
 6897.55   3.4549e-02   2.0542e-03
 6899.50   4.2182e-02   2.6054e-03
 6901.45   4.5309e-02   2.8395e-03
 6903.40   3.8184e-02   2.3268e-03
 6905.35   3.2838e-02   1.9347e-03
 6907.30   4.0899e-02   2.4139e-03
 6909.25   3.8878e-02   2.3481e-03
 6911.20   3.6052e-02   2.2629e-03
 6913.15   3.7398e-02   2.4030e-03
 6915.10   4.1114e-02   2.5873e-03
 6917.05   3.4279e-02   2.0180e-03
 6919.00   3.4201e-02   2.0079e-03
 6920.95   4.6574e-02   2.9730e-03
 6922.90   4.1585e-02   2.7907e-03
 6924.85   4.0374e-02   2.6849e-03
 6926.80   4.2904e-02   2.7221e-03
 6928.75   3.6865e-02   2.1641e-03
 6930.70   3.6969e-02   2.1158e-03
 6932.65   4.5481e-02   2.6991e-03
 6934.60   4.7863e-02   2.8224e-03
 6936.55   3.8567e-02   2.2637e-03
 6938.50   4.2500e-02   2.6567e-03
 6940.45   3.5289e-02   2.2407e-03
 6942.40   3.9105e-02   2.4161e-03
 6944.35   3.9526e-02   2.3714e-03
 6946.30   3.7860e-02   2.3437e-03
 6948.25   3.7717e-02   2.4904e-03
 6950.20   3.9789e-02   2.6985e-03
 6952.15   4.2776e-02   2.7659e-03
 6954.10   4.0924e-02   2.4455e-03
 6956.05   3.9205e-02   2.2739e-03
 6958.00   4.0752e-02   2.3973e-03
 6959.95   3.9278e-02   2.3022e-03
 6961.90   3.7475e-02   2.1650e-03
 6963.85   3.9515e-02   2.2826e-03
 6965.80   4.3649e-02   2.5505e-03
 6967.75   4.0799e-02   2.4250e-03
 6969.70   3.4463e-02   2.0832e-03
 6971.65   3.3542e-02   2.0224e-03
 6973.60   4.1037e-02   2.4524e-03
 6975.55   4.3580e-02   2.6863e-03
 6977.50   3.1085e-02   1.9733e-03
 6979.45   3.4666e-02   2.2320e-03
 6981.40   4.1274e-02   2.5849e-03
 6983.35   3.2107e-02   1.8928e-03
 6985.30   2.9010e-02   1.6581e-03
 6987.25   3.6807e-02   2.1329e-03
 6989.20   3.7067e-02   2.1728e-03
 6991.15   4.0917e-02   2.4391e-03
 6993.10   4.1459e-02   2.4376e-03
 6995.05   3.3868e-02   1.9227e-03
 6997.00   3.4900e-02   2.0201e-03
 6998.95   3.2302e-02   1.8830e-03
 7000.90   3.2635e-02   1.9139e-03
 7002.85   3.3923e-02   2.0118e-03
 7004.80   3.7862e-02   2.2735e-03
 7006.75   4.1069e-02   2.5013e-03
 7008.70   4.5250e-02   2.7907e-03
 7010.65   4.4077e-02   2.7355e-03
 7012.60   3.6287e-02   2.2101e-03
 7014.55   3.3980e-02   2.0067e-03
 7016.50   3.6824e-02   2.1275e-03
 7018.45   4.5231e-02   2.6126e-03
 7020.40   4.4748e-02   2.5929e-03
 7022.35   3.7835e-02   2.1724e-03
 7024.30   4.0255e-02   2.3075e-03
 7026.25   3.9928e-02   2.3061e-03
 7028.20   3.6003e-02   2.0553e-03
 7030.15   4.3978e-02   2.5462e-03
 7032.10   4.2540e-02   2.4589e-03
 7034.05   3.2094e-02   1.8003e-03
 7036.00   3.1764e-02   1.7595e-03
 7037.95   3.7172e-02   2.0946e-03
 7039.90   3.6798e-02   2.1215e-03
 7041.85   3.6833e-02   2.1661e-03
 7043.80   4.0988e-02   2.4467e-03
 7045.75   3.8514e-02   2.3304e-03
 7047.70   3.9820e-02   2.4793e-03
 7049.65   3.3526e-02   2.0896e-03
 7051.60   3.5801e-02   2.2009e-03
 7053.55   3.3344e-02   1.9913e-03
 7055.50   3.5915e-02   2.0986e-03
 7057.45   3.4185e-02   1.9874e-03
 7059.40   3.3195e-02   1.9436e-03
 7061.35   3.6352e-02   2.1622e-03
 7063.30   3.5613e-02   2.1130e-03
 7065.25   3.7081e-02   2.2139e-03
 7067.20   3.6321e-02   2.1716e-03
 7069.15   3.7700e-02   2.2757e-03
 7071.10   2.8936e-02   1.6716e-03
 7073.05   3.7497e-02   2.1204e-03
 7075.00   3.7497e-02   2.3520e-03
 7076.95   3.7225e-02   2.3370e-03
 7078.90   4.0948e-02   2.4037e-03
 7080.85   4.0290e-02   2.4229e-03
 7082.80   3.6351e-02   2.1628e-03
 7084.75   3.6114e-02   2.1417e-03
 7086.70   4.1766e-02   2.5191e-03
 7088.65   3.5928e-02   2.1680e-03
 7090.60   3.8963e-02   2.3351e-03
 7092.55   3.7662e-02   2.2328e-03
 7094.50   4.0136e-02   2.3866e-03
 7096.45   3.6302e-02   2.1071e-03
 7098.40   3.5910e-02   2.0587e-03
 7100.35   3.6480e-02   2.1105e-03
 7102.30   3.8061e-02   2.2438e-03
 7104.25   4.0340e-02   2.4001e-03
 7106.20   3.7740e-02   2.2444e-03
 7108.15   3.6102e-02   2.1439e-03
 7110.10   3.7649e-02   2.2581e-03
 7112.05   3.3896e-02   2.0020e-03
 7114.00   3.2065e-02   1.8966e-03
 7115.95   3.5956e-02   2.1447e-03
 7117.90   2.9949e-02   1.7457e-03
 7119.85   3.2102e-02   1.8786e-03
 7121.80   3.4933e-02   2.0548e-03
 7123.75   3.8479e-02   2.2879e-03
 7125.70   4.2116e-02   2.5248e-03
 7127.65   3.5856e-02   2.1243e-03
 7129.60   3.8033e-02   2.2555e-03
 7131.55   3.8243e-02   2.2523e-03
 7133.50   3.4238e-02   1.9858e-03
 7135.45   3.8413e-02   2.2438e-03
 7137.40   4.0739e-02   2.3895e-03
 7139.35   4.0474e-02   2.3818e-03
 7141.30   4.2420e-02   2.5564e-03
 7143.25   3.9621e-02   2.4310e-03
 7145.20   3.5494e-02   2.1892e-03
 7147.15   3.5239e-02   2.1772e-03
 7149.10   3.4429e-02   2.0989e-03
 7151.05   3.1878e-02   1.9312e-03
 7153.00   3.5219e-02   2.1169e-03
 7154.95   3.5788e-02   2.1448e-03
 7156.90   3.3708e-02   2.0300e-03
 7158.85   2.9666e-02   1.7669e-03
 7160.80   3.3252e-02   2.0117e-03
 7162.75   3.5594e-02   2.1730e-03
 7164.70   3.4525e-02   2.0997e-03
 7166.65   3.4924e-02   2.1477e-03
 7168.60   3.6863e-02   2.2822e-03
 7170.55   3.6409e-02   2.2611e-03
 7172.50   3.6509e-02   2.2683e-03
 7174.45   3.9970e-02   2.4807e-03
 7176.40   3.5483e-02   2.2033e-03
 7178.35   3.8104e-02   2.3716e-03
 7180.30   3.7951e-02   2.3537e-03
 7182.25   3.6990e-02   2.2596e-03
 7184.20   3.2824e-02   1.9958e-03
 7186.15   3.7081e-02   2.3016e-03
 7188.10   4.0759e-02   2.4864e-03
 7190.05   4.2019e-02   2.5529e-03
 7192.00   4.1439e-02   2.5213e-03
 7193.95   3.5516e-02   2.1306e-03
 7195.90   3.6447e-02   2.2295e-03
 7197.85   3.9068e-02   2.4234e-03
 7199.80   3.5027e-02   2.1747e-03
 7201.75   4.0603e-02   2.5524e-03
 7203.70   3.9101e-02   2.4556e-03
 7205.65   3.5202e-02   2.1743e-03
 7207.60   3.9763e-02   2.4623e-03
 7209.55   4.0246e-02   2.4705e-03
 7211.50   3.7894e-02   2.2796e-03
 7213.45   3.8272e-02   2.3028e-03
 7215.40   3.5321e-02   2.0988e-03
 7217.35   3.5583e-02   2.1322e-03
 7219.30   3.3712e-02   2.0138e-03
 7221.25   3.5349e-02   2.1154e-03
 7223.20   3.2557e-02   1.9608e-03
 7225.15   3.4292e-02   2.1101e-03
 7227.10   3.5355e-02   2.1511e-03
 7229.05   2.9924e-02   1.7946e-03
 7231.00   4.0627e-02   2.4706e-03
 7232.95   3.6686e-02   2.2190e-03
 7234.90   3.0856e-02   1.9924e-03
 7236.85   3.5209e-02   2.5962e-03
 7238.80   3.3120e-02   2.7095e-03
 7240.75   4.2352e-02   3.7548e-03
 7242.70   4.5532e-02   4.1464e-03
 7244.65   3.6982e-02   3.2983e-03
 7246.60   3.9401e-02   3.3663e-03
 7248.55   4.5687e-02   3.5558e-03
 7250.50   4.2637e-02   3.0851e-03
 7252.45   3.8350e-02   2.7264e-03
 7254.40   3.5088e-02   2.5173e-03
 7256.35   3.3003e-02   2.2813e-03
 7258.30   4.2007e-02   2.7787e-03
 7260.25   4.2718e-02   2.7478e-03
 7262.20   4.0574e-02   2.5797e-03
 7264.15   3.8842e-02   2.5022e-03
 7266.10   4.1031e-02   2.6504e-03
 7268.05   4.6166e-02   2.9933e-03
 7270.00   3.7662e-02   2.4097e-03
 7271.95   3.3040e-02   2.2259e-03
 7273.90   4.0618e-02   3.1897e-03
 7275.85   5.2161e-02   4.6015e-03
 7277.80   4.5035e-02   4.0182e-03
 7279.75   3.9420e-02   3.1895e-03
 7281.70   3.8928e-02   2.8918e-03
 7283.65   3.0668e-02   2.3077e-03
 7285.60   3.5437e-02   2.7113e-03
 7287.55   3.8860e-02   2.8092e-03
 7289.50   3.0764e-02   2.0502e-03
 7291.45   3.5774e-02   2.3700e-03
 7293.40   4.4937e-02   3.0975e-03
 7295.35   4.6455e-02   3.2478e-03
 7297.30   4.3332e-02   2.9668e-03
 7299.25   3.3341e-02   2.1931e-03
 7301.20   3.1633e-02   2.1399e-03
 7303.15   4.5228e-02   3.3081e-03
 7305.10   4.7191e-02   3.5041e-03
 7307.05   3.7514e-02   2.5894e-03
 7309.00   3.2857e-02   2.1078e-03
 7310.95   3.9576e-02   2.5899e-03
 7312.90   4.1214e-02   2.9435e-03
 7314.85   4.0914e-02   3.2712e-03
 7316.80   5.3299e-02   4.5198e-03
 7318.75   4.8201e-02   3.8284e-03
 7320.70   4.1202e-02   2.8616e-03
 7322.65   4.2399e-02   2.6761e-03
 7324.60   4.0768e-02   2.5831e-03
 7326.55   4.0140e-02   2.7444e-03
 7328.50   4.4596e-02   3.3073e-03
 7330.45   4.6692e-02   3.5634e-03
 7332.40   3.7741e-02   2.7100e-03
 7334.35   3.4567e-02   2.2794e-03
 7336.30   4.0247e-02   2.7285e-03
 7338.25   3.5726e-02   2.7485e-03
 7340.20   3.1397e-02   2.7089e-03
 7342.15   4.3294e-02   3.8129e-03
 7344.10   3.9380e-02   3.0910e-03
 7346.05   3.3356e-02   2.2591e-03
 7348.00   3.9499e-02   2.5193e-03
 7349.95   4.3463e-02   2.7581e-03
 7351.90   4.4818e-02   2.8437e-03
 7353.85   3.7803e-02   2.3727e-03
 7355.80   3.5149e-02   2.3213e-03
 7357.75   4.2518e-02   3.0411e-03
 7359.70   4.9334e-02   3.6453e-03
 7361.65   4.2285e-02   2.9917e-03
 7363.60   4.1143e-02   2.7357e-03
 7365.55   3.8580e-02   2.6212e-03
 7367.50   4.0567e-02   3.1158e-03
 7369.45   5.4976e-02   4.6383e-03
 7371.40   5.1098e-02   4.1896e-03
 7373.35   3.9572e-02   2.8507e-03
 7375.30   3.6474e-02   2.3456e-03
 7377.25   3.7516e-02   2.3668e-03
 7379.20   4.2411e-02   2.6901e-03
 7381.15   4.0695e-02   2.5624e-03
 7383.10   4.0795e-02   2.5846e-03
 7385.05   4.2534e-02   2.7094e-03
 7387.00   4.2722e-02   2.7454e-03
 7388.95   4.0202e-02   2.6600e-03
 7390.90   4.3080e-02   3.0020e-03
 7392.85   4.8940e-02   3.5142e-03
 7394.80   4.8616e-02   3.3532e-03
 7396.75   4.4736e-02   2.9138e-03
 7398.70   3.8440e-02   2.5985e-03
 7400.65   4.1210e-02   3.0740e-03
 7402.60   4.8393e-02   3.7563e-03
 7404.55   4.5641e-02   3.3434e-03
 7406.50   4.0255e-02   2.6247e-03
 7408.45   4.1195e-02   2.5318e-03
 7410.40   3.6992e-02   2.2560e-03
 7412.35   3.7159e-02   2.2925e-03
 7414.30   2.8683e-02   1.7218e-03
 7416.25   2.9876e-02   1.7867e-03
 7418.20   2.9436e-02   1.7463e-03
 7420.15   2.9577e-02   1.7469e-03
 7422.10   3.2759e-02   1.9555e-03
 7424.05   3.1412e-02   1.8714e-03
 7426.00   2.8988e-02   1.7557e-03
 7427.95   2.8185e-02   1.7812e-03
 7429.90   3.0207e-02   1.9898e-03
 7431.85   3.3707e-02   2.2086e-03
 7433.80   3.7725e-02   2.4215e-03
 7435.75   3.9905e-02   2.6554e-03
 7437.70   4.2550e-02   3.0373e-03
 7439.65   4.7464e-02   3.4546e-03
 7441.60   3.9070e-02   2.6675e-03
 7443.55   4.1689e-02   2.6681e-03
 7445.50   4.2757e-02   2.6784e-03
 7447.45   3.9290e-02   2.4214e-03
 7449.40   3.6930e-02   2.2464e-03
 7451.35   3.6289e-02   2.1946e-03
 7453.30   3.6010e-02   2.1924e-03
 7455.25   3.8223e-02   2.3398e-03
 7457.20   3.3760e-02   2.0462e-03
 7459.15   3.3912e-02   2.0818e-03
 7461.10   3.1712e-02   1.9705e-03
 7463.05   3.1283e-02   1.9931e-03
 7465.00   3.3787e-02   2.2130e-03
 7466.95   3.7267e-02   2.4900e-03
 7468.90   3.5642e-02   2.4092e-03
 7470.85   3.1411e-02   2.1646e-03
 7472.80   3.4019e-02   2.4095e-03
 7474.75   3.6026e-02   2.5310e-03
 7476.70   3.4228e-02   2.3718e-03
 7478.65   4.3982e-02   3.1739e-03
 7480.60   4.6233e-02   3.4204e-03
 7482.55   4.0434e-02   2.9678e-03
 7484.50   3.7113e-02   2.6474e-03
 7486.45   3.8969e-02   2.6616e-03
 7488.40   3.2713e-02   2.1003e-03
 7490.35   3.2339e-02   2.0483e-03
 7492.30   3.3503e-02   2.1442e-03
 7494.25   3.2364e-02   2.0779e-03
 7496.20   3.1048e-02   1.9648e-03
 7498.15   3.3368e-02   2.0846e-03
 7500.10   3.5177e-02   2.1825e-03
 7502.05   3.3763e-02   2.0869e-03
 7504.00   3.2981e-02   2.0396e-03
 7505.95   3.3194e-02   2.0563e-03
 7507.90   3.5455e-02   2.1954e-03
 7509.85   3.4283e-02   2.1173e-03
 7511.80   2.9683e-02   1.8081e-03
 7513.75   3.4968e-02   2.1800e-03
 7515.70   3.5133e-02   2.2470e-03
 7517.65   3.6584e-02   2.3971e-03
 7519.60   3.6273e-02   2.4667e-03
 7521.55   3.5891e-02   2.6515e-03
 7523.50   3.4444e-02   2.7500e-03
 7525.45   3.4859e-02   2.7900e-03
 7527.40   3.7436e-02   2.7918e-03
 7529.35   4.0496e-02   2.8683e-03
 7531.30   4.1064e-02   2.8738e-03
 7533.25   3.4945e-02   2.3467e-03
 7535.20   2.9645e-02   1.8891e-03
 7537.15   3.4598e-02   2.2057e-03
 7539.10   4.1035e-02   2.6945e-03
 7541.05   3.6192e-02   2.3640e-03
 7543.00   3.2641e-02   2.0893e-03
 7544.95   3.5187e-02   2.2372e-03
 7546.90   3.2946e-02   2.0625e-03
 7548.85   3.5295e-02   2.2208e-03
 7550.80   3.6648e-02   2.3103e-03
 7552.75   3.5803e-02   2.2709e-03
 7554.70   3.7143e-02   2.4160e-03
 7556.65   3.4173e-02   2.2693e-03
 7558.60   3.2097e-02   2.1243e-03
 7560.55   3.1491e-02   2.0348e-03
 7562.50   3.6526e-02   2.3665e-03
 7564.45   3.7342e-02   2.4594e-03
 7566.40   3.1809e-02   2.1042e-03
 7568.35   3.2089e-02   2.2170e-03
 7570.30   3.8154e-02   2.8552e-03
 7572.25   3.3338e-02   2.5792e-03
 7574.20   3.0774e-02   2.2844e-03
 7576.15   3.4581e-02   2.3593e-03
 7578.10   3.8010e-02   2.4619e-03
 7580.05   3.6139e-02   2.2961e-03
 7582.00   3.6713e-02   2.3686e-03
 7583.95   4.2069e-02   2.8572e-03
 7585.90   4.5143e-02   3.1790e-03
 7587.85   4.3391e-02   3.0206e-03
 7589.80   3.9804e-02   2.6321e-03
 7591.75   3.7066e-02   2.3527e-03
 7593.70   3.2286e-02   2.1185e-03
 7595.65   2.9161e-02   2.2525e-03
 7597.60   3.1414e-02   2.8418e-03
 7599.55   3.4461e-02   3.2634e-03
 7601.50   2.3946e-02   2.1864e-03
 7603.45   1.6960e-02   1.5164e-03
 7605.40   1.8984e-02   1.7020e-03
 7607.35   2.2684e-02   2.0579e-03
 7609.30   2.9502e-02   2.6745e-03
 7611.25   2.5033e-02   2.1691e-03
 7613.20   3.7144e-02   3.0821e-03
 7615.15   4.1384e-02   3.2878e-03
 7617.10   3.5428e-02   2.7120e-03
 7619.05   3.4194e-02   2.5574e-03
 7621.00   2.8992e-02   2.1531e-03
 7622.95   2.9741e-02   2.2442e-03
 7624.90   4.1404e-02   3.2652e-03
 7626.85   4.2644e-02   3.5755e-03
 7628.80   3.5078e-02   3.0261e-03
 7630.75   3.6945e-02   3.0909e-03
 7632.70   3.4029e-02   2.6524e-03
 7634.65   3.5420e-02   2.6737e-03
 7636.60   4.1479e-02   3.1476e-03
 7638.55   3.8618e-02   2.9098e-03
 7640.50   3.7453e-02   2.8561e-03
 7642.45   3.9351e-02   3.0333e-03
 7644.40   4.5228e-02   3.4920e-03
 7646.35   4.6207e-02   3.5128e-03
 7648.30   4.2433e-02   3.2189e-03
 7650.25   3.2330e-02   2.4618e-03
 7652.20   3.4274e-02   2.6293e-03
 7654.15   4.4400e-02   3.4270e-03
 7656.10   4.1802e-02   3.1388e-03
 7658.05   3.6164e-02   2.6572e-03
 7660.00   3.6028e-02   2.7312e-03
 7661.95   3.9421e-02   3.0787e-03
 7663.90   4.2504e-02   3.2389e-03
 7665.85   3.4111e-02   2.4050e-03
 7667.80   3.7218e-02   2.5137e-03
 7669.75   4.3636e-02   2.9324e-03
 7671.70   3.9757e-02   2.6474e-03
 7673.65   4.2509e-02   2.8304e-03
 7675.60   4.1458e-02   2.7361e-03
 7677.55   4.1877e-02   2.7770e-03
 7679.50   4.1526e-02   2.8013e-03
 7681.45   3.9009e-02   2.6614e-03
 7683.40   4.2167e-02   2.9054e-03
 7685.35   4.3881e-02   3.0666e-03
 7687.30   4.1686e-02   2.9280e-03
 7689.25   3.9630e-02   2.7866e-03
 7691.20   3.5832e-02   2.5305e-03
 7693.15   3.2300e-02   2.3031e-03
 7695.10   3.7323e-02   2.7198e-03
 7697.05   4.0928e-02   3.0787e-03
 7699.00   4.4128e-02   3.4070e-03
 7700.95   4.1010e-02   3.0742e-03
 7702.90   3.6056e-02   2.5718e-03
 7704.85   3.6373e-02   2.5484e-03
 7706.80   3.6669e-02   2.5763e-03
 7708.75   3.6239e-02   2.8371e-03
 7710.70   4.1201e-02   3.7583e-03
 7712.65   3.9331e-02   3.9401e-03
 7714.60   3.4578e-02   3.6136e-03
 7716.55   5.0434e-02   5.2759e-03
 7718.50   5.9359e-02   5.8645e-03
 7720.45   5.0403e-02   4.4264e-03
 7722.40   4.5157e-02   3.6756e-03
 7724.35   4.2607e-02   3.5078e-03
 7726.30   3.5585e-02   2.8885e-03
 7728.25   3.5466e-02   2.7264e-03
 7730.20   4.1401e-02   3.0316e-03
 7732.15   4.0157e-02   2.8940e-03
 7734.10   4.4563e-02   3.2875e-03
 7736.05   4.5805e-02   3.3981e-03
 7738.00   4.3648e-02   3.1876e-03
 7739.95   3.7136e-02   2.6531e-03
 7741.90   3.5644e-02   2.5471e-03
 7743.85   3.8982e-02   2.8774e-03
 7745.80   4.9643e-02   4.0193e-03
 7747.75   4.8007e-02   4.5332e-03
 7749.70   4.4898e-02   4.6991e-03
 7751.65   4.2667e-02   4.4085e-03
 7753.60   3.0899e-02   2.8195e-03
 7755.55   2.6801e-02   2.1222e-03
 7757.50   3.1075e-02   2.5393e-03
 7759.45   5.1978e-02   4.6035e-03
 7761.40   5.9146e-02   5.1703e-03
 7763.35   5.0115e-02   3.9634e-03
 7765.30   3.7937e-02   2.7010e-03
 7767.25   3.7308e-02   2.6419e-03
 7769.20   3.4908e-02   2.5818e-03
 7771.15   2.2172e-02   1.7225e-03
 7773.10   1.9477e-02   1.5704e-03
 7775.05   2.8474e-02   2.2680e-03
 7777.00   3.7131e-02   2.9182e-03
 7778.95   3.8295e-02   3.1272e-03
 7780.90   4.3772e-02   3.6507e-03
 7782.85   4.0818e-02   3.2634e-03
 7784.80   3.8333e-02   2.8959e-03
 7786.75   3.8979e-02   2.9198e-03
 7788.70   3.1380e-02   2.4610e-03
 7790.65   2.8904e-02   2.5574e-03
 7792.60   4.0312e-02   3.9673e-03
 7794.55   4.2824e-02   4.2715e-03
 7796.50   2.9127e-02   2.6432e-03
 7798.45   3.1094e-02   2.4080e-03
 7800.40   3.9370e-02   2.8067e-03
 7802.35   3.8365e-02   2.7247e-03
 7804.30   3.6362e-02   2.7115e-03
 7806.25   3.6993e-02   3.0598e-03
 7808.20   4.1410e-02   3.6682e-03
 7810.15   4.6726e-02   4.0769e-03
 7812.10   4.5712e-02   3.6910e-03
 7814.05   4.2936e-02   3.2814e-03
 7816.00   3.8833e-02   3.0135e-03
 7817.95   3.7134e-02   3.2837e-03
 7819.90   4.5210e-02   4.6111e-03
 7821.85   5.0565e-02   5.3445e-03
 7823.80   4.2926e-02   4.1348e-03
 7825.75   3.5745e-02   2.8943e-03
 7827.70   3.5930e-02   2.6212e-03
 7829.65   3.3050e-02   2.3547e-03
 7831.60   3.0674e-02   2.1628e-03
 7833.55   3.4238e-02   2.4132e-03
 7835.50   3.4114e-02   2.4131e-03
 7837.45   3.3725e-02   2.5520e-03
 7839.40   3.8594e-02   3.2333e-03
 7841.35   3.7604e-02   3.2581e-03
 7843.30   2.9855e-02   2.4423e-03
 7845.25   2.4828e-02   1.8591e-03
 7847.20   2.5852e-02   1.9656e-03
 7849.15   2.7566e-02   2.4126e-03
 7851.10   2.7538e-02   2.7852e-03
 7853.05   3.9968e-02   4.3230e-03
 7855.00   4.5478e-02   4.7398e-03
 7856.95   2.9330e-02   2.7537e-03
 7858.90   3.9037e-02   3.5708e-03
 7860.85   5.8914e-02   5.4507e-03
 7862.80   3.9564e-02   3.3919e-03
 7864.75   2.5963e-02   2.0720e-03
 7866.70   3.5109e-02   2.9743e-03
 7868.65   3.7396e-02   3.4215e-03
 7870.60   3.6766e-02   3.4006e-03
 7872.55   3.3414e-02   2.8932e-03
 7874.50   3.3421e-02   2.6769e-03
 7876.45   4.0078e-02   3.3216e-03
 7878.40   4.2253e-02   3.7484e-03
 7880.35   3.1634e-02   2.8128e-03
 7882.30   2.8459e-02   2.4160e-03
 7884.25   3.5369e-02   2.8982e-03
 7886.20   2.9485e-02   2.5042e-03
 7888.15   2.9760e-02   2.7708e-03
 7890.10   3.8109e-02   3.6645e-03
 7892.05   3.6326e-02   3.2460e-03
 7894.00   3.3634e-02   2.6679e-03
 7895.95   3.6302e-02   2.7013e-03
 7897.90   3.4021e-02   2.4574e-03
 7899.85   3.2803e-02   2.3504e-03
 7901.80   3.6171e-02   2.6237e-03
 7903.75   3.5278e-02   2.5816e-03
 7905.70   3.3614e-02   2.4975e-03
 7907.65   2.8385e-02   2.1964e-03
 7909.60   3.4269e-02   3.0704e-03
 7911.55   5.1998e-02   5.4827e-03
 7913.50   5.3446e-02   5.9463e-03
 7915.45   3.7868e-02   3.9666e-03
 7917.40   4.0482e-02   3.8827e-03
 7919.35   5.0929e-02   4.8969e-03
 7921.30   5.6222e-02   5.4856e-03
 7923.25   4.6995e-02   4.2419e-03
 7925.20   3.6984e-02   2.9630e-03
 7927.15   4.6128e-02   3.7499e-03
 7929.10   4.8787e-02   4.3332e-03
 7931.05   4.3785e-02   4.0228e-03
 7933.00   3.5107e-02   3.0430e-03
 7934.95   2.9835e-02   2.3187e-03
 7936.90   3.2596e-02   2.3674e-03
 7938.85   3.2215e-02   2.3006e-03
 7940.80   2.9951e-02   2.1417e-03
 7942.75   4.0611e-02   3.0215e-03
 7944.70   4.1922e-02   3.2564e-03
 7946.65   3.5736e-02   2.9365e-03
 7948.60   4.2303e-02   3.6418e-03
 7950.55   4.4908e-02   3.7919e-03
 7952.50   3.5817e-02   2.7742e-03
 7954.45   3.5379e-02   2.5857e-03
 7956.40   3.9988e-02   2.9302e-03
 7958.35   3.1099e-02   2.2812e-03
 7960.30   2.9438e-02   2.4136e-03
 7962.25   4.1115e-02   3.9860e-03
 7964.20   5.1407e-02   5.3917e-03
 7966.15   5.3239e-02   5.3998e-03
 7968.10   4.2305e-02   3.7941e-03
 7970.05   3.7847e-02   3.0100e-03
 7972.00   4.3167e-02   3.3437e-03
 7973.95   3.7891e-02   3.0046e-03
 7975.90   3.6546e-02   3.1555e-03
 7977.85   3.3497e-02   3.0784e-03
 7979.80   2.9491e-02   2.6931e-03
 7981.75   3.0318e-02   2.5582e-03
 7983.70   3.0292e-02   2.3049e-03
 7985.65   3.1263e-02   2.3224e-03
 7987.60   3.2947e-02   2.5850e-03
 7989.55   4.7590e-02   4.3666e-03
 7991.50   4.5211e-02   4.6840e-03
 7993.45   2.9503e-02   3.1283e-03
 7995.40   2.6195e-02   2.5424e-03
 7997.35   3.3036e-02   2.7567e-03
 7999.30   3.6174e-02   2.7797e-03
 8001.25   3.6293e-02   2.7503e-03
 8003.20   3.8136e-02   2.8676e-03
 8005.15   3.8883e-02   2.8975e-03
 8007.10   3.5287e-02   2.6205e-03
 8009.05   3.1675e-02   2.4183e-03
 8011.00   3.4773e-02   2.8930e-03
 8012.95   3.0096e-02   2.6468e-03
 8014.90   3.4193e-02   3.0241e-03
 8016.85   3.8922e-02   3.3027e-03
 8018.80   3.6092e-02   2.9410e-03
 8020.75   3.3684e-02   2.8517e-03
 8022.70   3.3745e-02   3.1728e-03
 8024.65   3.7131e-02   3.7998e-03
 8026.60   3.7638e-02   3.8423e-03
 8028.55   4.0320e-02   3.7704e-03
 8030.50   4.1573e-02   3.4631e-03
 8032.45   4.0521e-02   3.1327e-03
 8034.40   4.1598e-02   3.1503e-03
 8036.35   4.1445e-02   3.1353e-03
 8038.30   4.1795e-02   3.1502e-03
 8040.25   4.2056e-02   3.1677e-03
 8042.20   3.6846e-02   2.7397e-03
 8044.15   3.4866e-02   2.5745e-03
 8046.10   3.6964e-02   2.7904e-03
 8048.05   3.9284e-02   3.1304e-03
 8050.00   3.0932e-02   2.5661e-03
 8051.95   2.5135e-02   2.1059e-03
 8053.90   3.1476e-02   2.5664e-03
 8055.85   3.2277e-02   2.5136e-03
 8057.80   3.2801e-02   2.6744e-03
 8059.75   3.1072e-02   2.7705e-03
 8061.70   3.6296e-02   3.4137e-03
 8063.65   4.4197e-02   4.0480e-03
 8065.60   3.8178e-02   3.1457e-03
 8067.55   3.1137e-02   2.3415e-03
 8069.50   3.6953e-02   2.7867e-03
 8071.45   4.5416e-02   3.5259e-03
 8073.40   4.3105e-02   3.3591e-03
 8075.35   3.7302e-02   2.8874e-03
 8077.30   3.8500e-02   2.9759e-03
 8079.25   4.0264e-02   3.0987e-03
 8081.20   3.6397e-02   2.7843e-03
 8083.15   3.2113e-02   2.4637e-03
 8085.10   3.0899e-02   2.3723e-03
 8087.05   3.0232e-02   2.3056e-03
 8089.00   3.4272e-02   2.6335e-03
 8090.95   3.9917e-02   3.1803e-03
 8092.90   3.7196e-02   3.0157e-03
 8094.85   3.5795e-02   2.8711e-03
 8096.80   3.7623e-02   2.9882e-03
 8098.75   3.4543e-02   2.8011e-03
 8100.70   3.6586e-02   3.1314e-03
 8102.65   3.2613e-02   2.8012e-03
 8104.60   3.0334e-02   2.5013e-03
 8106.55   3.4352e-02   2.7199e-03
 8108.50   3.5084e-02   2.7149e-03
 8110.45   3.5744e-02   2.7683e-03
 8112.40   3.4357e-02   2.6400e-03
 8114.35   3.8915e-02   3.0105e-03
 8116.30   4.4999e-02   3.5517e-03
 8118.25   4.4276e-02   3.5124e-03
 8120.20   4.0176e-02   3.1430e-03
 8122.15   3.2331e-02   2.4738e-03
 8124.10   2.9843e-02   2.3009e-03
 8126.05   3.5522e-02   2.7896e-03
 8128.00   3.7579e-02   2.9436e-03
 8129.95   3.7600e-02   2.9391e-03
 8131.90   4.1117e-02   3.2389e-03
 8133.85   4.0548e-02   3.2176e-03
 8135.80   4.4794e-02   3.6186e-03
 8137.75   4.6129e-02   3.7757e-03
 8139.70   4.3725e-02   3.5515e-03
 8141.65   3.7089e-02   2.9300e-03
 8143.60   4.0245e-02   3.2255e-03
 8145.55   4.3722e-02   3.5629e-03
 8147.50   3.6555e-02   2.9337e-03
 8149.45   3.5381e-02   2.7762e-03
 8151.40   3.7212e-02   2.8728e-03
 8153.35   4.2775e-02   3.3241e-03
 8155.30   4.3063e-02   3.3483e-03
 8157.25   3.8858e-02   3.0178e-03
 8159.20   3.6871e-02   2.8432e-03
 8161.15   4.7105e-02   3.7057e-03
 8163.10   4.4101e-02   3.4443e-03
 8165.05   3.5737e-02   2.7408e-03
 8167.00   3.4710e-02   2.6776e-03
 8168.95   3.3117e-02   2.5407e-03
 8170.90   3.9960e-02   3.1622e-03
 8172.85   4.4536e-02   3.6159e-03
 8174.80   3.5838e-02   2.8395e-03
 8176.75   3.5285e-02   2.7813e-03
 8178.70   4.4262e-02   3.5711e-03
 8180.65   4.8624e-02   4.0114e-03
 8182.60   4.1268e-02   3.4248e-03
 8184.55   3.2009e-02   2.6482e-03
 8186.50   3.1274e-02   2.5824e-03
 8188.45   3.7021e-02   3.0793e-03
 8190.40   4.1519e-02   3.4878e-03
 8192.35   4.0191e-02   3.4014e-03
 8194.30   3.4611e-02   2.9320e-03
 8196.25   3.9233e-02   3.3263e-03
 8198.20   3.7900e-02   3.1411e-03
 8200.15   3.7412e-02   3.0563e-03
 8202.10   3.6678e-02   3.0311e-03
 8204.05   4.1970e-02   3.5563e-03
 8206.00   3.9946e-02   3.3632e-03
 8207.95   4.2039e-02   3.5495e-03
 8209.90   4.6332e-02   3.9287e-03
 8211.85   4.2090e-02   3.5355e-03
 8213.80   4.1085e-02   3.4655e-03
 8215.75   4.0119e-02   3.3780e-03
 8217.70   3.7651e-02   3.1292e-03
 8219.65   3.4134e-02   2.7696e-03
 8221.60   3.3798e-02   2.6988e-03
 8223.55   3.4782e-02   2.7549e-03
 8225.50   3.9033e-02   3.1449e-03
 8227.45   4.4108e-02   3.6593e-03
 8229.40   4.9162e-02   4.1001e-03
 8231.35   4.9321e-02   4.0796e-03
 8233.30   3.9320e-02   3.1985e-03
 8235.25   3.6121e-02   2.9117e-03
 8237.20   3.8698e-02   3.1611e-03
 8239.15   3.6174e-02   2.9370e-03
 8241.10   3.2860e-02   2.6587e-03
 8243.05   3.7884e-02   3.1403e-03
 8245.00   4.7481e-02   4.0356e-03
 8246.95   4.5568e-02   3.8973e-03
 8248.90   3.7105e-02   3.1172e-03
 8250.85   3.6237e-02   3.0246e-03
 8252.80   3.9772e-02   3.3309e-03
 8254.75   4.1645e-02   3.4768e-03
 8256.70   4.2118e-02   3.5161e-03
 8258.65   4.3478e-02   3.6376e-03
 8260.60   4.4305e-02   3.7192e-03
 8262.55   4.4434e-02   3.7521e-03
 8264.50   4.4232e-02   3.7593e-03
 8266.45   3.4773e-02   2.8845e-03
 8268.40   3.0249e-02   2.4872e-03
 8270.35   2.8474e-02   2.4222e-03
 8272.30   2.3161e-02   2.0347e-03
 8274.25   3.5307e-02   3.3353e-03
 8276.20   3.6111e-02   3.7338e-03
 8278.15   3.3886e-02   3.7975e-03
 8280.10   4.5827e-02   5.3573e-03
 8282.05   4.7317e-02   5.4426e-03
 8284.00   3.7611e-02   4.2491e-03
 8285.95   4.2758e-02   5.0735e-03
 8287.90   5.6382e-02   6.8189e-03
 8289.85   4.7721e-02   5.3919e-03
 8291.80   3.1790e-02   3.3203e-03
 8293.75   3.8335e-02   4.2137e-03
 8295.70   5.5713e-02   6.7490e-03
 8297.65   5.8665e-02   7.3640e-03
 8299.60   5.5151e-02   6.5245e-03
 8301.55   4.4532e-02   4.5736e-03
 8303.50   4.1288e-02   3.8430e-03
 8305.45   4.8713e-02   4.6011e-03
 8307.40   4.2380e-02   4.1703e-03
 8309.35   4.2805e-02   4.3612e-03
 8311.30   4.4804e-02   4.4398e-03
 8313.25   4.3819e-02   4.0164e-03
 8315.20   3.9785e-02   3.4672e-03
 8317.15   4.4036e-02   3.8658e-03
 8319.10   3.8851e-02   3.3411e-03
 8321.05   3.6552e-02   3.1057e-03
 8323.00   3.3166e-02   2.7727e-03
 8324.95   3.6200e-02   3.0280e-03
 8326.90   4.3853e-02   3.7481e-03
 8328.85   3.3321e-02   2.8240e-03
 8330.80   3.7787e-02   3.3308e-03
 8332.75   4.6054e-02   4.1966e-03
 8334.70   4.1981e-02   4.0281e-03
 8336.65   4.6183e-02   4.8689e-03
 8338.60   4.6705e-02   5.3681e-03
 8340.55   3.0409e-02   3.9710e-03
 8342.50   3.1253e-02   4.5362e-03
 8344.45   3.0947e-02   4.4731e-03
 8346.40   3.4371e-02   4.3550e-03
 8348.35   3.5679e-02   4.0214e-03
 8350.30   3.9977e-02   4.6419e-03
 8352.25   3.5890e-02   4.2045e-03
 8354.20   3.6035e-02   3.9031e-03
 8356.15   3.2270e-02   3.1132e-03
 8358.10   3.7710e-02   3.5773e-03
 8360.05   4.3627e-02   4.2991e-03
 8362.00   5.7341e-02   6.0496e-03
 8363.95   5.6264e-02   5.9888e-03
 8365.90   4.6821e-02   4.6695e-03
 8367.85   3.7795e-02   3.4446e-03
 8369.80   4.1200e-02   3.6576e-03
 8371.75   4.2786e-02   3.8504e-03
 8373.70   4.3317e-02   4.0288e-03
 8375.65   4.5116e-02   4.3035e-03
 8377.60   3.8126e-02   3.8332e-03
 8379.55   4.5309e-02   4.9784e-03
 8381.50   5.0096e-02   5.6754e-03
 8383.45   4.2341e-02   4.4744e-03
 8385.40   4.2177e-02   4.0667e-03
 8387.35   4.3919e-02   4.1351e-03
 8389.30   5.5677e-02   5.5202e-03
 8391.25   6.1639e-02   6.4767e-03
 8393.20   4.3316e-02   4.6973e-03
 8395.15   4.0972e-02   5.0865e-03
 8397.10   4.8529e-02   6.6208e-03
 8399.05   4.5109e-02   6.0286e-03
 8401.00   3.7356e-02   4.2888e-03
 8402.95   3.7306e-02   3.5684e-03
 8404.90   3.2340e-02   2.9063e-03
 8406.85   3.7301e-02   3.4595e-03
 8408.80   3.5742e-02   3.4153e-03
 8410.75   3.6597e-02   3.8395e-03
 8412.70   4.7890e-02   5.5579e-03
 8414.65   4.6851e-02   5.4476e-03
 8416.60   3.6995e-02   3.8961e-03
 8418.55   3.5796e-02   3.4265e-03
 8420.50   3.6601e-02   3.6107e-03
 8422.45   4.2236e-02   4.4738e-03
 8424.40   3.6484e-02   4.1072e-03
 8426.35   6.1859e-02   8.1100e-03
 8428.30   7.6376e-02   1.1025e-02
 8430.25   6.2810e-02   8.7110e-03
 8432.20   5.0355e-02   5.9210e-03
 8434.15   5.3824e-02   5.2616e-03
 8436.10   6.1716e-02   5.6363e-03
 8438.05   4.5427e-02   3.9786e-03
 8440.00   3.0759e-02   2.6577e-03
 8441.95   3.2856e-02   2.9174e-03
 8443.90   3.3640e-02   3.0893e-03
 8445.85   2.5965e-02   2.4501e-03
 8447.80   3.3651e-02   3.4909e-03
 8449.75   5.0114e-02   5.7310e-03
 8451.70   4.5425e-02   5.1493e-03
 8453.65   4.4059e-02   4.6403e-03
 8455.60   5.0750e-02   5.1245e-03
 8457.55   4.8483e-02   4.9520e-03
 8459.50   4.3056e-02   4.6244e-03
 8461.45   3.3567e-02   4.0399e-03
 8463.40   4.9353e-02   6.5148e-03
 8465.35   5.7381e-02   7.3277e-03
 8467.30   3.4149e-02   3.7220e-03
 8469.25   3.8631e-02   3.5958e-03
 8471.20   5.2816e-02   4.7755e-03
 8473.15   4.9459e-02   4.4173e-03
 8475.10   3.3494e-02   2.8590e-03
 8477.05   4.0831e-02   3.4936e-03
 8479.00   4.8282e-02   4.1875e-03
 8480.95   3.4035e-02   2.9113e-03
 8482.90   2.6546e-02   2.2871e-03
 8484.85   3.7615e-02   3.3640e-03
 8486.80   4.4213e-02   4.0707e-03
 8488.75   2.8736e-02   2.7226e-03
 8490.70   2.6164e-02   2.6739e-03
 8492.65   3.5220e-02   3.6880e-03
 8494.60   2.5354e-02   2.5152e-03
 8496.55   3.3900e-02   3.2774e-03
 8498.50   4.4272e-02   4.3925e-03
 8500.45   3.4005e-02   3.6113e-03
 8502.40   3.0393e-02   3.4925e-03
 8504.35   4.7444e-02   5.4302e-03
 8506.30   3.4080e-02   3.4361e-03
 8508.25   2.5758e-02   2.2496e-03
 8510.20   4.3797e-02   3.8102e-03
 8512.15   3.8202e-02   3.2143e-03
 8514.10   3.4403e-02   2.8587e-03
 8516.05   2.5428e-02   2.0902e-03
 8518.00   4.5971e-02   3.9872e-03
 8519.95   4.6325e-02   3.9967e-03
 8521.90   2.8881e-02   2.3696e-03
 8523.85   2.9134e-02   2.3903e-03
 8525.80   4.3354e-02   3.6869e-03
 8527.75   4.4286e-02   3.7833e-03
 8529.70   4.5550e-02   3.9323e-03
 8531.65   4.0233e-02   3.4730e-03
 8533.60   2.0502e-02   1.7072e-03
 8535.55   3.2158e-02   2.9480e-03
 8537.50   4.8891e-02   4.6887e-03
 8539.45   4.2776e-02   3.9655e-03
