 
TRANSIENT_NAME:     DES15S2eak 
SNID:               1306029    
OBS_DATE:           2015-09-18
MJD:                57283. 
PHASE:              +3.    
MJD_MAX:            57278.9
TYPE:               1  
SPEC_EVAL:          SNIa
REDSHIFT:           0.4300  
REDSHIFT_ERR:       0.0050  
REDSHIFT_SOURCE:    Z_SN
TELESCOPE:          VLT
INSTRUMENT:         X-SHOOTER
 
======================================
 
# WAVE  FLUX  FLUX_ERR
 3200.00  -4.2547e-18   3.1754e-18
 3205.00   8.7237e-19   2.9836e-18
 3210.00   1.1577e-18   2.8471e-18
 3215.00  -9.0811e-19   2.5858e-18
 3220.00   2.3780e-18   2.4446e-18
 3225.00  -1.2085e-18   2.2822e-18
 3230.00   2.5034e-18   2.1400e-18
 3235.00   3.6656e-18   2.0102e-18
 3240.00   6.4107e-19   1.9378e-18
 3245.00   2.9399e-19   1.8789e-18
 3250.00  -2.7102e-18   1.8805e-18
 3255.00   3.2534e-20   1.8520e-18
 3260.00  -2.5982e-18   1.8719e-18
 3265.00  -1.5649e-18   1.8607e-18
 3270.00  -2.8685e-18   1.8874e-18
 3275.00  -9.5575e-19   1.9244e-18
 3280.00  -2.4513e-18   1.9501e-18
 3285.00  -1.3559e-18   2.0459e-18
 3290.00   1.3414e-18   2.0780e-18
 3295.00  -3.7477e-18   2.2067e-18
 3300.00   3.4909e-18   2.2418e-18
 3305.00   1.1741e-18   2.2860e-18
 3310.00  -8.7191e-19   2.2965e-18
 3315.00  -4.8093e-18   2.2992e-18
 3320.00  -1.5113e-18   2.2600e-18
 3325.00  -2.8071e-18   2.1686e-18
 3330.00   1.2318e-18   2.0721e-18
 3335.00   7.4480e-19   1.9564e-18
 3340.00  -5.5879e-18   1.8280e-18
 3345.00   1.4776e-18   1.6985e-18
 3350.00   1.7988e-18   1.6202e-18
 3355.00  -2.7978e-18   1.5279e-18
 3360.00  -1.6758e-18   1.4619e-18
 3365.00  -2.0576e-18   1.3958e-18
 3370.00  -3.1306e-19   1.4969e-18
 3375.00  -1.2166e-19   1.3581e-18
 3380.00   1.1425e-18   1.2920e-18
 3385.00   6.9066e-19   1.2209e-18
 3390.00  -1.3922e-18   1.1931e-18
 3395.00  -9.4836e-19   1.1716e-18
 3400.00   1.2025e-18   1.1664e-18
 3405.00  -2.3106e-18   1.1507e-18
 3410.00  -1.4732e-18   1.1325e-18
 3415.00  -2.6733e-19   1.1642e-18
 3420.00  -4.5986e-19   1.1959e-18
 3425.00   9.8755e-19   1.2340e-18
 3430.00  -3.0770e-19   1.2650e-18
 3435.00   1.2125e-18   1.3410e-18
 3440.00  -2.2466e-18   1.3678e-18
 3445.00  -3.1019e-19   1.3934e-18
 3450.00  -3.6272e-18   1.4684e-18
 3455.00  -1.2495e-18   1.5303e-18
 3460.00  -8.5934e-19   1.5425e-18
 3465.00   9.8775e-20   1.5380e-18
 3470.00  -1.2865e-18   1.5403e-18
 3475.00   1.6173e-20   1.4929e-18
 3480.00   9.0090e-19   1.4954e-18
 3485.00  -1.3747e-18   1.4332e-18
 3490.00   2.0122e-18   1.3634e-18
 3495.00  -1.6364e-18   1.2611e-18
 3500.00  -8.2951e-19   1.1943e-18
 3505.00   3.2313e-19   1.1322e-18
 3510.00  -9.2588e-19   1.0979e-18
 3515.00  -1.0495e-18   1.0190e-18
 3520.00  -1.6071e-18   9.4730e-19
 3525.00  -1.5444e-20   9.2860e-19
 3530.00   1.3701e-19   8.8986e-19
 3535.00  -8.2420e-19   8.4243e-19
 3540.00   2.2205e-19   8.6895e-19
 3545.00  -1.2695e-18   8.9735e-19
 3550.00   1.2747e-18   8.5035e-19
 3555.00  -3.5354e-19   8.3936e-19
 3560.00   9.1249e-19   7.8979e-19
 3565.00   4.8367e-19   7.3503e-19
 3570.00  -1.2049e-18   6.9205e-19
 3575.00  -1.2251e-18   6.8677e-19
 3580.00  -6.7218e-19   6.6989e-19
 3585.00  -1.2955e-18   6.8530e-19
 3590.00  -7.6917e-20   7.1551e-19
 3595.00  -6.0953e-19   7.7274e-19
 3600.00   3.8496e-19   8.3597e-19
 3605.00  -2.6152e-18   8.6198e-19
 3610.00  -4.4139e-19   9.0097e-19
 3615.00  -4.2065e-19   9.5399e-19
 3620.00  -8.7137e-20   1.0052e-18
 3625.00   1.1450e-18   1.0171e-18
 3630.00   2.5095e-20   1.0540e-18
 3635.00   4.9023e-19   1.0814e-18
 3640.00  -2.7576e-18   1.0672e-18
 3645.00   1.9689e-19   1.0311e-18
 3650.00   7.3947e-20   9.9090e-19
 3655.00   6.0695e-19   9.3924e-19
 3660.00  -2.0670e-19   8.9463e-19
 3665.00  -6.0699e-19   8.2912e-19
 3670.00  -6.6602e-19   7.6767e-19
 3675.00  -4.4520e-19   7.2869e-19
 3680.00  -1.3117e-18   6.8199e-19
 3685.00   2.6313e-19   6.4827e-19
 3690.00  -5.0362e-19   6.0875e-19
 3695.00   5.0688e-19   5.8826e-19
 3700.00   4.6781e-19   5.9974e-19
 3705.00  -5.0120e-19   5.6853e-19
 3710.00   6.8449e-19   5.4562e-19
 3715.00  -9.2583e-19   5.3054e-19
 3720.00  -7.7350e-19   5.0153e-19
 3725.00  -6.9050e-19   5.0321e-19
 3730.00  -1.4947e-18   5.1108e-19
 3735.00   2.9473e-20   5.1859e-19
 3740.00   3.2490e-19   5.3334e-19
 3745.00  -1.4327e-18   5.0097e-19
 3750.00   4.3663e-19   5.0335e-19
 3755.00  -1.6008e-18   4.9112e-19
 3760.00  -1.3547e-19   4.9563e-19
 3765.00  -1.2467e-18   4.9041e-19
 3770.00  -3.8756e-19   5.1251e-19
 3775.00   3.2524e-19   5.5277e-19
 3780.00   9.4506e-19   5.7538e-19
 3785.00   2.4569e-19   5.9115e-19
 3790.00   1.4720e-18   6.1307e-19
 3795.00   8.1823e-19   6.3746e-19
 3800.00   5.9425e-19   6.4593e-19
 3805.00  -1.2680e-18   6.5905e-19
 3810.00  -1.1086e-18   6.6743e-19
 3815.00   2.5185e-19   6.8384e-19
 3820.00  -3.9451e-19   6.7623e-19
 3825.00  -2.0208e-18   6.5931e-19
 3830.00   1.5536e-20   6.7925e-19
 3835.00  -5.5051e-19   6.5114e-19
 3840.00  -5.5696e-19   6.2330e-19
 3845.00   6.3202e-19   6.0008e-19
 3850.00  -7.0513e-19   5.6912e-19
 3855.00  -5.3895e-19   5.3764e-19
 3860.00  -6.5474e-19   5.1642e-19
 3865.00   5.5073e-19   4.9798e-19
 3870.00  -9.2443e-19   4.6220e-19
 3875.00   1.1960e-19   4.5502e-19
 3880.00  -1.2902e-19   4.2965e-19
 3885.00  -8.5636e-19   4.1748e-19
 3890.00   5.1923e-19   3.9860e-19
 3895.00   2.0499e-19   3.9306e-19
 3900.00   4.4411e-19   3.9182e-19
 3905.00  -1.5979e-19   3.9835e-19
 3910.00   2.7462e-19   3.9932e-19
 3915.00   6.3853e-19   3.8392e-19
 3920.00  -1.3132e-19   3.7171e-19
 3925.00  -5.5522e-19   3.5822e-19
 3930.00   6.6540e-19   3.5444e-19
 3935.00   6.2660e-19   3.4893e-19
 3940.00  -1.0040e-18   3.6644e-19
 3945.00  -6.1630e-20   3.7506e-19
 3950.00  -2.7752e-19   3.7158e-19
 3955.00   7.4630e-20   3.7128e-19
 3960.00  -2.6907e-19   3.7033e-19
 3965.00   3.5619e-19   3.7580e-19
 3970.00  -4.8155e-20   3.6697e-19
 3975.00   1.9316e-19   3.9367e-19
 3980.00  -1.8099e-19   4.0568e-19
 3985.00   7.9607e-19   4.1570e-19
 3990.00   1.9096e-19   4.2849e-19
 3995.00   1.8055e-19   4.3568e-19
 4000.00  -7.1068e-19   4.4808e-19
 4005.00  -1.5492e-18   4.5603e-19
 4010.00   7.2525e-19   4.8157e-19
 4015.00  -8.3483e-20   4.8402e-19
 4020.00  -3.2524e-19   4.8186e-19
 4025.00   5.3507e-19   4.8090e-19
 4030.00   5.2615e-19   4.7993e-19
 4035.00   2.2066e-19   4.7186e-19
 4040.00   9.2669e-19   4.7006e-19
 4045.00   4.7994e-19   4.6330e-19
 4050.00   5.9449e-19   4.5133e-19
 4055.00   7.3145e-19   4.2976e-19
 4060.00   3.9667e-19   4.2247e-19
 4065.00   6.8021e-19   4.3168e-19
 4070.00   3.2928e-19   4.1292e-19
 4075.00   6.5819e-20   3.9111e-19
 4080.00   6.4961e-19   3.7717e-19
 4085.00   8.7610e-19   3.6357e-19
 4090.00   1.7610e-19   3.4936e-19
 4095.00   1.1003e-18   3.3937e-19
 4100.00   4.9872e-19   3.2208e-19
 4105.00   1.6566e-19   3.1494e-19
 4110.00   6.6864e-19   3.1428e-19
 4115.00   1.8021e-19   3.0831e-19
 4120.00   2.0150e-19   3.0356e-19
 4125.00   2.4741e-19   3.0943e-19
 4130.00   4.7511e-19   3.0459e-19
 4135.00   5.5338e-19   3.0620e-19
 4140.00   6.0018e-19   2.9857e-19
 4145.00   6.4782e-19   2.9563e-19
 4150.00   1.2337e-18   2.9473e-19
 4155.00   7.9434e-19   3.0518e-19
 4160.00   4.6286e-19   3.0971e-19
 4165.00   1.1995e-18   3.2109e-19
 4170.00   1.6487e-18   3.2872e-19
 4175.00   7.2941e-19   3.1849e-19
 4180.00   1.0914e-18   3.2285e-19
 4185.00   1.3442e-18   3.2083e-19
 4190.00   1.0344e-18   3.2402e-19
 4195.00   9.8105e-19   3.2948e-19
 4200.00   5.1791e-19   3.2664e-19
 4205.00   1.5407e-18   3.3838e-19
 4210.00   3.1778e-19   3.5022e-19
 4215.00   1.2641e-18   3.5540e-19
 4220.00   1.1184e-18   3.5645e-19
 4225.00  -1.0303e-19   3.6200e-19
 4230.00   6.9093e-19   3.7505e-19
 4235.00  -9.6937e-20   3.7610e-19
 4240.00   7.1891e-21   3.8190e-19
 4245.00   7.7016e-19   3.8804e-19
 4250.00  -2.3036e-20   3.9090e-19
 4255.00   1.6570e-18   3.9517e-19
 4260.00   6.2376e-19   3.8804e-19
 4265.00   1.4275e-18   3.8788e-19
 4270.00   1.4447e-18   3.8154e-19
 4275.00   1.9996e-19   3.7148e-19
 4280.00   8.1127e-19   3.6694e-19
 4285.00   1.1954e-18   3.4897e-19
 4290.00   7.8715e-19   3.5741e-19
 4295.00   1.3946e-18   3.4670e-19
 4300.00   3.6268e-19   3.2145e-19
 4305.00   1.2684e-18   3.1371e-19
 4310.00   9.2723e-19   3.0746e-19
 4315.00   8.7409e-19   3.0927e-19
 4320.00   3.6271e-19   2.9687e-19
 4325.00   6.6119e-19   2.7752e-19
 4330.00   1.4829e-19   2.7606e-19
 4335.00  -4.5455e-20   2.6903e-19
 4340.00   1.0369e-18   2.5832e-19
 4345.00   3.2573e-19   2.5806e-19
 4350.00   5.1732e-19   2.5649e-19
 4355.00   7.1800e-19   2.5223e-19
 4360.00   7.8403e-19   2.5344e-19
 4365.00   3.3004e-19   2.4662e-19
 4370.00   5.8914e-19   2.4448e-19
 4375.00   5.2110e-19   2.4357e-19
 4380.00   5.3354e-19   2.4590e-19
 4385.00   1.2037e-18   2.3902e-19
 4390.00   5.3474e-19   2.3904e-19
 4395.00   6.7358e-19   2.4632e-19
 4400.00   4.2440e-19   2.4798e-19
 4405.00   6.7120e-19   2.5894e-19
 4410.00   7.2193e-19   2.6519e-19
 4415.00   9.8478e-19   2.6478e-19
 4420.00   3.5654e-19   2.6470e-19
 4425.00   1.4128e-18   2.7176e-19
 4430.00   9.5048e-19   2.7548e-19
 4435.00   7.6462e-19   2.6827e-19
 4440.00   1.5607e-19   2.7683e-19
 4445.00   9.7072e-19   2.7976e-19
 4450.00   5.8345e-19   2.8383e-19
 4455.00   1.0734e-18   2.8457e-19
 4460.00   3.6497e-19   2.8844e-19
 4465.00   2.1653e-19   2.9864e-19
 4470.00   6.1554e-19   2.9987e-19
 4475.00   3.6216e-19   3.0857e-19
 4480.00   9.9479e-19   3.1179e-19
 4485.00   1.0474e-18   3.2369e-19
 4490.00   1.0441e-18   3.2551e-19
 4495.00  -6.4664e-20   3.2890e-19
 4500.00   5.3370e-19   3.3441e-19
 4505.00   9.0779e-19   3.3794e-19
 4510.00   6.4513e-19   3.3748e-19
 4515.00   1.2992e-18   3.3818e-19
 4520.00   9.8355e-19   3.3793e-19
 4525.00   9.3031e-19   3.3480e-19
 4530.00   9.3241e-19   3.3912e-19
 4535.00   3.1078e-19   3.3711e-19
 4540.00   8.4165e-19   3.5640e-19
 4545.00   1.3762e-18   3.4547e-19
 4550.00   9.7708e-19   3.2440e-19
 4555.00   1.0560e-18   3.1164e-19
 4560.00   8.7640e-19   2.9869e-19
 4565.00   1.3016e-18   2.9223e-19
 4570.00   1.0161e-18   2.7734e-19
 4575.00   1.4387e-18   2.7391e-19
 4580.00   7.8364e-19   2.6576e-19
 4585.00   9.7502e-19   2.5728e-19
 4590.00   9.4992e-19   2.5091e-19
 4595.00   1.2023e-18   2.4319e-19
 4600.00   8.4392e-19   2.3912e-19
 4605.00   1.0147e-18   2.3429e-19
 4610.00   1.2160e-18   2.3537e-19
 4615.00   7.8643e-19   2.2763e-19
 4620.00   8.6528e-19   2.2473e-19
 4625.00   8.1915e-19   2.2247e-19
 4630.00   5.6236e-19   2.1734e-19
 4635.00   9.2480e-19   2.1576e-19
 4640.00   5.2194e-19   2.1317e-19
 4645.00   7.0117e-19   2.0920e-19
 4650.00   4.8930e-19   2.0789e-19
 4655.00   7.0259e-19   2.1020e-19
 4660.00   5.1744e-19   2.1735e-19
 4665.00   5.5745e-19   2.1042e-19
 4670.00   6.8548e-19   2.1255e-19
 4675.00  -5.8749e-20   2.1514e-19
 4680.00   7.3500e-19   2.1674e-19
 4685.00   1.1738e-18   2.1902e-19
 4690.00   1.1553e-18   2.1856e-19
 4695.00   5.9867e-19   2.1789e-19
 4700.00   1.7108e-19   2.1685e-19
 4705.00   4.0769e-19   2.2169e-19
 4710.00   2.4558e-19   2.2220e-19
 4715.00   7.9760e-19   2.2850e-19
 4720.00   7.7131e-19   2.3148e-19
 4725.00  -2.1371e-19   2.3015e-19
 4730.00   1.1676e-18   2.3398e-19
 4735.00   5.9405e-19   2.3568e-19
 4740.00   5.3502e-19   2.4108e-19
 4745.00   9.7536e-19   2.4834e-19
 4750.00   5.7864e-19   2.4696e-19
 4755.00   1.0570e-18   2.5125e-19
 4760.00   2.6615e-19   2.5552e-19
 4765.00   8.2999e-19   2.5803e-19
 4770.00   3.0585e-19   2.6127e-19
 4775.00   9.0688e-20   2.6522e-19
 4780.00   1.1772e-18   2.7081e-19
 4785.00   3.7876e-19   2.7301e-19
 4790.00   3.3930e-19   2.7546e-19
 4795.00   6.2662e-19   2.8013e-19
 4800.00   3.4956e-19   2.7691e-19
 4805.00   7.1680e-19   2.8113e-19
 4810.00   4.7287e-19   2.8205e-19
 4815.00   9.8719e-19   2.8769e-19
 4820.00   1.0815e-18   3.3497e-19
 4825.00   1.1985e-18   3.1938e-19
 4830.00   1.1500e-18   3.0846e-19
 4835.00   9.2728e-19   2.9719e-19
 4840.00   6.5033e-19   2.8412e-19
 4845.00  -4.6239e-20   2.7925e-19
 4850.00   5.5968e-19   2.6483e-19
 4855.00   8.1763e-19   2.4900e-19
 4860.00   9.3053e-20   2.4177e-19
 4865.00   1.0313e-18   2.3307e-19
 4870.00   9.5089e-19   2.3160e-19
 4875.00   3.3450e-19   2.2105e-19
 4880.00   1.2078e-18   2.2360e-19
 4885.00   1.3387e-18   2.1964e-19
 4890.00   7.1768e-19   2.1534e-19
 4895.00   4.4565e-19   2.0815e-19
 4900.00   7.9393e-19   2.0606e-19
 4905.00   1.2034e-18   2.0481e-19
 4910.00   8.9249e-19   1.9723e-19
 4915.00   7.9567e-19   1.9740e-19
 4920.00   1.2037e-18   1.8938e-19
 4925.00   1.3978e-18   1.9255e-19
 4930.00   1.0451e-18   1.9148e-19
 4935.00   1.0774e-18   1.8707e-19
 4940.00   5.7473e-19   1.8631e-19
 4945.00   1.3493e-18   1.8610e-19
 4950.00   1.0529e-18   1.9028e-19
 4955.00   1.5207e-18   1.8530e-19
 4960.00   7.7731e-19   1.8321e-19
 4965.00   1.0945e-18   1.8760e-19
 4970.00   9.9164e-19   1.8576e-19
 4975.00   9.8428e-19   1.8625e-19
 4980.00   1.4065e-18   1.8499e-19
 4985.00   8.6122e-19   1.8092e-19
 4990.00   9.6207e-19   1.8879e-19
 4995.00   1.0501e-18   1.9167e-19
 5000.00   1.2472e-18   1.8823e-19
 5005.00   1.4228e-18   1.9111e-19
 5010.00   1.3069e-18   1.9309e-19
 5015.00   1.5021e-18   1.9297e-19
 5020.00   1.5861e-18   1.9498e-19
 5025.00   1.2137e-18   2.0028e-19
 5030.00   1.1849e-18   2.0337e-19
 5035.00   1.2272e-18   2.0790e-19
 5040.00   1.6363e-18   2.0488e-19
 5045.00   1.3421e-18   2.1264e-19
 5050.00   1.6453e-18   2.1273e-19
 5055.00   1.7740e-18   2.1970e-19
 5060.00   1.7798e-18   2.1730e-19
 5065.00   1.6154e-18   2.1608e-19
 5070.00   1.6625e-18   2.2084e-19
 5075.00   1.8729e-18   2.2520e-19
 5080.00   1.7506e-18   2.2411e-19
 5085.00   1.7009e-18   2.2769e-19
 5090.00   1.8814e-18   2.3176e-19
 5095.00   1.5208e-18   2.3358e-19
 5100.00   1.2259e-18   2.3398e-19
 5105.00   1.7818e-18   2.3733e-19
 5110.00   1.8765e-18   2.4028e-19
 5115.00   1.5308e-18   2.4284e-19
 5120.00   2.0002e-18   2.4597e-19
 5125.00   1.2927e-18   2.4436e-19
 5130.00   1.8657e-18   2.4831e-19
 5135.00   1.4746e-18   2.5149e-19
 5140.00   1.3345e-18   3.0660e-19
 5145.00   2.0254e-18   3.0289e-19
 5150.00   1.0843e-18   2.8970e-19
 5155.00   1.5856e-18   2.8228e-19
 5160.00   1.0003e-18   2.6997e-19
 5165.00   1.3893e-18   2.5829e-19
 5170.00   2.0587e-18   2.4755e-19
 5175.00   1.4061e-18   2.4337e-19
 5180.00   1.3959e-18   2.3322e-19
 5185.00   1.5908e-18   2.2697e-19
 5190.00   1.3220e-18   2.2554e-19
 5195.00   1.1139e-18   2.2461e-19
 5200.00   1.2503e-18   2.3419e-19
 5205.00   1.4153e-18   2.1016e-19
 5210.00   1.8942e-18   2.0614e-19
 5215.00   1.7633e-18   2.0012e-19
 5220.00   1.3825e-18   2.0160e-19
 5225.00   2.2730e-18   1.9993e-19
 5230.00   1.7529e-18   1.9357e-19
 5235.00   1.4747e-18   1.8826e-19
 5240.00   1.5960e-18   1.9154e-19
 5245.00   1.7954e-18   1.8342e-19
 5250.00   1.8991e-18   1.8506e-19
 5255.00   1.3986e-18   1.8578e-19
 5260.00   1.5544e-18   1.7811e-19
 5265.00   1.8632e-18   1.7286e-19
 5270.00   1.5808e-18   1.7392e-19
 5275.00   1.4834e-18   1.7793e-19
 5280.00   1.1967e-18   1.7237e-19
 5285.00   1.5168e-18   1.7183e-19
 5290.00   1.2003e-18   1.7226e-19
 5295.00   9.9000e-19   1.7170e-19
 5300.00   1.5486e-18   1.7466e-19
 5305.00   9.6933e-19   1.7348e-19
 5310.00   7.6541e-19   1.7275e-19
 5315.00   1.0072e-18   1.7294e-19
 5320.00   7.4979e-19   1.7487e-19
 5325.00   5.9107e-19   1.7291e-19
 5330.00   6.6624e-19   1.7139e-19
 5335.00   1.2107e-18   1.7342e-19
 5340.00   1.0794e-18   1.7178e-19
 5345.00   7.0698e-19   1.7216e-19
 5350.00   7.0190e-19   1.7577e-19
 5355.00   5.4037e-19   1.7704e-19
 5360.00   6.9757e-19   1.7441e-19
 5365.00   8.5654e-19   1.7415e-19
 5370.00   1.0105e-18   1.7938e-19
 5375.00   7.7005e-19   1.8037e-19
 5380.00   1.2890e-18   1.8298e-19
 5385.00   1.3063e-18   1.8393e-19
 5390.00   8.3168e-19   1.8368e-19
 5395.00   9.6475e-19   1.8445e-19
 5400.00   1.1932e-18   1.8769e-19
 5405.00   9.0289e-19   1.8956e-19
 5410.00   7.6411e-19   1.9309e-19
 5415.00   6.8173e-19   1.9926e-19
 5420.00   6.8991e-19   2.0422e-19
 5425.00   9.4505e-19   2.0803e-19
 5430.00   9.9356e-19   2.1404e-19
 5435.00   5.4563e-19   2.2007e-19
 5440.00   1.5077e-18   2.3710e-19
 5445.00   9.5434e-19   2.3337e-19
 5450.00   1.1828e-18   2.3034e-19
 5455.00   1.5887e-18   2.3611e-19
 5460.00   1.3087e-18   2.4759e-19
 5465.00   5.8987e-19   2.5266e-19
 5470.00   1.4746e-18   2.6199e-19
 5475.00   8.2990e-19   2.6350e-19
 5480.00   1.3105e-18   2.6971e-19
 5485.00   1.0062e-18   2.7345e-19
 5490.00   1.3505e-18   2.7544e-19
 5495.00   1.0538e-18   2.7589e-19
 5500.00   1.4392e-18   2.7768e-19
 5505.00   8.6816e-19   3.6463e-19
 5510.00   4.1580e-19   3.6172e-19
 5515.00   1.4781e-18   3.5277e-19
 5520.00   9.1792e-19   3.4222e-19
 5525.00   1.4164e-18   3.3292e-19
 5530.00   9.1529e-19   3.2743e-19
 5535.00   1.9610e-18   3.2659e-19
 5540.00   2.0726e-18   3.2579e-19
 5545.00   2.5584e-18   3.3255e-19
 5550.00   1.8107e-18   3.2876e-19
 5555.00   1.8193e-18   3.3062e-19
 5560.00   2.1319e-18   3.4083e-19
 5565.00   2.7443e-18   3.6555e-19
 5570.00   2.8867e-18   3.6275e-19
 5575.00   2.4890e-18   4.4166e-19
 5580.00   2.3071e-18   4.1981e-19
 5585.00   2.6592e-18   3.8365e-19
 5590.00   2.2402e-18   3.9578e-19
 5595.00   2.7549e-18   4.0049e-19
 5600.00   3.0506e-18   4.0831e-19
 5605.00   3.8444e-18   4.2450e-19
 5610.00   3.8296e-18   4.7889e-19
 5615.00   4.1663e-18   5.3993e-19
 5620.00   2.3787e-18   5.0538e-19
 5625.00   8.5078e-19   4.9473e-19
 5630.00   3.1777e-18   4.6518e-19
 5635.00   3.2906e-18   4.4588e-19
 5640.00   3.8216e-18   4.3519e-19
 5645.00   2.9736e-18   4.2497e-19
 5650.00   3.4000e-18   4.0790e-19
 5655.00   3.1906e-18   4.0090e-19
 5660.00   3.2662e-18   4.0191e-19
 5665.00   3.9110e-18   3.9423e-19
 5670.00   3.5805e-18   3.9136e-19
 5675.00   3.7043e-18   3.9328e-19
 5680.00   3.1256e-18   3.9649e-19
 5685.00   2.8971e-18   4.0020e-19
 5690.00   3.1194e-18   4.2138e-19
 5695.00   2.6883e-18   4.2993e-19
 5700.00   3.2097e-18   4.4534e-19
 5705.00   3.0000e-18   4.6988e-19
 5710.00   2.5777e-18   4.6026e-19
 5715.00   2.5195e-18   4.7127e-19
 5720.00   2.1450e-18   4.8910e-19
 5725.00   1.8777e-18   5.0693e-19
 5730.00   3.2253e-18   5.2460e-19
 5735.00   1.9929e-18   5.5116e-19
 5740.00   3.5762e-18   6.0620e-19
 5745.00   1.6697e-18   4.7265e-19
 5750.00   2.3831e-18   4.5195e-19
 5755.00   2.3478e-18   4.3800e-19
 5760.00   2.5472e-18   4.2821e-19
 5765.00   2.1115e-18   4.1752e-19
 5770.00   2.4195e-18   4.1535e-19
 5775.00   2.4688e-18   4.0604e-19
 5780.00   3.4159e-18   4.0346e-19
 5785.00   1.6685e-18   4.0514e-19
 5790.00   2.8514e-18   3.9622e-19
 5795.00   2.9977e-18   3.8937e-19
 5800.00   2.0656e-18   3.8290e-19
 5805.00   4.0199e-18   3.8157e-19
 5810.00   2.3548e-18   3.7679e-19
 5815.00   2.5824e-18   3.7931e-19
 5820.00   3.1997e-18   3.7013e-19
 5825.00   2.3338e-18   3.6585e-19
 5830.00   3.4466e-18   3.6282e-19
 5835.00   3.1802e-18   3.6141e-19
 5840.00   2.4097e-18   3.6104e-19
 5845.00   3.9138e-18   3.6317e-19
 5850.00   3.9698e-18   3.7281e-19
 5855.00   4.1377e-18   3.6959e-19
 5860.00   3.9771e-18   3.6714e-19
 5865.00   4.7668e-18   3.9528e-19
 5870.00   4.0486e-18   3.9252e-19
 5875.00   2.6295e-18   3.9154e-19
 5880.00   2.8158e-18   3.9002e-19
 5885.00   3.4584e-18   3.9915e-19
 5890.00   3.8800e-18   4.6896e-19
 5895.00   3.0607e-18   4.5484e-19
 5900.00   4.2994e-18   4.2497e-19
 5905.00   2.3210e-18   4.4218e-19
 5910.00   3.6822e-18   4.3971e-19
 5915.00   2.8053e-18   4.3800e-19
 5920.00   3.6589e-18   4.1185e-19
 5925.00   2.8403e-18   4.2050e-19
 5930.00   3.4594e-18   4.1428e-19
 5935.00   3.5939e-18   4.2918e-19
 5940.00   2.9714e-18   4.0979e-19
 5945.00   3.7189e-18   4.7688e-19
 5950.00   3.0219e-18   5.7942e-19
 5955.00   2.6836e-18   5.6526e-19
 5960.00   3.3969e-18   5.1961e-19
 5965.00   3.1095e-18   4.9221e-19
 5970.00   4.4850e-18   4.7786e-19
 5975.00   2.8941e-18   4.5955e-19
 5980.00   2.2742e-18   4.3112e-19
 5985.00   2.7801e-18   4.1610e-19
 5990.00   3.0246e-18   4.0389e-19
 5995.00   3.4526e-18   3.9598e-19
 6000.00   2.4155e-18   3.8271e-19
 6005.00   2.5883e-18   3.8530e-19
 6010.00   2.5382e-18   3.8636e-19
 6015.00   1.8246e-18   3.6111e-19
 6020.00   2.4586e-18   3.5252e-19
 6025.00   2.6196e-18   3.4729e-19
 6030.00   3.2596e-18   3.3937e-19
 6035.00   3.0028e-18   3.3461e-19
 6040.00   1.5469e-18   3.2617e-19
 6045.00   2.7684e-18   3.1872e-19
 6050.00   2.5224e-18   3.1289e-19
 6055.00   3.8538e-18   3.0983e-19
 6060.00   2.9519e-18   3.0512e-19
 6065.00   3.0950e-18   3.0399e-19
 6070.00   2.6698e-18   3.0192e-19
 6075.00   2.5471e-18   2.9661e-19
 6080.00   2.1894e-18   2.9436e-19
 6085.00   3.1257e-18   2.9798e-19
 6090.00   4.1688e-19   3.0264e-19
 6095.00   2.8272e-18   3.0251e-19
 6100.00   2.5137e-18   3.0785e-19
 6105.00   2.4914e-18   3.0884e-19
 6110.00   2.3804e-18   3.1583e-19
 6115.00   3.2265e-18   3.2372e-19
 6120.00   2.5320e-18   3.2967e-19
 6125.00   9.7514e-19   3.3943e-19
 6130.00   2.6961e-18   3.4723e-19
 6135.00   2.0315e-18   3.5043e-19
 6140.00   2.5161e-18   3.3214e-19
 6145.00   1.3772e-18   3.4014e-19
 6150.00   2.2305e-18   3.4029e-19
 6155.00   1.8332e-18   3.3488e-19
 6160.00   1.7563e-18   3.3550e-19
 6165.00   1.5055e-18   3.3396e-19
 6170.00   1.9539e-18   4.2046e-19
 6175.00   1.4220e-18   4.5829e-19
 6180.00   1.3682e-18   4.3009e-19
 6185.00   1.2932e-18   4.1131e-19
 6190.00  -8.8996e-19   3.9008e-19
 6195.00   1.0336e-18   3.7277e-19
 6200.00   1.0112e-18   3.5541e-19
 6205.00   1.5534e-18   3.4773e-19
 6210.00   8.6840e-19   3.2985e-19
 6215.00   1.1633e-18   3.1948e-19
 6220.00   1.8427e-18   3.1816e-19
 6225.00   1.9582e-18   3.0060e-19
 6230.00   1.3446e-18   2.9329e-19
 6235.00   1.5622e-18   3.3337e-19
 6240.00   1.6788e-18   2.9590e-19
 6245.00   1.6404e-18   2.8870e-19
 6250.00   2.4362e-18   2.7305e-19
 6255.00   2.2452e-18   2.7077e-19
 6260.00   2.0009e-18   2.8542e-19
 6265.00   1.3641e-18   2.7602e-19
 6270.00   1.6382e-18   2.6121e-19
 6275.00   1.5585e-18   2.6010e-19
 6280.00   1.0263e-18   2.5591e-19
 6285.00   1.3760e-18   2.6813e-19
 6290.00   1.4211e-18   2.6380e-19
 6295.00   1.8468e-18   2.5843e-19
 6300.00   1.7903e-18   3.4217e-19
 6305.00   1.6885e-18   2.7798e-19
 6310.00   1.9130e-18   2.5878e-19
 6315.00   1.7313e-18   2.6060e-19
 6320.00   1.7657e-18   2.7394e-19
 6325.00   1.7429e-18   2.6642e-19
 6330.00   2.2793e-18   2.9227e-19
 6335.00   2.2588e-18   2.7609e-19
 6340.00   4.3963e-18   2.8032e-19
 6345.00   1.9392e-18   2.8575e-19
 6350.00   2.3590e-18   3.0290e-19
 6355.00   2.8626e-18   3.1426e-19
 6360.00   2.7052e-18   3.0856e-19
 6365.00   2.0549e-18   3.4618e-19
 6370.00   1.9011e-18   3.1343e-19
 6375.00   2.3420e-18   3.5203e-19
 6380.00   3.0890e-18   4.4697e-19
 6385.00   2.5125e-18   3.9850e-19
 6390.00   2.4619e-18   3.0825e-19
 6395.00   2.2173e-18   2.9845e-19
 6400.00   2.5532e-18   2.9598e-19
 6405.00   2.0157e-18   2.9677e-19
 6410.00   1.9720e-18   3.2088e-19
 6415.00   2.9822e-18   4.0053e-19
 6420.00   2.4218e-18   3.7918e-19
 6425.00   2.9810e-18   3.5903e-19
 6430.00   3.4290e-18   3.4029e-19
 6435.00   2.6998e-18   3.2868e-19
 6440.00   2.3602e-18   3.1047e-19
 6445.00   2.8606e-18   3.0158e-19
 6450.00   2.4235e-18   2.9439e-19
 6455.00   2.6114e-18   2.8013e-19
 6460.00   3.0321e-18   2.7681e-19
 6465.00   2.2963e-18   2.9654e-19
 6470.00   3.3664e-18   2.7845e-19
 6475.00   2.7758e-18   2.5256e-19
 6480.00   3.6286e-18   2.5294e-19
 6485.00   3.6567e-18   2.4176e-19
 6490.00   3.0249e-18   2.3442e-19
 6495.00   2.4263e-18   2.3313e-19
 6500.00   2.8164e-18   2.5245e-19
 6505.00   2.4484e-18   2.3722e-19
 6510.00   2.7160e-18   2.2442e-19
 6515.00   3.4112e-18   2.2558e-19
 6520.00   3.5671e-18   2.2729e-19
 6525.00   2.6580e-18   2.2499e-19
 6530.00   2.8326e-18   2.1958e-19
 6535.00   2.7396e-18   2.3504e-19
 6540.00   2.8768e-18   2.2291e-19
 6545.00   3.0776e-18   2.3291e-19
 6550.00   2.8017e-18   2.2031e-19
 6555.00   3.2478e-18   2.3978e-19
 6560.00   2.4628e-18   2.2297e-19
 6565.00   3.1038e-18   2.3196e-19
 6570.00   3.1329e-18   2.3449e-19
 6575.00   3.2439e-18   2.3762e-19
 6580.00   2.6668e-18   2.3297e-19
 6585.00   2.9437e-18   2.3088e-19
 6590.00   2.6936e-18   2.3235e-19
 6595.00   2.4665e-18   2.4095e-19
 6600.00   2.8917e-18   2.3810e-19
 6605.00   2.9389e-18   2.5426e-19
 6610.00   2.7278e-18   2.4582e-19
 6615.00   2.2917e-18   2.5068e-19
 6620.00   2.7059e-18   2.5572e-19
 6625.00   2.4021e-18   2.6159e-19
 6630.00   2.6451e-18   2.7242e-19
 6635.00   2.2588e-18   2.5548e-19
 6640.00   2.1485e-18   2.4329e-19
 6645.00   2.4056e-18   2.4895e-19
 6650.00   2.1851e-18   2.4727e-19
 6655.00   2.8930e-18   2.4953e-19
 6660.00   3.0224e-18   2.5105e-19
 6665.00   2.8812e-18   2.5203e-19
 6670.00   2.0040e-18   2.5994e-19
 6675.00   1.5939e-18   3.3034e-19
 6680.00   2.1419e-18   3.1600e-19
 6685.00   2.6546e-18   3.0555e-19
 6690.00   2.7462e-18   3.0248e-19
 6695.00   2.4904e-18   2.8210e-19
 6700.00   2.4829e-18   2.7536e-19
 6705.00   1.8160e-18   2.6603e-19
 6710.00   2.2348e-18   2.5852e-19
 6715.00   2.6238e-18   2.5133e-19
 6720.00   2.4590e-18   2.4269e-19
 6725.00   2.3236e-18   2.3593e-19
 6730.00   1.9317e-18   2.3525e-19
 6735.00   2.2771e-18   2.2678e-19
 6740.00   2.2971e-18   2.2198e-19
 6745.00   2.1034e-18   2.1937e-19
 6750.00   1.7218e-18   2.1654e-19
 6755.00   1.6694e-18   2.0747e-19
 6760.00   2.0931e-18   2.0461e-19
 6765.00   1.9539e-18   2.0270e-19
 6770.00   2.0027e-18   2.0080e-19
 6775.00   2.2205e-18   2.0019e-19
 6780.00   2.1810e-18   1.9574e-19
 6785.00   2.1783e-18   1.9594e-19
 6790.00   2.1208e-18   1.9821e-19
 6795.00   1.8259e-18   1.9776e-19
 6800.00   1.9388e-18   1.8966e-19
 6805.00   2.0823e-18   1.8962e-19
 6810.00   2.0210e-18   1.8954e-19
 6815.00   2.1335e-18   1.8943e-19
 6820.00   2.6303e-18   1.8997e-19
 6825.00   1.5116e-18   1.9401e-19
 6830.00   1.7042e-18   2.4139e-19
 6835.00   1.7436e-18   2.2225e-19
 6840.00   1.9488e-18   2.0582e-19
 6845.00   1.2512e-18   1.9179e-19
 6850.00   1.5929e-18   1.9646e-19
 6855.00   2.0209e-18   1.9684e-19
 6860.00   1.8989e-18   2.0183e-19
 6865.00   1.7179e-18   2.3628e-19
 6870.00   8.4471e-19   2.0876e-19
 6875.00   7.8117e-19   2.0189e-19
 6880.00   1.3304e-18   2.2358e-19
 6885.00   1.8069e-18   2.1927e-19
 6890.00   1.5380e-18   2.3556e-19
 6895.00   1.3859e-18   2.2534e-19
 6900.00   1.9010e-18   2.5171e-19
 6905.00   1.3741e-18   2.3635e-19
 6910.00   1.7506e-18   2.4665e-19
 6915.00   1.9010e-18   2.2488e-19
 6920.00   1.4492e-18   2.1500e-19
 6925.00   1.2972e-18   2.3621e-19
 6930.00   1.1684e-18   2.1444e-19
 6935.00   1.6524e-18   2.1292e-19
 6940.00   1.3666e-18   2.2911e-19
 6945.00   1.8350e-18   2.1121e-19
 6950.00   1.3592e-18   2.3566e-19
 6955.00   1.4823e-18   2.4252e-19
 6960.00   1.3199e-18   2.7179e-19
 6965.00   1.1803e-18   2.6327e-19
 6970.00   1.2478e-18   2.6564e-19
 6975.00   2.3386e-18   2.4504e-19
 6980.00   1.5877e-18   2.5688e-19
 6985.00   1.2704e-18   2.2641e-19
 6990.00   1.3633e-18   2.2348e-19
 6995.00   1.6524e-18   2.1495e-19
 7000.00   1.7679e-18   2.0869e-19
 7005.00   1.1141e-18   2.1075e-19
 7010.00   1.7375e-18   2.1309e-19
 7015.00   1.7114e-18   1.9078e-19
 7020.00   2.1458e-18   1.8887e-19
 7025.00   1.8312e-18   1.8531e-19
 7030.00   2.0153e-18   1.8437e-19
 7035.00   1.8630e-18   1.7936e-19
 7040.00   1.7491e-18   1.8268e-19
 7045.00   1.9154e-18   1.8189e-19
 7050.00   1.7721e-18   1.9393e-19
 7055.00   1.8633e-18   1.7506e-19
 7060.00   1.6230e-18   1.7024e-19
 7065.00   1.8874e-18   1.7503e-19
 7070.00   2.3171e-18   1.7039e-19
 7075.00   9.5342e-19   1.6620e-19
 7080.00   1.6660e-18   1.6969e-19
 7085.00   1.6067e-18   1.6427e-19
 7090.00   1.4552e-18   1.7126e-19
 7095.00   1.3047e-18   1.5876e-19
 7100.00   1.6976e-18   1.5938e-19
 7105.00   1.4195e-18   1.5898e-19
 7110.00   1.7091e-18   1.6069e-19
 7115.00   2.1384e-18   1.5911e-19
 7120.00   1.1813e-18   1.5775e-19
 7125.00   1.5211e-18   1.6148e-19
 7130.00   1.7149e-18   1.6293e-19
 7135.00   1.3583e-18   1.6367e-19
 7140.00   1.0978e-18   1.6403e-19
 7145.00   1.1823e-18   1.7559e-19
 7150.00   1.0756e-18   1.6795e-19
 7155.00   1.2094e-18   1.6582e-19
 7160.00   1.4844e-18   1.7409e-19
 7165.00   1.8823e-18   1.7479e-19
 7170.00   1.0500e-18   1.7456e-19
 7175.00   1.1284e-18   1.7963e-19
 7180.00   8.2183e-19   1.8324e-19
 7185.00   1.0723e-18   1.7951e-19
 7190.00   1.0928e-18   1.8443e-19
 7195.00   1.3529e-18   1.8694e-19
 7200.00   8.0763e-19   1.9588e-19
 7205.00   8.8635e-19   1.9504e-19
 7210.00   1.2892e-18   2.0504e-19
 7215.00   1.6774e-18   2.0911e-19
 7220.00   1.4850e-18   1.8462e-19
 7225.00   1.3401e-18   1.8675e-19
 7230.00   1.1024e-18   1.8688e-19
 7235.00   8.5762e-19   1.8750e-19
 7240.00   1.4574e-18   2.7808e-19
 7245.00   7.4527e-19   2.3500e-19
 7250.00   1.0722e-18   1.9261e-19
 7255.00   1.3820e-18   2.1079e-19
 7260.00   1.3308e-18   1.8719e-19
 7265.00   8.6375e-19   2.2881e-19
 7270.00   1.6416e-18   2.4320e-19
 7275.00   1.7589e-18   2.7790e-19
 7280.00   1.1973e-18   2.2224e-19
 7285.00   1.8444e-18   2.4523e-19
 7290.00   1.6627e-18   2.0894e-19
 7295.00   1.3414e-18   2.1248e-19
 7300.00   2.0939e-18   1.9051e-19
 7305.00   1.6477e-18   2.1097e-19
 7310.00   1.5691e-18   1.8794e-19
 7315.00   1.9926e-18   2.0218e-19
 7320.00   1.8039e-18   1.7554e-19
 7325.00   1.3474e-18   1.6981e-19
 7330.00   1.9905e-18   1.9432e-19
 7335.00   1.7305e-18   1.6575e-19
 7340.00   2.2002e-18   1.9391e-19
 7345.00   1.9211e-18   1.6823e-19
 7350.00   1.8325e-18   1.6815e-19
 7355.00   1.8524e-18   1.6198e-19
 7360.00   1.7582e-18   1.7865e-19
 7365.00   2.4650e-18   1.6166e-19
 7370.00   2.1953e-18   1.8100e-19
 7375.00   1.9812e-18   1.5794e-19
 7380.00   1.9268e-18   1.5660e-19
 7385.00   2.3880e-18   1.5298e-19
 7390.00   2.3220e-18   1.6878e-19
 7395.00   2.4388e-18   1.5639e-19
 7400.00   2.3274e-18   1.7259e-19
 7405.00   2.4398e-18   1.5102e-19
 7410.00   2.5238e-18   1.5175e-19
 7415.00   2.4019e-18   1.5332e-19
 7420.00   1.6476e-18   1.4861e-19
 7425.00   2.0250e-18   1.5141e-19
 7430.00   2.4118e-18   1.6518e-19
 7435.00   2.3735e-18   1.5087e-19
 7440.00   2.2368e-18   1.7378e-19
 7445.00   2.3784e-18   1.5113e-19
 7450.00   1.9432e-18   1.5234e-19
 7455.00   2.2371e-18   1.5190e-19
 7460.00   2.1685e-18   1.6102e-19
 7465.00   2.0309e-18   1.7486e-19
 7470.00   2.3305e-18   1.7611e-19
 7475.00   2.3064e-18   1.7381e-19
 7480.00   2.2937e-18   1.8644e-19
 7485.00   1.7872e-18   1.8052e-19
 7490.00   2.0217e-18   1.6390e-19
 7495.00   2.1638e-18   1.7529e-19
 7500.00   2.0730e-18   1.7237e-19
 7505.00   1.9342e-18   1.6869e-19
 7510.00   1.8575e-18   1.7370e-19
 7515.00   2.2564e-18   1.8063e-19
 7520.00   2.0124e-18   1.8705e-19
 7525.00   1.9131e-18   2.2213e-19
 7530.00   2.1088e-18   2.0793e-19
 7535.00   2.1117e-18   1.8973e-19
 7540.00   2.1241e-18   2.0425e-19
 7545.00   1.2995e-18   1.9733e-19
 7550.00   1.6775e-18   1.8528e-19
 7555.00   1.4085e-18   1.7746e-19
 7560.00   1.8593e-18   1.7779e-19
 7565.00   1.2693e-18   1.7463e-19
 7570.00   1.8085e-18   1.9700e-19
 7575.00   1.8087e-18   1.8066e-19
 7580.00   1.6578e-18   1.7079e-19
 7585.00   2.4394e-18   1.8180e-19
 7590.00   1.8265e-18   1.6768e-19
 7595.00   8.2123e-19   1.5955e-19
 7600.00   7.3680e-19   1.9127e-19
 7605.00   5.8793e-19   1.9103e-19
 7610.00   4.1982e-19   1.8812e-19
 7615.00   2.8322e-19   1.8488e-19
 7620.00   9.2165e-19   2.0963e-19
 7625.00   5.7287e-19   1.7882e-19
 7630.00   6.8374e-19   1.9022e-19
 7635.00   6.6892e-19   1.6822e-19
 7640.00   1.1188e-18   1.6775e-19
 7645.00   8.1032e-19   1.6378e-19
 7650.00   1.3450e-18   1.5969e-19
 7655.00   1.0060e-18   1.6642e-19
 7660.00   1.5927e-18   1.6413e-19
 7665.00   1.5018e-18   1.5821e-19
 7670.00   1.3621e-18   1.5088e-19
 7675.00   1.5822e-18   1.5085e-19
 7680.00   1.4857e-18   1.5287e-19
 7685.00   1.2619e-18   1.5888e-19
 7690.00   1.7184e-18   1.6384e-19
 7695.00   1.7328e-18   1.5347e-19
 7700.00   1.3687e-18   1.6068e-19
 7705.00   1.5462e-18   1.4338e-19
 7710.00   1.8313e-18   1.5624e-19
 7715.00   1.7682e-18   2.4954e-19
 7720.00   1.5940e-18   1.5968e-19
 7725.00   1.4574e-18   1.7961e-19
 7730.00   1.5764e-18   1.4581e-19
 7735.00   1.8980e-18   1.5786e-19
 7740.00   1.5409e-18   1.4703e-19
 7745.00   1.4832e-18   1.4591e-19
 7750.00   1.5577e-18   1.9324e-19
 7755.00   1.2043e-18   1.4915e-19
 7760.00   1.3965e-18   1.5990e-19
 7765.00   1.3187e-18   1.3781e-19
 7770.00   1.4696e-18   1.4366e-19
 7775.00   1.6059e-18   1.6014e-19
 7780.00   1.3813e-18   1.6121e-19
 7785.00   1.7414e-18   1.4855e-19
 7790.00   1.8682e-18   1.5743e-19
 7795.00   1.5761e-18   1.6789e-19
 7800.00   1.4023e-18   1.4108e-19
 7805.00   1.4919e-18   1.4622e-19
 7810.00   1.4256e-18   1.7158e-19
 7815.00   1.7002e-18   1.5397e-19
 7820.00   1.1900e-18   1.8139e-19
 7825.00   1.6190e-18   1.4927e-19
 7830.00   1.2735e-18   1.5128e-19
 7835.00   1.5739e-18   1.5493e-19
 7840.00   1.6033e-18   1.6940e-19
 7845.00   1.5279e-18   1.4873e-19
 7850.00   9.3103e-19   1.8794e-19
 7855.00   8.5712e-19   1.8668e-19
 7860.00   1.7186e-18   1.9700e-19
 7865.00   1.3188e-18   1.6100e-19
 7870.00   1.7380e-18   1.9826e-19
 7875.00   1.8641e-18   1.6195e-19
 7880.00   1.9000e-18   2.2071e-19
 7885.00   1.2463e-18   1.8343e-19
 7890.00   1.4453e-18   2.2237e-19
 7895.00   1.5930e-18   1.8633e-19
 7900.00   1.4081e-18   1.7959e-19
 7905.00   1.5219e-18   1.8829e-19
 7910.00   1.4125e-18   2.0161e-19
 7915.00   2.0470e-18   2.0201e-19
 7920.00   6.5377e-19   2.0094e-19
 7925.00   1.3779e-18   1.5933e-19
 7930.00   1.5348e-18   2.0038e-19
 7935.00   1.7717e-18   1.5910e-19
 7940.00   1.7540e-18   1.5907e-19
 7945.00   1.5434e-18   1.6681e-19
 7950.00   1.7074e-18   1.7498e-19
 7955.00   1.7182e-18   1.5522e-19
 7960.00   1.7186e-18   1.5469e-19
 7965.00   1.8045e-18   1.8191e-19
 7970.00   1.5975e-18   1.8678e-19
 7975.00   1.6211e-18   2.0922e-19
 7980.00   9.4425e-19   2.2254e-19
 7985.00   2.0650e-18   1.8753e-19
 7990.00   1.7744e-18   1.8950e-19
 7995.00   1.5200e-18   2.1984e-19
 8000.00   2.0933e-18   1.8591e-19
 8005.00   1.6670e-18   1.7284e-19
 8010.00   1.7342e-18   1.7057e-19
 8015.00   1.6641e-18   1.9172e-19
 8020.00   1.3415e-18   1.7446e-19
 8025.00   1.5647e-18   1.9418e-19
 8030.00   2.2211e-18   1.8287e-19
 8035.00   1.7988e-18   1.5754e-19
 8040.00   1.9636e-18   1.5396e-19
 8045.00   1.7644e-18   1.5012e-19
 8050.00   2.0886e-18   1.7173e-19
 8055.00   2.0767e-18   1.4737e-19
 8060.00   2.3659e-18   1.6207e-19
 8065.00   1.8689e-18   1.4994e-19
 8070.00   1.9813e-18   1.3886e-19
 8075.00   1.9881e-18   1.4497e-19
 8080.00   2.1830e-18   1.3971e-19
 8085.00   1.9549e-18   1.4622e-19
 8090.00   1.9543e-18   1.3383e-19
 8095.00   1.8473e-18   1.4900e-19
 8100.00   1.6081e-18   1.4418e-19
 8105.00   1.8553e-18   1.4626e-19
 8110.00   2.3986e-18   1.3629e-19
 8115.00   1.6910e-18   1.3143e-19
 8120.00   1.8167e-18   1.2978e-19
 8125.00   2.0616e-18   1.3142e-19
 8130.00   1.8703e-18   1.3285e-19
 8135.00   1.8293e-18   1.3059e-19
 8140.00   1.6533e-18   1.4072e-19
 8145.00   1.7629e-18   1.3820e-19
 8150.00   2.0775e-18   1.2944e-19
 8155.00   1.6099e-18   1.2485e-19
 8160.00   1.4967e-18   1.2546e-19
 8165.00   1.1544e-18   1.2627e-19
 8170.00   1.7326e-18   1.2438e-19
 8175.00   1.9927e-18   1.2703e-19
 8180.00   1.8589e-18   1.2534e-19
 8185.00   2.1938e-18   1.2775e-19
 8190.00   1.4781e-18   1.3356e-19
 8195.00   1.7699e-18   1.3563e-19
 8200.00   1.8132e-18   1.2708e-19
 8205.00   1.5620e-18   1.3435e-19
 8210.00   1.9347e-18   1.3433e-19
 8215.00   1.8868e-18   1.3532e-19
 8220.00   1.8910e-18   1.3372e-19
 8225.00   1.7065e-18   1.3622e-19
 8230.00   1.3628e-18   1.3066e-19
 8235.00   1.7602e-18   1.3751e-19
 8240.00   2.1118e-18   1.4501e-19
 8245.00   2.0146e-18   1.4442e-19
 8250.00   1.3550e-18   1.4779e-19
 8255.00   1.2963e-18   1.4612e-19
 8260.00   1.3971e-18   1.4702e-19
 8265.00   1.9855e-18   1.4773e-19
 8270.00   1.7243e-18   1.5100e-19
 8275.00   1.5533e-18   1.5297e-19
 8280.00   2.1797e-18   2.7086e-19
 8285.00   1.9765e-18   1.9472e-19
 8290.00   9.4837e-19   1.9949e-19
 8295.00   1.2760e-18   1.8165e-19
 8300.00   1.8824e-18   2.0383e-19
 8305.00   1.6258e-18   1.7585e-19
 8310.00   1.7875e-18   1.9841e-19
 8315.00   1.8284e-18   1.7159e-19
 8320.00   1.6509e-18   1.5080e-19
 8325.00   1.5818e-18   1.4537e-19
 8330.00   1.9263e-18   1.4483e-19
 8335.00   1.6181e-18   1.4682e-19
 8340.00   1.2324e-18   1.5261e-19
 8345.00   1.8437e-18   2.0477e-19
 8350.00   1.7788e-18   1.6477e-19
 8355.00   1.2597e-18   1.6465e-19
 8360.00   1.2466e-18   1.5690e-19
 8365.00   1.6879e-18   1.8132e-19
 8370.00   1.5801e-18   1.4481e-19
 8375.00   1.7204e-18   1.4667e-19
 8380.00   1.2447e-18   2.0881e-19
 8385.00   1.8839e-18   1.8578e-19
 8390.00   1.7219e-18   1.8071e-19
 8395.00   1.7952e-18   1.6884e-19
 8400.00   1.7251e-18   2.0597e-19
 8405.00   1.3389e-18   1.6096e-19
 8410.00   1.3964e-18   1.6012e-19
 8415.00   1.8320e-18   1.8423e-19
 8420.00   1.8952e-18   1.5479e-19
 8425.00   1.8884e-18   1.6624e-19
 8430.00   7.5715e-19   1.9550e-19
 8435.00   1.0716e-18   1.5425e-19
 8440.00   1.5100e-18   1.4353e-19
 8445.00   1.5970e-18   1.4434e-19
 8450.00   1.4936e-18   1.5886e-19
 8455.00   1.6552e-18   1.4904e-19
 8460.00   1.8341e-18   1.4099e-19
 8465.00   1.7174e-18   1.7528e-19
 8470.00   1.5302e-18   1.3469e-19
 8475.00   1.7850e-18   1.4163e-19
 8480.00   1.8190e-18   1.3235e-19
 8485.00   1.7167e-18   1.3085e-19
 8490.00   1.6099e-18   1.2810e-19
 8495.00   1.7856e-18   1.6085e-19
 8500.00   1.4993e-18   1.3651e-19
 8505.00   1.3245e-18   1.6524e-19
 8510.00   1.7307e-18   1.2631e-19
 8515.00   1.8019e-18   1.2840e-19
 8520.00   1.6705e-18   1.2744e-19
 8525.00   1.6975e-18   1.2364e-19
 8530.00   1.2505e-18   1.2194e-19
 8535.00   1.4190e-18   1.2431e-19
 8540.00   1.6993e-18   1.3939e-19
 8545.00   2.2449e-18   1.2241e-19
 8550.00   1.2480e-18   1.5548e-19
 8555.00   1.5986e-18   1.2236e-19
 8560.00   1.5542e-18   1.1777e-19
 8565.00   1.7502e-18   1.2198e-19
 8570.00   2.1066e-18   1.2353e-19
 8575.00   1.7881e-18   1.2817e-19
 8580.00   1.5472e-18   1.2064e-19
 8585.00   1.6385e-18   1.2039e-19
 8590.00   1.6304e-18   1.3599e-19
 8595.00   1.3733e-18   1.3383e-19
 8600.00   1.7327e-18   1.2519e-19
 8605.00   1.6738e-18   1.2404e-19
 8610.00   1.7683e-18   1.3938e-19
 8615.00   1.7733e-18   1.7397e-19
 8620.00   1.2918e-18   2.1081e-19
 8625.00   1.2140e-18   2.1210e-19
 8630.00   1.9313e-18   2.1954e-19
 8635.00   1.1854e-18   2.0037e-19
 8640.00   1.2871e-18   1.7019e-19
 8645.00   1.2435e-18   1.3719e-19
 8650.00   1.1104e-18   1.7433e-19
 8655.00   1.4805e-18   1.7635e-19
 8660.00   1.0175e-18   1.7044e-19
 8665.00   1.3653e-18   1.7103e-19
 8670.00   1.3838e-18   1.6950e-19
 8675.00   9.9860e-19   1.6458e-19
 8680.00   1.3567e-18   1.6213e-19
 8685.00   3.6616e-19   1.4986e-19
 8690.00   9.7758e-19   1.4288e-19
 8695.00   4.5972e-19   1.4996e-19
 8700.00   7.6295e-19   1.5720e-19
 8705.00   9.0193e-19   1.4883e-19
 8710.00   8.2740e-19   1.4396e-19
 8715.00   7.2281e-19   1.3568e-19
 8720.00   8.2637e-19   1.3814e-19
 8725.00   4.5561e-19   1.4539e-19
 8730.00   5.2829e-19   1.4205e-19
 8735.00   4.8042e-19   1.4574e-19
 8740.00   3.0625e-19   1.5504e-19
 8745.00   7.1189e-19   1.5661e-19
 8750.00   2.3428e-19   1.5823e-19
 8755.00   6.2183e-19   1.5755e-19
 8760.00   1.0039e-18   2.9869e-19
 8765.00   5.4836e-19   1.7991e-19
 8770.00   6.2677e-19   1.6773e-19
 8775.00   4.0753e-19   1.6327e-19
 8780.00   1.7940e-19   1.6115e-19
 8785.00   3.4667e-19   1.3435e-19
 8790.00   5.6257e-19   1.6563e-19
 8795.00   6.5385e-19   1.3594e-19
 8800.00   7.5325e-20   1.3431e-19
 8805.00   7.7155e-19   1.3198e-19
 8810.00   6.4322e-19   1.5071e-19
 8815.00   4.4837e-19   1.3387e-19
 8820.00   6.2937e-19   1.3485e-19
 8825.00   5.4142e-19   1.9321e-19
 8830.00   7.9624e-19   1.8917e-19
 8835.00   7.0587e-19   2.7931e-19
 8840.00   2.4718e-19   1.5923e-19
 8845.00   1.0937e-18   1.6907e-19
 8850.00   5.2308e-19   1.9059e-19
 8855.00   4.5506e-19   1.5341e-19
 8860.00   8.6388e-19   1.5628e-19
 8865.00   6.8684e-19   1.7635e-19
 8870.00   5.7361e-19   1.5680e-19
 8875.00   7.6313e-19   1.3804e-19
 8880.00   5.7700e-19   1.3704e-19
 8885.00   1.2672e-18   1.8494e-19
 8890.00   1.4590e-18   1.4629e-19
 8895.00   7.3736e-19   1.4457e-19
 8900.00   8.2977e-19   1.3746e-19
 8905.00   8.7939e-19   1.6321e-19
 8910.00   9.9993e-19   1.4478e-19
 8915.00   6.0349e-19   1.2840e-19
 8920.00   1.0132e-18   1.8173e-19
 8925.00   9.2958e-19   1.3754e-19
 8930.00   1.4471e-18   1.3649e-19
 8935.00   9.1472e-19   1.3174e-19
 8940.00   1.0761e-18   1.2632e-19
 8945.00   5.0272e-19   1.4840e-19
 8950.00   9.9058e-19   1.1947e-19
 8955.00   8.0210e-19   1.2384e-19
 8960.00   1.0142e-18   1.4303e-19
 8965.00   9.8874e-19   1.1813e-19
 8970.00   9.9058e-19   1.2889e-19
 8975.00   1.0531e-18   1.1552e-19
 8980.00   1.0408e-18   1.2983e-19
 8985.00   1.1517e-18   1.2348e-19
 8990.00   7.5014e-19   1.4173e-19
 8995.00   1.2087e-18   1.1731e-19
 9000.00   1.1402e-18   1.4495e-19
 9005.00   1.0978e-18   1.1124e-19
 9010.00   1.0462e-18   1.0800e-19
 9015.00   1.2876e-18   1.0748e-19
 9020.00   1.1727e-18   1.1716e-19
 9025.00   1.1553e-18   1.0953e-19
 9030.00   1.6926e-18   1.2399e-19
 9035.00   1.4010e-18   1.1419e-19
 9040.00   1.5110e-18   1.3336e-19
 9045.00   1.2295e-18   1.2204e-19
 9050.00   1.1325e-18   1.5178e-19
 9055.00   1.3651e-18   1.2134e-19
 9060.00   1.2657e-18   1.1555e-19
 9065.00   1.4900e-18   1.2680e-19
 9070.00   1.2939e-18   1.2751e-19
 9075.00   1.3871e-18   1.1822e-19
 9080.00   1.1273e-18   1.1593e-19
 9085.00   1.3254e-18   1.2576e-19
 9090.00   1.4806e-18   1.2874e-19
 9095.00   8.0441e-19   1.3521e-19
 9100.00   1.2768e-18   1.3045e-19
 9105.00   2.9186e-19   1.4577e-19
 9110.00   8.1200e-19   1.2146e-19
 9115.00   1.6579e-18   1.2319e-19
 9120.00   1.3676e-18   1.2193e-19
 9125.00   1.4836e-18   1.2579e-19
 9130.00   9.2077e-19   1.2461e-19
 9135.00   1.2113e-18   1.3230e-19
 9140.00   1.5463e-18   1.3442e-19
 9145.00   1.3409e-18   1.3440e-19
 9150.00   1.4487e-18   1.5148e-19
 9155.00   8.8847e-19   1.5115e-19
 9160.00   1.4941e-18   1.7820e-19
 9165.00   1.3944e-18   1.4103e-19
 9170.00   8.9681e-19   1.4532e-19
 9175.00   9.5861e-19   1.4463e-19
 9180.00   9.5857e-19   1.5244e-19
 9185.00   1.5695e-18   1.4872e-19
 9190.00   1.2557e-18   1.5148e-19
 9195.00   1.6145e-18   1.5220e-19
 9200.00   8.3063e-19   1.5976e-19
 9205.00   1.1763e-18   1.5972e-19
 9210.00   1.3620e-18   1.6388e-19
 9215.00   1.3246e-18   1.8439e-19
 9220.00   1.0089e-18   1.7069e-19
 9225.00   1.0171e-18   2.0752e-19
 9230.00   1.3012e-18   1.7631e-19
 9235.00   1.5718e-18   1.7940e-19
 9240.00   1.3390e-18   1.8125e-19
 9245.00   1.4960e-18   1.8708e-19
 9250.00   1.6326e-18   2.1272e-19
 9255.00   9.4141e-19   1.9966e-19
 9260.00   1.1741e-18   1.5904e-19
 9265.00   1.2750e-18   1.5902e-19
 9270.00   1.3059e-18   1.5637e-19
 9275.00   1.2092e-18   1.5660e-19
 9280.00   1.3752e-18   1.5552e-19
 9285.00   1.0346e-18   1.7057e-19
 9290.00   1.1029e-18   1.6549e-19
 9295.00   1.5043e-18   1.8070e-19
 9300.00   5.5893e-19   1.5728e-19
 9305.00   1.8313e-18   2.3279e-19
 9310.00   9.8992e-19   3.1476e-19
 9315.00   6.3130e-19   2.3644e-19
 9320.00   1.0051e-18   2.0312e-19
 9325.00   6.5548e-19   2.2417e-19
 9330.00   1.4877e-18   1.9765e-19
 9335.00   3.0268e-19   1.9802e-19
 9340.00   1.0297e-18   2.2157e-19
 9345.00   3.0753e-19   1.7539e-19
 9350.00   1.3375e-18   2.4491e-19
 9355.00   9.4761e-19   1.8236e-19
 9360.00   3.8269e-19   1.9077e-19
 9365.00   6.2759e-19   1.8204e-19
 9370.00   4.5044e-19   1.9026e-19
 9375.00   7.7636e-19   4.3734e-19
 9380.00   7.9949e-19   1.9014e-19
 9385.00   9.2471e-19   2.1795e-19
 9390.00   7.7453e-19   1.7159e-19
 9395.00   8.3245e-19   1.8954e-19
 9400.00   1.0445e-18   2.0990e-19
 9405.00   9.4319e-19   1.9067e-19
 9410.00   6.1663e-19   1.6734e-19
 9415.00   1.0252e-18   1.7670e-19
 9420.00   7.3148e-19   2.5769e-19
 9425.00   3.1293e-19   1.7566e-19
 9430.00   4.9925e-19   1.5550e-19
 9435.00   1.0922e-18   1.7688e-19
 9440.00   6.2915e-19   3.0089e-19
 9445.00   3.0964e-19   1.7164e-19
 9450.00   8.0938e-19   1.9256e-19
 9455.00   4.5197e-19   1.7173e-19
 9460.00   1.4278e-19   2.2241e-19
 9465.00   8.8885e-19   1.5734e-19
 9470.00   7.8663e-19   1.5734e-19
 9475.00   1.1385e-18   2.2369e-19
 9480.00   9.8834e-19   1.8221e-19
 9485.00   6.8426e-19   1.6620e-19
 9490.00   1.1863e-18   1.7381e-19
 9495.00   3.1285e-19   1.5042e-19
 9500.00   3.6075e-19   1.8202e-19
 9505.00   2.7586e-19   1.9465e-19
 9510.00   7.8776e-19   1.5820e-19
 9515.00   8.6104e-19   1.5989e-19
 9520.00  -1.6530e-19   2.3153e-19
 9525.00   7.0570e-19   1.5879e-19
 9530.00   1.2902e-18   1.7620e-19
 9535.00   1.0822e-18   1.8754e-19
 9540.00   3.8131e-19   1.5304e-19
 9545.00   5.3744e-19   1.5212e-19
 9550.00   1.2899e-18   1.8406e-19
 9555.00   4.2320e-19   1.7400e-19
 9560.00   1.1087e-18   1.7105e-19
 9565.00   7.4452e-19   1.9667e-19
 9570.00   5.0590e-19   2.1161e-19
 9575.00   8.1709e-19   1.6887e-19
 9580.00   3.3062e-19   1.5106e-19
 9585.00   9.1890e-19   1.5684e-19
 9590.00   3.6838e-19   1.6393e-19
 9595.00   4.0875e-19   1.5865e-19
 9600.00   1.9492e-19   1.5818e-19
 9605.00   7.4055e-19   1.7891e-19
 9610.00   8.8964e-19   1.9439e-19
 9615.00   6.9934e-19   1.7275e-19
 9620.00   5.4400e-19   2.3761e-19
 9625.00   1.0754e-18   1.8852e-19
 9630.00   6.7740e-19   1.9555e-19
 9635.00   4.9442e-19   1.7227e-19
 9640.00   2.1560e-19   1.7392e-19
 9645.00   9.6942e-19   1.7198e-19
 9650.00   3.0210e-19   1.8475e-19
 9655.00   1.1501e-18   2.0889e-19
 9660.00   2.7243e-19   2.1515e-19
 9665.00   5.8423e-19   1.9890e-19
 9670.00   1.0486e-18   2.8087e-19
 9675.00   1.3053e-18   2.2548e-19
 9680.00   1.0940e-18   3.3440e-19
 9685.00   9.1945e-19   2.3783e-19
 9690.00   3.6601e-19   2.4627e-19
 9695.00   2.2106e-20   2.2226e-19
 9700.00   1.0695e-18   3.0724e-19
 9705.00   1.0702e-18   2.2396e-19
 9710.00   8.6616e-19   2.6514e-19
 9715.00   9.6052e-19   2.3452e-19
 9720.00   1.0839e-19   3.5483e-19
 9725.00   4.4883e-19   2.5494e-19
 9730.00   5.0293e-19   2.5428e-19
 9735.00   1.2191e-18   3.1552e-19
 9740.00   7.6831e-19   2.9628e-19
 9745.00   2.4523e-19   3.1593e-19
 9750.00   7.2737e-19   2.5659e-19
 9755.00   8.5797e-19   2.6591e-19
 9760.00   8.8675e-19   2.6521e-19
 9765.00   6.9189e-19   2.7315e-19
 9770.00   1.4550e-18   2.7960e-19
 9775.00   4.1001e-19   2.9090e-19
 9780.00   3.2102e-19   3.0173e-19
 9785.00   6.6622e-19   3.2035e-19
 9790.00  -5.8669e-19   5.9414e-19
 9795.00   1.1403e-18   3.3415e-19
 9800.00   9.2564e-19   3.7374e-19
 9805.00   1.4915e-18   3.0780e-19
 9810.00   7.8332e-19   4.0255e-19
 9815.00   5.5543e-19   5.2894e-19
 9820.00   1.5732e-18   4.8167e-19
 9825.00  -5.6836e-19   4.5907e-19
 9830.00   8.5708e-19   4.7264e-19
 9835.00   1.6596e-18   4.3382e-19
 9840.00   1.2778e-18   4.1619e-19
 9845.00   1.3248e-18   4.5153e-19
 9850.00  -7.5600e-20   5.2865e-19
 9855.00   2.1135e-18   4.1036e-19
 9860.00   8.3608e-19   4.0442e-19
 9865.00   6.2904e-19   4.1030e-19
 9870.00  -1.4902e-18   5.8066e-19
 9875.00   1.1165e-19   4.8871e-19
 9880.00   5.9599e-19   3.9538e-19
 9885.00   1.7671e-18   4.5332e-19
 9890.00  -7.7833e-19   4.0432e-19
 9895.00   1.9783e-19   5.8988e-19
 9900.00   1.1065e-18   4.0530e-19
 9905.00   2.7622e-19   3.9780e-19
 9910.00   1.9736e-18   4.3211e-19
 9915.00  -2.2485e-18   7.2038e-19
 9920.00   1.1532e-18   4.0856e-19
 9925.00   3.0938e-19   3.8113e-19
 9930.00   1.2296e-19   3.7723e-19
 9935.00   6.7896e-19   4.0433e-19
 9940.00  -6.4574e-19   5.8008e-19
 9945.00  -1.2000e-19   9.8903e-19
 9950.00  -8.0723e-19   6.1266e-19
 9955.00   4.3745e-19   6.6258e-19
 9960.00   5.0353e-19   7.8281e-19
 9965.00   2.0477e-19   4.7510e-19
 9970.00   1.2470e-18   4.9529e-19
 9975.00   8.1588e-19   4.9761e-19
 9980.00  -3.2026e-19   4.6599e-19
 9985.00   1.1410e-19   3.8404e-19
 9990.00   8.9861e-19   4.0375e-19
 9995.00   8.9861e-19   9.9999e+04
10000.00   8.9861e-19   9.9999e+04
