 
TRANSIENT_NAME:     DES14C1fkl 
SNID:               1299643    
OBS_DATE:           2014-10-23
MJD:                56953. 
PHASE:              +9.    
MJD_MAX:            56940.9
TYPE:               1  
SPEC_EVAL:          SNIa
REDSHIFT:           0.3850  
REDSHIFT_ERR:       0.0050  
REDSHIFT_SOURCE:    Z_SN
TELESCOPE:          MMT
INSTRUMENT:         BCS
 
======================================
 
# WAVE  FLUX  FLUX_ERR
 3331.00   2.3594e-02   2.8958e-03
 3332.95   2.7593e-02   3.4051e-03
 3334.90   4.5012e-02   5.6557e-03
 3336.85   1.1333e-02   1.3385e-03
 3338.80  -7.0379e-03  -8.2140e-04
 3340.75  -1.7286e-02  -2.0058e-03
 3342.70  -5.5370e-03  -6.3581e-04
 3344.65   1.7838e-02   2.0306e-03
 3346.60   1.5826e-02   1.8305e-03
 3348.55  -5.7402e-03  -6.4878e-04
 3350.50   1.3641e-02   1.5087e-03
 3352.45   1.4168e-02   1.5750e-03
 3354.40   2.6532e-02   3.0165e-03
 3356.35   2.9759e-02   3.3857e-03
 3358.30   2.0604e-02   2.3193e-03
 3360.25   1.1222e-02   1.2670e-03
 3362.20   1.3014e-02   1.4999e-03
 3364.15  -1.0510e-02  -1.3025e-03
 3366.10  -2.0854e-02  -2.9625e-03
 3368.05   1.7332e-03   2.7450e-04
 3370.00   1.7398e-02   2.8663e-03
 3371.95   3.9652e-03   6.5480e-04
 3373.90   5.6013e-02   9.2708e-03
 3375.85   7.8656e-02   1.2784e-02
 3377.80  -5.9637e-03  -9.1327e-04
 3379.75   9.7586e-03   1.4595e-03
 3381.70  -1.9354e-02  -2.8145e-03
 3383.65  -1.2285e-02  -1.7358e-03
 3385.60   3.5733e-02   4.9848e-03
 3387.55   4.4945e-02   6.1599e-03
 3389.50  -1.2427e-02  -1.6063e-03
 3391.45  -3.0937e-02  -3.9350e-03
 3393.40  -1.3881e-02  -1.7463e-03
 3395.35  -4.6775e-03  -5.8218e-04
 3397.30  -7.9479e-03  -9.7565e-04
 3399.25  -2.3445e-02  -2.8275e-03
 3401.20  -1.8642e-02  -2.1980e-03
 3403.15  -1.0494e-02  -1.2010e-03
 3405.10   3.1793e-03   3.5447e-04
 3407.05   1.0415e-02   1.1455e-03
 3409.00  -6.5653e-03  -7.1059e-04
 3410.95  -1.6771e-02  -1.8184e-03
 3412.90  -9.9155e-03  -1.0919e-03
 3414.85  -1.1814e-02  -1.3401e-03
 3416.80   4.8319e-03   5.7345e-04
 3418.75   3.7634e-02   4.6289e-03
 3420.70   2.6723e-02   3.2428e-03
 3422.65   1.6701e-02   2.0059e-03
 3424.60   1.6030e-03   1.9304e-04
 3426.55   4.1357e-04   4.9480e-05
 3428.50   2.6822e-02   3.1960e-03
 3430.45   9.2294e-03   1.0821e-03
 3432.40  -6.0478e-03  -7.0986e-04
 3434.35  -1.8114e-02  -2.1708e-03
 3436.30  -2.4700e-02  -2.9752e-03
 3438.25  -1.4027e-03  -1.6735e-04
 3440.20   1.3522e-02   1.5912e-03
 3442.15   1.5211e-02   1.7701e-03
 3444.10   1.8428e-02   2.1446e-03
 3446.05   7.0269e-03   8.2012e-04
 3448.00  -6.5445e-03  -7.7253e-04
 3449.95  -4.7886e-03  -5.9924e-04
 3451.90  -2.1031e-02  -2.7517e-03
 3453.85  -3.1865e-02  -4.1873e-03
 3455.80  -1.8375e-02  -2.3948e-03
 3457.75   4.1993e-03   5.4269e-04
 3459.70   3.7090e-03   4.6865e-04
 3461.65   5.3121e-03   6.5169e-04
 3463.60   4.0769e-03   4.8820e-04
 3465.55  -4.1871e-03  -4.9024e-04
 3467.50   8.0201e-04   9.2660e-05
 3469.45  -2.9858e-03  -3.3847e-04
 3471.40   1.0440e-02   1.1625e-03
 3473.35   8.0014e-03   8.9483e-04
 3475.30  -9.2537e-03  -1.0714e-03
 3477.25  -3.3360e-03  -4.1066e-04
 3479.20  -6.1280e-03  -8.0716e-04
 3481.15  -4.7705e-03  -6.5936e-04
 3483.10   4.7125e-03   6.5474e-04
 3485.05   1.1742e-02   1.6111e-03
 3487.00  -1.7835e-03  -2.3958e-04
 3488.95  -1.2928e-02  -1.6770e-03
 3490.90   1.8911e-04   2.4028e-05
 3492.85   2.3637e-02   2.9636e-03
 3494.80   1.3077e-02   1.5756e-03
 3496.75   8.3027e-04   9.6114e-05
 3498.70  -4.4483e-03  -5.0552e-04
 3500.65  -1.5585e-03  -1.7471e-04
 3502.60   1.9334e-02   2.1735e-03
 3504.55   2.1820e-02   2.4639e-03
 3506.50  -1.5421e-02  -1.7323e-03
 3508.45  -2.0711e-02  -2.3670e-03
 3510.40   1.5014e-02   1.7331e-03
 3512.35   9.8653e-03   1.1222e-03
 3514.30   2.6005e-04   2.8948e-05
 3516.25   1.2670e-02   1.4010e-03
 3518.20   1.2199e-02   1.3423e-03
 3520.15   1.3280e-03   1.4436e-04
 3522.10  -1.8614e-03  -2.0159e-04
 3524.05   1.4610e-02   1.5763e-03
 3526.00  -1.7456e-05  -1.8322e-06
 3527.95  -1.0874e-02  -1.1432e-03
 3529.90   1.9082e-03   2.0048e-04
 3531.85  -7.2295e-03  -7.6047e-04
 3533.80   2.9577e-03   3.0898e-04
 3535.75  -1.0002e-03  -1.0615e-04
 3537.70  -9.7531e-03  -1.1002e-03
 3539.65   4.2805e-03   5.3154e-04
 3541.60   1.9672e-02   2.6392e-03
 3543.55   1.3998e-02   1.9488e-03
 3545.50   1.3943e-02   1.9600e-03
 3547.45  -2.0498e-02  -2.8358e-03
 3549.40   7.4661e-03   1.0223e-03
 3551.35   3.3950e-02   4.7254e-03
 3553.30  -3.8727e-02  -5.3525e-03
 3555.25  -5.0044e-03  -6.8772e-04
 3557.20   1.1226e-02   1.5176e-03
 3559.15   8.7279e-03   1.1546e-03
 3561.10   4.1519e-03   5.3230e-04
 3563.05   1.7633e-02   2.2112e-03
 3565.00  -5.5202e-03  -6.6696e-04
 3566.95  -1.3148e-02  -1.5598e-03
 3568.90  -6.1096e-03  -7.0611e-04
 3570.85  -5.2094e-03  -5.8878e-04
 3572.80  -1.6549e-02  -1.8452e-03
 3574.75  -1.4694e-03  -1.5941e-04
 3576.70  -1.9899e-03  -2.1110e-04
 3578.65  -2.0286e-03  -2.1217e-04
 3580.60  -1.8229e-03  -1.8689e-04
 3582.55  -2.0821e-03  -2.0954e-04
 3584.50   8.8868e-03   8.8914e-04
 3586.45   2.1228e-02   2.1045e-03
 3588.40   1.0482e-02   1.0334e-03
 3590.35   2.1121e-02   2.1251e-03
 3592.30   1.5287e-02   1.5349e-03
 3594.25  -5.2763e-03  -5.1738e-04
 3596.20   7.2557e-03   7.1645e-04
 3598.15   2.0221e-02   2.0042e-03
 3600.10  -3.1077e-03  -2.9756e-04
 3602.05  -6.7579e-03  -6.4211e-04
 3604.00  -4.7860e-03  -4.5431e-04
 3605.95   6.2524e-03   5.8374e-04
 3607.90   5.8691e-03   5.5088e-04
 3609.85   4.0843e-03   3.8397e-04
 3611.80  -3.0862e-04  -2.9725e-05
 3613.75   2.1316e-03   2.1902e-04
 3615.70   1.9345e-02   2.1143e-03
 3617.65   2.7645e-02   3.1533e-03
 3619.60   1.0664e-02   1.2102e-03
 3621.55  -2.4068e-03  -2.6745e-04
 3623.50  -2.4146e-03  -2.6568e-04
 3625.45  -7.3984e-03  -8.1038e-04
 3627.40  -4.7920e-03  -5.2609e-04
 3629.35   1.5217e-03   1.7176e-04
 3631.30   3.2347e-03   3.8182e-04
 3633.25   3.2884e-02   3.9864e-03
 3635.20   1.7243e-02   2.0896e-03
 3637.15  -1.7555e-02  -2.0975e-03
 3639.10   1.7499e-03   2.0735e-04
 3641.05   2.1579e-02   2.5175e-03
 3643.00  -1.3290e-03  -1.5338e-04
 3644.95  -1.8401e-02  -2.1251e-03
 3646.90  -4.1649e-03  -4.8966e-04
 3648.85   2.2350e-02   2.7179e-03
 3650.80   2.9597e-02   3.6524e-03
 3652.75   8.0623e-03   9.6565e-04
 3654.70   1.2739e-02   1.4857e-03
 3656.65   6.3909e-03   7.3024e-04
 3658.60  -1.9759e-02  -2.1964e-03
 3660.55  -8.4394e-03  -9.3363e-04
 3662.50   4.4326e-03   4.8886e-04
 3664.45   5.1233e-04   5.5838e-05
 3666.40   3.3599e-03   3.5424e-04
 3668.35   1.5640e-03   1.5828e-04
 3670.30  -1.6924e-03  -1.6620e-04
 3672.25   1.2317e-02   1.1898e-03
 3674.20   1.9623e-03   1.8392e-04
 3676.15  -2.1793e-03  -2.0105e-04
 3678.10   6.3581e-03   5.8129e-04
 3680.05   8.9064e-03   7.9375e-04
 3682.00   5.3440e-03   4.6605e-04
 3683.95   4.4478e-03   3.8976e-04
 3685.90   5.9699e-03   5.2795e-04
 3687.85   8.8199e-03   7.8097e-04
 3689.80   4.8612e-03   4.2617e-04
 3691.75   1.0932e-02   9.6915e-04
 3693.70   1.0870e-02   9.8544e-04
 3695.65  -2.8905e-03  -2.6881e-04
 3697.60  -6.9342e-03  -6.7173e-04
 3699.55   4.0068e-03   4.0523e-04
 3701.50   3.0042e-03   3.1027e-04
 3703.45   7.9994e-03   8.2432e-04
 3705.40   7.7101e-03   7.8223e-04
 3707.35  -7.6834e-04  -7.6206e-05
 3709.30  -4.0968e-03  -4.0161e-04
 3711.25   7.1820e-03   7.0237e-04
 3713.20   1.8536e-02   1.7860e-03
 3715.15   2.0726e-03   1.9214e-04
 3717.10  -5.6960e-03  -5.1303e-04
 3719.05  -1.1266e-02  -1.0115e-03
 3721.00  -7.0815e-03  -6.2881e-04
 3722.95   1.9243e-03   1.6918e-04
 3724.90  -1.3886e-04  -1.2357e-05
 3726.85   1.1911e-02   1.0923e-03
 3728.80   8.5148e-03   8.0570e-04
 3730.75  -1.5487e-03  -1.5330e-04
 3732.70   1.9425e-02   2.0090e-03
 3734.65   7.4353e-03   7.8059e-04
 3736.60  -2.7438e-03  -2.9075e-04
 3738.55   1.2128e-02   1.3000e-03
 3740.50   1.0542e-02   1.1272e-03
 3742.45  -2.0954e-04  -2.1973e-05
 3744.40  -1.9567e-04  -1.9893e-05
 3746.35   3.8364e-03   3.8172e-04
 3748.30   1.8292e-02   1.8067e-03
 3750.25   1.3458e-02   1.3116e-03
 3752.20  -7.2263e-03  -6.9128e-04
 3754.15   2.9376e-04   2.7720e-05
 3756.10   7.9481e-03   7.4102e-04
 3758.05   6.6325e-04   6.0446e-05
 3760.00  -3.4263e-03  -3.0505e-04
 3761.95   1.0826e-03   9.5602e-05
 3763.90   1.1172e-02   9.8244e-04
 3765.85  -2.6339e-03  -2.2604e-04
 3767.80  -4.7955e-03  -4.0743e-04
 3769.75  -1.8047e-03  -1.5567e-04
 3771.70  -4.5588e-03  -4.0172e-04
 3773.65  -7.9161e-03  -7.0766e-04
 3775.60  -7.5520e-03  -6.7196e-04
 3777.55   4.8280e-05   4.2525e-06
 3779.50   7.3829e-03   6.3835e-04
 3781.45   2.7037e-03   2.2951e-04
 3783.40   4.9034e-03   4.1816e-04
 3785.35   7.8046e-03   6.6639e-04
 3787.30   6.5948e-03   5.5635e-04
 3789.25   5.7830e-03   4.9471e-04
 3791.20  -2.3434e-03  -2.0658e-04
 3793.15  -7.4197e-03  -6.5751e-04
 3795.10  -3.4535e-03  -3.0135e-04
 3797.05  -4.5466e-03  -3.8836e-04
 3799.00   1.3194e-03   1.1021e-04
 3800.95   6.3940e-03   5.3223e-04
 3802.90   1.2274e-02   1.0275e-03
 3804.85   9.1790e-03   7.5707e-04
 3806.80   1.4411e-02   1.1865e-03
 3808.75   1.0414e-02   8.5801e-04
 3810.70   3.3074e-03   2.7539e-04
 3812.65   2.8030e-03   2.4233e-04
 3814.60  -4.5436e-03  -4.0109e-04
 3816.55   1.2675e-04   1.1196e-05
 3818.50   2.0567e-03   1.8049e-04
 3820.45   3.4983e-03   3.0373e-04
 3822.40  -3.4286e-03  -2.9304e-04
 3824.35   4.4002e-03   3.7693e-04
 3826.30   3.5386e-03   3.1548e-04
 3828.25   3.0809e-03   2.8912e-04
 3830.20   4.2085e-03   4.0971e-04
 3832.15   7.1408e-03   7.0065e-04
 3834.10   1.4304e-02   1.3830e-03
 3836.05   1.2376e-02   1.1588e-03
 3838.00   1.1357e-02   1.0375e-03
 3839.95   1.1268e-02   1.0198e-03
 3841.90   8.8804e-03   8.0856e-04
 3843.85  -1.1125e-02  -9.9094e-04
 3845.80  -5.1656e-03  -4.5466e-04
 3847.75  -8.3347e-05  -7.2135e-06
 3849.70   4.0776e-03   3.4661e-04
 3851.65   2.9340e-03   2.4575e-04
 3853.60  -3.3283e-03  -2.7275e-04
 3855.55   1.8041e-03   1.4445e-04
 3857.50  -4.3317e-03  -3.4096e-04
 3859.45  -4.8558e-03  -3.7935e-04
 3861.40  -5.9865e-04  -4.6818e-05
 3863.35   8.7755e-03   6.9149e-04
 3865.30   1.2506e-02   9.8354e-04
 3867.25   9.5687e-03   7.3323e-04
 3869.20   6.3923e-03   4.7923e-04
 3871.15   1.3672e-03   1.0141e-04
 3873.10   3.6686e-03   2.7417e-04
 3875.05   4.1336e-04   3.0896e-05
 3877.00  -2.2566e-03  -1.6552e-04
 3878.95   8.2779e-03   6.0023e-04
 3880.90   1.1918e-02   8.6427e-04
 3882.85   2.9583e-03   2.1082e-04
 3884.80   1.6826e-03   1.1842e-04
 3886.75   3.2682e-03   2.2697e-04
 3888.70   4.5219e-04   3.1248e-05
 3890.65   1.3087e-03   9.1800e-05
 3892.60  -4.5304e-03  -3.2337e-04
 3894.55  -1.7045e-03  -1.2307e-04
 3896.50   3.9951e-03   2.9054e-04
 3898.45   2.5408e-04   1.8743e-05
 3900.40   3.6953e-03   2.7934e-04
 3902.35   7.9955e-03   6.2942e-04
 3904.30   4.1810e-03   3.4281e-04
 3906.25   5.9583e-03   5.0669e-04
 3908.20   7.8603e-03   6.8030e-04
 3910.15   9.3050e-03   8.0993e-04
 3912.10   1.1410e-02   9.8472e-04
 3914.05   4.8737e-03   4.0839e-04
 3916.00  -5.9649e-03  -4.8257e-04
 3917.95  -6.3589e-03  -5.0141e-04
 3919.90  -2.2367e-03  -1.7204e-04
 3921.85  -2.6432e-03  -1.9641e-04
 3923.80   1.6612e-03   1.2190e-04
 3925.75   9.6275e-03   7.1231e-04
 3927.70   7.6407e-03   5.5880e-04
 3929.65   2.2509e-03   1.6252e-04
 3931.60   2.7075e-03   1.9649e-04
 3933.55  -1.5193e-03  -1.1074e-04
 3935.50  -5.2847e-03  -3.8452e-04
 3937.45  -2.1296e-03  -1.5816e-04
 3939.40   4.2690e-04   3.3335e-05
 3941.35   2.8383e-03   2.2822e-04
 3943.30   4.5141e-03   3.6375e-04
 3945.25   1.0052e-02   8.1062e-04
 3947.20   1.0817e-02   8.6206e-04
 3949.15  -3.2922e-04  -2.5403e-05
 3951.10  -2.8358e-03  -2.1363e-04
 3953.05  -3.5686e-03  -2.6540e-04
 3955.00  -1.7336e-03  -1.2799e-04
 3956.95   4.0162e-03   2.9393e-04
 3958.90   4.7779e-03   3.4529e-04
 3960.85   4.9840e-03   3.5780e-04
 3962.80   4.5025e-03   3.1812e-04
 3964.75   5.5007e-03   3.8175e-04
 3966.70   3.0704e-03   2.0876e-04
 3968.65   1.0844e-03   7.2447e-05
 3970.60   3.7317e-03   2.5265e-04
 3972.55   3.3260e-03   2.3128e-04
 3974.50  -4.9264e-04  -3.5108e-05
 3976.45   1.9250e-03   1.4056e-04
 3978.40   7.3403e-03   5.4078e-04
 3980.35   6.9328e-03   5.0504e-04
 3982.30   4.5827e-03   3.2971e-04
 3984.25   1.7987e-03   1.2776e-04
 3986.20  -1.2097e-03  -8.4779e-05
 3988.15  -1.8981e-04  -1.3270e-05
 3990.10   7.9902e-03   5.6744e-04
 3992.05   1.1419e-02   8.1294e-04
 3994.00   6.6520e-03   4.6518e-04
 3995.95   5.6187e-03   3.9325e-04
 3997.90   6.1369e-03   4.3389e-04
 3999.85   5.1764e-03   3.6596e-04
 4001.80   3.6280e-03   2.5276e-04
 4003.75   4.0161e-03   2.8061e-04
 4005.70   1.1601e-02   8.5081e-04
 4007.65   8.5285e-03   6.4664e-04
 4009.60  -2.1098e-03  -1.6072e-04
 4011.55   3.0583e-03   2.3377e-04
 4013.50   8.1883e-03   6.2175e-04
 4015.45   1.1434e-02   8.6330e-04
 4017.40   1.0402e-02   7.8397e-04
 4019.35   4.9883e-03   3.7617e-04
 4021.30   3.6072e-03   2.7284e-04
 4023.25   3.1886e-03   2.3955e-04
 4025.20   1.6206e-03   1.2004e-04
 4027.15  -3.2455e-03  -2.3536e-04
 4029.10  -2.7531e-03  -1.9652e-04
 4031.05   3.3900e-03   2.4197e-04
 4033.00   6.3016e-03   4.5061e-04
 4034.95   2.8781e-03   2.0473e-04
 4036.90   5.0739e-04   3.6179e-05
 4038.85   1.3339e-03   9.6446e-05
 4040.80   6.3294e-03   4.8100e-04
 4042.75   6.2793e-03   5.1757e-04
 4044.70   2.4086e-03   2.1551e-04
 4046.65   3.8587e-03   3.5825e-04
 4048.60   9.4607e-04   8.4634e-05
 4050.55   1.3177e-03   1.0801e-04
 4052.50   2.8262e-03   2.1417e-04
 4054.45   1.5340e-03   1.1087e-04
 4056.40   1.8174e-03   1.2948e-04
 4058.35   6.4989e-03   4.7352e-04
 4060.30   6.6576e-03   4.9309e-04
 4062.25  -1.2504e-03  -9.3395e-05
 4064.20   6.0090e-03   4.6203e-04
 4066.15   1.5019e-02   1.1705e-03
 4068.10   1.4138e-02   1.0888e-03
 4070.05   6.1405e-03   4.6052e-04
 4072.00   3.1359e-03   2.3128e-04
 4073.95   4.4835e-03   3.3344e-04
 4075.90   2.2870e-03   1.7278e-04
 4077.85   5.3994e-03   4.1353e-04
 4079.80   2.5814e-03   1.9500e-04
 4081.75   4.5573e-03   3.3934e-04
 4083.70   1.0886e-02   8.0472e-04
 4085.65   8.1043e-03   5.8686e-04
 4087.60   2.9329e-03   2.0708e-04
 4089.55   1.7587e-03   1.2170e-04
 4091.50   9.7978e-03   6.7830e-04
 4093.45   1.0713e-02   7.3633e-04
 4095.40   4.0855e-03   2.7550e-04
 4097.35   6.9491e-05   4.6435e-06
 4099.30   2.3710e-03   1.5879e-04
 4101.25   4.4002e-03   2.9154e-04
 4103.20   5.1087e-04   3.3004e-05
 4105.15  -3.3591e-03  -2.1637e-04
 4107.10  -3.7829e-04  -2.4650e-05
 4109.05   6.7710e-03   4.4624e-04
 4111.00   9.0527e-03   5.9733e-04
 4112.95   5.8734e-03   3.8281e-04
 4114.90   1.6452e-03   1.0624e-04
 4116.85   3.2183e-03   2.0862e-04
 4118.80   6.4356e-03   4.2139e-04
 4120.75   5.4058e-03   3.5702e-04
 4122.70   1.7159e-03   1.1442e-04
 4124.65   2.0016e-03   1.3549e-04
 4126.60   5.4541e-03   3.7367e-04
 4128.55   4.6263e-03   3.1605e-04
 4130.50   7.1154e-03   4.9020e-04
 4132.45   5.7496e-03   3.9804e-04
 4134.40   3.0094e-03   2.0837e-04
 4136.35   7.2787e-03   5.0899e-04
 4138.30   7.7371e-03   5.3689e-04
 4140.25   8.8602e-03   6.0447e-04
 4142.20   6.1789e-03   4.1291e-04
 4144.15   2.8858e-04   1.9027e-05
 4146.10   2.3684e-03   1.5529e-04
 4148.05   2.3548e-03   1.5258e-04
 4150.00  -1.5999e-03  -1.0340e-04
 4151.95  -8.1144e-04  -5.3775e-05
 4153.90   5.0571e-03   3.4986e-04
 4155.85   6.7115e-03   4.7333e-04
 4157.80   6.7394e-03   4.7624e-04
 4159.75   5.2681e-03   3.7391e-04
 4161.70   2.3681e-03   1.7029e-04
 4163.65   4.4169e-03   3.2504e-04
 4165.60   2.7905e-03   2.0727e-04
 4167.55   1.8977e-03   1.4147e-04
 4169.50   3.6242e-03   2.7022e-04
 4171.45   1.4479e-03   1.0623e-04
 4173.40   5.8449e-03   4.2547e-04
 4175.35   7.8433e-03   5.6616e-04
 4177.30   1.5419e-03   1.0931e-04
 4179.25  -9.1849e-04  -6.4567e-05
 4181.20  -4.0461e-04  -2.8174e-05
 4183.15   2.7593e-03   1.8882e-04
 4185.10   1.9702e-03   1.3190e-04
 4187.05   9.0635e-05   6.0002e-06
 4189.00   8.7565e-04   5.8261e-05
 4190.95   4.2923e-03   2.8756e-04
 4192.90   7.6969e-03   5.1581e-04
 4194.85   6.3425e-03   4.2069e-04
 4196.80   5.9249e-03   3.8784e-04
 4198.75   4.6209e-03   2.9793e-04
 4200.70  -4.2215e-04  -2.6796e-05
 4202.65  -2.0895e-03  -1.3233e-04
 4204.60   3.5918e-03   2.3127e-04
 4206.55   4.1967e-03   2.7408e-04
 4208.50   2.4221e-04   1.5797e-05
 4210.45   3.1093e-03   2.0217e-04
 4212.40   8.3005e-03   5.4249e-04
 4214.35   9.7736e-03   6.3852e-04
 4216.30   7.6867e-03   4.9752e-04
 4218.25   6.3598e-03   4.0818e-04
 4220.20   7.6655e-03   4.9019e-04
 4222.15   7.4437e-03   4.7450e-04
 4224.10   4.0818e-03   2.5917e-04
 4226.05   3.0834e-03   1.9448e-04
 4228.00   1.8084e-03   1.1294e-04
 4229.95   2.1080e-03   1.3190e-04
 4231.90   2.2264e-03   1.4005e-04
 4233.85   1.8055e-03   1.1391e-04
 4235.80   4.2022e-03   2.6723e-04
 4237.75   2.8352e-03   1.8018e-04
 4239.70   4.5167e-03   2.8744e-04
 4241.65   5.7218e-03   3.6331e-04
 4243.60  -2.6400e-04  -1.6983e-05
 4245.55  -3.6715e-03  -2.4446e-04
 4247.50   3.5194e-03   2.4106e-04
 4249.45   4.0401e-03   2.7693e-04
 4251.40  -1.6761e-03  -1.1288e-04
 4253.35   3.0030e-03   2.0081e-04
 4255.30   9.0538e-03   6.0622e-04
 4257.25   6.6898e-03   4.4301e-04
 4259.20   6.7828e-03   4.4602e-04
 4261.15   5.4535e-03   3.5531e-04
 4263.10  -4.4052e-03  -2.8415e-04
 4265.05  -4.1646e-03  -2.6905e-04
 4267.00   2.8195e-03   1.8317e-04
 4268.95   1.7034e-03   1.1027e-04
 4270.90   3.4450e-03   2.2403e-04
 4272.85   4.5955e-03   3.0151e-04
 4274.80   1.6391e-03   1.0669e-04
 4276.75   4.8246e-03   3.1376e-04
 4278.70   5.1778e-03   3.3567e-04
 4280.65   3.7220e-03   2.4034e-04
 4282.60   5.5171e-03   3.5752e-04
 4284.55   7.1838e-03   4.6661e-04
 4286.50   4.3741e-03   2.8078e-04
 4288.45   2.1760e-03   1.3855e-04
 4290.40   3.9676e-03   2.5365e-04
 4292.35   4.5506e-03   2.9335e-04
 4294.30   6.0993e-03   3.9589e-04
 4296.25   4.0444e-03   2.6157e-04
 4298.20   4.0634e-03   2.6240e-04
 4300.15   4.2861e-03   2.7380e-04
 4302.10   4.7942e-03   3.0354e-04
 4304.05   6.1476e-03   3.9503e-04
 4306.00   6.9129e-03   4.5199e-04
 4307.95   6.5180e-03   4.3012e-04
 4309.90   6.2549e-03   4.1979e-04
 4311.85   5.9472e-03   4.0753e-04
 4313.80   3.2524e-03   2.2433e-04
 4315.75   1.5721e-03   1.0792e-04
 4317.70  -1.7736e-03  -1.2126e-04
 4319.65  -5.7356e-03  -3.8938e-04
 4321.60  -2.3918e-03  -1.5923e-04
 4323.55   2.2536e-03   1.4835e-04
 4325.50   6.7699e-03   4.4565e-04
 4327.45   7.4574e-03   4.8583e-04
 4329.40   3.5491e-03   2.2679e-04
 4331.35   8.9981e-03   5.7826e-04
 4333.30   6.0749e-03   3.8941e-04
 4335.25   1.8713e-03   1.1845e-04
 4337.20   2.1876e-03   1.3800e-04
 4339.15   6.7228e-04   4.2725e-05
 4341.10   5.3760e-03   3.4722e-04
 4343.05   8.7957e-03   5.7543e-04
 4345.00   1.8304e-03   1.2062e-04
 4346.95   5.1078e-03   3.4109e-04
 4348.90   7.0292e-03   4.6849e-04
 4350.85   1.0775e-02   7.2482e-04
 4352.80   5.7814e-03   4.0574e-04
 4354.75  -2.3847e-03  -1.9045e-04
 4356.70  -5.8766e-03  -5.3400e-04
 4358.65   6.9235e-03   6.6502e-04
 4360.60   1.0258e-02   9.4258e-04
 4362.55   2.7224e-03   2.2053e-04
 4364.50   3.2967e-03   2.3423e-04
 4366.45   4.9914e-03   3.3405e-04
 4368.40   3.9087e-03   2.5599e-04
 4370.35   3.3543e-03   2.1764e-04
 4372.30   2.8318e-03   1.8566e-04
 4374.25   7.7186e-03   5.1725e-04
 4376.20   5.2007e-03   3.4841e-04
 4378.15   3.4749e-03   2.3135e-04
 4380.10   6.5051e-05   4.2734e-06
 4382.05  -2.2419e-03  -1.4545e-04
 4384.00   2.7893e-03   1.8030e-04
 4385.95   5.4471e-03   3.5155e-04
 4387.90   7.6778e-03   4.9742e-04
 4389.85   7.3200e-03   4.7343e-04
 4391.80   5.1351e-03   3.2980e-04
 4393.75   2.3327e-03   1.4917e-04
 4395.70   7.3217e-03   4.7477e-04
 4397.65   1.0837e-02   7.1144e-04
 4399.60   7.9049e-03   5.2394e-04
 4401.55   2.2645e-03   1.5224e-04
 4403.50   7.4354e-04   5.0806e-05
 4405.45   2.3963e-03   1.6594e-04
 4407.40   6.3924e-03   4.4874e-04
 4409.35   4.4163e-03   3.1052e-04
 4411.30   3.0062e-03   2.1066e-04
 4413.25   3.7342e-03   2.6209e-04
 4415.20   3.4639e-03   2.4220e-04
 4417.15   8.3334e-03   5.8605e-04
 4419.10   8.6231e-03   6.0479e-04
 4421.05   5.0398e-03   3.4849e-04
 4423.00   4.5618e-03   3.1356e-04
 4424.95   6.3186e-03   4.3457e-04
 4426.90   3.8427e-03   2.6228e-04
 4428.85   4.7033e-03   3.1836e-04
 4430.80   3.2680e-03   2.1885e-04
 4432.75   3.8377e-03   2.5548e-04
 4434.70   1.1958e-03   7.8611e-05
 4436.65   7.9998e-04   5.2654e-05
 4438.60   4.2788e-03   2.8436e-04
 4440.55   6.4141e-03   4.2794e-04
 4442.50   6.7873e-03   4.4993e-04
 4444.45   6.6962e-03   4.4251e-04
 4446.40   9.4373e-03   6.2696e-04
 4448.35   8.4747e-03   5.5841e-04
 4450.30   4.1260e-03   2.6742e-04
 4452.25   2.9524e-03   1.8929e-04
 4454.20   3.5727e-04   2.2802e-05
 4456.15  -3.9198e-03  -2.4796e-04
 4458.10   3.7207e-03   2.3698e-04
 4460.05   8.9356e-03   5.7488e-04
 4462.00   4.6254e-03   2.9502e-04
 4463.95   7.7774e-03   4.9854e-04
 4465.90   7.4969e-03   4.8077e-04
 4467.85   1.4700e-03   9.2935e-05
 4469.80   3.5568e-03   2.2465e-04
 4471.75   8.0872e-03   5.1370e-04
 4473.70   5.5678e-03   3.5242e-04
 4475.65   2.6230e-03   1.6547e-04
 4477.60   2.7538e-03   1.7420e-04
 4479.55   5.5558e-03   3.5274e-04
 4481.50   6.1215e-03   3.8896e-04
 4483.45   4.2920e-04   2.7307e-05
 4485.40  -2.1371e-03  -1.3665e-04
 4487.35   3.8429e-03   2.4811e-04
 4489.30   5.3400e-03   3.4327e-04
 4491.25   3.4568e-03   2.2145e-04
 4493.20   1.0014e-03   6.4450e-05
 4495.15   2.7696e-03   1.8029e-04
 4497.10   9.4129e-03   6.1840e-04
 4499.05   3.2683e-03   2.1257e-04
 4501.00   5.3297e-03   3.4675e-04
 4502.95   1.3578e-02   8.8856e-04
 4504.90   1.2208e-02   7.9767e-04
 4506.85   7.2534e-03   4.7092e-04
 4508.80   3.2233e-03   2.0649e-04
 4510.75   4.3114e-03   2.7580e-04
 4512.70   7.9600e-03   5.1262e-04
 4514.65   5.0025e-03   3.1886e-04
 4516.60   3.0315e-03   1.9259e-04
 4518.55   4.1703e-04   2.6514e-05
 4520.50   2.6459e-03   1.7026e-04
 4522.45  -7.8429e-04  -5.0864e-05
 4524.40   2.4958e-03   1.6260e-04
 4526.35   5.3050e-03   3.4555e-04
 4528.30   1.9051e-04   1.2466e-05
 4530.25   2.5429e-03   1.6924e-04
 4532.20   4.8806e-03   3.2840e-04
 4534.15   1.2170e-03   8.1672e-05
 4536.10   3.2094e-03   2.1511e-04
 4538.05   4.9170e-03   3.2888e-04
 4540.00   3.0312e-03   2.0116e-04
 4541.95  -1.4124e-03  -9.4186e-05
 4543.90  -1.1267e-03  -7.5553e-05
 4545.85   2.0061e-04   1.3410e-05
 4547.80  -3.5417e-04  -2.3667e-05
 4549.75  -5.4429e-03  -3.6155e-04
 4551.70   2.1604e-03   1.4315e-04
 4553.65   1.0253e-02   6.8191e-04
 4555.60   6.5215e-03   4.2768e-04
 4557.55   2.2674e-03   1.4668e-04
 4559.50   1.6578e-03   1.0622e-04
 4561.45   3.3790e-04   2.1500e-05
 4563.40   6.1281e-03   3.9393e-04
 4565.35   4.7055e-03   2.9989e-04
 4567.30   1.7017e-03   1.0775e-04
 4569.25   7.7585e-03   4.9713e-04
 4571.20   6.8313e-03   4.3667e-04
 4573.15   2.9138e-03   1.8541e-04
 4575.10   5.6681e-03   3.6168e-04
 4577.05   5.6267e-03   3.6031e-04
 4579.00   5.8085e-03   3.7772e-04
 4580.95   6.8169e-03   4.4598e-04
 4582.90   5.7201e-03   3.7327e-04
 4584.85   5.0306e-03   3.2773e-04
 4586.80   5.3522e-03   3.4389e-04
 4588.75   1.4554e-03   9.2232e-05
 4590.70   3.6865e-04   2.3302e-05
 4592.65  -1.2878e-03  -8.1250e-05
 4594.60  -1.6728e-03  -1.0467e-04
 4596.55   2.4830e-03   1.5556e-04
 4598.50   4.3443e-03   2.7208e-04
 4600.45   4.8597e-03   3.0328e-04
 4602.40   4.0060e-03   2.4907e-04
 4604.35  -2.1788e-03  -1.3444e-04
 4606.30   1.0698e-03   6.6171e-05
 4608.25   4.5158e-03   2.8173e-04
 4610.20   4.9148e-03   3.0607e-04
 4612.15   8.0306e-03   5.0272e-04
 4614.10   6.6606e-03   4.1478e-04
 4616.05   9.8081e-03   6.0951e-04
 4618.00   8.3607e-03   5.1909e-04
 4619.95   5.6730e-04   3.4721e-05
 4621.90  -3.3582e-03  -2.0526e-04
 4623.85   6.7050e-03   4.1728e-04
 4625.80   6.4890e-03   3.9758e-04
 4627.75   3.8535e-03   2.3369e-04
 4629.70   5.3100e-03   3.2441e-04
 4631.65   6.8255e-03   4.1890e-04
 4633.60   7.6274e-04   4.6001e-05
 4635.55   2.6362e-03   1.5872e-04
 4637.50   5.6156e-03   3.4163e-04
 4639.45   5.4256e-03   3.2950e-04
 4641.40   7.7187e-03   4.7200e-04
 4643.35   7.6264e-03   4.6324e-04
 4645.30   6.8892e-03   4.1722e-04
 4647.25   1.0075e-03   5.9984e-05
 4649.20   7.1975e-04   4.2866e-05
 4651.15   5.8340e-03   3.5466e-04
 4653.10   2.4405e-03   1.4790e-04
 4655.05   2.3886e-03   1.4627e-04
 4657.00   4.2750e-03   2.6793e-04
 4658.95   7.3216e-03   4.7165e-04
 4660.90   8.9016e-03   5.8110e-04
 4662.85   5.2003e-03   3.3618e-04
 4664.80   5.8480e-03   3.8084e-04
 4666.75   5.7294e-03   3.7324e-04
 4668.70   6.3102e-03   4.1175e-04
 4670.65   2.9395e-03   1.9116e-04
 4672.60   8.0052e-03   5.2742e-04
 4674.55   7.6903e-03   5.0203e-04
 4676.50   5.0653e-03   3.2582e-04
 4678.45   5.0415e-03   3.2172e-04
 4680.40   6.7860e-03   4.3330e-04
 4682.35   9.3771e-03   5.9909e-04
 4684.30   8.6737e-03   5.5055e-04
 4686.25   5.5542e-03   3.4453e-04
 4688.20   8.4292e-03   5.2432e-04
 4690.15   1.0527e-02   6.5616e-04
 4692.10   1.0357e-02   6.4692e-04
 4694.05   7.9217e-03   4.8858e-04
 4696.00   4.0206e-03   2.4341e-04
 4697.95   2.2340e-03   1.3325e-04
 4699.90   3.5644e-03   2.1214e-04
 4701.85   5.3999e-03   3.2360e-04
 4703.80   4.2375e-03   2.5337e-04
 4705.75   5.6725e-03   3.4189e-04
 4707.70   5.2331e-03   3.1722e-04
 4709.65   8.7934e-03   5.4044e-04
 4711.60   6.7303e-03   4.1020e-04
 4713.55   2.1572e-03   1.2933e-04
 4715.50   2.7763e-03   1.6568e-04
 4717.45   5.1081e-03   3.0709e-04
 4719.40   6.0146e-03   3.6115e-04
 4721.35   2.9975e-03   1.7676e-04
 4723.30   3.0723e-03   1.8017e-04
 4725.25   5.2038e-03   3.0881e-04
 4727.20   3.7756e-03   2.2660e-04
 4729.15  -1.3930e-03  -8.2820e-05
 4731.10  -8.1400e-04  -4.8270e-05
 4733.05  -1.5149e-03  -8.9803e-05
 4735.00  -1.8391e-03  -1.0956e-04
 4736.95   2.3499e-03   1.4152e-04
 4738.90   4.4807e-03   2.7311e-04
 4740.85   6.3952e-03   3.9350e-04
 4742.80   1.1932e-02   7.4590e-04
 4744.75   6.2499e-03   3.8170e-04
 4746.70   3.1803e-03   1.8864e-04
 4748.65   2.2890e-03   1.3345e-04
 4750.60   5.1711e-03   3.0219e-04
 4752.55   7.1604e-03   4.2288e-04
 4754.50   3.7543e-03   2.1977e-04
 4756.45   3.1134e-03   1.7933e-04
 4758.40   3.0001e-03   1.7045e-04
 4760.35   3.6305e-03   2.0487e-04
 4762.30   3.4004e-03   1.9079e-04
 4764.25   5.3707e-03   3.0270e-04
 4766.20   5.4525e-03   3.0788e-04
 4768.15   5.3717e-03   3.0243e-04
 4770.10   6.5290e-03   3.6696e-04
 4772.05   7.5334e-03   4.2434e-04
 4774.00   4.7522e-03   2.6572e-04
 4775.95   2.8848e-03   1.6018e-04
 4777.90   4.5335e-03   2.5448e-04
 4779.85   4.3718e-03   2.4729e-04
 4781.80   1.7905e-03   1.0046e-04
 4783.75   2.6965e-03   1.5126e-04
 4785.70   2.9143e-03   1.6208e-04
 4787.65   2.0625e-03   1.1384e-04
 4789.60   6.2849e-03   3.5544e-04
 4791.55   6.8694e-03   3.9183e-04
 4793.50   5.3283e-03   2.9961e-04
 4795.45   5.1439e-03   2.8695e-04
 4797.40   8.0550e-03   4.5616e-04
 4799.35   6.3866e-03   3.5921e-04
 4801.30   2.0768e-03   1.1536e-04
 4803.25   7.1016e-03   4.0253e-04
 4805.20   7.9550e-03   4.5138e-04
 4807.15   1.7332e-03   9.5945e-05
 4809.10   2.2277e-03   1.2336e-04
 4811.05   6.3817e-03   3.5798e-04
 4813.00   8.2650e-03   4.7305e-04
 4814.95   9.6676e-03   5.6152e-04
 4816.90   3.3879e-03   1.9567e-04
 4818.85   3.0573e-03   1.7939e-04
 4820.80   4.2684e-03   2.5351e-04
 4822.75   2.5709e-03   1.5174e-04
 4824.70   1.5212e-03   8.9323e-05
 4826.65   2.9658e-03   1.7414e-04
 4828.60   2.8548e-03   1.6733e-04
 4830.55   5.6071e-03   3.3317e-04
 4832.50   7.9973e-03   4.8080e-04
 4834.45   4.6681e-03   2.7976e-04
 4836.40   7.7492e-03   4.6853e-04
 4838.35   5.8547e-03   3.5092e-04
 4840.30  -6.3161e-03  -3.7439e-04
 4842.25  -1.4013e-03  -8.2719e-05
 4844.20   8.1587e-03   4.8406e-04
 4846.15   5.9307e-03   3.4837e-04
 4848.10   3.1266e-03   1.8102e-04
 4850.05   5.4031e-03   3.1210e-04
 4852.00   9.9589e-03   5.8192e-04
 4853.95   2.1389e-03   1.2272e-04
 4855.90   3.0876e-03   1.7463e-04
 4857.85   4.8664e-03   2.7462e-04
 4859.80   3.7972e-03   2.1437e-04
 4861.75   8.0235e-03   4.6304e-04
 4863.70   5.8550e-03   3.3161e-04
 4865.65   2.7984e-03   1.5633e-04
 4867.60   9.3256e-03   5.3602e-04
 4869.55   6.6548e-03   3.8046e-04
 4871.50   5.8948e-03   3.3505e-04
 4873.45   1.4042e-03   7.8005e-05
 4875.40   4.7643e-03   2.6597e-04
 4877.35   6.0192e-03   3.4066e-04
 4879.30   4.9938e-03   2.8434e-04
 4881.25   7.5470e-03   4.3785e-04
 4883.20   5.5392e-03   3.1952e-04
 4885.15   5.1299e-03   2.9432e-04
 4887.10   6.7633e-03   3.8936e-04
 4889.05   9.9205e-03   5.7638e-04
 4891.00   6.7098e-03   3.8306e-04
 4892.95   3.5220e-03   1.9700e-04
 4894.90   1.0544e-03   5.8293e-05
 4896.85   4.0939e-03   2.2895e-04
 4898.80   6.0300e-03   3.3725e-04
 4900.75   2.6935e-03   1.4781e-04
 4902.70   5.5146e-03   3.0749e-04
 4904.65   8.2540e-03   4.6423e-04
 4906.60   1.9670e-03   1.0774e-04
 4908.55   6.4994e-03   3.6293e-04
 4910.50   8.2579e-03   4.6395e-04
 4912.45   6.8507e-03   3.8039e-04
 4914.40   1.1309e-02   6.3720e-04
 4916.35   6.5471e-03   3.6386e-04
 4918.30   4.0281e-03   2.2181e-04
 4920.25   7.4449e-03   4.1137e-04
 4922.20   1.0049e-02   5.5683e-04
 4924.15   7.9667e-03   4.4137e-04
 4926.10   5.8948e-03   3.2271e-04
 4928.05   7.7021e-03   4.2277e-04
 4930.00   6.1685e-03   3.3505e-04
 4931.95   8.7942e-03   4.8425e-04
 4933.90   5.5040e-03   2.9984e-04
 4935.85   8.6997e-03   4.8202e-04
 4937.80   8.2732e-03   4.5739e-04
 4939.75   7.8165e-03   4.3141e-04
 4941.70   4.6931e-03   2.5563e-04
 4943.65   4.0573e-03   2.1972e-04
 4945.60   3.6761e-03   1.9813e-04
 4947.55   2.9185e-03   1.5704e-04
 4949.50   5.2998e-03   2.8763e-04
 4951.45   8.2945e-03   4.5836e-04
 4953.40   5.4840e-03   3.0294e-04
 4955.35   5.2309e-03   2.8713e-04
 4957.30   9.1691e-03   5.0838e-04
 4959.25   2.4716e-03   1.3353e-04
 4961.20   2.1926e-03   1.1935e-04
 4963.15   6.1245e-03   3.4137e-04
 4965.10   6.3060e-03   3.5600e-04
 4967.05   8.8550e-03   5.0711e-04
 4969.00   6.5422e-03   3.7730e-04
 4970.95   7.6836e-03   4.4946e-04
 4972.90   9.1564e-03   5.4509e-04
 4974.85   7.8600e-03   4.7449e-04
 4976.80   6.8693e-03   4.2269e-04
 4978.75   1.0040e-02   6.3090e-04
 4980.70   4.5669e-03   2.8815e-04
 4982.65   1.6286e-03   1.0344e-04
 4984.60   3.8259e-03   2.4374e-04
 4986.55   4.9236e-03   3.1167e-04
 4988.50   5.6069e-03   3.4854e-04
 4990.45   1.2222e-02   7.5894e-04
 4992.40   7.4386e-03   4.5261e-04
 4994.35   2.7527e-03   1.6203e-04
 4996.30   4.8773e-03   2.8303e-04
 4998.25   8.3127e-03   4.8262e-04
 5000.20   5.3734e-03   3.0512e-04
 5002.15   4.6755e-03   2.6460e-04
 5004.10   5.1489e-03   2.9074e-04
 5006.05   7.9968e-03   4.5582e-04
 5008.00   5.8035e-03   3.2805e-04
 5009.95   4.7247e-03   2.6412e-04
 5011.90   9.0809e-03   5.1112e-04
 5013.85   1.0538e-02   5.9615e-04
 5015.80   5.5316e-03   3.0683e-04
 5017.75   4.9538e-03   2.7379e-04
 5019.70   1.0048e-02   5.6549e-04
 5021.65   9.8918e-03   5.5747e-04
 5023.60   9.9390e-03   5.5450e-04
 5025.55   7.2101e-03   3.9864e-04
 5027.50   8.1207e-03   4.4919e-04
 5029.45   6.0251e-03   3.3191e-04
 5031.40   6.6998e-03   3.6990e-04
 5033.35   6.3772e-03   3.4954e-04
 5035.30   6.4164e-03   3.4987e-04
 5037.25   3.6234e-03   1.9466e-04
 5039.20   3.8729e-03   2.0779e-04
 5041.15   7.8923e-03   4.2815e-04
 5043.10   5.9921e-03   3.2286e-04
 5045.05   8.5371e-03   4.6463e-04
 5047.00   1.0786e-02   5.9309e-04
 5048.95   8.8383e-03   4.8351e-04
 5050.90   5.6133e-03   3.0196e-04
 5052.85   6.9609e-03   3.7471e-04
 5054.80   8.7966e-03   4.7901e-04
 5056.75   6.3939e-03   3.4612e-04
 5058.70   1.2828e-02   7.1044e-04
 5060.65   1.0760e-02   5.8989e-04
 5062.60   6.5244e-03   3.5391e-04
 5064.55   1.1689e-02   6.4912e-04
 5066.50   7.8688e-03   4.3620e-04
 5068.45   7.7513e-03   4.3155e-04
 5070.40   1.1518e-02   6.5098e-04
 5072.35   6.9814e-03   3.8778e-04
 5074.30   4.5413e-03   2.4656e-04
 5076.25   5.4626e-03   2.9824e-04
 5078.20   9.9626e-03   5.5961e-04
 5080.15   7.1881e-03   4.0601e-04
 5082.10   5.8641e-03   3.3946e-04
 5084.05   1.1029e-02   6.6392e-04
 5086.00   1.1177e-02   6.7644e-04
 5087.95   8.8369e-03   5.2497e-04
 5089.90   6.1902e-03   3.5490e-04
 5091.85   8.9661e-03   5.0750e-04
 5093.80   9.5992e-03   5.3837e-04
 5095.75   4.5909e-03   2.5073e-04
 5097.70   6.9477e-03   3.8663e-04
 5099.65   1.0503e-02   5.9718e-04
 5101.60   8.1159e-03   4.5391e-04
 5103.55   5.7790e-03   3.1700e-04
 5105.50   5.3711e-03   2.9085e-04
 5107.45   3.9919e-03   2.1297e-04
 5109.40   6.8169e-03   3.6867e-04
 5111.35   9.4302e-03   5.1665e-04
 5113.30   3.0272e-03   1.6134e-04
 5115.25   3.4386e-03   1.8460e-04
 5117.20   4.6251e-03   2.5028e-04
 5119.15   8.0424e-03   4.4048e-04
 5121.10   8.8443e-03   4.8206e-04
 5123.05   2.9054e-03   1.5358e-04
 5125.00   5.7402e-03   3.0735e-04
 5126.95   5.9852e-03   3.2027e-04
 5128.90   7.5070e-03   4.0581e-04
 5130.85   8.5376e-03   4.7079e-04
 5132.80   9.6844e-03   5.4345e-04
 5134.75   1.1268e-02   6.3771e-04
 5136.70   8.6886e-03   4.8800e-04
 5138.65   5.1250e-03   2.8548e-04
 5140.60   3.2038e-03   1.7770e-04
 5142.55   5.5227e-03   3.0836e-04
 5144.50   5.7580e-03   3.2261e-04
 5146.45   4.8608e-03   2.7486e-04
 5148.40   8.9268e-03   5.1466e-04
 5150.35   3.9828e-03   2.2841e-04
 5152.30   2.7828e-03   1.6143e-04
 5154.25   1.0901e-02   6.4919e-04
 5156.20   1.2067e-02   7.1540e-04
 5158.15   9.6724e-03   5.5958e-04
 5160.10   8.0781e-03   4.5711e-04
 5162.05   5.5181e-03   3.0676e-04
 5164.00   5.1272e-03   2.8200e-04
 5165.95   4.0468e-03   2.2048e-04
 5167.90   5.1995e-03   2.8214e-04
 5169.85   6.3641e-03   3.4250e-04
 5171.80   2.4109e-03   1.2723e-04
 5173.75   5.1332e-03   2.7406e-04
 5175.70   8.9581e-03   4.8937e-04
 5177.65   5.7062e-03   3.0691e-04
 5179.60   3.3297e-03   1.7643e-04
 5181.55   5.6323e-03   2.9931e-04
 5183.50   1.8653e-03   9.7383e-05
 5185.45   1.7838e-03   9.4527e-05
 5187.40   6.8453e-03   3.7211e-04
 5189.35   7.2545e-03   3.9504e-04
 5191.30   6.2878e-03   3.4004e-04
 5193.25   1.2585e-03   6.6573e-05
 5195.20   7.8371e-03   4.2887e-04
 5197.15   8.6915e-03   4.8911e-04
 5199.10   6.7793e-03   3.8437e-04
 5201.05   4.0384e-03   2.2512e-04
 5203.00   6.1686e-03   3.4215e-04
 5204.95   6.6659e-03   3.6548e-04
 5206.90   3.5914e-03   1.9245e-04
 5208.85   3.1193e-03   1.6696e-04
 5210.80   5.5346e-03   2.9559e-04
 5212.75   7.3103e-03   3.9391e-04
 5214.70   3.1186e-03   1.6484e-04
 5216.65   2.2531e-03   1.1914e-04
 5218.60   5.0330e-03   2.7198e-04
 5220.55   3.7021e-03   2.0105e-04
 5222.50   5.5787e-03   3.0669e-04
 5224.45   6.6119e-03   3.6397e-04
 5226.40   6.7912e-03   3.6986e-04
 5228.35   4.4488e-03   2.3731e-04
 5230.30   2.6063e-03   1.3797e-04
 5232.25   4.3954e-03   2.3560e-04
 5234.20   1.0175e-03   5.3686e-05
 5236.15   3.0612e-03   1.6407e-04
 5238.10   5.5620e-03   3.0177e-04
 5240.05   3.5089e-03   1.8791e-04
 5242.00   5.5081e-03   2.9345e-04
 5243.95   8.1123e-03   4.3318e-04
 5245.90   5.9737e-03   3.1420e-04
 5247.85   5.5766e-03   2.9226e-04
 5249.80   9.1827e-03   4.9090e-04
 5251.75   8.0361e-03   4.3062e-04
 5253.70   3.9076e-03   2.0612e-04
 5255.65   2.7081e-03   1.4397e-04
 5257.60   3.2519e-03   1.7332e-04
 5259.55   3.9634e-03   2.1127e-04
 5261.50   7.5117e-03   3.9951e-04
 5263.45   6.2437e-03   3.2331e-04
 5265.40   5.7534e-03   2.9608e-04
 5267.35   1.7957e-03   9.0256e-05
 5269.30   1.1462e-03   5.7281e-05
 5271.25   6.6029e-03   3.4154e-04
 5273.20   8.4442e-03   4.4750e-04
 5275.15   5.1130e-03   2.6924e-04
 5277.10   8.6288e-03   4.6303e-04
 5279.05   4.7868e-03   2.5130e-04
 5281.00   3.9438e-03   2.0339e-04
 5282.95   7.2901e-03   3.8121e-04
 5284.90   6.5390e-04   3.3223e-05
 5286.85   7.7954e-04   3.9724e-05
 5288.80   3.4974e-03   1.7911e-04
 5290.75   7.0444e-03   3.6820e-04
 5292.70   6.9238e-03   3.6411e-04
 5294.65   8.6380e-03   4.5796e-04
 5296.60   1.0134e-02   5.4074e-04
 5298.55   6.8154e-03   3.6201e-04
 5300.50   6.6761e-03   3.5748e-04
 5302.45   3.9645e-03   2.0898e-04
 5304.40   8.1899e-03   4.4001e-04
 5306.35   9.7761e-03   5.3019e-04
 5308.30   9.6032e-03   5.2128e-04
 5310.25   4.0372e-03   2.1267e-04
 5312.20   3.3039e-03   1.7425e-04
 5314.15   7.6890e-03   4.1620e-04
 5316.10   8.5063e-03   4.5931e-04
 5318.05   7.1994e-03   3.8765e-04
 5320.00   8.0580e-03   4.3830e-04
 5321.95   6.5854e-03   3.5701e-04
 5323.90   6.3365e-03   3.4566e-04
 5325.85   5.1659e-03   2.7970e-04
 5327.80   8.9703e-03   4.9315e-04
 5329.75   8.6310e-03   4.7467e-04
 5331.70   5.3879e-03   2.9250e-04
 5333.65   5.9803e-03   3.2705e-04
 5335.60   6.2035e-03   3.4093e-04
 5337.55   4.0705e-03   2.2038e-04
 5339.50   5.5056e-03   2.9858e-04
 5341.45   9.1287e-03   5.0502e-04
 5343.40   1.1637e-02   6.5326e-04
 5345.35   1.2386e-02   6.9352e-04
 5347.30   1.0229e-02   5.7042e-04
 5349.25   9.0430e-03   5.0781e-04
 5351.20   7.8414e-03   4.4058e-04
 5353.15   1.4875e-02   8.5135e-04
 5355.10   1.2221e-02   6.9450e-04
 5357.05   6.9285e-03   3.8608e-04
 5359.00   9.4030e-03   5.2237e-04
 5360.95   8.1078e-03   4.4405e-04
 5362.90   8.2400e-03   4.5015e-04
 5364.85   7.0377e-03   3.8078e-04
 5366.80   8.4193e-03   4.6218e-04
 5368.75   9.9562e-03   5.5244e-04
 5370.70   8.9388e-03   4.9587e-04
 5372.65   8.7979e-03   4.9017e-04
 5374.60   9.8089e-03   5.5284e-04
 5376.55   1.3995e-02   8.0013e-04
 5378.50   9.2686e-03   5.1800e-04
 5380.45   8.6815e-03   4.8433e-04
 5382.40   8.9532e-03   5.0008e-04
 5384.35   1.3805e-02   7.8512e-04
 5386.30   9.9219e-03   5.5478e-04
 5388.25   6.8616e-03   3.8195e-04
 5390.20   9.8787e-03   5.5746e-04
 5392.15   1.0195e-02   5.8190e-04
 5394.10   9.5219e-03   5.4389e-04
 5396.05   1.1458e-02   6.5315e-04
 5398.00   1.4031e-02   8.0984e-04
 5399.95   8.3031e-03   4.6895e-04
 5401.90   1.1203e-02   6.4333e-04
 5403.85   1.1291e-02   6.5033e-04
 5405.80   1.2827e-02   7.3998e-04
 5407.75   8.4262e-03   4.8281e-04
 5409.70   7.2151e-03   4.1413e-04
 5411.65   4.6990e-03   2.6926e-04
 5413.60   6.7955e-03   3.9810e-04
 5415.55   9.7559e-03   5.8479e-04
 5417.50   7.3829e-03   4.4327e-04
 5419.45   9.2216e-03   5.5812e-04
 5421.40   1.2543e-02   7.6298e-04
 5423.35   7.0579e-03   4.2184e-04
 5425.30   1.1942e-02   7.2200e-04
 5427.25   1.1879e-02   7.1436e-04
 5429.20   7.4087e-03   4.4027e-04
 5431.15   8.0411e-03   4.8070e-04
 5433.10   8.1054e-03   4.8559e-04
 5435.05   4.3178e-03   2.5582e-04
 5437.00   6.9021e-03   4.1275e-04
 5438.95   1.4078e-02   8.6585e-04
 5440.90   1.3164e-02   8.0732e-04
 5442.85   9.7841e-03   5.9435e-04
 5444.80   8.6683e-03   5.2777e-04
 5446.75   8.1488e-03   4.9791e-04
 5448.70   1.2298e-02   7.5670e-04
 5450.65   1.4108e-02   8.7052e-04
 5452.60   7.9137e-03   4.8210e-04
 5454.55   4.9334e-03   3.0310e-04
 5456.50   8.6771e-03   5.6864e-04
 5458.45   6.6290e-03   4.7692e-04
 5460.40   1.1458e-02   8.9208e-04
 5462.35   1.1109e-02   8.6787e-04
 5464.30   8.9767e-03   6.5820e-04
 5466.25   9.4792e-03   6.3874e-04
 5468.20   7.8325e-03   4.9621e-04
 5470.15   2.5776e-03   1.5758e-04
 5472.10   4.5692e-03   2.7830e-04
 5474.05   1.1063e-02   6.8093e-04
 5476.00   5.4370e-03   3.2839e-04
 5477.95   8.5702e-03   5.2309e-04
 5479.90   7.3836e-03   4.5165e-04
 5481.85   1.9575e-03   1.1908e-04
 5483.80   6.2782e-03   3.8989e-04
 5485.75   6.8349e-03   4.2211e-04
 5487.70   4.6820e-03   2.8423e-04
 5489.65   9.4174e-03   5.7500e-04
 5491.60   8.1883e-03   4.9645e-04
 5493.55   1.1307e-02   6.9076e-04
 5495.50   1.1203e-02   6.8500e-04
 5497.45   3.7394e-03   2.2524e-04
 5499.40   1.4829e-03   8.9094e-05
 5501.35   6.0378e-03   3.6634e-04
 5503.30   8.9319e-03   5.4741e-04
 5505.25   9.7141e-03   5.9417e-04
 5507.20   2.7048e-03   1.6176e-04
 5509.15   8.5338e-03   5.2286e-04
 5511.10   1.2412e-02   7.7465e-04
 5513.05   5.2624e-03   3.2388e-04
 5515.00   6.2807e-03   3.8836e-04
 5516.95   6.0251e-03   3.7238e-04
 5518.90   8.9015e-03   5.5327e-04
 5520.85   1.0175e-02   6.3669e-04
 5522.80   5.6646e-03   3.5143e-04
 5524.75   8.8839e-03   5.5313e-04
 5526.70   6.0730e-03   3.7235e-04
 5528.65   7.8860e-03   4.8310e-04
 5530.60   3.2677e-03   1.9710e-04
 5532.55   2.9690e-03   1.7868e-04
 5534.50   8.3404e-03   5.1123e-04
 5536.45   9.4636e-03   5.8226e-04
 5538.40   1.0361e-02   6.3927e-04
 5540.35   9.5359e-03   5.9258e-04
 5542.30   6.5526e-03   4.0947e-04
 5544.25   8.9454e-03   5.6294e-04
 5546.20   7.2795e-03   4.5605e-04
 5548.15   5.1610e-03   3.2122e-04
 5550.10   8.5461e-03   5.3043e-04
 5552.05   9.6153e-03   5.9648e-04
 5554.00   1.0054e-02   6.2419e-04
 5555.95   6.5972e-03   4.0676e-04
 5557.90   7.9359e-03   4.9115e-04
 5559.85   7.5217e-03   4.6668e-04
 5561.80   7.8462e-03   4.9369e-04
 5563.75   1.2460e-02   8.0383e-04
 5565.70   1.4145e-02   9.2098e-04
 5567.65   1.3658e-02   8.8288e-04
 5569.60   1.3171e-02   8.9294e-04
 5571.55   1.2683e-02   1.0989e-03
 5573.50   1.2196e-02   1.4728e-03
 5575.45   1.1708e-02   1.7856e-03
 5577.40   1.1221e-02   1.8992e-03
 5579.35   1.0734e-02   1.7672e-03
 5581.30   1.0247e-02   1.4382e-03
 5583.25   9.7591e-03   1.0560e-03
 5585.20   9.2716e-03   7.5646e-04
 5587.15   8.7844e-03   5.9307e-04
 5589.10   8.2969e-03   5.3722e-04
 5591.05   7.8097e-03   5.0784e-04
 5593.00   7.3222e-03   4.7039e-04
 5594.95   6.8348e-03   4.2738e-04
 5596.90   6.3475e-03   3.9901e-04
 5598.85   5.8601e-03   3.7052e-04
 5600.80   5.3728e-03   3.3640e-04
 5602.75   6.1695e-03   3.8957e-04
 5604.70   1.2701e-02   8.2170e-04
 5606.65   1.0640e-02   6.8626e-04
 5608.60   4.5362e-03   2.8628e-04
 5610.55   8.1949e-03   5.1567e-04
 5612.50   9.1648e-03   5.7450e-04
 5614.45   6.9101e-03   4.3096e-04
 5616.40   4.3545e-03   2.6988e-04
 5618.35   4.2269e-03   2.6383e-04
 5620.30   4.3505e-03   2.7311e-04
 5622.25   1.1423e-02   7.2958e-04
 5624.20   1.3038e-02   8.3667e-04
 5626.15   7.9749e-03   5.0447e-04
 5628.10   1.0719e-02   6.7849e-04
 5630.05   1.2726e-02   8.0428e-04
 5632.00   9.8731e-03   6.1813e-04
 5633.95   4.3004e-03   2.6613e-04
 5635.90   3.0578e-03   1.8944e-04
 5637.85   7.6650e-03   4.8018e-04
 5639.80   1.2945e-02   8.2035e-04
 5641.75   1.2181e-02   7.7620e-04
 5643.70   9.5912e-03   6.1208e-04
 5645.65   8.1401e-03   5.1994e-04
 5647.60   4.8717e-03   3.0913e-04
 5649.55   5.0632e-03   3.2083e-04
 5651.50   7.5060e-03   4.7620e-04
 5653.45   1.2249e-02   7.8260e-04
 5655.40   1.1015e-02   7.0157e-04
 5657.35   9.3300e-03   5.9608e-04
 5659.30   1.3643e-02   8.8709e-04
 5661.25   1.2200e-02   7.9218e-04
 5663.20   8.3363e-03   5.4023e-04
 5665.15   6.6057e-03   4.3348e-04
 5667.10   6.5041e-03   4.3287e-04
 5669.05   6.8114e-03   4.6215e-04
 5671.00   6.1078e-03   4.2142e-04
 5672.95   7.8773e-03   5.4590e-04
 5674.90   1.3736e-02   9.5822e-04
 5676.85   1.2739e-02   8.8965e-04
 5678.80   7.1668e-03   5.0425e-04
 5680.75   4.1084e-03   2.9817e-04
 5682.70   5.2927e-03   4.0049e-04
 5684.65   1.0139e-02   7.9900e-04
 5686.60   1.6022e-02   1.2983e-03
 5688.55   1.5837e-02   1.2962e-03
 5690.50   6.3350e-03   5.1341e-04
 5692.45   2.1060e-03   1.6633e-04
 5694.40   7.7651e-03   5.9469e-04
 5696.35   1.2019e-02   8.9173e-04
 5698.30   1.1323e-02   8.1761e-04
 5700.25   1.6799e-02   1.2045e-03
 5702.20   1.3214e-02   9.2889e-04
 5704.15   8.4056e-03   5.7789e-04
 5706.10   8.2922e-03   5.6257e-04
 5708.05   6.5974e-03   4.4348e-04
 5710.00   9.0829e-03   6.1382e-04
 5711.95   7.3285e-03   4.9258e-04
 5713.90   3.8974e-03   2.5949e-04
 5715.85   6.6556e-03   4.4416e-04
 5717.80   9.4674e-03   6.3323e-04
 5719.75   1.0371e-02   6.9231e-04
 5721.70   1.0773e-02   7.1598e-04
 5723.65   9.0141e-03   5.9711e-04
 5725.60   5.9451e-03   3.9058e-04
 5727.55   8.5735e-03   5.6066e-04
 5729.50   1.1411e-02   7.4805e-04
 5731.45   1.0025e-02   6.5336e-04
 5733.40   6.4176e-03   4.1399e-04
 5735.35   4.8482e-03   3.1154e-04
 5737.30   9.2160e-03   5.9804e-04
 5739.25   1.2026e-02   7.8588e-04
 5741.20   8.8631e-03   5.7432e-04
 5743.15   6.9503e-03   4.4960e-04
 5745.10   5.5693e-03   3.6129e-04
 5747.05   1.0322e-02   6.7430e-04
 5749.00   1.1216e-02   7.3260e-04
 5750.95   9.5327e-03   6.2026e-04
 5752.90   1.4421e-02   9.4566e-04
 5754.85   1.2421e-02   8.1139e-04
 5756.80   5.5232e-03   3.5708e-04
 5758.75   5.7249e-03   3.7194e-04
 5760.70   1.0849e-02   7.1869e-04
 5762.65   1.0564e-02   7.0600e-04
 5764.60   8.2035e-03   5.5410e-04
 5766.55   9.5485e-03   6.6738e-04
 5768.50   7.7480e-03   5.5676e-04
 5770.45   6.3097e-03   4.5567e-04
 5772.40   7.6484e-03   5.4162e-04
 5774.35   1.0936e-02   7.5484e-04
 5776.30   9.6632e-03   6.5228e-04
 5778.25   8.5283e-03   5.6972e-04
 5780.20   5.5557e-03   3.6872e-04
 5782.15   1.1748e-03   7.7280e-05
 5784.10   5.4956e-03   3.6581e-04
 5786.05   1.1463e-02   7.8596e-04
 5788.00   1.1033e-02   7.8045e-04
 5789.95   8.3581e-03   6.0431e-04
 5791.90   6.6467e-03   4.8039e-04
 5793.85   6.5908e-03   4.6803e-04
 5795.80   7.4215e-03   5.1579e-04
 5797.75   9.8493e-03   6.7841e-04
 5799.70   1.2518e-02   8.6319e-04
 5801.65   1.6137e-02   1.1220e-03
 5803.60   1.4010e-02   9.7625e-04
 5805.55   9.3126e-03   6.4535e-04
 5807.50   1.0493e-02   7.2604e-04
 5809.45   1.1062e-02   7.6758e-04
 5811.40   1.0723e-02   7.4579e-04
 5813.35   9.2499e-03   6.4301e-04
 5815.30   7.1416e-03   4.9534e-04
 5817.25   8.7033e-03   6.0611e-04
 5819.20   8.9149e-03   6.2465e-04
 5821.15   5.0136e-03   3.4959e-04
 5823.10   6.4875e-03   4.5240e-04
 5825.05   9.6374e-03   6.7931e-04
 5827.00   6.0681e-03   4.2874e-04
 5828.95   9.9926e-03   7.1125e-04
 5830.90   9.5262e-03   6.7742e-04
 5832.85   5.6081e-03   3.9770e-04
 5834.80   5.6303e-03   4.0174e-04
 5836.75   5.6173e-03   4.0100e-04
 5838.70   6.4544e-03   4.6186e-04
 5840.65   3.8903e-03   2.7867e-04
 5842.60   4.2708e-03   3.0768e-04
 5844.55   5.1195e-03   3.7121e-04
 5846.50   1.0207e-02   7.4462e-04
 5848.45   1.6738e-02   1.2295e-03
 5850.40   1.1971e-02   8.7637e-04
 5852.35   8.4544e-03   6.1879e-04
 5854.30   5.8592e-03   4.2944e-04
 5856.25   9.2047e-03   6.7999e-04
 5858.20   1.6693e-02   1.2497e-03
 5860.15   1.6552e-02   1.2458e-03
 5862.10   7.4198e-03   5.5844e-04
 5864.05   2.8059e-03   2.1485e-04
 5866.00   4.8038e-03   3.7702e-04
 5867.95   1.0981e-02   8.7115e-04
 5869.90   1.2907e-02   1.0163e-03
 5871.85   1.2492e-02   9.7014e-04
 5873.80   1.3183e-02   1.0108e-03
 5875.75   6.3297e-03   4.7624e-04
 5877.70   3.8333e-04   2.8271e-05
 5879.65   3.3653e-03   2.4541e-04
 5881.60   3.3591e-03   2.4293e-04
 5883.55   1.1969e-03   8.8693e-05
 5885.50  -5.1825e-03  -4.3361e-04
 5887.45   1.1919e-03   1.1886e-04
 5889.40   2.0629e-02   2.2981e-03
 5891.35   1.8749e-02   2.1264e-03
 5893.30   1.4939e-02   1.6400e-03
 5895.25   2.6178e-02   2.8028e-03
 5897.20   2.8761e-02   2.9731e-03
 5899.15   1.9596e-02   1.8516e-03
 5901.10   1.7079e-02   1.4301e-03
 5903.05   2.1194e-02   1.6468e-03
 5905.00   1.8084e-02   1.3688e-03
 5906.95   1.4351e-02   1.0809e-03
 5908.90   1.5405e-02   1.1632e-03
 5910.85   1.2054e-02   9.0955e-04
 5912.80   9.7711e-03   7.4681e-04
 5914.75   1.1065e-02   8.6289e-04
 5916.70   1.0404e-02   8.1392e-04
 5918.65   6.8931e-04   5.3050e-05
 5920.60  -1.3730e-04  -1.0492e-05
 5922.55   9.3619e-03   7.2073e-04
 5924.50   1.2204e-02   9.4983e-04
 5926.45   1.0055e-02   7.8682e-04
 5928.40   7.3656e-03   5.7759e-04
 5930.35   1.0608e-02   8.4487e-04
 5932.30   9.5326e-03   7.7004e-04
 5934.25  -3.5376e-03  -2.8342e-04
 5936.20  -3.0688e-03  -2.4215e-04
 5938.15   2.0745e-03   1.6133e-04
 5940.10   2.3481e-03   1.8007e-04
 5942.05   7.0776e-03   5.4213e-04
 5944.00   9.5857e-03   7.3812e-04
 5945.95   8.9584e-03   6.9169e-04
 5947.90   5.2942e-03   4.0901e-04
 5949.85   2.2475e-03   1.7462e-04
 5951.80   1.2366e-02   9.8066e-04
 5953.75   1.2028e-02   9.6247e-04
 5955.70   3.2227e-03   2.5420e-04
 5957.65   6.8496e-03   5.3021e-04
 5959.60   5.6450e-03   4.2894e-04
 5961.55   6.3956e-03   4.8574e-04
 5963.50   8.9568e-03   6.8618e-04
 5965.45   3.1100e-03   2.3699e-04
 5967.40  -5.9733e-04  -4.5288e-05
 5969.35  -2.6775e-03  -2.0367e-04
 5971.30   6.4312e-03   4.9599e-04
 5973.25   1.3477e-02   1.0463e-03
 5975.20   8.2087e-03   6.3554e-04
 5977.15   9.2113e-03   7.1837e-04
 5979.10   4.1474e-03   3.2114e-04
 5981.05   3.0806e-03   2.3493e-04
 5983.00   8.5161e-03   6.4506e-04
 5984.95   4.9441e-03   3.7217e-04
 5986.90   4.9918e-03   3.7526e-04
 5988.85   6.2292e-03   4.6668e-04
 5990.80   2.2528e-03   1.6739e-04
 5992.75   5.3320e-03   3.9843e-04
 5994.70   9.2261e-03   6.9565e-04
 5996.65   3.7452e-03   2.8048e-04
 5998.60   4.1038e-03   3.0753e-04
 6000.55   5.6127e-03   4.2283e-04
 6002.50   2.3264e-03   1.7487e-04
 6004.45   1.8291e-03   1.3704e-04
 6006.40   3.0230e-03   2.2532e-04
 6008.35   7.6435e-03   5.6785e-04
 6010.30   9.2731e-03   6.8503e-04
 6012.25   8.5326e-03   6.2658e-04
 6014.20   7.4427e-03   5.4485e-04
 6016.15   7.5344e-03   5.5095e-04
 6018.10   1.3629e-02   1.0003e-03
 6020.05   1.3872e-02   1.0151e-03
 6022.00   4.9608e-03   3.5777e-04
 6023.95   6.4729e-03   4.6636e-04
 6025.90   9.6805e-03   7.0055e-04
 6027.85   5.0282e-03   3.6244e-04
 6029.80   5.0008e-03   3.6014e-04
 6031.75   1.0702e-02   7.7523e-04
 6033.70   1.0796e-02   7.8346e-04
 6035.65   6.7936e-03   4.9035e-04
 6037.60   4.7034e-03   3.3688e-04
 6039.55   3.6892e-03   2.6223e-04
 6041.50   5.6118e-03   3.9822e-04
 6043.45   9.0892e-03   6.4557e-04
 6045.40   1.0008e-02   7.1066e-04
 6047.35   8.8043e-03   6.2260e-04
 6049.30   9.6785e-03   6.8229e-04
 6051.25   4.7262e-03   3.3095e-04
 6053.20   4.5285e-03   3.1670e-04
 6055.15   6.7472e-03   4.7162e-04
 6057.10   7.0171e-03   4.8984e-04
 6059.05   7.1083e-03   4.9655e-04
 6061.00   5.5758e-04   3.8580e-05
 6062.95   4.0205e-03   2.7867e-04
 6064.90   9.0163e-03   6.3023e-04
 6066.85   9.8950e-03   6.9451e-04
 6068.80   1.2234e-02   8.5884e-04
 6070.75   1.2162e-02   8.5322e-04
 6072.70   7.9018e-03   5.4913e-04
 6074.65   2.7680e-03   1.8954e-04
 6076.60   6.9145e-03   4.7598e-04
 6078.55   8.8731e-03   6.1227e-04
 6080.50   7.9834e-03   5.4969e-04
 6082.45   8.0416e-03   5.5307e-04
 6084.40   1.1206e-02   7.7413e-04
 6086.35   1.2103e-02   8.3716e-04
 6088.30   8.7019e-03   5.9881e-04
 6090.25   9.9596e-03   6.8870e-04
 6092.20   5.7027e-03   3.9176e-04
 6094.15   3.1364e-03   2.1430e-04
 6096.10   3.9840e-03   2.7326e-04
 6098.05   6.4200e-03   4.4461e-04
 6100.00   8.4882e-03   5.9149e-04
 6101.95   5.9687e-03   4.1518e-04
 6103.90   7.0943e-03   5.0014e-04
 6105.85   7.4286e-03   5.3108e-04
 6107.80   1.0519e-03   7.5501e-05
 6109.75  -1.0862e-03  -7.8649e-05
 6111.70   7.6555e-03   5.6851e-04
 6113.65   1.5456e-02   1.1667e-03
 6115.60   1.6757e-02   1.2590e-03
 6117.55   1.6400e-02   1.2119e-03
 6119.50   1.2722e-02   9.1529e-04
 6121.45   5.8566e-03   4.1086e-04
 6123.40   4.2628e-03   2.9543e-04
 6125.35   5.8429e-03   4.0031e-04
 6127.30   8.7420e-03   5.9660e-04
 6129.25   9.7665e-03   6.6534e-04
 6131.20   5.8738e-03   3.9653e-04
 6133.15   5.0377e-03   3.4001e-04
 6135.10   6.9539e-03   4.7341e-04
 6137.05   1.4746e-03   1.0060e-04
 6139.00  -2.6188e-04  -1.7884e-05
 6140.95   3.6217e-03   2.4731e-04
 6142.90   7.5041e-03   5.1500e-04
 6144.85   5.5469e-03   3.8104e-04
 6146.80   2.3010e-03   1.5604e-04
 6148.75   4.1147e-03   2.7560e-04
 6150.70   4.5930e-03   3.1010e-04
 6152.65   3.5270e-03   2.4166e-04
 6154.60   6.3539e-03   4.4005e-04
 6156.55   6.1338e-03   4.2481e-04
 6158.50   9.2746e-04   6.4050e-05
 6160.45   6.1654e-03   4.3554e-04
 6162.40   1.3693e-02   9.7880e-04
 6164.35   9.1298e-03   6.3241e-04
 6166.30   6.5845e-03   4.4213e-04
 6168.25   7.9884e-03   5.3345e-04
 6170.20   1.0436e-02   7.0292e-04
 6172.15   1.4404e-02   9.7449e-04
 6174.10   1.5679e-02   1.0558e-03
 6176.05   9.0293e-03   5.9499e-04
 6178.00   4.0332e-03   2.5959e-04
 6179.95   6.1169e-03   3.9294e-04
 6181.90   8.3458e-03   5.3829e-04
 6183.85   7.0079e-03   4.4966e-04
 6185.80   9.0471e-03   5.8085e-04
 6187.75   1.1608e-02   7.4948e-04
 6189.70   1.1661e-02   7.5449e-04
 6191.65   5.7353e-03   3.6736e-04
 6193.60   4.4347e-03   2.8338e-04
 6195.55   7.8245e-03   5.0084e-04
 6197.50   8.3422e-03   5.2993e-04
 6199.45   8.5349e-03   5.4471e-04
 6201.40   8.0902e-03   5.2370e-04
 6203.35   1.0460e-02   6.8125e-04
 6205.30   1.1510e-02   7.4618e-04
 6207.25   7.9121e-03   5.0646e-04
 6209.20   7.0503e-03   4.5059e-04
 6211.15   1.1938e-02   7.7212e-04
 6213.10   1.2257e-02   7.9134e-04
 6215.05   8.8291e-03   5.6418e-04
 6217.00   6.1948e-03   3.9239e-04
 6218.95   7.3280e-03   4.6667e-04
 6220.90   1.1087e-02   7.1958e-04
 6222.85   7.7879e-03   5.0472e-04
 6224.80   3.3184e-03   2.1189e-04
 6226.75   3.7590e-03   2.3573e-04
 6228.70   7.7674e-03   4.8571e-04
 6230.65   6.5231e-03   4.1567e-04
 6232.60   3.7791e-03   2.5276e-04
 6234.55   6.7240e-03   4.7737e-04
 6236.50   6.4504e-03   4.6986e-04
 6238.45   6.1103e-03   4.4055e-04
 6240.40   7.8540e-03   5.5121e-04
 6242.35   1.5020e-02   1.0385e-03
 6244.30   1.5331e-02   1.0368e-03
 6246.25   9.0310e-03   5.8821e-04
 6248.20   3.4319e-03   2.1674e-04
 6250.15   7.4723e-03   4.7326e-04
 6252.10   1.4589e-02   9.3584e-04
 6254.05   1.0075e-02   6.5331e-04
 6256.00   3.2056e-03   2.1625e-04
 6257.95   5.0634e-03   3.5724e-04
 6259.90   1.2585e-02   8.9712e-04
 6261.85   1.4893e-02   1.0353e-03
 6263.80   1.1147e-02   7.5662e-04
 6265.75   1.1911e-02   8.0434e-04
 6267.70   1.0792e-02   7.1555e-04
 6269.65   5.9478e-03   3.8144e-04
 6271.60   1.0711e-02   6.8597e-04
 6273.55   1.4232e-02   9.2490e-04
 6275.50   9.6777e-03   6.2563e-04
 6277.45   6.6641e-03   4.2714e-04
 6279.40   9.4608e-03   6.0702e-04
 6281.35   7.0772e-03   4.5189e-04
 6283.30   1.5789e-03   1.0232e-04
 6285.25   5.5395e-03   3.7915e-04
 6287.20   1.3866e-02   9.8905e-04
 6289.15   1.7988e-02   1.2803e-03
 6291.10   1.2787e-02   8.7212e-04
 6293.05   7.9685e-03   5.2116e-04
 6295.00   1.2132e-02   8.1920e-04
 6296.95   1.4584e-02   1.1145e-03
 6298.90   1.3516e-02   1.1730e-03
 6300.85   1.8566e-02   1.7056e-03
 6302.80   1.4634e-02   1.2889e-03
 6304.75   1.2706e-02   1.0253e-03
 6306.70   1.4529e-02   1.1063e-03
 6308.65   1.1606e-02   8.4534e-04
 6310.60   8.1699e-03   5.6156e-04
 6312.55   5.0290e-03   3.2743e-04
 6314.50   5.3751e-03   3.4120e-04
 6316.45   5.4491e-03   3.4294e-04
 6318.40   5.1573e-03   3.2636e-04
 6320.35   8.8632e-03   5.7562e-04
 6322.30   8.1709e-03   5.4068e-04
 6324.25   9.0373e-03   5.9901e-04
 6326.20   8.7338e-03   5.7771e-04
 6328.15   4.4750e-03   3.0399e-04
 6330.10   1.1995e-02   8.5042e-04
 6332.05   1.0947e-02   7.5952e-04
 6334.00   6.1038e-03   4.0004e-04
 6335.95   9.0050e-03   5.7515e-04
 6337.90   1.1292e-02   7.1254e-04
 6339.85   1.1609e-02   7.2646e-04
 6341.80   8.5802e-03   5.3279e-04
 6343.75   7.1980e-03   4.4585e-04
 6345.70   8.3285e-03   5.2742e-04
 6347.65   6.0344e-03   3.9080e-04
 6349.60   5.9516e-03   3.8660e-04
 6351.55   8.3812e-03   5.3706e-04
 6353.50   8.2230e-03   5.3084e-04
 6355.45   6.6785e-03   4.3997e-04
 6357.40   6.4668e-03   4.2876e-04
 6359.35   5.8665e-03   3.8902e-04
 6361.30   3.1887e-03   2.1885e-04
 6363.25   1.0098e-02   7.3750e-04
 6365.20   1.5619e-02   1.1537e-03
 6367.15   1.2522e-02   8.7326e-04
 6369.10   1.1683e-02   7.5820e-04
 6371.05   6.6361e-03   4.0772e-04
 6373.00   3.0442e-03   1.8260e-04
 6374.95   9.9817e-03   6.1241e-04
 6376.90   1.0984e-02   6.8364e-04
 6378.85   8.8352e-03   5.5376e-04
 6380.80   9.8277e-03   6.1889e-04
 6382.75   5.2032e-03   3.2396e-04
 6384.70   5.9668e-03   3.7732e-04
 6386.65   1.0441e-02   6.7199e-04
 6388.60   1.4363e-02   9.2190e-04
 6390.55   1.4097e-02   8.8945e-04
 6392.50   7.9019e-03   4.8391e-04
 6394.45   9.2528e-03   5.6313e-04
 6396.40   4.9313e-03   2.9661e-04
 6398.35   4.2815e-04   2.5196e-05
 6400.30   4.3690e-03   2.5964e-04
 6402.25   3.5436e-03   2.1083e-04
 6404.20   9.7365e-03   5.8621e-04
 6406.15   1.2244e-02   7.4335e-04
 6408.10   5.6018e-03   3.3518e-04
 6410.05   6.2638e-03   3.7712e-04
 6412.00   8.6523e-03   5.2916e-04
 6413.95   9.1450e-03   5.6164e-04
 6415.90   7.1388e-03   4.3558e-04
 6417.85   3.9778e-03   2.4167e-04
 6419.80   4.8073e-03   2.9400e-04
 6421.75   7.6837e-03   4.7259e-04
 6423.70   7.9616e-03   4.8830e-04
 6425.65   7.1626e-03   4.3396e-04
 6427.60   9.4344e-03   5.7235e-04
 6429.55   1.1027e-02   6.7253e-04
 6431.50   1.0478e-02   6.3651e-04
 6433.45   7.8419e-03   4.7127e-04
 6435.40   7.8970e-03   4.7270e-04
 6437.35   1.0398e-02   6.2603e-04
 6439.30   7.5534e-03   4.4874e-04
 6441.25   4.5114e-03   2.6447e-04
 6443.20   6.3748e-03   3.7744e-04
 6445.15   8.7436e-03   5.2301e-04
 6447.10   8.9668e-03   5.3782e-04
 6449.05   9.4397e-03   5.7176e-04
 6451.00   1.3036e-02   8.0478e-04
 6452.95   1.1993e-02   7.3914e-04
 6454.90   6.9885e-03   4.2353e-04
 6456.85   6.6175e-03   4.0076e-04
 6458.80   8.4749e-03   5.1753e-04
 6460.75   6.6511e-03   4.1023e-04
 6462.70   4.1754e-03   2.6407e-04
 6464.65   7.5588e-04   4.9385e-05
 6466.60  -8.8922e-04  -5.9137e-05
 6468.55   4.2065e-03   2.7940e-04
 6470.50   8.4159e-03   5.5580e-04
 6472.45   5.0520e-03   3.2655e-04
 6474.40  -3.5321e-04  -2.1834e-05
 6476.35   2.1844e-03   1.3160e-04
 6478.30   6.7607e-03   4.0720e-04
 6480.25   7.8093e-03   4.6833e-04
 6482.20   8.6285e-03   5.1137e-04
 6484.15   6.7017e-03   3.8918e-04
 6486.10   5.6883e-03   3.2744e-04
 6488.05   2.7945e-03   1.6027e-04
 6490.00   7.9569e-04   4.5304e-05
 6491.95   5.9158e-03   3.4389e-04
 6493.90   9.3760e-03   5.6405e-04
 6495.85   1.2379e-02   7.8702e-04
 6497.80   7.5016e-03   5.0371e-04
 6499.75   5.9104e-03   4.0550e-04
 6501.70   1.4018e-02   9.4855e-04
 6503.65   1.0358e-02   6.7285e-04
 6505.60   6.1215e-03   3.8709e-04
 6507.55   7.2766e-03   4.4933e-04
 6509.50   3.8876e-03   2.2987e-04
 6511.45   1.8282e-03   1.0584e-04
 6513.40   2.2399e-03   1.3015e-04
 6515.35   8.8390e-04   5.0862e-05
 6517.30   1.8084e-03   1.0363e-04
 6519.25   6.2425e-03   3.6597e-04
 6521.20   9.7681e-03   5.9195e-04
 6523.15   1.0447e-02   6.4394e-04
 6525.10   1.1291e-02   6.9431e-04
 6527.05   1.0965e-02   6.5985e-04
 6529.00   6.1558e-03   3.6838e-04
 6530.95   5.0903e-03   3.2153e-04
 6532.90   9.2977e-03   6.1699e-04
 6534.85   7.9625e-03   5.2166e-04
 6536.80   4.4992e-03   2.7764e-04
 6538.75   4.7593e-03   2.8198e-04
 6540.70   5.4774e-03   3.2669e-04
 6542.65   6.1554e-03   3.7812e-04
 6544.60   3.0893e-03   1.9080e-04
 6546.55   7.2631e-03   4.4606e-04
 6548.50   6.1970e-03   3.7203e-04
 6550.45   1.4887e-03   9.0844e-05
 6552.40   9.5008e-03   6.2263e-04
 6554.35   1.3158e-02   8.8829e-04
 6556.30   6.8948e-03   4.4633e-04
 6558.25   9.9018e-03   6.1182e-04
 6560.20   1.3904e-02   8.5814e-04
 6562.15   9.0422e-03   5.6332e-04
 6564.10   8.1840e-03   5.1238e-04
 6566.05   1.0101e-02   6.2812e-04
 6568.00   1.0567e-02   6.5443e-04
 6569.95   4.0153e-03   2.4389e-04
 6571.90   1.1730e-03   6.9827e-05
 6573.85   3.2849e-04   1.9758e-05
 6575.80   1.6417e-03   1.0368e-04
 6577.75   6.4354e-03   4.1805e-04
 6579.70   6.2416e-03   3.9567e-04
 6581.65   1.0114e-02   6.1865e-04
 6583.60   8.0241e-03   4.7370e-04
 6585.55   7.0308e-03   4.0754e-04
 6587.50   5.8662e-03   3.3546e-04
 6589.45   4.4116e-03   2.5002e-04
 6591.40   7.4149e-03   4.2550e-04
 6593.35   9.6870e-03   5.6557e-04
 6595.30   9.7387e-03   5.7867e-04
 6597.25   8.7492e-03   5.2348e-04
 6599.20   4.6826e-03   2.7301e-04
 6601.15   4.1802e-03   2.4320e-04
 6603.10   9.6833e-03   5.8842e-04
 6605.05   1.1456e-02   7.0194e-04
 6607.00   5.2339e-03   3.0809e-04
 6608.95   8.3510e-03   4.8325e-04
 6610.90   9.5348e-03   5.4186e-04
 6612.85   2.3344e-03   1.2849e-04
 6614.80   9.1875e-03   5.1681e-04
 6616.75   8.5682e-03   4.7548e-04
 6618.70   6.0857e-03   3.3402e-04
 6620.65   1.0234e-02   5.7649e-04
 6622.60   8.2814e-03   4.6249e-04
 6624.55   3.1725e-03   1.7413e-04
 6626.50   5.8715e-03   3.3134e-04
 6628.45   6.2069e-03   3.5439e-04
 6630.40   6.8853e-03   3.9162e-04
 6632.35   9.6172e-03   5.5500e-04
 6634.30   4.6777e-03   2.6698e-04
 6636.25   3.5734e-03   2.0143e-04
 6638.20   4.8777e-03   2.7249e-04
 6640.15   7.0054e-03   3.8643e-04
 6642.10   3.1043e-03   1.6670e-04
 6644.05   1.1529e-03   6.1719e-05
 6646.00   7.4375e-03   4.0739e-04
 6647.95   5.0403e-03   2.7243e-04
 6649.90   2.1848e-03   1.1698e-04
 6651.85   6.4828e-03   3.5395e-04
 6653.80   3.5652e-03   1.9138e-04
 6655.75   6.0816e-03   3.3034e-04
 6657.70   7.0891e-03   3.8680e-04
 6659.65   7.2249e-03   3.9676e-04
 6661.60   3.7733e-03   2.0472e-04
 6663.55   5.0850e-03   2.7746e-04
 6665.50   5.6763e-03   3.1084e-04
 6667.45   2.2067e-03   1.1973e-04
 6669.40   7.3241e-03   4.0501e-04
 6671.35   7.6812e-03   4.2193e-04
 6673.30   3.0654e-03   1.6277e-04
 6675.25   7.3816e-03   3.9765e-04
 6677.20   3.2621e-03   1.7184e-04
 6679.15   5.1767e-03   2.7511e-04
 6681.10   8.9869e-03   4.8583e-04
 6683.05   4.2611e-03   2.2670e-04
 6685.00   1.2982e-02   7.2071e-04
 6686.95   1.0794e-02   5.8917e-04
 6688.90   8.8616e-03   4.7501e-04
 6690.85   6.9305e-03   3.7119e-04
 6692.80   8.5013e-03   4.5962e-04
 6694.75   1.0361e-02   5.6455e-04
 6696.70   7.0151e-03   3.7741e-04
 6698.65   5.7777e-03   3.1082e-04
 6700.60   6.7578e-03   3.6916e-04
 6702.55   1.0356e-04   5.5451e-06
 6704.50   3.2262e-03   1.7301e-04
 6706.45   6.9575e-03   3.7957e-04
 6708.40   5.3379e-03   2.8929e-04
 6710.35   3.4873e-03   1.8621e-04
 6712.30   4.8939e-03   2.6052e-04
 6714.25   6.9946e-03   3.7651e-04
 6716.20   3.6043e-04   1.9067e-05
 6718.15   2.8342e-03   1.4999e-04
 6720.10   5.6692e-03   3.0453e-04
 6722.05   8.8487e-04   4.6521e-05
 6724.00   4.3508e-03   2.2824e-04
 6725.95   5.7323e-03   3.0045e-04
 6727.90   9.7374e-03   5.2242e-04
 6729.85   5.9189e-03   3.1496e-04
 6731.80   3.4163e-03   1.8112e-04
 6733.75   3.3865e-03   1.7993e-04
 6735.70   5.2454e-03   2.8242e-04
 6737.65   7.5190e-04   4.0168e-05
 6739.60   6.3406e-03   3.4768e-04
 6741.55   6.1301e-03   3.3580e-04
 6743.50   5.9059e-03   3.2390e-04
 6745.45   6.8783e-03   3.7511e-04
 6747.40   4.5815e-03   2.4612e-04
 6749.35  -3.2986e-04  -1.7533e-05
 6751.30   5.7672e-03   3.1101e-04
 6753.25   7.9759e-03   4.2985e-04
 6755.20   7.7991e-03   4.2092e-04
 6757.15   2.6978e-03   1.4361e-04
 6759.10   2.0666e-03   1.0965e-04
 6761.05   9.7921e-03   5.3401e-04
 6763.00   7.3794e-03   3.9722e-04
 6764.95   9.6254e-03   5.1833e-04
 6766.90   1.5494e-02   8.5334e-04
 6768.85   9.0512e-03   4.8752e-04
 6770.80   8.2202e-03   4.4190e-04
 6772.75   1.3125e-02   7.1521e-04
 6774.70   8.7175e-03   4.6733e-04
 6776.65   9.2981e-03   5.0349e-04
 6778.60   3.9109e-03   2.0567e-04
 6780.55   3.9541e-03   2.0686e-04
 6782.50   6.9696e-03   3.7366e-04
 6784.45   6.4900e-03   3.4975e-04
 6786.40   6.2306e-03   3.3576e-04
 6788.35   6.5714e-03   3.5439e-04
 6790.30   4.5756e-03   2.4375e-04
 6792.25   9.2774e-03   5.0072e-04
 6794.20   6.2962e-03   3.3489e-04
 6796.15   4.0942e-03   2.1490e-04
 6798.10   7.2636e-03   3.8760e-04
 6800.05  -1.3060e-03  -6.8297e-05
 6802.00   3.0872e-03   1.6287e-04
 6803.95   7.7693e-03   4.1442e-04
 6805.90   8.0587e-03   4.3154e-04
 6807.85   4.8053e-03   2.5544e-04
 6809.80  -8.5280e-04  -4.4886e-05
 6811.75   5.5311e-03   2.9675e-04
 6813.70   1.1300e-02   6.1034e-04
 6815.65   9.4097e-03   5.0539e-04
 6817.60   1.1141e-02   6.0305e-04
 6819.55   9.9149e-03   5.3468e-04
 6821.50   5.5299e-03   2.9483e-04
 6823.45   1.3442e-03   7.2847e-05
 6825.40  -1.1918e-03  -7.0879e-05
 6827.35   1.5795e-02   1.0677e-03
 6829.30   2.0832e-02   1.5124e-03
 6831.25   8.9926e-03   6.5658e-04
 6833.20   6.7086e-03   4.8631e-04
 6835.15   3.1667e-03   2.2382e-04
 6837.10  -3.5208e-03  -2.3215e-04
 6839.05  -1.9359e-03  -1.1846e-04
 6841.00   6.5435e-03   3.9409e-04
 6842.95   2.3206e-03   1.3739e-04
 6844.90  -3.0354e-03  -1.7323e-04
 6846.85   3.9225e-03   2.2220e-04
 6848.80   6.5547e-03   3.7064e-04
 6850.75   8.4272e-03   4.7891e-04
 6852.70   7.3998e-03   4.1431e-04
 6854.65   7.7421e-03   4.2864e-04
 6856.60   1.1987e-02   6.7422e-04
 6858.55   6.9551e-03   3.9457e-04
 6860.50   5.8825e-03   3.6679e-04
 6862.45  -1.1390e-03  -8.1832e-05
 6864.40  -9.8594e-04  -7.5372e-05
 6866.35   7.9819e-03   5.8479e-04
 6868.30   1.0157e-02   6.6260e-04
 6870.25   1.0467e-02   6.3499e-04
 6872.20   5.9373e-03   3.6585e-04
 6874.15   4.5088e-03   2.8057e-04
 6876.10  -3.5163e-02  -2.1215e-03
 6878.05  -2.8661e-03  -1.8022e-04
 6880.00   1.0514e-02   6.8756e-04
 6881.95   4.7768e-03   3.1269e-04
 6883.90   5.9529e-03   3.6925e-04
 6885.85   1.1015e-03   6.4559e-05
 6887.80   4.6996e-03   2.8923e-04
 6889.75   5.7442e-03   3.7364e-04
 6891.70   8.9601e-04   5.6989e-05
 6893.65  -1.8573e-03  -1.1329e-04
 6895.60  -3.2006e-03  -1.9018e-04
 6897.55   6.4458e-04   3.8171e-05
 6899.50   9.0849e-03   5.7333e-04
 6901.45   8.2174e-03   5.3414e-04
 6903.40   2.4940e-03   1.5640e-04
 6905.35   3.8930e-03   2.3444e-04
 6907.30   5.3368e-04   3.1442e-05
 6909.25  -2.3640e-03  -1.4261e-04
 6911.20   2.1675e-03   1.4110e-04
 6913.15  -8.8980e-03  -6.0738e-04
 6915.10  -5.6737e-03  -3.7641e-04
 6917.05   5.0720e-03   3.1648e-04
 6919.00   6.3178e-03   3.7992e-04
 6920.95   8.0853e-04   5.2608e-05
 6922.90   6.3007e-03   4.5055e-04
 6924.85   1.3949e-02   1.0083e-03
 6926.80   1.0588e-02   7.0992e-04
 6928.75   8.0947e-03   4.9621e-04
 6930.70   5.0880e-03   2.9407e-04
 6932.65   4.2794e-03   2.4277e-04
 6934.60   2.1336e-03   1.2228e-04
 6936.55   9.4590e-03   5.8409e-04
 6938.50   1.8961e-02   1.2508e-03
 6940.45   1.1796e-02   7.8635e-04
 6942.40   6.2260e-03   4.0370e-04
 6944.35   5.0599e-03   3.1435e-04
 6946.30   6.1062e-03   4.0100e-04
 6948.25   1.4900e-02   1.0862e-03
 6950.20   1.5135e-02   1.1304e-03
 6952.15   1.1301e-02   7.9363e-04
 6954.10   5.2384e-03   3.2865e-04
 6956.05   6.4395e-03   3.8013e-04
 6958.00   7.7914e-03   4.5503e-04
 6959.95   1.0976e-02   6.5239e-04
 6961.90   6.1253e-03   3.6218e-04
 6963.85   2.7014e-03   1.5759e-04
 6965.80   4.0320e-03   2.3781e-04
 6967.75   1.0233e-02   6.2850e-04
 6969.70   5.1905e-03   3.2648e-04
 6971.65   9.6015e-03   6.0908e-04
 6973.60   2.4854e-03   1.5265e-04
 6975.55  -7.9266e-04  -4.9682e-05
 6977.50   4.7137e-03   3.1766e-04
 6979.45   8.1010e-03   5.6683e-04
 6981.40   1.3416e-03   8.9372e-05
 6983.35  -9.9078e-04  -6.0306e-05
 6985.30   2.6467e-03   1.5350e-04
 6987.25   7.0632e-03   4.1383e-04
 6989.20   1.0212e-02   5.9837e-04
 6991.15   4.4142e-03   2.5262e-04
 6993.10   1.1251e-03   6.4775e-05
 6995.05   4.8028e-03   2.8215e-04
 6997.00   8.0190e-03   4.7164e-04
 6998.95   2.2759e-03   1.3119e-04
 7000.90  -4.0850e-03  -2.3960e-04
 7002.85   3.3867e-03   2.0689e-04
 7004.80   2.5887e-03   1.5918e-04
 7006.75   8.9069e-04   5.4091e-05
 7008.70   1.4347e-02   8.9596e-04
 7010.65   8.0697e-03   5.2330e-04
 7012.60   3.2867e-03   2.1323e-04
 7014.55   1.3146e-03   8.1072e-05
 7016.50  -1.1433e-03  -6.5766e-05
 7018.45   6.0119e-03   3.3952e-04
 7020.40   8.7486e-03   5.0010e-04
 7022.35   4.9235e-03   2.7721e-04
 7024.30   4.7276e-03   2.6534e-04
 7026.25   9.4119e-03   5.3380e-04
 7028.20   6.4808e-03   3.6377e-04
 7030.15   6.6742e-03   3.8283e-04
 7032.10   7.7810e-03   4.4751e-04
 7034.05   9.9408e-03   5.6358e-04
 7036.00   7.6178e-03   4.2677e-04
 7037.95   5.0760e-03   2.8204e-04
 7039.90   6.9905e-03   3.9791e-04
 7041.85   5.7984e-03   3.3800e-04
 7043.80   1.4176e-03   8.3306e-05
 7045.75   3.8011e-03   2.3319e-04
 7047.70   3.0654e-03   1.9409e-04
 7049.65   7.6484e-03   4.9374e-04
 7051.60   5.7960e-03   3.6415e-04
 7053.55   6.2152e-03   3.8121e-04
 7055.50   8.9663e-03   5.3987e-04
 7057.45   5.0670e-04   2.9047e-05
 7059.40  -9.3693e-04  -5.4077e-05
 7061.35   1.1883e-02   7.1031e-04
 7063.30   7.7211e-03   4.6317e-04
 7065.25   3.4567e-03   2.0797e-04
 7067.20   8.9447e-03   5.4624e-04
 7069.15   1.0508e-02   6.3836e-04
 7071.10   6.6895e-03   4.0441e-04
 7073.05   5.1961e-03   3.1207e-04
 7075.00   6.8226e-03   4.0061e-04
 7076.95   1.0105e-02   6.1760e-04
 7078.90   4.9898e-03   3.2538e-04
 7080.85   6.0903e-04   3.7621e-05
 7082.80   1.0709e-02   6.4082e-04
 7084.75   1.1154e-02   6.8003e-04
 7086.70   4.0229e-03   2.4290e-04
 7088.65   6.3435e-03   3.8802e-04
 7090.60   9.1321e-03   5.5770e-04
 7092.55   1.1090e-02   6.6758e-04
 7094.50   2.4423e-03   1.3796e-04
 7096.45   6.3030e-03   3.5624e-04
 7098.40   6.4228e-03   3.6674e-04
 7100.35   4.7852e-03   2.7011e-04
 7102.30   3.1656e-03   1.7682e-04
 7104.25   6.0877e-03   3.4590e-04
 7106.20   9.2965e-03   5.4393e-04
 7108.15   7.0999e-03   4.1366e-04
 7110.10   1.3728e-02   8.1468e-04
 7112.05   5.5385e-03   3.2340e-04
 7114.00   2.8990e-03   1.6746e-04
 7115.95   8.8270e-03   5.2155e-04
 7117.90   4.1533e-03   2.4108e-04
 7119.85   3.3371e-03   1.9206e-04
 7121.80   7.7174e-03   4.5133e-04
 7123.75   8.2592e-03   4.8544e-04
 7125.70   8.6529e-03   5.1752e-04
 7127.65   3.8559e-03   2.2624e-04
 7129.60   1.6540e-02   1.0043e-03
 7131.55   9.7744e-03   5.8161e-04
 7133.50   1.2096e-02   7.1483e-04
 7135.45   7.3040e-03   4.1727e-04
 7137.40   8.0078e-03   4.5182e-04
 7139.35   8.4149e-03   4.8011e-04
 7141.30   3.1836e-03   1.8563e-04
 7143.25   1.0471e-03   6.2947e-05
 7145.20   1.5655e-02   9.9557e-04
 7147.15   1.0958e-02   6.8238e-04
 7149.10  -1.9559e-03  -1.1718e-04
 7151.05   5.0214e-03   2.9762e-04
 7153.00   7.1171e-03   4.1860e-04
 7154.95   3.2871e-03   1.9276e-04
 7156.90   3.9360e-03   2.3151e-04
 7158.85   1.0257e-02   6.2870e-04
 7160.80   8.4547e-03   5.2124e-04
 7162.75  -3.0515e-03  -1.8291e-04
 7164.70   1.6565e-03   9.8598e-05
 7166.65   4.4289e-03   2.6484e-04
 7168.60   7.1110e-03   4.3198e-04
 7170.55   4.6234e-03   2.7831e-04
 7172.50   9.0201e-03   5.5667e-04
 7174.45   4.7955e-03   2.9216e-04
 7176.40   8.0744e-03   4.9811e-04
 7178.35   1.1317e-02   7.1122e-04
 7180.30   8.8209e-03   5.4668e-04
 7182.25   1.2332e-02   7.5871e-04
 7184.20   8.3423e-03   4.9308e-04
 7186.15   1.1106e-02   6.6203e-04
 7188.10   5.0223e-03   2.9638e-04
 7190.05   1.0268e-02   6.2869e-04
 7192.00  -8.4232e-05  -4.9198e-06
 7193.95  -3.1853e-03  -1.8373e-04
 7195.90   1.4395e-03   8.2707e-05
 7197.85   8.5054e-03   5.0938e-04
 7199.80   5.3186e-03   3.1906e-04
 7201.75   2.3164e-03   1.3816e-04
 7203.70   1.4800e-02   9.2788e-04
 7205.65   1.0409e-02   6.4175e-04
 7207.60   8.8337e-03   5.4634e-04
 7209.55   1.3193e-02   8.2139e-04
 7211.50   7.5535e-03   4.5763e-04
 7213.45   4.1029e-03   2.4551e-04
 7215.40   5.5263e-03   3.2416e-04
 7217.35   8.4751e-03   4.9387e-04
 7219.30   4.6950e-03   2.7251e-04
 7221.25   6.2690e-03   3.8015e-04
 7223.20   1.1628e-02   7.0908e-04
 7225.15   1.0870e-02   6.4674e-04
 7227.10   6.4579e-03   3.8276e-04
 7229.05   5.1484e-03   3.0612e-04
 7231.00   7.5784e-03   4.4959e-04
 7232.95   1.9526e-03   1.1435e-04
 7234.90  -3.7970e-04  -2.3256e-05
 7236.85   9.7327e-03   7.1861e-04
 7238.80   3.8612e-02   3.5018e-03
 7240.75   3.7346e-02   3.6216e-03
 7242.70   1.6313e-02   1.5687e-03
 7244.65   1.5855e-02   1.5477e-03
 7246.60   3.6940e-02   3.5767e-03
 7248.55   4.5784e-02   4.0305e-03
 7250.50   5.1002e-02   4.0650e-03
 7252.45   3.8997e-02   2.9962e-03
 7254.40   5.4674e-02   4.2851e-03
 7256.35   3.9835e-02   3.0145e-03
 7258.30   2.9862e-02   2.1693e-03
 7260.25   2.8889e-02   2.0035e-03
 7262.20   4.6237e-02   3.2061e-03
 7264.15   2.6851e-02   1.7717e-03
 7266.10   6.5111e-03   4.1310e-04
 7268.05   1.4976e-02   9.9657e-04
 7270.00   1.0279e-02   6.7532e-04
 7271.95   7.8273e-04   5.3018e-05
 7273.90   7.9927e-03   6.4592e-04
 7275.85   1.3581e-02   1.2543e-03
 7277.80   3.2636e-02   3.1129e-03
 7279.75   1.3701e-02   1.1772e-03
 7281.70   9.4586e-03   7.5197e-04
 7283.65   1.1607e-02   9.4223e-04
 7285.60   5.5993e-03   4.5137e-04
 7287.55   3.6325e-03   2.7019e-04
 7289.50  -5.3634e-04  -3.5613e-05
 7291.45   3.7988e-04   2.3932e-05
 7293.40   3.2896e-03   2.1761e-04
 7295.35   6.1614e-05   4.3521e-06
 7297.30   3.2167e-03   2.2919e-04
 7299.25   1.2257e-02   8.3887e-04
 7301.20   5.7970e-03   3.9525e-04
 7303.15   1.3642e-03   9.9114e-05
 7305.10   6.5037e-03   4.9244e-04
 7307.05   7.2125e-03   5.2059e-04
 7309.00   9.1049e-03   6.0911e-04
 7310.95   3.6561e-03   2.3342e-04
 7312.90  -1.2934e-03  -9.0997e-05
 7314.85   1.3208e-02   1.1183e-03
 7316.80   2.2069e-02   2.0202e-03
 7318.75   1.3787e-02   1.1775e-03
 7320.70   4.5051e-03   3.2257e-04
 7322.65   5.9601e-03   3.6715e-04
 7324.60   4.3052e-03   2.5986e-04
 7326.55   4.0591e-03   2.7214e-04
 7328.50   6.6006e-03   4.9839e-04
 7330.45   5.3721e-03   4.1936e-04
 7332.40   4.3303e-03   3.1617e-04
 7334.35  -3.1009e-03  -2.0300e-04
 7336.30  -1.3367e-02  -8.9035e-04
 7338.25  -5.2602e-03  -4.2738e-04
 7340.20   6.7037e-04   6.3463e-05
 7342.15  -1.8797e-03  -1.8138e-04
 7344.10   2.0357e-03   1.7764e-04
 7346.05  -2.9177e-03  -2.1068e-04
 7348.00  -2.9634e-03  -1.8888e-04
 7349.95   1.3825e-03   8.6030e-05
 7351.90   4.8929e-03   3.0750e-04
 7353.85   6.8370e-03   4.3771e-04
 7355.80  -2.8491e-03  -1.9289e-04
 7357.75  -2.9292e-04  -2.1777e-05
 7359.70   1.6521e-02   1.2798e-03
 7361.65   1.6860e-02   1.2298e-03
 7363.60   7.4967e-03   4.9526e-04
 7365.55   2.0926e-03   1.4580e-04
 7367.50   1.3560e-02   1.1129e-03
 7369.45   1.7428e-02   1.5712e-03
 7371.40  -3.5491e-03  -3.1101e-04
 7373.35  -6.2490e-03  -4.8652e-04
 7375.30   7.4245e-04   5.0331e-05
 7377.25   5.2312e-03   3.2861e-04
 7379.20   2.0968e-03   1.2778e-04
 7381.15   1.6519e-03   1.0160e-04
 7383.10   1.3840e-03   8.5694e-05
 7385.05   5.0180e-03   3.1432e-04
 7387.00   5.4518e-03   3.4920e-04
 7388.95   1.3538e-03   9.2028e-05
 7390.90   2.7867e-03   2.0790e-04
 7392.85   9.2950e-03   7.2251e-04
 7394.80   8.4883e-03   6.2822e-04
 7396.75   5.5066e-03   3.7272e-04
 7398.70   9.8122e-03   6.9864e-04
 7400.65   1.1025e-02   8.9443e-04
 7402.60   2.1227e-02   1.8307e-03
 7404.55   1.5139e-02   1.2277e-03
 7406.50   3.1359e-03   2.1675e-04
 7408.45   3.2436e-03   2.0223e-04
 7410.40   1.4091e-02   8.8067e-04
 7412.35   1.2609e-02   7.9821e-04
 7414.30   5.1659e-03   3.2692e-04
 7416.25   3.7888e-03   2.3745e-04
 7418.20   4.9094e-04   2.9876e-05
 7420.15  -1.1680e-03  -7.0709e-05
 7422.10   1.9610e-03   1.1946e-04
 7424.05   4.1779e-03   2.5711e-04
 7426.00   2.5660e-03   1.6045e-04
 7427.95   1.0158e-02   6.9478e-04
 7429.90   1.3143e-02   9.5854e-04
 7431.85  -1.3305e-03  -9.3415e-05
 7433.80  -1.8684e-03  -1.2552e-04
 7435.75   1.8763e-03   1.3306e-04
 7437.70   1.8271e-02   1.4433e-03
 7439.65   1.2959e-02   1.0387e-03
 7441.60   6.2039e-03   4.6117e-04
 7443.55   1.0685e-02   7.1934e-04
 7445.50   1.0151e-02   6.4936e-04
 7447.45   6.4675e-03   4.0146e-04
 7449.40   7.0972e-03   4.4157e-04
 7451.35   7.6807e-03   4.8079e-04
 7453.30   4.5251e-03   2.7856e-04
 7455.25   9.1965e-03   5.7186e-04
 7457.20   1.1166e-02   7.0836e-04
 7459.15   3.2400e-03   2.0633e-04
 7461.10   1.1392e-03   7.4989e-05
 7463.05   4.2975e-03   2.9334e-04
 7465.00   1.7146e-02   1.2257e-03
 7466.95   1.3702e-02   9.9223e-04
 7468.90   9.5532e-04   6.9264e-05
 7470.85   1.7471e-04   1.3270e-05
 7472.80   8.2520e-03   6.5056e-04
 7474.75   1.2188e-02   9.4957e-04
 7476.70   8.0165e-03   6.1179e-04
 7478.65   1.8586e-02   1.4717e-03
 7480.60   9.2902e-03   7.5523e-04
 7482.55   1.0349e-02   8.4700e-04
 7484.50   1.7194e-02   1.3681e-03
 7486.45   1.8543e-02   1.3946e-03
 7488.40   1.4788e-03   1.0075e-04
 7490.35   5.4533e-03   3.6228e-04
 7492.30   8.3258e-03   5.6618e-04
 7494.25  -4.3830e-04  -2.9637e-05
 7496.20   2.0916e-03   1.3827e-04
 7498.15   4.1951e-03   2.6915e-04
 7500.10   1.0966e-03   6.8777e-05
 7502.05   3.6489e-03   2.3019e-04
 7504.00   9.5593e-03   6.0869e-04
 7505.95   3.7108e-03   2.3260e-04
 7507.90   4.0760e-03   2.5297e-04
 7509.85   4.9466e-03   3.0588e-04
 7511.80   6.3105e-03   3.9466e-04
 7513.75  -2.1157e-03  -1.3360e-04
 7515.70   2.6859e-03   1.7766e-04
 7517.65   8.1258e-03   5.5911e-04
 7519.60   8.4787e-03   6.0921e-04
 7521.55   5.9832e-03   4.8237e-04
 7523.50   4.0083e-03   3.5800e-04
 7525.45   1.2441e-02   1.1332e-03
 7527.40  -1.0540e-03  -8.7787e-05
 7529.35   9.6435e-04   7.3480e-05
 7531.30   1.2325e-02   9.2047e-04
 7533.25   1.3338e-02   9.6189e-04
 7535.20   7.0302e-03   4.7476e-04
 7537.15   1.2080e-02   8.0515e-04
 7539.10   6.0620e-03   4.0102e-04
 7541.05   1.9422e-03   1.2832e-04
 7543.00   7.2366e-03   4.7644e-04
 7544.95   7.2249e-03   4.6130e-04
 7546.90   5.9949e-03   3.7586e-04
 7548.85   4.2070e-03   2.6245e-04
 7550.80   4.3703e-03   2.7622e-04
 7552.75   2.1982e-03   1.4059e-04
 7554.70  -2.3565e-03  -1.5530e-04
 7556.65  -5.5388e-03  -3.8335e-04
 7558.60  -5.2116e-03  -3.6705e-04
 7560.55   2.7746e-03   1.8866e-04
 7562.50   4.2645e-03   2.7365e-04
 7564.45   6.5830e-04   4.2074e-05
 7566.40  -2.2438e-04  -1.5164e-05
 7568.35  -6.9627e-04  -5.1635e-05
 7570.30   3.7768e-03   3.1129e-04
 7572.25   6.3164e-03   5.4319e-04
 7574.20   1.1094e-02   9.1492e-04
 7576.15   1.0459e-02   7.7487e-04
 7578.10   5.1674e-03   3.4016e-04
 7580.05   1.0209e-02   6.5433e-04
 7582.00   1.0019e-02   6.5068e-04
 7583.95   9.9307e-03   6.8671e-04
 7585.90   1.8420e-02   1.3588e-03
 7587.85   1.1445e-02   8.2929e-04
 7589.80   6.3254e-03   4.2659e-04
 7591.75   7.4951e-03   4.7202e-04
 7593.70   4.6203e-03   2.7838e-04
 7595.65   7.6436e-03   4.7524e-04
 7597.60   1.4723e-02   1.0879e-03
 7599.55   9.1576e-03   8.0198e-04
 7601.50  -8.5757e-03  -7.8951e-04
 7603.45  -8.5058e-03  -7.5288e-04
 7605.40  -5.2906e-03  -4.8322e-04
 7607.35  -3.0287e-02  -3.0014e-03
 7609.30  -4.1977e-02  -4.3667e-03
 7611.25  -1.6425e-02  -1.7328e-03
 7613.20  -9.6887e-03  -1.0205e-03
 7615.15  -1.0416e-02  -1.0881e-03
 7617.10   5.1552e-03   5.3029e-04
 7619.05   2.0476e-02   1.9529e-03
 7621.00   1.2455e-02   1.0201e-03
 7622.95   6.4955e-03   4.7505e-04
 7624.90   5.6031e-03   4.1515e-04
 7626.85   9.9679e-03   8.2188e-04
 7628.80   2.1685e-02   1.9543e-03
 7630.75   1.5555e-02   1.4072e-03
 7632.70   1.8763e-02   1.6253e-03
 7634.65   1.2094e-02   9.7773e-04
 7636.60   7.2786e-03   5.6918e-04
 7638.55   1.3442e-02   1.0599e-03
 7640.50   5.8479e-03   4.5591e-04
 7642.45   4.5488e-03   3.5658e-04
 7644.40  -1.5373e-03  -1.2109e-04
 7646.35  -6.2475e-03  -4.9212e-04
 7648.30  -8.5202e-03  -6.6688e-04
 7650.25  -8.2408e-03  -6.5438e-04
 7652.20  -3.8200e-03  -3.1557e-04
 7654.15  -2.7369e-03  -2.2830e-04
 7656.10  -1.7589e-03  -1.4035e-04
 7658.05   1.5464e-03   1.1866e-04
 7660.00  -3.7472e-03  -3.0027e-04
 7661.95  -6.0167e-03  -5.0974e-04
 7663.90   7.0474e-03   5.9825e-04
 7665.85   1.4477e-02   1.1375e-03
 7667.80   5.3239e-03   3.7724e-04
 7669.75   1.1876e-02   8.1490e-04
 7671.70   1.6713e-02   1.1231e-03
 7673.65   1.5313e-02   1.0171e-03
 7675.60   9.2627e-03   6.0516e-04
 7677.55   9.7388e-03   6.3490e-04
 7679.50   1.4577e-02   9.7875e-04
 7681.45   1.5124e-02   1.0445e-03
 7683.40   5.2213e-03   3.5600e-04
 7685.35   8.8318e-03   6.1471e-04
 7687.30   1.2217e-02   8.6911e-04
 7689.25  -2.6886e-03  -1.9225e-04
 7691.20  -8.6724e-03  -6.2287e-04
 7693.15   1.6851e-03   1.2005e-04
 7695.10   1.2303e-03   8.9100e-05
 7697.05  -2.5718e-03  -1.9477e-04
 7699.00  -3.3349e-03  -2.6214e-04
 7700.95  -7.4413e-03  -5.8436e-04
 7702.90   1.5174e-03   1.1390e-04
 7704.85   8.9528e-03   6.3349e-04
 7706.80   6.0786e-03   4.2875e-04
 7708.75   8.3070e-03   6.8182e-04
 7710.70   1.7534e-02   1.7322e-03
 7712.65   2.2669e-02   2.5137e-03
 7714.60   2.8420e-02   3.3020e-03
 7716.55   5.7833e-02   6.7042e-03
 7718.50   7.4776e-02   8.2307e-03
 7720.45   3.7894e-02   3.6541e-03
 7722.40   2.0459e-02   1.7668e-03
 7724.35   1.9701e-02   1.7116e-03
 7726.30   1.7270e-02   1.5046e-03
 7728.25   8.4333e-03   6.8767e-04
 7730.20   5.2854e-03   3.9264e-04
 7732.15   9.7879e-04   7.0416e-05
 7734.10  -8.0203e-03  -5.8932e-04
 7736.05  -6.8960e-03  -5.1030e-04
 7738.00  -4.1494e-03  -3.0112e-04
 7739.95  -1.9868e-03  -1.4055e-04
 7741.90   8.9466e-04   6.2744e-05
 7743.85  -2.4203e-03  -1.7334e-04
 7745.80  -1.1282e-02  -9.1886e-04
 7747.75  -9.5525e-03  -9.7501e-04
 7749.70   4.4266e-04   5.1972e-05
 7751.65  -1.4246e-03  -1.6699e-04
 7753.60  -1.7631e-02  -1.8028e-03
 7755.55  -8.5723e-03  -7.2910e-04
 7757.50  -3.8585e-04  -3.3167e-05
 7759.45   7.4164e-03   6.8923e-04
 7761.40   2.6986e-02   2.5019e-03
 7763.35   1.8820e-02   1.5555e-03
 7765.30   9.3563e-03   6.7356e-04
 7767.25   1.5117e-02   1.0588e-03
 7769.20   1.7591e-02   1.2729e-03
 7771.15   2.3991e-02   1.8965e-03
 7773.10   2.0466e-02   1.6904e-03
 7775.05   1.3775e-02   1.1161e-03
 7777.00   1.1091e-02   8.8956e-04
 7778.95   1.1134e-02   9.4401e-04
 7780.90   1.4081e-02   1.2408e-03
 7782.85   1.4367e-03   1.2120e-04
 7784.80  -3.8048e-03  -2.9292e-04
 7786.75   1.4197e-03   1.0598e-04
 7788.70  -1.3735e-03  -1.0836e-04
 7790.65  -5.7635e-03  -5.3632e-04
 7792.60   6.4256e-04   7.0069e-05
 7794.55   2.3588e-03   2.6702e-04
 7796.50  -1.2836e-02  -1.3139e-03
 7798.45  -2.3455e-02  -1.9810e-03
 7800.40  -5.1979e-03  -3.7868e-04
 7802.35   4.2569e-03   2.9950e-04
 7804.30  -1.3605e-03  -1.0228e-04
 7806.25   7.1727e-03   6.2135e-04
 7808.20   3.4187e-02   3.2682e-03
 7810.15   3.6579e-02   3.4477e-03
 7812.10   1.2294e-02   1.0348e-03
 7814.05   4.6566e-03   3.5819e-04
 7816.00   5.0438e-03   4.0055e-04
 7817.95   1.2764e-03   1.1935e-04
 7819.90   1.7881e-02   1.9769e-03
 7821.85   2.0172e-02   2.3519e-03
 7823.80   9.6294e-03   1.0323e-03
 7825.75   6.1485e-03   5.4004e-04
 7827.70  -1.3682e-03  -1.0167e-04
 7829.65  -7.5255e-03  -5.4349e-04
 7831.60  -3.7915e-03  -2.7132e-04
 7833.55   5.3927e-04   3.8317e-05
 7835.50  -3.8923e-03  -2.7841e-04
 7837.45  -8.3086e-03  -6.4475e-04
 7839.40  -1.9168e-03  -1.6902e-04
 7841.35  -7.5366e-04  -7.0435e-05
 7843.30   1.9815e-03   1.7668e-04
 7845.25   1.0203e-02   8.1698e-04
 7847.20   1.8296e-03   1.4576e-04
 7849.15  -1.8109e-02  -1.6876e-03
 7851.10  -2.3505e-02  -2.5932e-03
 7853.05   1.4865e-02   1.7870e-03
 7855.00   4.3186e-02   5.0595e-03
 7856.95   1.9119e-02   2.0116e-03
 7858.90   9.5900e-03   9.5314e-04
 7860.85   2.2216e-02   2.2049e-03
 7862.80   2.3392e-02   2.1843e-03
 7864.75   1.1763e-02   1.0158e-03
 7866.70   3.9595e-03   3.5670e-04
 7868.65   1.7443e-02   1.7423e-03
 7870.60   1.5975e-02   1.6356e-03
 7872.55   2.6059e-04   2.4890e-05
 7874.50  -3.8969e-03  -3.3446e-04
 7876.45  -5.2946e-03  -4.5969e-04
 7878.40  -6.3533e-03  -6.0159e-04
 7880.35  -4.7206e-03  -4.6006e-04
 7882.30  -1.0840e-02  -1.0175e-03
 7884.25  -1.2441e-02  -1.1039e-03
 7886.20  -5.9268e-03  -5.4690e-04
 7888.15  -5.2889e-03  -5.4214e-04
 7890.10  -1.6330e-02  -1.7484e-03
 7892.05  -2.0640e-02  -2.0797e-03
 7894.00  -1.0635e-02  -9.3561e-04
 7895.95   3.1587e-04   2.4754e-05
 7897.90   3.6913e-03   2.7688e-04
 7899.85   4.0386e-03   2.9956e-04
 7901.80   7.6572e-03   5.7195e-04
 7903.75   1.0730e-02   8.0988e-04
 7905.70   1.0132e-02   7.8307e-04
 7907.65  -7.4423e-04  -6.1070e-05
 7909.60  -8.2883e-04  -8.0536e-05
 7911.55   2.5353e-02   2.9732e-03
 7913.50   6.4536e-02   8.2188e-03
 7915.45   6.0915e-02   7.4014e-03
 7917.40   1.6967e-02   1.8362e-03
 7919.35   1.6772e-02   1.7936e-03
 7921.30   1.7911e-02   1.9479e-03
 7923.25   4.7373e-03   4.7449e-04
 7925.20   2.8869e-03   2.5262e-04
 7927.15  -6.5147e-03  -5.5884e-04
 7929.10   1.7189e-03   1.6570e-04
 7931.05   7.6850e-03   7.8415e-04
 7933.00  -3.2039e-03  -3.1273e-04
 7934.95  -1.1763e-02  -1.0209e-03
 7936.90  -7.3538e-03  -5.6659e-04
 7938.85   3.0107e-03   2.2553e-04
 7940.80   6.8849e-04   5.2200e-05
 7942.75   1.7089e-03   1.3221e-04
 7944.70  -8.3070e-04  -6.7963e-05
 7946.65  -3.2452e-03  -2.8967e-04
 7948.60   6.9163e-03   6.5419e-04
 7950.55   1.2160e-02   1.1314e-03
 7952.50   8.5156e-03   7.2194e-04
 7954.45   8.1380e-03   6.2137e-04
 7956.40   1.2301e-02   9.2112e-04
 7958.35   7.7295e-03   5.9957e-04
 7960.30  -6.6726e-03  -5.9629e-04
 7962.25   1.2427e-03   1.3569e-04
 7964.20   5.3023e-02   6.4674e-03
 7966.15   5.9610e-02   7.0868e-03
 7968.10   2.1030e-02   2.1607e-03
 7970.05   7.1139e-03   6.1915e-04
 7972.00   4.8523e-04   3.9181e-05
 7973.95   7.4266e-03   6.3222e-04
 7975.90   1.4208e-02   1.3594e-03
 7977.85   8.0125e-04   8.3573e-05
 7979.80  -2.5940e-03  -2.7316e-04
 7981.75   4.2343e-03   4.0898e-04
 7983.70  -7.9957e-03  -6.7526e-04
 7985.65  -9.2277e-03  -7.4009e-04
 7987.60  -6.8754e-03  -5.9330e-04
 7989.55  -2.5610e-02  -2.6407e-03
 7991.50  -2.4841e-02  -2.9789e-03
 7993.45  -1.9295e-02  -2.4279e-03
 7995.40  -3.3318e-02  -3.8846e-03
 7997.35  -2.7118e-02  -2.6437e-03
 7999.30  -1.5614e-03  -1.3203e-04
 8001.25   1.0618e-02   8.6635e-04
 8003.20   6.5583e-03   5.2671e-04
 8005.15   5.5755e-03   4.4028e-04
 8007.10   9.3420e-03   7.3187e-04
 8009.05   9.2587e-03   7.5328e-04
 8011.00   4.8472e-03   4.3961e-04
 8012.95   1.5164e-02   1.5201e-03
 8014.90   2.4683e-02   2.5095e-03
 8016.85   1.9348e-02   1.8483e-03
 8018.80   1.7409e-02   1.5831e-03
 8020.75   1.1381e-02   1.0720e-03
 8022.70   1.5155e-03   1.6169e-04
 8024.65   5.1360e-03   6.1014e-04
 8026.60   1.3942e-02   1.6694e-03
 8028.55   5.4096e-03   5.8630e-04
 8030.50  -1.9737e-04  -1.8307e-05
 8032.45   7.2324e-03   6.0477e-04
 8034.40   8.0084e-03   6.4277e-04
 8036.35  -2.3674e-04  -1.8515e-05
 8038.30  -4.6914e-03  -3.6209e-04
 8040.25   1.4223e-03   1.1064e-04
 8042.20   9.1819e-03   7.2529e-04
 8044.15   7.3187e-03   5.7426e-04
 8046.10   3.4165e-03   2.6957e-04
 8048.05   6.3752e-03   5.4136e-04
 8050.00   8.0893e-03   7.4684e-04
 8051.95   9.5222e-03   9.0778e-04
 8053.90   1.0419e-02   9.5265e-04
 8055.85   6.0536e-03   5.1315e-04
 8057.80   9.5416e-03   8.4966e-04
 8059.75   2.2905e-02   2.3257e-03
 8061.70   2.8382e-02   3.0646e-03
 8063.65   1.7520e-02   1.8080e-03
 8065.60   7.1729e-03   6.4947e-04
 8067.55   4.7539e-03   3.8176e-04
 8069.50   8.1500e-03   6.3448e-04
 8071.45   1.1507e-02   9.0374e-04
 8073.40   9.3629e-03   7.4779e-04
 8075.35   1.1948e-02   9.7999e-04
 8077.30   1.3798e-02   1.1397e-03
 8079.25   6.1792e-03   4.9448e-04
 8081.20   2.4364e-03   1.9245e-04
 8083.15   3.9573e-03   3.1987e-04
 8085.10   4.4472e-03   3.6291e-04
 8087.05   2.4503e-03   1.9676e-04
 8089.00  -1.5170e-03  -1.2122e-04
 8090.95  -2.6556e-03  -2.2144e-04
 8092.90   5.6991e-03   4.9534e-04
 8094.85   9.1091e-03   7.8977e-04
 8096.80  -7.8221e-04  -6.5788e-05
 8098.75   3.7909e-03   3.2624e-04
 8100.70   1.1265e-02   1.0542e-03
 8102.65  -4.0612e-03  -3.8903e-04
 8104.60  -1.5418e-03  -1.3999e-04
 8106.55   7.7147e-03   6.4707e-04
 8108.50   5.7105e-03   4.6165e-04
 8110.45   7.3558e-03   5.9620e-04
 8112.40   1.1080e-02   8.9416e-04
 8114.35   1.2941e-02   1.0344e-03
 8116.30   8.8286e-03   6.9607e-04
 8118.25   5.5371e-03   4.3339e-04
 8120.20   4.2792e-03   3.3365e-04
 8122.15   5.9339e-03   4.6844e-04
 8124.10   1.0261e-02   8.2902e-04
 8126.05   6.7464e-03   5.4172e-04
 8128.00   6.3844e-03   5.1519e-04
 8129.95   6.4915e-03   5.2513e-04
 8131.90   5.7822e-03   4.6534e-04
 8133.85   5.2672e-03   4.2692e-04
 8135.80   3.4586e-03   2.8591e-04
 8137.75   7.6798e-03   6.6095e-04
 8139.70   4.0546e-03   3.4747e-04
 8141.65   1.4626e-03   1.2236e-04
 8143.60   5.6318e-03   4.7749e-04
 8145.55   1.5090e-03   1.3066e-04
 8147.50  -4.0148e-03  -3.4569e-04
 8149.45  -3.2217e-03  -2.6791e-04
 8151.40   1.8370e-03   1.4779e-04
 8153.35   9.4433e-04   7.3835e-05
 8155.30   1.0252e-02   8.1427e-04
 8157.25   3.3984e-03   2.7281e-04
 8159.20  -9.8338e-04  -7.9159e-05
 8161.15   8.1882e-03   6.5915e-04
 8163.10   5.0906e-03   4.0502e-04
 8165.05   7.8966e-04   6.2325e-05
 8167.00   1.0965e-02   8.9585e-04
 8168.95   8.3030e-03   6.8554e-04
 8170.90   4.0465e-03   3.3676e-04
 8172.85   1.7529e-02   1.5256e-03
 8174.80   1.2560e-02   1.0810e-03
 8176.75  -5.3035e-03  -4.4828e-04
 8178.70   4.8678e-03   4.3286e-04
 8180.65   9.0653e-03   8.3965e-04
 8182.60   9.3433e-03   8.8944e-04
 8184.55   1.1020e-02   1.0596e-03
 8186.50   2.9376e-03   2.8174e-04
 8188.45  -8.2653e-03  -7.9209e-04
 8190.40  -4.3938e-03  -4.2199e-04
 8192.35  -4.3746e-03  -4.2285e-04
 8194.30  -8.5606e-03  -8.3108e-04
 8196.25  -9.7090e-03  -9.4498e-04
 8198.20  -8.6650e-03  -8.3267e-04
 8200.15   4.6768e-04   4.4130e-05
 8202.10   9.5258e-03   9.0316e-04
 8204.05   3.8756e-03   3.6664e-04
 8206.00  -3.6896e-03  -3.4364e-04
 8207.95   5.3187e-03   4.9270e-04
 8209.90   1.0493e-02   9.5294e-04
 8211.85   8.7736e-03   7.8517e-04
 8213.80   1.0132e-02   9.0791e-04
 8215.75   6.9045e-03   6.0758e-04
 8217.70   6.5999e-03   5.7852e-04
 8219.65   1.0634e-02   9.3741e-04
 8221.60   3.9535e-03   3.4209e-04
 8223.55  -3.4443e-03  -2.9129e-04
 8225.50   3.9950e-03   3.3140e-04
 8227.45   7.8823e-03   6.4606e-04
 8229.40   9.2996e-03   7.9242e-04
 8231.35   5.0061e-03   4.4721e-04
 8233.30  -6.6415e-03  -5.9220e-04
 8235.25  -1.8765e-03  -1.6511e-04
 8237.20   3.7747e-03   3.2993e-04
 8239.15   1.2075e-03   1.0618e-04
 8241.10   3.0447e-03   2.7001e-04
 8243.05   5.9525e-03   5.2197e-04
 8245.00   1.0499e-02   9.2994e-04
 8246.95   6.9759e-03   6.3543e-04
 8248.90   8.3279e-04   7.5838e-05
 8250.85   9.8243e-03   8.8255e-04
 8252.80   1.7955e-02   1.6027e-03
 8254.75   7.0265e-03   6.1771e-04
 8256.70   3.0781e-03   2.6998e-04
 8258.65   1.2629e-02   1.1151e-03
 8260.60   1.6564e-02   1.4549e-03
 8262.55   1.3043e-02   1.1467e-03
 8264.50   7.3272e-03   6.5187e-04
 8266.45   4.0584e-03   3.6373e-04
 8268.40   1.2398e-03   1.1156e-04
 8270.35   1.0924e-02   1.0132e-03
 8272.30   1.3754e-02   1.3261e-03
 8274.25  -4.8132e-03  -5.0892e-04
 8276.20  -3.5544e-02  -4.2427e-03
 8278.15  -4.9056e-02  -6.3923e-03
 8280.10  -3.7339e-02  -5.1054e-03
 8282.05  -1.3547e-02  -1.8399e-03
 8284.00  -6.8906e-03  -9.1852e-04
 8285.95   4.8943e-04   6.7528e-05
 8287.90  -1.0430e-02  -1.4725e-03
 8289.85  -1.3171e-02  -1.7582e-03
 8291.80  -1.2847e-02  -1.5656e-03
 8293.75  -4.5691e-03  -5.7548e-04
 8295.70   4.2411e-02   5.9756e-03
 8297.65   7.8886e-02   1.1663e-02
 8299.60   5.7211e-02   7.9863e-03
 8301.55   2.3270e-02   2.7731e-03
 8303.50   6.7984e-03   7.0029e-04
 8305.45   3.9544e-03   3.9792e-04
 8307.40   9.1712e-03   9.8800e-04
 8309.35   1.1176e-02   1.2769e-03
 8311.30   2.1171e-02   2.3855e-03
 8313.25   1.0211e-02   1.0403e-03
 8315.20  -3.7740e-03  -3.5404e-04
 8317.15  -9.7556e-03  -8.9734e-04
 8319.10  -6.7610e-03  -6.0812e-04
 8321.05  -1.4218e-03  -1.2597e-04
 8323.00   1.2352e-02   1.0978e-03
 8324.95   5.3251e-03   4.6647e-04
 8326.90   4.7683e-03   4.1473e-04
 8328.85   7.8591e-03   6.9528e-04
 8330.80   4.1298e-03   3.7171e-04
 8332.75   8.1891e-03   7.7351e-04
 8334.70   9.2516e-03   9.4222e-04
 8336.65   2.4448e-02   2.8085e-03
 8338.60   6.0458e-03   7.7060e-04
 8340.55  -1.0717e-02  -1.5929e-03
 8342.50   3.2020e-03   5.3779e-04
 8344.45   7.2031e-03   1.2224e-03
 8346.40  -2.4307e-02  -3.6594e-03
 8348.35  -2.1551e-02  -2.7932e-03
 8350.30  -1.9535e-03  -2.5557e-04
 8352.25  -1.3148e-03  -1.7615e-04
 8354.20  -4.5618e-03  -5.6655e-04
 8356.15  -9.1026e-03  -9.8060e-04
 8358.10  -5.9255e-03  -6.0241e-04
 8360.05   1.7489e-02   1.8931e-03
 8362.00   3.7176e-02   4.3125e-03
 8363.95   5.0752e-02   5.9746e-03
 8365.90   4.3415e-02   4.8298e-03
 8367.85   4.5039e-03   4.4727e-04
 8369.80  -6.6698e-03  -6.1191e-04
 8371.75   7.0637e-03   6.5976e-04
 8373.70   3.3961e-03   3.3152e-04
 8375.65   1.7276e-02   1.7759e-03
 8377.60   1.4254e-03   1.5760e-04
 8379.55  -5.3668e-03  -6.5158e-04
 8381.50   8.6283e-03   1.0924e-03
 8383.45   1.2310e-02   1.4697e-03
 8385.40   3.8077e-03   3.9937e-04
 8387.35   8.5110e-03   8.4279e-04
 8389.30   1.3514e-02   1.4113e-03
 8391.25   1.6347e-02   1.8401e-03
 8393.20  -5.7794e-03  -6.8861e-04
 8395.15   8.5491e-03   1.1857e-03
 8397.10  -8.2642e-03  -1.2839e-03
 8399.05  -2.8024e-02  -4.3413e-03
 8401.00  -3.0873e-02  -4.1418e-03
 8402.95  -2.8706e-02  -3.0676e-03
 8404.90  -1.0011e-02  -9.6058e-04
 8406.85  -2.9966e-04  -2.9324e-05
 8408.80  -1.0587e-02  -1.0739e-03
 8410.75  -4.1265e-04  -4.6716e-05
 8412.70  -3.0945e-03  -3.8913e-04
 8414.65   6.6115e-03   8.5586e-04
 8416.60   4.9720e-03   5.9403e-04
 8418.55  -1.3651e-02  -1.4321e-03
 8420.50  -1.7993e-02  -1.8994e-03
 8422.45  -1.5154e-02  -1.7295e-03
 8424.40  -1.4114e-02  -1.7401e-03
 8426.35   1.1056e-02   1.5991e-03
 8428.30   6.2468e-02   1.0154e-02
 8430.25   6.6946e-02   1.0652e-02
 8432.20   8.8135e-03   1.1814e-03
 8434.15  -4.8917e-06  -5.1505e-07
 8436.10  -5.2463e-04  -4.8723e-05
 8438.05  -1.0863e-02  -9.6163e-04
 8440.00  -3.3487e-04  -2.9403e-05
 8441.95  -3.8050e-03  -3.4359e-04
 8443.90  -2.4354e-04  -2.2933e-05
 8445.85  -6.5891e-03  -6.5347e-04
 8447.80  -2.7221e-02  -3.0236e-03
 8449.75   1.3980e-03   1.7415e-04
 8451.70   2.7510e-02   3.4800e-03
 8453.65  -5.8953e-03  -6.8510e-04
 8455.60  -6.0454e-03  -6.4970e-04
 8457.55   2.0738e-02   2.2649e-03
 8459.50   9.3363e-03   1.0785e-03
 8461.45  -1.2832e-03  -1.6912e-04
 8463.40   1.6765e-02   2.4734e-03
 8465.35   1.5440e-02   2.2332e-03
 8467.30  -4.7150e-03  -5.7961e-04
 8469.25   1.8026e-03   1.7741e-04
 8471.20   6.8675e-03   6.2160e-04
 8473.15  -2.0909e-04  -1.8746e-05
 8475.10   2.5369e-03   2.2238e-04
 8477.05   1.6975e-03   1.4506e-04
 8479.00  -7.2701e-03  -6.2163e-04
 8480.95   3.5525e-03   3.1000e-04
 8482.90   1.6325e-02   1.4938e-03
 8484.85   6.4073e-03   5.9794e-04
 8486.80  -3.9642e-03  -3.7625e-04
 8488.75  -6.1280e-03  -6.2902e-04
 8490.70  -1.7203e-03  -1.9541e-04
 8492.65   1.6056e-02   1.8819e-03
 8494.60   2.2755e-02   2.5967e-03
 8496.55  -1.3845e-02  -1.4939e-03
 8498.50  -2.8621e-02  -3.0890e-03
 8500.45  -4.1898e-03  -4.9629e-04
 8502.40   1.9963e-02   2.6117e-03
 8504.35   2.1370e-02   2.7703e-03
 8506.30   6.2408e-03   7.1742e-04
 8508.25  -1.8570e-03  -1.8068e-04
 8510.20   6.2718e-04   5.5971e-05
 8512.15   1.6013e-02   1.4148e-03
 8514.10   1.7481e-02   1.5243e-03
 8516.05   8.3486e-03   7.2266e-04
 8518.00   7.6227e-03   6.7277e-04
 8519.95   3.2635e-03   2.8537e-04
 8521.90   5.5710e-03   4.8249e-04
 8523.85  -7.9783e-03  -6.8813e-04
 8525.80  -8.3853e-03  -7.1231e-04
 8527.75   8.0556e-03   6.9726e-04
 8529.70   1.7529e-02   1.5605e-03
 8531.65  -5.5687e-04  -4.8734e-05
 8533.60   1.5347e-02   1.4215e-03
 8535.55   2.6618e-02   2.6665e-03
 8537.50   1.5892e-03   1.5963e-04
 8539.45  -3.8869e-03  -3.7363e-04
