 
TRANSIENT_NAME:     DES15E2dzb 
SNID:               1303883    
OBS_DATE:           2015-09-16
MJD:                57281. 
PHASE:              -4.    
MJD_MAX:            57286.1
TYPE:               1  
SPEC_EVAL:          SNIa
REDSHIFT:           0.2600  
REDSHIFT_ERR:       0.0050  
REDSHIFT_SOURCE:    Z_SN
TELESCOPE:          SALT
INSTRUMENT:         RSS
 
======================================
 
# WAVE  FLUX  FLUX_ERR
 3834.27   1.2304e-19   1.1555e-19
 3837.34   1.3787e-19   1.2245e-19
 3840.40   4.0405e-20   6.3557e-20
 3843.47   8.0552e-20   1.1326e-19
 3846.54   2.4779e-19   1.9170e-19
 3849.60   1.7911e-19   1.3554e-19
 3852.67   2.1894e-19   1.8492e-19
 3855.74   3.4054e-19   1.6192e-19
 3858.80   1.6769e-19   1.3995e-19
 3861.87   3.2286e-20   5.7834e-20
 3864.93   3.9215e-19   1.7405e-19
 3868.00   2.4665e-19   1.5322e-19
 3871.07   2.7997e-19   1.6356e-19
 3874.13   1.0930e-19   1.0474e-19
 3877.20   5.8558e-20   7.2416e-20
 3880.27   3.5011e-19   1.7406e-19
 3883.33   5.4545e-19   1.9520e-19
 3886.40   3.1093e-19   1.6670e-19
 3889.46   3.8810e-19   1.7570e-19
 3892.53   3.1814e-19   2.0102e-19
 3895.60   8.6207e-20   1.0958e-19
 3898.66   1.1344e-19   1.1219e-19
 3901.73   1.1976e-19   1.2877e-19
 3904.80   2.6630e-19   1.6140e-19
 3907.86   5.4962e-20   7.1028e-20
 3910.93   1.0140e-19   8.8548e-20
 3913.99   1.3981e-19   1.0427e-19
 3917.06   4.8068e-19   1.9065e-19
 3920.13   4.1216e-19   1.7131e-19
 3923.19   3.7014e-19   1.7900e-19
 3926.26   1.5972e-19   1.0847e-19
 3929.33   3.6412e-19   1.8478e-19
 3932.39   3.2861e-19   1.7593e-19
 3935.46   1.3035e-19   1.1320e-19
 3938.52   3.7381e-19   2.2102e-19
 3941.59   2.5050e-19   1.5094e-19
 3944.66   3.4695e-19   1.5676e-19
 3947.72   4.9274e-19   1.7949e-19
 3950.79   3.9123e-19   1.5976e-19
 3953.86   2.7462e-19   1.5912e-19
 3956.92   4.3259e-19   1.9196e-19
 3959.99   4.7472e-19   1.7761e-19
 3963.05   4.3904e-19   1.7303e-19
 3966.12   3.1699e-19   1.9214e-19
 3969.19   3.9229e-19   1.7838e-19
 3972.25   4.1524e-19   1.5691e-19
 3975.32   2.2332e-19   1.5239e-19
 3978.39   3.8666e-19   1.7167e-19
 3981.45   3.9209e-19   1.7587e-19
 3984.52   3.5194e-19   1.7919e-19
 3987.58   2.2734e-19   1.5100e-19
 3990.65   3.6936e-19   1.7841e-19
 3993.72   2.8885e-19   1.7728e-19
 3996.78   2.5811e-19   1.7312e-19
 3999.85   3.0624e-19   1.7425e-19
 4002.92   2.6006e-19   1.9167e-19
 4005.98   3.0692e-19   1.8657e-19
 4009.05   2.6642e-19   1.7794e-19
 4012.11   2.9411e-19   1.8435e-19
 4015.18   4.0850e-19   1.9530e-19
 4018.25   5.5788e-19   1.8312e-19
 4021.31   2.1889e-19   1.4620e-19
 4024.38   3.8099e-19   1.9861e-19
 4027.45   1.5775e-19   1.3689e-19
 4030.51   2.1761e-20   5.5026e-20
 4033.58   1.1400e-19   1.0708e-19
 4036.64   2.3387e-19   1.7572e-19
 4039.71   1.7459e-19   1.4334e-19
 4042.78   2.1648e-20   4.9794e-20
 4045.84   3.1127e-19   1.9248e-19
 4048.91   3.4924e-19   2.0549e-19
 4051.98   2.8097e-19   1.7143e-19
 4055.04   2.9404e-19   1.6957e-19
 4058.11   1.3531e-19   9.5676e-20
 4061.17   2.9558e-19   1.6915e-19
 4064.24   1.7256e-19   1.7200e-19
 4067.31   2.3556e-19   1.5987e-19
 4070.37   3.7224e-19   1.6749e-19
 4073.44   2.1807e-19   1.6297e-19
 4076.51   2.4301e-19   1.5151e-19
 4079.57   2.2769e-19   2.0226e-19
 4082.64   1.9321e-19   1.6137e-19
 4085.70   2.4190e-19   1.7205e-19
 4088.77   3.6584e-19   1.7489e-19
 4091.84   3.7298e-19   1.7655e-19
 4094.90   3.4300e-19   1.8937e-19
 4097.97   3.0341e-19   1.7706e-19
 4101.04   4.1287e-19   2.0154e-19
 4104.10   5.2760e-19   2.0713e-19
 4107.17   5.5094e-19   2.0539e-19
 4110.23   2.9900e-19   1.7696e-19
 4113.30   1.1223e-19   1.1722e-19
 4116.37   3.4758e-19   1.9612e-19
 4119.43   4.7462e-19   2.1004e-19
 4122.50   3.6020e-19   1.7843e-19
 4125.57   5.8170e-19   1.7598e-19
 4128.63   4.6019e-19   1.7597e-19
 4131.70   3.7519e-19   1.6764e-19
 4134.76   5.3922e-19   1.8528e-19
 4137.83   5.3459e-19   1.7986e-19
 4140.90   5.3852e-19   1.9354e-19
 4143.96   6.0685e-19   2.1268e-19
 4147.03   5.8603e-19   2.1888e-19
 4150.10   4.4182e-19   1.8530e-19
 4153.16   5.6401e-19   1.9906e-19
 4156.23   5.5438e-19   2.1813e-19
 4159.29   4.4091e-19   1.7568e-19
 4162.36   4.5316e-19   2.0033e-19
 4165.43   5.4704e-19   2.1509e-19
 4168.49   5.6097e-19   1.7838e-19
 4171.56   6.6276e-19   1.7768e-19
 4174.63   4.3181e-19   1.6783e-19
 4177.69   3.8928e-19   1.8740e-19
 4180.76   4.2774e-19   1.7302e-19
 4183.82   4.6421e-19   1.7467e-19
 4186.89   4.6863e-19   1.6188e-19
 4189.96   4.3037e-19   1.5756e-19
 4193.02   6.2022e-19   1.9608e-19
 4196.09   4.8343e-19   1.6147e-19
 4199.16   4.3142e-19   1.6512e-19
 4202.22   4.2713e-19   1.6195e-19
 4205.29   5.4186e-19   1.6506e-19
 4208.35   4.6764e-19   1.7094e-19
 4211.42   5.2298e-19   1.6283e-19
 4214.49   5.8362e-19   1.7411e-19
 4217.55   4.6675e-19   1.7000e-19
 4220.62   4.1689e-19   1.6654e-19
 4223.69   5.5175e-19   1.6170e-19
 4226.75   4.9018e-19   1.6393e-19
 4229.82   4.4709e-19   1.7541e-19
 4232.88   4.5599e-19   1.6406e-19
 4235.95   5.9942e-19   1.5326e-19
 4239.02   5.8912e-19   1.5341e-19
 4242.08   5.9198e-19   1.8305e-19
 4245.15   5.8098e-19   1.6825e-19
 4248.22   5.1544e-19   1.5486e-19
 4251.28   4.7053e-19   1.7288e-19
 4254.35   6.0651e-19   2.0166e-19
 4257.41   5.8215e-19   1.7411e-19
 4260.48   5.0341e-19   1.5870e-19
 4263.55   4.9714e-19   1.6323e-19
 4266.61   4.9841e-19   1.5611e-19
 4269.68   5.9985e-19   1.6648e-19
 4272.75   5.8149e-19   1.6903e-19
 4275.81   5.1852e-19   1.7623e-19
 4278.88   5.4877e-19   1.8230e-19
 4281.94   5.9041e-19   1.7575e-19
 4285.01   6.2095e-19   1.6169e-19
 4288.08   6.5535e-19   1.6835e-19
 4291.14   6.2472e-19   1.6042e-19
 4294.21   6.1457e-19   1.5287e-19
 4297.28   5.4096e-19   1.5551e-19
 4300.34   5.3544e-19   1.5284e-19
 4303.41   5.7908e-19   1.5288e-19
 4306.47   6.1568e-19   1.5460e-19
 4309.54   6.0527e-19   1.4838e-19
 4312.61   6.0385e-19   1.4957e-19
 4315.67   6.7314e-19   1.6679e-19
 4318.74   6.8876e-19   1.6934e-19
 4321.81   6.1283e-19   1.5511e-19
 4324.87   5.6534e-19   1.5264e-19
 4327.94   6.0905e-19   1.4910e-19
 4331.00   6.6937e-19   1.5762e-19
 4334.07   7.5480e-19   1.6796e-19
 4337.14   6.3489e-19   1.4708e-19
 4340.20   5.5989e-19   1.5887e-19
 4343.27   6.3673e-19   1.8335e-19
 4346.34   5.9341e-19   1.6498e-19
 4349.40   5.8526e-19   1.7552e-19
 4352.47   7.0648e-19   1.8502e-19
 4355.53   6.9987e-19   1.7972e-19
 4358.60   6.3398e-19   1.7071e-19
 4361.67   7.4123e-19   1.6237e-19
 4364.73   7.7878e-19   1.5660e-19
 4367.80   7.0160e-19   1.6812e-19
 4370.87   6.1949e-19   1.4731e-19
 4373.93   5.7770e-19   1.3796e-19
 4377.00   6.0467e-19   1.4959e-19
 4380.06   6.9442e-19   1.6013e-19
 4383.13   7.0494e-19   1.5912e-19
 4386.20   6.7824e-19   1.5797e-19
 4389.26   6.6782e-19   1.4457e-19
 4392.33   7.3458e-19   1.4594e-19
 4395.40   7.1053e-19   1.5554e-19
 4398.46   7.5453e-19   1.7015e-19
 4401.53   7.6837e-19   1.5389e-19
 4404.59   7.1118e-19   1.5190e-19
 4407.66   7.2333e-19   1.5997e-19
 4410.73   7.3467e-19   1.7465e-19
 4413.79   7.0963e-19   1.7613e-19
 4416.86   6.4731e-19   1.5492e-19
 4419.93   6.7032e-19   1.5969e-19
 4422.99   7.5459e-19   1.7092e-19
 4426.06   6.9747e-19   1.5516e-19
 4429.12   8.0403e-19   1.5706e-19
 4432.19   8.3618e-19   1.5960e-19
 4435.26   7.4808e-19   1.6246e-19
 4438.32   7.6541e-19   1.4337e-19
 4441.39   8.4435e-19   1.4727e-19
 4444.46   8.4071e-19   1.5776e-19
 4447.52   8.7040e-19   1.6763e-19
 4450.59   9.1598e-19   1.6054e-19
 4453.65   7.7846e-19   1.4484e-19
 4456.72   8.4315e-19   1.6089e-19
 4459.79   8.5604e-19   1.5586e-19
 4462.85   7.7757e-19   1.4460e-19
 4465.92   7.9112e-19   1.6214e-19
 4468.99   6.2095e-19   1.5778e-19
 4472.05   6.2788e-19   1.4480e-19
 4475.12   6.7076e-19   1.4985e-19
 4478.18   5.8951e-19   1.4744e-19
 4481.25   6.0474e-19   1.4858e-19
 4484.32   6.8375e-19   1.5409e-19
 4487.38   7.2051e-19   1.5462e-19
 4490.45   7.9701e-19   1.5899e-19
 4493.52   8.2489e-19   1.5288e-19
 4496.58   6.6636e-19   1.5301e-19
 4499.65   7.5679e-19   1.6078e-19
 4502.71   8.6631e-19   1.5917e-19
 4505.78   8.1746e-19   1.4999e-19
 4508.85   8.8080e-19   1.5651e-19
 4511.91   7.2758e-19   1.4697e-19
 4514.98   8.3240e-19   1.6797e-19
 4518.05   9.3080e-19   1.4135e-19
 4521.11   9.6848e-19   1.4690e-19
 4524.18   8.6977e-19   1.5943e-19
 4527.24   8.0930e-19   1.6420e-19
 4530.31   8.4054e-19   1.5374e-19
 4533.38   8.0740e-19   1.4638e-19
 4536.44   8.7183e-19   1.6080e-19
 4539.51   9.9691e-19   1.6239e-19
 4542.58   8.8015e-19   1.4850e-19
 4545.64   9.5238e-19   1.5359e-19
 4548.71   9.2861e-19   1.6076e-19
 4551.77   7.7822e-19   1.4976e-19
 4554.84   7.6604e-19   1.4208e-19
 4557.91   8.1437e-19   1.4968e-19
 4560.97   6.5336e-19   1.3565e-19
 4564.04   7.7204e-19   1.4144e-19
 4567.11   7.8584e-19   1.4411e-19
 4570.17   8.0379e-19   1.5321e-19
 4573.24   7.3792e-19   1.4857e-19
 4576.30   7.8141e-19   1.5098e-19
 4579.37   7.1170e-19   1.4410e-19
 4582.44   7.6573e-19   1.4153e-19
 4585.50   7.6448e-19   1.5804e-19
 4588.57   6.7983e-19   1.6236e-19
 4591.64   6.2821e-19   1.3506e-19
 4594.70   6.3212e-19   1.4277e-19
 4597.77   6.5499e-19   1.3714e-19
 4600.83   6.6289e-19   1.4580e-19
 4603.90   5.6595e-19   1.4865e-19
 4606.97   5.7646e-19   1.3462e-19
 4610.03   6.6379e-19   1.3590e-19
 4613.10   4.3734e-19   1.3446e-19
 4616.17   5.8519e-19   1.3510e-19
 4619.23   6.6294e-19   1.4570e-19
 4622.30   5.3373e-19   1.3233e-19
 4625.36   5.3807e-19   1.3808e-19
 4628.43   4.9346e-19   1.2973e-19
 4631.50   5.8598e-19   1.3563e-19
 4634.56   4.8856e-19   1.1679e-19
 4637.63   5.7972e-19   1.3245e-19
 4640.70   6.3210e-19   1.4190e-19
 4643.76   6.2694e-19   1.4866e-19
 4646.83   7.4525e-19   1.5098e-19
 4649.89   5.5345e-19   1.3777e-19
 4652.96   5.7068e-19   1.3933e-19
 4656.03   6.3494e-19   1.3619e-19
 4659.09   5.8914e-19   1.2526e-19
 4662.16   5.3240e-19   1.4533e-19
 4665.23   3.4475e-19   1.2197e-19
 4668.29   5.4145e-19   1.3277e-19
 4671.36   4.8747e-19   1.3139e-19
 4674.42   3.5609e-19   1.3301e-19
 4677.49   4.9594e-19   1.5467e-19
 4680.56   6.0835e-19   1.5554e-19
 4683.62   5.5352e-19   1.2473e-19
 4686.69   6.4414e-19   1.3343e-19
 4689.76   7.7841e-19   1.3519e-19
 4692.82   7.5232e-19   1.3637e-19
 4695.89   8.0607e-19   1.3344e-19
 4698.95   6.7145e-19   1.3189e-19
 4702.02   7.8790e-19   1.2210e-19
 4705.09   7.4860e-19   1.3549e-19
 4708.15   6.2083e-19   1.3320e-19
 4711.22   6.0030e-19   1.3151e-19
 4714.29   4.9807e-19   1.2940e-19
 4717.35   5.2652e-19   1.2312e-19
 4720.42   5.6402e-19   1.2291e-19
 4723.48   5.5845e-19   1.2380e-19
 4726.55   5.3657e-19   1.2812e-19
 4729.62   5.4168e-19   1.2467e-19
 4732.68   5.6564e-19   1.3267e-19
 4735.75   6.8970e-19   1.3282e-19
 4738.82   6.0700e-19   1.2751e-19
 4741.88   5.5517e-19   1.3410e-19
 4744.95   5.2640e-19   1.2276e-19
 4748.01   6.9885e-19   1.2964e-19
 4751.08   6.8630e-19   1.3071e-19
 4754.15   6.5018e-19   1.2490e-19
 4757.21   6.5295e-19   1.2704e-19
 4760.28   7.1326e-19   1.2667e-19
 4763.35   7.3502e-19   1.3597e-19
 4766.41   6.7442e-19   1.1785e-19
 4769.48   7.3917e-19   1.2563e-19
 4772.54   8.9572e-19   1.2809e-19
 4775.61   6.9666e-19   1.2137e-19
 4778.68   7.3378e-19   1.2289e-19
 4781.74   6.3334e-19   1.2096e-19
 4784.81   5.4227e-19   1.1990e-19
 4787.88   6.9220e-19   1.3096e-19
 4790.94   6.5040e-19   1.2456e-19
 4794.01   6.1481e-19   1.3728e-19
 4797.07   6.0851e-19   1.2973e-19
 4800.14   6.2592e-19   1.2201e-19
 4803.21   7.9483e-19   1.2823e-19
 4806.27   8.2079e-19   1.3177e-19
 4809.34   6.8502e-19   1.3218e-19
 4812.41   4.2925e-19   1.2244e-19
 4815.47   6.3616e-19   1.1933e-19
 4818.54   5.8612e-19   1.2297e-19
 4821.60   6.3399e-19   1.2324e-19
 4824.67   6.5443e-19   1.3455e-19
 4827.74   6.0437e-19   1.3086e-19
 4830.80   6.2812e-19   1.1705e-19
 4833.87   7.2891e-19   1.3920e-19
 4836.94   6.1468e-19   1.4100e-19
 4840.00   6.9513e-19   1.2537e-19
 4843.07   7.6576e-19   1.2486e-19
 4846.13   7.6783e-19   1.2263e-19
 4849.20   6.9263e-19   1.2720e-19
 4852.27   8.0141e-19   1.3194e-19
 4855.33   8.3286e-19   1.2996e-19
 4858.40   7.9864e-19   1.1666e-19
 4861.47   8.1839e-19   1.2111e-19
 4864.53   9.0239e-19   1.1856e-19
 4867.60   8.0298e-19   1.1675e-19
 4870.66   8.8620e-19   1.2593e-19
 4873.73   8.0348e-19   1.2429e-19
 4876.80   8.2634e-19   1.2418e-19
 4879.86   9.4350e-19   1.2934e-19
 4882.93   8.9747e-19   1.3097e-19
 4886.00   8.0480e-19   1.2476e-19
 4889.06   6.6952e-19   1.3150e-19
 4892.13   6.7545e-19   1.2765e-19
 4895.19   6.9654e-19   1.2387e-19
 4898.26   7.4849e-19   1.2459e-19
 4901.33   8.7346e-19   1.2570e-19
 4904.39   7.8472e-19   1.2592e-19
 4907.46   8.4774e-19   1.2429e-19
 4910.53   8.5386e-19   1.2472e-19
 4913.59   8.1614e-19   1.1835e-19
 4916.66   8.2838e-19   1.1868e-19
 4919.72   9.0589e-19   1.2080e-19
 4922.79   8.8373e-19   1.2400e-19
 4925.86   9.3978e-19   1.1961e-19
 4928.92   9.7455e-19   1.1879e-19
 4931.99   8.7105e-19   1.1982e-19
 4935.06   8.4781e-19   1.1675e-19
 5100.63   1.0225e-18   1.1210e-19
 5103.70   1.1455e-18   1.1545e-19
 5106.77   1.0488e-18   1.1333e-19
 5109.83   1.0504e-18   1.1500e-19
 5112.90   1.0308e-18   1.0916e-19
 5115.96   8.9049e-19   1.1161e-19
 5119.03   1.0221e-18   1.1225e-19
 5122.10   1.0468e-18   1.1140e-19
 5125.16   1.2198e-18   1.1622e-19
 5128.23   9.9101e-19   1.0974e-19
 5131.30   1.1012e-18   1.0892e-19
 5134.36   1.0198e-18   1.1128e-19
 5137.43   1.0896e-18   1.1586e-19
 5140.49   9.4715e-19   1.1215e-19
 5143.56   9.1712e-19   1.1751e-19
 5146.63   1.0031e-18   1.1249e-19
 5149.69   1.0511e-18   1.1430e-19
 5152.76   1.1336e-18   1.1493e-19
 5155.83   1.0948e-18   1.1504e-19
 5158.89   9.5808e-19   1.1471e-19
 5161.96   1.0829e-18   1.1449e-19
 5165.02   8.9909e-19   1.1231e-19
 5168.09   9.0976e-19   1.1076e-19
 5171.16   1.0285e-18   1.1331e-19
 5174.22   1.0137e-18   1.2127e-19
 5177.29   9.0879e-19   1.0763e-19
 5180.36   9.0914e-19   1.0823e-19
 5183.42   1.0908e-18   1.0810e-19
 5186.49   1.0193e-18   1.0765e-19
 5189.55   1.0551e-18   1.1113e-19
 5192.62   9.4763e-19   1.1717e-19
 5195.69   1.0075e-18   1.1922e-19
 5198.75   9.9737e-19   1.1684e-19
 5201.82   1.1144e-18   1.2530e-19
 5204.89   1.0245e-18   1.1589e-19
 5207.95   1.0660e-18   1.1011e-19
 5211.02   1.0696e-18   1.1650e-19
 5214.08   9.2839e-19   1.1129e-19
 5217.15   1.1363e-18   1.1493e-19
 5220.22   1.0127e-18   1.0985e-19
 5223.28   1.0712e-18   1.0853e-19
 5226.35   1.0225e-18   1.1397e-19
 5229.42   9.7749e-19   1.0582e-19
 5232.48   9.9802e-19   1.1216e-19
 5235.55   1.0361e-18   1.0845e-19
 5238.61   1.0260e-18   1.0605e-19
 5241.68   1.1182e-18   1.0520e-19
 5244.75   1.2254e-18   1.0830e-19
 5247.81   1.0316e-18   1.1211e-19
 5250.88   8.6399e-19   1.0886e-19
 5253.95   9.4168e-19   1.0902e-19
 5257.01   1.0470e-18   1.1523e-19
 5260.08   9.4092e-19   1.1259e-19
 5263.14   9.7658e-19   1.0883e-19
 5266.21   9.5504e-19   1.0785e-19
 5269.28   8.6958e-19   1.0719e-19
 5272.34   8.7601e-19   1.0545e-19
 5275.41   8.8572e-19   1.0539e-19
 5278.48   9.3396e-19   1.0904e-19
 5281.54   1.0144e-18   1.0973e-19
 5284.61   9.5962e-19   1.0814e-19
 5287.67   9.0464e-19   1.0949e-19
 5290.74   9.7094e-19   1.0844e-19
 5293.81   9.5716e-19   1.1120e-19
 5296.87   9.2516e-19   1.1198e-19
 5299.94   9.7022e-19   1.1313e-19
 5303.01   9.9156e-19   1.1683e-19
 5306.07   1.0055e-18   1.1543e-19
 5309.14   8.5635e-19   1.0636e-19
 5312.20   8.6261e-19   1.0614e-19
 5315.27   9.0614e-19   1.0934e-19
 5318.34   9.5791e-19   1.0818e-19
 5321.40   9.8355e-19   1.0698e-19
 5324.47   9.1392e-19   1.0625e-19
 5327.54   9.9775e-19   1.1403e-19
 5330.60   1.0256e-18   1.1521e-19
 5333.67   9.0974e-19   1.0758e-19
 5336.73   9.2126e-19   1.0801e-19
 5339.80   9.1660e-19   1.0765e-19
 5342.87   9.2671e-19   1.0711e-19
 5345.93   9.2543e-19   1.0851e-19
 5349.00   9.1632e-19   1.0980e-19
 5352.07   8.4853e-19   1.0953e-19
 5355.13   7.8594e-19   1.0881e-19
 5358.20   7.7702e-19   1.0321e-19
 5361.26   7.5971e-19   1.0652e-19
 5364.33   7.9127e-19   1.0603e-19
 5367.40   8.6251e-19   1.0844e-19
 5370.46   9.6471e-19   1.0863e-19
 5373.53   1.0031e-18   1.0981e-19
 5376.60   8.6331e-19   1.0758e-19
 5379.66   8.2896e-19   1.0574e-19
 5382.73   8.6660e-19   1.0367e-19
 5385.79   8.5544e-19   1.0890e-19
 5388.86   8.8236e-19   1.0973e-19
 5391.93   9.1782e-19   1.0717e-19
 5394.99   9.7946e-19   1.0784e-19
 5398.06   9.7002e-19   1.0794e-19
 5401.13   1.0067e-18   1.0605e-19
 5404.19   8.8545e-19   1.0503e-19
 5407.26   9.2487e-19   1.0923e-19
 5410.32   8.2668e-19   1.0835e-19
 5413.39   8.3158e-19   1.0510e-19
 5416.46   7.3292e-19   1.0646e-19
 5419.52   7.6086e-19   1.0405e-19
 5422.59   7.4937e-19   1.0532e-19
 5425.66   8.0796e-19   1.0134e-19
 5428.72   7.6112e-19   1.0339e-19
 5431.79   8.2899e-19   1.0913e-19
 5434.85   8.2235e-19   1.0502e-19
 5437.92   8.8852e-19   1.0772e-19
 5440.99   7.9490e-19   1.0374e-19
 5444.05   1.0213e-18   1.1137e-19
 5447.12   1.0697e-18   1.1168e-19
 5450.19   8.2707e-19   1.0257e-19
 5453.25   8.7212e-19   1.0667e-19
 5456.32   8.7079e-19   1.0592e-19
 5459.38   8.5995e-19   1.0633e-19
 5462.45   9.0470e-19   1.0899e-19
 5465.52   9.1388e-19   1.1086e-19
 5468.58   9.9041e-19   1.0919e-19
 5471.65   8.9266e-19   1.0545e-19
 5474.72   1.0134e-18   1.1127e-19
 5477.78   9.6548e-19   1.0993e-19
 5480.85   9.2621e-19   1.0660e-19
 5483.91   9.2948e-19   1.1118e-19
 5486.98   1.1644e-18   1.1134e-19
 5490.05   1.0049e-18   1.0844e-19
 5493.11   1.0549e-18   1.1106e-19
 5496.18   1.2032e-18   1.1058e-19
 5499.25   1.1315e-18   1.0890e-19
 5502.31   1.1970e-18   1.1377e-19
 5505.38   1.1416e-18   1.1341e-19
 5508.44   1.1242e-18   1.1090e-19
 5511.51   1.0238e-18   1.0926e-19
 5514.58   9.4451e-19   1.0793e-19
 5517.64   9.8665e-19   1.0813e-19
 5520.71   9.5146e-19   1.1309e-19
 5523.78   1.0361e-18   1.1303e-19
 5526.84   9.7726e-19   1.0874e-19
 5529.91   9.8962e-19   1.1115e-19
 5532.97   1.1061e-18   1.1191e-19
 5536.04   9.5531e-19   1.1219e-19
 5539.11   9.9527e-19   1.1247e-19
 5542.17   9.8897e-19   1.1211e-19
 5545.24   9.3248e-19   1.1348e-19
 5548.31   9.5278e-19   1.2098e-19
 5551.37   1.0494e-18   1.2526e-19
 5554.44   1.0434e-18   1.2069e-19
 5557.50   9.2254e-19   1.1854e-19
 5560.57   9.2613e-19   1.2299e-19
 5597.37   7.0197e-19   1.1505e-19
 5600.43   8.2472e-19   1.1965e-19
 5603.50   9.1840e-19   1.2044e-19
 5606.56   9.0718e-19   1.1399e-19
 5609.63   1.0249e-18   1.1680e-19
 5612.70   1.1395e-18   1.1570e-19
 5615.76   1.0445e-18   1.1265e-19
 5618.83   1.0568e-18   1.1047e-19
 5621.90   1.0705e-18   1.1421e-19
 5624.96   1.0675e-18   1.0889e-19
 5628.03   1.0872e-18   1.0874e-19
 5631.09   1.1095e-18   1.0957e-19
 5634.16   1.1209e-18   1.0842e-19
 5637.23   1.1704e-18   1.1130e-19
 5640.29   1.0293e-18   1.0638e-19
 5643.36   1.0071e-18   1.0696e-19
 5646.43   1.2030e-18   1.0761e-19
 5649.49   1.2702e-18   1.0902e-19
 5652.56   1.0240e-18   1.0748e-19
 5655.62   1.0072e-18   1.0623e-19
 5658.69   1.0403e-18   1.0593e-19
 5661.76   1.1705e-18   1.0698e-19
 5664.82   1.1940e-18   1.1740e-19
 5667.89   1.1590e-18   1.1915e-19
 5670.96   1.1563e-18   1.1327e-19
 5674.02   1.0710e-18   1.1299e-19
 5677.09   1.2382e-18   1.1468e-19
 5680.15   1.1269e-18   1.1114e-19
 5683.22   1.1815e-18   1.0954e-19
 5686.29   1.1452e-18   1.0744e-19
 5689.35   1.3214e-18   1.0989e-19
 5692.42   1.1698e-18   1.0614e-19
 5695.49   1.1159e-18   1.0692e-19
 5698.55   1.1330e-18   1.0514e-19
 5701.62   1.2778e-18   1.1053e-19
 5704.68   1.1148e-18   1.0705e-19
 5707.75   1.1974e-18   1.0900e-19
 5710.82   1.1346e-18   1.0670e-19
 5713.88   1.0686e-18   1.0532e-19
 5716.95   1.0147e-18   1.0289e-19
 5720.02   1.0528e-18   1.0736e-19
 5723.08   1.1062e-18   1.0645e-19
 5726.15   1.1181e-18   1.0857e-19
 5729.21   9.4577e-19   1.0087e-19
 5732.28   1.0596e-18   1.1054e-19
 5735.35   1.0069e-18   1.0519e-19
 5738.41   1.0147e-18   1.0676e-19
 5741.48   9.6234e-19   1.0472e-19
 5744.55   1.0480e-18   1.0487e-19
 5747.61   1.0768e-18   1.0294e-19
 5750.68   1.0995e-18   1.0382e-19
 5753.74   1.2004e-18   1.0657e-19
 5756.81   1.1712e-18   1.0602e-19
 5759.88   1.0795e-18   1.0164e-19
 5762.94   1.1703e-18   1.0410e-19
 5766.01   1.1792e-18   1.0656e-19
 5769.08   1.1612e-18   1.0657e-19
 5772.14   1.1545e-18   1.0331e-19
 5775.21   1.1583e-18   1.0090e-19
 5778.27   1.1333e-18   9.8950e-20
 5781.34   9.9374e-19   9.6840e-20
 5784.41   9.9620e-19   1.0003e-19
 5787.47   1.1094e-18   1.0364e-19
 5790.54   1.0972e-18   1.0409e-19
 5793.61   1.0531e-18   1.0237e-19
 5796.67   1.1345e-18   1.0419e-19
 5799.74   1.1093e-18   1.0155e-19
 5802.80   9.8999e-19   1.0180e-19
 5805.87   1.0075e-18   1.0135e-19
 5808.94   1.2194e-18   1.0500e-19
 5812.00   1.2036e-18   1.0358e-19
 5815.07   1.1495e-18   1.0269e-19
 5818.14   1.1369e-18   1.0128e-19
 5821.20   1.0371e-18   1.0137e-19
 5824.27   1.1725e-18   1.0593e-19
 5827.33   1.1535e-18   1.0483e-19
 5830.40   9.8335e-19   1.0236e-19
 5833.47   1.0291e-18   1.0482e-19
 5836.53   1.0098e-18   1.0305e-19
 5839.60   1.0860e-18   1.0390e-19
 5842.67   1.1397e-18   1.0402e-19
 5845.73   1.0865e-18   1.0281e-19
 5848.80   1.1451e-18   1.0479e-19
 5851.86   1.0374e-18   1.0227e-19
 5854.93   1.0548e-18   1.0417e-19
 5858.00   1.1208e-18   1.0824e-19
 5861.06   1.1787e-18   1.1190e-19
 5864.13   1.0836e-18   1.1013e-19
 5867.20   1.0253e-18   1.1268e-19
 5870.26   1.0651e-18   1.0929e-19
 5873.33   1.0610e-18   1.1165e-19
 5876.39   9.9834e-19   1.1038e-19
 5879.46   9.0724e-19   1.1922e-19
 5882.53   9.1657e-19   1.3139e-19
 5885.59   9.2190e-19   1.5280e-19
 5888.66   8.8852e-19   1.4840e-19
 5891.73   8.7350e-19   1.4255e-19
 5894.79   7.8681e-19   1.4871e-19
 5897.86   8.5901e-19   1.3260e-19
 5900.92   9.6829e-19   1.2674e-19
 5903.99   8.8695e-19   1.1868e-19
 5907.06   8.6701e-19   1.1534e-19
 5910.12   8.4420e-19   1.1308e-19
 5913.19   8.5818e-19   1.0683e-19
 5916.26   9.7360e-19   1.0683e-19
 5919.32   1.0187e-18   1.0640e-19
 5922.39   9.1027e-19   1.0885e-19
 5925.45   1.0594e-18   1.1695e-19
 5928.52   9.7172e-19   1.1342e-19
 5931.59   9.4932e-19   1.1077e-19
 5934.65   1.0171e-18   1.1002e-19
 5937.72   8.4887e-19   1.0687e-19
 5940.79   8.4500e-19   1.0629e-19
 5943.85   8.9043e-19   1.0849e-19
 5946.92   9.2092e-19   1.0568e-19
 5949.98   9.0393e-19   1.0762e-19
 5953.05   8.6260e-19   1.0605e-19
 5956.12   9.8862e-19   1.0596e-19
 5959.18   9.7931e-19   1.0560e-19
 5962.25   9.8202e-19   1.0509e-19
 5965.32   9.7650e-19   1.0374e-19
 5968.38   7.8676e-19   1.0046e-19
 5971.45   8.8471e-19   1.0312e-19
 5974.51   1.0340e-18   1.0705e-19
 5977.58   9.6389e-19   1.0270e-19
 5980.65   9.9342e-19   1.0237e-19
 5983.71   1.0198e-18   1.0393e-19
 5986.78   9.7711e-19   1.0241e-19
 5989.85   9.5959e-19   1.0008e-19
 5992.91   9.8974e-19   1.0081e-19
 5995.98   9.7924e-19   1.0001e-19
 5999.04   9.6308e-19   1.0017e-19
 6002.11   1.0333e-18   1.0155e-19
 6005.18   1.0433e-18   9.9877e-20
 6008.24   1.0662e-18   1.0273e-19
 6011.31   1.0206e-18   1.0067e-19
 6014.38   1.1084e-18   9.9650e-20
 6017.44   9.9918e-19   9.7277e-20
 6020.51   9.5962e-19   9.6000e-20
 6023.57   1.0189e-18   9.6514e-20
 6026.64   1.1005e-18   9.9752e-20
 6029.71   1.1271e-18   9.8546e-20
 6032.77   9.7185e-19   9.7606e-20
 6035.84   1.0202e-18   1.0031e-19
 6038.91   9.6084e-19   9.7828e-20
 6041.97   1.0517e-18   9.7927e-20
 6045.04   9.7198e-19   9.7834e-20
 6048.10   9.5024e-19   9.4963e-20
 6051.17   1.0248e-18   9.5199e-20
 6054.24   1.0174e-18   9.7203e-20
 6057.30   1.1119e-18   9.6500e-20
 6060.37   1.0010e-18   9.1277e-20
 6063.44   1.0212e-18   9.0487e-20
 6066.50   8.6941e-19   9.1086e-20
 6069.57   1.0794e-18   9.1411e-20
 6072.63   1.0137e-18   9.4678e-20
 6075.70   8.7324e-19   9.6821e-20
 6078.77   1.0467e-18   9.4716e-20
 6081.83   1.1559e-18   9.8399e-20
 6084.90   8.8220e-19   9.1888e-20
 6087.97   8.8120e-19   9.2679e-20
 6091.03   9.5623e-19   9.3931e-20
 6094.10   9.3784e-19   9.2840e-20
 6097.16   9.6815e-19   9.3020e-20
 6100.23   8.6802e-19   9.1324e-20
 6103.30   8.4483e-19   9.1672e-20
 6106.36   9.1134e-19   9.2344e-20
 6109.43   9.3768e-19   9.1616e-20
 6112.50   8.8591e-19   9.2669e-20
 6115.56   9.6401e-19   9.2231e-20
 6118.63   8.7865e-19   9.1194e-20
 6121.69   8.9446e-19   9.2642e-20
 6124.76   8.6679e-19   9.1341e-20
 6127.83   8.6839e-19   9.3843e-20
 6130.89   8.6873e-19   9.1931e-20
 6133.96   9.2085e-19   9.4139e-20
 6137.03   9.7961e-19   9.6495e-20
 6140.09   9.0265e-19   9.5247e-20
 6143.16   9.2173e-19   9.7029e-20
 6146.22   9.2114e-19   9.3375e-20
 6149.29   9.3653e-19   9.2284e-20
 6152.36   9.7115e-19   9.2002e-20
 6155.42   9.6356e-19   9.0491e-20
 6158.49   9.2926e-19   9.1472e-20
 6161.56   8.8699e-19   9.2824e-20
 6164.62   9.0437e-19   9.2562e-20
 6167.69   9.1911e-19   9.4076e-20
 6170.75   9.0827e-19   9.4693e-20
 6173.82   9.2199e-19   9.3225e-20
 6176.89   9.5750e-19   9.5669e-20
 6179.95   9.9697e-19   9.3856e-20
 6183.02   1.0230e-18   9.1698e-20
 6186.09   1.0175e-18   9.3148e-20
 6189.15   9.3147e-19   9.2487e-20
 6192.22   9.2115e-19   9.1461e-20
 6195.28   9.3083e-19   9.2541e-20
 6198.35   1.0118e-18   9.6268e-20
 6201.42   9.5302e-19   9.2339e-20
 6204.48   9.8984e-19   9.4130e-20
 6207.55   9.6526e-19   9.4065e-20
 6210.62   9.1364e-19   9.1219e-20
 6213.68   8.7241e-19   9.6091e-20
 6216.75   9.9473e-19   9.6916e-20
 6219.81   8.6889e-19   9.5531e-20
 6222.88   9.7514e-19   9.9495e-20
 6225.95   9.2764e-19   1.0103e-19
 6229.01   8.7929e-19   1.0207e-19
 6232.08   1.0325e-18   1.0686e-19
 6235.15   1.1189e-18   1.1254e-19
 6238.21   1.0786e-18   1.1136e-19
 6241.28   1.0535e-18   1.1002e-19
 6244.34   8.7034e-19   1.0593e-19
 6247.41   8.9771e-19   1.0349e-19
 6250.48   9.1528e-19   1.0657e-19
 6253.54   9.0182e-19   1.0513e-19
 6256.61   9.4359e-19   1.0956e-19
 6259.68   1.0059e-18   1.0582e-19
 6262.74   9.3383e-19   1.0551e-19
 6265.81   9.4701e-19   1.0416e-19
 6268.87   1.0221e-18   1.0473e-19
 6271.94   9.2391e-19   9.9512e-20
 6275.01   9.0786e-19   1.0216e-19
 6278.07   8.2209e-19   1.0271e-19
 6281.14   1.0504e-18   1.1175e-19
 6284.21   8.3546e-19   1.0328e-19
 6317.93   1.0485e-18   1.0327e-19
 6321.00   1.0425e-18   1.0518e-19
 6324.07   9.8586e-19   1.0199e-19
 6327.13   9.1632e-19   1.0202e-19
 6330.20   1.0135e-18   1.0121e-19
 6333.27   9.9005e-19   1.0028e-19
 6336.33   9.7227e-19   9.8655e-20
 6339.40   1.0940e-18   9.8248e-20
 6342.46   1.0607e-18   9.5771e-20
 6345.53   9.1535e-19   9.6584e-20
 6348.60   9.1424e-19   9.9109e-20
 6382.33   1.0280e-18   9.5459e-20
 6385.39   1.0983e-18   9.2953e-20
 6388.46   1.0089e-18   9.1085e-20
 6391.52   1.0241e-18   9.3092e-20
 6394.59   1.1410e-18   9.1552e-20
 6397.66   1.1084e-18   9.0333e-20
 6400.72   1.1652e-18   9.1244e-20
 6403.79   1.1787e-18   9.1205e-20
 6406.86   1.0698e-18   8.9372e-20
 6409.92   9.3162e-19   8.7475e-20
 6412.99   1.1176e-18   8.9503e-20
 6416.05   1.0503e-18   8.8771e-20
 6419.12   1.0948e-18   9.6660e-20
 6422.19   9.1541e-19   9.6403e-20
 6425.25   9.1799e-19   9.2906e-20
 6428.32   1.0455e-18   9.5769e-20
 6431.39   1.1093e-18   8.8678e-20
 6434.45   1.0774e-18   8.5073e-20
 6437.52   1.0993e-18   8.6223e-20
 6440.58   9.5926e-19   8.4636e-20
 6443.65   1.0726e-18   8.6601e-20
 6446.72   1.1094e-18   8.8742e-20
 6449.78   1.0045e-18   8.7014e-20
 6452.85   1.1457e-18   9.1912e-20
 6455.92   1.0166e-18   9.0231e-20
 6458.98   1.0599e-18   9.6204e-20
 6462.05   1.0562e-18   9.7591e-20
 6465.11   1.0232e-18   9.9009e-20
 6468.18   1.0797e-18   1.0049e-19
 6471.25   1.1580e-18   9.7864e-20
 6474.31   1.1298e-18   9.5241e-20
 6477.38   1.0052e-18   9.1573e-20
 6480.45   1.0183e-18   9.0624e-20
 6483.51   1.0759e-18   9.0408e-20
 6486.58   9.8692e-19   9.0210e-20
 6489.64   9.8530e-19   9.2214e-20
 6492.71   9.7539e-19   9.5753e-20
 6495.78   9.8835e-19   9.7944e-20
 6498.84   1.0156e-18   9.9776e-20
 6501.91   9.7614e-19   9.8932e-20
 6504.98   9.8605e-19   9.7824e-20
 6508.04   9.5820e-19   9.5390e-20
 6511.11   9.4961e-19   9.1831e-20
 6514.17   9.9286e-19   8.9264e-20
 6517.24   9.5453e-19   8.8874e-20
 6520.31   9.1253e-19   9.1279e-20
 6523.37   8.6059e-19   9.3360e-20
 6526.44   9.3251e-19   9.5778e-20
 6529.51   9.2326e-19   9.4607e-20
 6532.57   9.4021e-19   9.5962e-20
 6535.64   9.9732e-19   9.7949e-20
 6538.70   9.0740e-19   9.6103e-20
 6541.77   1.0421e-18   9.9707e-20
 6544.84   1.0036e-18   1.0018e-19
 6547.90   1.0833e-18   9.9493e-20
 6550.97   1.0137e-18   9.8554e-20
 6554.04   9.6992e-19   9.9535e-20
 6557.10   1.1082e-18   1.0222e-19
 6560.17   1.1398e-18   9.9151e-20
 6563.23   1.0993e-18   9.9663e-20
 6566.30   9.2213e-19   9.6060e-20
 6569.37   9.1126e-19   9.6160e-20
 6572.43   9.3269e-19   9.3026e-20
 6575.50   9.7283e-19   9.6907e-20
 6578.57   9.6180e-19   9.2164e-20
 6581.63   9.6213e-19   9.0520e-20
 6584.70   1.0316e-18   9.0306e-20
 6587.76   9.6747e-19   8.5804e-20
 6590.83   9.7639e-19   8.6133e-20
 6593.90   1.0214e-18   8.8686e-20
 6596.96   9.1620e-19   8.8855e-20
 6600.03   1.0498e-18   8.9240e-20
 6603.10   1.0201e-18   8.7083e-20
 6606.16   1.0197e-18   8.8688e-20
 6609.23   1.1217e-18   8.7923e-20
 6612.29   1.1246e-18   8.7880e-20
 6615.36   9.2749e-19   8.1674e-20
 6618.43   9.7934e-19   8.2734e-20
 6621.49   9.1193e-19   8.3381e-20
 6624.56   9.8372e-19   8.5081e-20
 6627.63   1.0048e-18   8.4313e-20
 6630.69   8.8058e-19   8.3011e-20
 6633.76   1.0637e-18   8.6198e-20
 6636.82   6.6557e-19   8.5073e-20
 6639.89  -8.1022e-19   9.5919e-20
 6642.96   9.6510e-19   7.9596e-20
 6646.02   8.8067e-19   7.7577e-20
 6649.09   9.4855e-19   7.8420e-20
 6652.16   1.0555e-18   8.0045e-20
 6655.22   9.8306e-19   8.2126e-20
 6658.29   9.5068e-19   8.2108e-20
 6661.35   8.9345e-19   8.1772e-20
 6664.42   9.0991e-19   8.2241e-20
 6667.49   9.2535e-19   8.2038e-20
 6670.55   9.6497e-19   8.3484e-20
 6673.62   9.5704e-19   8.5116e-20
 6676.69   8.1879e-19   8.4715e-20
 6679.75   8.4599e-19   8.4120e-20
 6682.82   9.9615e-19   8.7142e-20
 6685.88   9.8520e-19   8.7367e-20
 6688.95   9.6594e-19   8.6932e-20
 6692.02   9.4888e-19   8.6561e-20
 6695.08   9.7395e-19   8.5604e-20
 6698.15   1.0242e-18   8.4929e-20
 6701.22   9.7746e-19   8.4146e-20
 6704.28   9.2161e-19   8.2620e-20
 6707.35   9.2132e-19   8.2661e-20
 6710.41   9.0761e-19   8.1608e-20
 6713.48   9.1002e-19   8.1519e-20
 6716.55   9.1306e-19   8.0287e-20
 6719.61   9.2644e-19   7.8663e-20
 6722.68   9.3307e-19   7.8277e-20
 6725.75   9.0456e-19   7.8398e-20
 6728.81   9.0772e-19   7.9222e-20
 6731.88   9.2347e-19   7.9689e-20
 6734.94   1.0676e-18   8.0003e-20
 6738.01   9.2288e-19   8.0476e-20
 6741.08   9.1385e-19   7.8992e-20
 6744.14   9.4692e-19   7.8310e-20
 6747.21   9.9634e-19   8.1487e-20
 6750.28   9.8387e-19   7.8399e-20
 6753.34   1.0483e-18   7.8266e-20
 6756.41   1.0715e-18   8.0286e-20
 6759.47   1.0497e-18   8.1136e-20
 6762.54   8.7380e-19   7.8399e-20
 6765.61   9.5315e-19   7.9561e-20
 6768.67   9.4274e-19   7.9013e-20
 6771.74   9.3816e-19   7.8675e-20
 6774.81   1.0811e-18   7.9460e-20
 6777.87   1.0274e-18   8.0391e-20
 6780.94   9.9587e-19   7.8745e-20
 6784.00   9.7310e-19   7.7987e-20
 6787.07   9.4333e-19   7.7311e-20
 6790.14   1.0492e-18   7.8733e-20
 6793.20   9.4490e-19   7.6212e-20
 6796.27   9.0792e-19   7.6644e-20
 6799.34   8.9775e-19   7.7338e-20
 6802.40   9.0492e-19   7.7613e-20
 6805.47   8.7800e-19   7.7329e-20
 6808.53   9.0173e-19   7.7553e-20
 6811.60   8.8755e-19   7.7099e-20
 6814.67   8.5511e-19   8.0336e-20
 6817.73   8.3982e-19   8.6177e-20
 6820.80   8.5399e-19   9.4672e-20
 6823.87   8.0001e-19   1.0166e-19
 6826.93   8.1134e-19   1.0389e-19
 6830.00   8.7834e-19   1.0427e-19
 6833.06   8.8945e-19   1.0584e-19
 6836.13   9.0344e-19   1.0644e-19
 6839.20   9.6443e-19   1.0075e-19
 6842.26   9.0522e-19   9.0630e-20
 6845.33   8.7753e-19   8.4859e-20
 6848.40   8.6161e-19   8.2886e-20
 6851.46   7.8969e-19   8.8253e-20
 6854.53   7.6856e-19   9.7126e-20
 6857.59   8.2689e-19   1.0041e-19
 6860.66   9.5159e-19   1.0609e-19
 6863.73   8.2714e-19   1.0250e-19
 6866.79   7.4275e-19   1.0153e-19
 6869.86   7.4044e-19   9.9890e-20
 6872.93   6.0579e-19   8.7666e-20
 6875.99   7.3935e-19   8.1307e-20
 6879.06   7.9613e-19   8.2726e-20
 6882.12   8.6015e-19   8.3958e-20
 6885.19   8.1125e-19   8.3569e-20
 6888.26   8.3723e-19   8.7111e-20
 6891.32   8.1023e-19   8.6519e-20
 6894.39   7.7250e-19   8.4565e-20
 6897.46   8.3690e-19   8.4952e-20
 6900.52   9.6243e-19   8.5353e-20
 6903.59   8.9837e-19   8.8009e-20
 6906.65   8.3225e-19   8.4468e-20
 6909.72   8.3496e-19   8.7746e-20
 6912.79   7.8545e-19   9.1297e-20
 6915.85   8.7522e-19   9.4924e-20
 6918.92   8.0043e-19   9.4262e-20
 6921.99   9.7253e-19   9.5130e-20
 6925.05   8.9497e-19   9.0934e-20
 6928.12   9.2961e-19   9.3160e-20
 6931.18   8.6255e-19   8.9735e-20
 6934.25   8.7231e-19   8.7980e-20
 6937.32   8.7376e-19   8.9411e-20
 6940.38   8.3097e-19   9.3091e-20
 6943.45   7.9121e-19   9.3938e-20
 6946.52   8.1486e-19   9.3671e-20
 6949.58   8.6479e-19   9.4051e-20
 6952.65   8.5123e-19   9.0512e-20
 6955.71   7.9528e-19   8.7215e-20
 6958.78   8.5672e-19   8.3939e-20
 6961.85   9.1505e-19   8.2452e-20
 6964.91   9.4874e-19   8.4472e-20
 6967.98   9.0848e-19   8.7790e-20
 6971.05   9.2886e-19   8.8599e-20
 6974.11   9.3020e-19   8.8508e-20
 6977.18   8.8208e-19   8.7863e-20
 6980.24   8.8702e-19   8.6563e-20
 6983.31   9.0144e-19   8.4802e-20
 6986.38   9.0208e-19   8.1678e-20
 6989.44   8.9967e-19   7.8699e-20
 6992.51   8.7317e-19   7.7804e-20
 6995.58   8.2628e-19   7.8131e-20
 6998.64   9.0126e-19   7.9952e-20
 7001.71   9.2220e-19   8.0923e-20
 7004.77   8.3791e-19   8.0260e-20
 7007.84   8.5083e-19   7.9675e-20
 7010.91   8.2923e-19   7.9052e-20
 7013.97   9.4097e-19   8.0185e-20
 7017.04   9.4192e-19   7.8615e-20
 7020.11   8.9072e-19   7.5739e-20
 7023.17   9.6911e-19   7.5743e-20
 7026.24   9.6813e-19   7.6761e-20
 7029.30   8.9396e-19   7.6450e-20
 7032.37   9.0404e-19   7.8440e-20
 7035.44   8.3035e-19   7.8255e-20
 7038.50   7.7793e-19   8.1881e-20
 7041.57   7.4729e-19   8.2244e-20
 7044.64   6.2013e-19   8.2614e-20
 7047.70   5.4064e-19   7.7928e-20
 7050.77   6.6966e-19   8.0512e-20
 7053.83   5.6755e-19   7.7560e-20
 7056.90   8.4433e-19   8.2163e-20
 7059.97   7.0394e-19   8.3500e-20
 7063.03   9.7063e-19   7.6908e-20
 7066.10   9.8284e-19   8.1195e-20
 7069.17   1.1626e-18   8.0125e-20
 7072.23   1.0003e-18   7.9767e-20
 7075.30   9.1314e-19   7.8812e-20
 7078.36   9.2808e-19   7.8237e-20
 7081.43   9.3799e-19   7.8116e-20
 7084.50   9.8415e-19   7.9618e-20
 7087.56   9.6021e-19   7.7820e-20
 7090.63   9.1672e-19   7.7142e-20
 7093.70   9.1050e-19   7.5709e-20
 7096.76   9.2116e-19   7.6202e-20
 7099.83   9.8799e-19   7.8364e-20
 7102.89   8.8062e-19   7.4592e-20
 7105.96   8.7979e-19   7.3888e-20
 7109.03   9.0020e-19   7.4761e-20
 7112.09   8.5248e-19   7.3363e-20
 7115.16   8.5824e-19   7.3977e-20
 7118.23   9.4991e-19   7.5210e-20
 7121.29   9.2400e-19   7.5114e-20
 7124.36   9.0116e-19   7.5288e-20
 7127.42   9.7916e-19   7.7981e-20
 7130.49   9.7543e-19   7.8725e-20
 7133.56   9.4026e-19   7.9004e-20
 7136.62   9.1831e-19   7.8640e-20
 7139.69   8.6119e-19   7.7201e-20
 7142.76   8.9636e-19   7.8457e-20
 7145.82   9.5446e-19   8.0300e-20
 7148.89   9.2827e-19   7.8497e-20
 7151.95   9.2441e-19   7.8344e-20
 7155.02   9.2785e-19   7.8657e-20
 7158.09   9.5959e-19   7.7603e-20
 7161.15   8.8587e-19   7.5769e-20
 7164.22   7.4888e-19   7.4577e-20
 7167.29   8.7646e-19   7.6460e-20
 7170.35   8.7416e-19   7.6543e-20
 7173.42   8.3437e-19   7.5418e-20
 7176.48   9.3663e-19   7.6637e-20
 7179.55   8.6045e-19   7.6369e-20
 7182.62   8.3287e-19   7.3845e-20
 7185.68   7.9900e-19   7.2310e-20
 7188.75   7.8400e-19   7.2328e-20
 7191.82   7.4624e-19   7.2351e-20
 7194.88   7.2328e-19   7.1115e-20
 7197.95   9.0200e-19   7.4815e-20
 7201.01   7.7635e-19   7.3288e-20
 7204.08   8.5669e-19   7.4100e-20
 7207.15   8.2042e-19   7.3920e-20
 7210.21   9.1424e-19   7.5998e-20
 7213.28   9.9309e-19   7.8896e-20
 7216.35   8.4448e-19   7.6604e-20
 7219.41   8.6507e-19   7.6460e-20
 7222.48   8.7592e-19   7.7516e-20
 7225.54   8.2674e-19   8.1431e-20
 7228.61   6.4298e-19   9.7627e-20
 7231.68   5.8425e-19   1.1186e-19
 7234.74   7.0515e-19   1.2326e-19
 7237.81   6.7836e-19   1.2859e-19
 7240.88   7.9421e-19   1.2598e-19
 7243.94   8.7744e-19   1.3195e-19
 7247.01   7.4854e-19   1.2816e-19
 7250.07   7.6633e-19   1.1736e-19
 7253.14   6.7057e-19   9.8137e-20
 7256.21   6.3864e-19   8.7501e-20
 7259.27   7.8874e-19   8.7823e-20
 7262.34   7.1170e-19   9.2265e-20
 7265.41   6.1829e-19   1.1255e-19
 7268.47   6.9414e-19   1.2281e-19
 7271.54   6.7787e-19   1.2145e-19
 7274.60   6.6118e-19   1.2951e-19
 7277.67   6.5730e-19   1.2831e-19
 7280.74   7.0593e-19   1.3119e-19
 7283.80   6.8819e-19   1.2400e-19
 7286.87   7.4526e-19   1.1016e-19
 7289.94   8.2286e-19   1.0572e-19
 7293.00   7.9022e-19   9.9588e-20
 7296.07   7.0833e-19   9.4608e-20
 7299.13   7.7519e-19   9.4463e-20
 7302.20   8.1039e-19   1.0183e-19
 7305.27   6.7175e-19   1.1225e-19
 7308.33   7.7404e-19   1.1708e-19
 7311.40   8.6244e-19   1.1772e-19
 7314.47   8.6584e-19   1.1534e-19
 7317.53   8.3659e-19   1.1668e-19
 7320.60   8.1692e-19   1.1901e-19
 7323.66   8.5170e-19   1.1586e-19
 7326.73   7.7192e-19   1.0717e-19
 7329.80   5.8164e-19   1.1928e-19
 7332.86   6.8736e-19   1.2796e-19
 7335.93   8.2049e-19   1.2510e-19
 7339.00   7.9715e-19   1.2313e-19
 7342.06   9.6037e-19   1.2029e-19
 7345.13   8.7471e-19   1.1783e-19
 7348.19   8.3441e-19   1.1625e-19
 7351.26   1.0176e-18   1.0742e-19
 7354.33   8.3066e-19   9.6853e-20
 7357.39   8.6698e-19   1.0580e-19
 7360.46   8.0273e-19   1.1863e-19
 7363.53   7.0115e-19   1.1381e-19
 7366.59   7.6247e-19   1.0955e-19
 7369.66   9.5471e-19   1.1045e-19
 7372.72   9.7235e-19   1.0725e-19
 7375.79   8.5575e-19   1.0408e-19
 7378.86   7.7758e-19   9.2876e-20
 7381.92   8.5029e-19   8.8967e-20
 7384.99   8.5374e-19   8.8821e-20
 7388.06   7.7773e-19   8.9308e-20
 7391.12   7.5814e-19   1.0371e-19
 7394.19   7.1354e-19   1.0751e-19
 7397.25   9.3299e-19   1.0727e-19
 7400.32   9.1816e-19   1.0347e-19
 7403.39   8.6694e-19   9.8841e-20
 7406.45   7.5641e-19   9.4567e-20
 7409.52   8.7007e-19   9.2013e-20
 7412.59   8.5642e-19   8.3487e-20
 7415.65   7.9116e-19   8.0070e-20
 7418.72   7.3993e-19   7.9899e-20
 7421.78   7.0496e-19   7.9684e-20
 7424.85   6.7074e-19   8.1548e-20
 7427.92   7.0901e-19   8.7220e-20
 7430.98   7.5459e-19   9.0329e-20
 7434.05   7.9362e-19   8.9436e-20
 7437.12   8.4890e-19   9.0178e-20
 7440.18   8.7407e-19   8.8382e-20
 7443.25   8.8860e-19   8.7269e-20
 7446.31   9.3729e-19   8.6018e-20
 7449.38   8.7486e-19   8.1203e-20
 7452.45   8.2244e-19   7.9118e-20
 7455.51   8.6979e-19   8.2939e-20
 7458.58   8.4082e-19   8.5302e-20
 7461.65   8.1585e-19   8.8830e-20
 7464.71   8.8538e-19   9.4286e-20
 7467.78   9.2549e-19   9.9476e-20
 7470.84   8.8637e-19   1.0414e-19
 7473.91   7.8058e-19   1.1517e-19
 7476.98   5.0172e-19   1.1303e-19
 7480.04   4.3186e-19   1.0460e-19
 7483.11   5.6437e-19   1.0599e-19
 7486.18   5.6006e-19   1.0468e-19
 7489.24   7.0587e-19   9.8099e-20
 7492.31   6.8606e-19   8.8434e-20
 7495.37   9.2867e-19   8.3721e-20
 7498.44   9.8828e-19   8.2950e-20
 7501.51   8.8237e-19   8.0559e-20
 7504.57   9.2312e-19   7.8050e-20
 7507.64   9.8718e-19   8.0371e-20
 7510.71   7.9105e-19   8.4100e-20
 7513.77   7.1491e-19   1.1033e-19
 7516.84   7.4284e-19   1.0751e-19
 7519.90   7.5166e-19   1.1215e-19
 7522.97   7.4484e-19   1.1077e-19
 7526.04   9.6381e-19   1.1681e-19
 7529.10   7.0605e-19   1.1576e-19
 7532.17   8.6378e-19   1.1015e-19
 7535.24   9.5267e-19   9.6424e-20
 7538.30   7.0103e-19   8.9594e-20
 7541.37   8.7225e-19   8.5371e-20
 7544.43   8.2146e-19   8.0803e-20
 7547.50   7.9489e-19   8.4919e-20
 7550.57   8.3122e-19   8.4831e-20
 7553.63   7.5033e-19   8.5385e-20
 7556.70   9.2281e-19   8.6367e-20
 7559.77   7.6271e-19   9.2244e-20
 7562.83   7.4921e-19   1.0263e-19
 7565.90   9.6331e-19   1.0647e-19
 7568.96   8.7017e-19   1.0263e-19
 7572.03   8.6935e-19   1.0202e-19
 7575.10   8.0810e-19   1.0323e-19
 7578.16   7.4125e-19   1.0461e-19
 7581.23   7.9242e-19   9.7994e-20
 7584.30   7.2917e-19   8.7991e-20
 7587.36   7.8447e-19   8.7390e-20
 7590.43   7.0126e-19   9.1854e-20
 7657.89   6.8825e-19   8.5450e-20
 7660.95   7.6053e-19   8.5178e-20
 7664.02   7.8212e-19   8.3252e-20
 7667.08   6.9227e-19   8.4736e-20
 7670.15   7.1660e-19   8.5402e-20
 7673.22   7.2516e-19   8.3731e-20
 7676.28   6.2945e-19   7.9938e-20
 7679.35   7.1815e-19   8.2592e-20
 7682.42   8.1281e-19   8.3839e-20
 7685.48   7.9944e-19   8.3315e-20
 7688.55   7.4679e-19   8.6400e-20
 7691.61   8.1299e-19   9.1513e-20
 7694.68   7.4546e-19   8.8676e-20
 7697.75   7.6538e-19   9.0807e-20
 7700.81   5.9058e-19   1.0749e-19
 7703.88   5.4462e-19   1.3075e-19
 7706.95   3.0952e-19   1.0473e-19
 7710.01   7.8774e-19   1.8780e-19
 7713.08   7.9494e-19   1.5385e-19
 7716.14   6.2660e-19   1.5032e-19
 7719.21   5.8238e-19   1.4708e-19
 7722.28   7.6274e-19   1.4745e-19
 7725.34   7.9217e-19   1.3326e-19
 7728.41   7.2359e-19   1.1087e-19
 7731.48   8.9049e-19   1.0040e-19
 7734.54   7.6938e-19   9.8672e-20
 7737.61   5.9222e-19   9.9516e-20
 7740.67   3.3327e-19   9.8341e-20
 7743.74   4.3461e-19   1.2470e-19
 7746.81   6.3933e-19   1.5259e-19
 7749.87   4.6215e-19   1.3769e-19
 7752.94   5.3592e-19   1.5599e-19
 7756.01   6.4857e-19   1.5220e-19
 7759.07   5.1176e-19   1.3891e-19
 7762.14   4.5580e-19   1.1568e-19
 7765.20   6.3935e-19   1.1157e-19
 7768.27   6.8200e-19   1.1093e-19
 7771.34   5.9027e-19   1.0687e-19
 7774.40   6.8082e-19   1.0608e-19
 7777.47   7.2920e-19   1.0702e-19
 7780.54   7.0510e-19   1.0898e-19
 7783.60   5.9184e-19   1.2054e-19
 7786.67   5.5057e-19   1.3734e-19
 7789.73   7.4576e-19   1.3865e-19
 7792.80   8.3196e-19   1.2946e-19
 7795.87   7.6533e-19   1.2931e-19
 7798.93   6.4283e-19   1.4494e-19
 7802.00   5.3286e-19   1.2562e-19
 7805.07   6.3520e-19   1.1638e-19
 7808.13   5.7874e-19   1.0739e-19
 7811.20   6.3147e-19   1.3968e-19
 7814.26   6.4213e-19   1.5196e-19
 7817.33   5.9971e-19   1.5358e-19
 7820.40   7.5117e-19   1.3452e-19
 7823.46   7.6188e-19   1.3400e-19
 7826.53   9.3237e-19   1.3640e-19
 7829.60   7.6505e-19   1.3558e-19
 7832.66   7.0229e-19   1.1620e-19
 7835.73   7.5478e-19   1.0938e-19
 7838.79   8.0048e-19   1.0741e-19
 7841.86   7.9457e-19   1.2058e-19
 7844.93   6.2701e-19   1.3183e-19
 7847.99   6.3910e-19   1.4224e-19
 7851.06   7.8760e-19   1.5670e-19
 7854.12   8.1573e-19   1.6958e-19
 7857.19   9.4497e-19   1.6305e-19
 7860.26   5.7356e-19   1.5742e-19
 7863.32   4.3332e-19   1.4569e-19
 7866.39   6.6012e-19   1.4774e-19
 7869.46   4.4991e-19   1.3553e-19
 7872.52   6.2836e-19   1.3505e-19
 7875.59   7.0459e-19   1.3943e-19
 7878.66   9.0662e-19   1.5892e-19
 7881.72   4.8637e-19   1.4580e-19
 7884.79   6.8146e-19   1.3259e-19
 7887.85   5.7966e-19   1.3885e-19
 7890.92   3.6243e-19   1.4846e-19
 7893.99   3.4069e-19   1.2628e-19
 7897.05   3.9246e-19   1.2372e-19
 7900.12   5.2893e-19   1.1777e-19
 7903.19   6.4711e-19   1.2829e-19
 7906.25   7.2169e-19   1.4954e-19
 7909.32   9.6557e-19   1.6645e-19
 7912.38   7.5928e-19   1.5705e-19
 7915.45   7.1288e-19   1.7359e-19
 7918.52   7.2775e-19   1.6983e-19
 7921.58   6.7443e-19   1.8502e-19
 7924.65   7.8484e-19   1.9045e-19
 7927.72   7.4980e-19   1.4136e-19
 7930.78   7.6111e-19   1.2693e-19
 7933.85   7.7295e-19   1.1417e-19
 7936.91   8.4821e-19   1.1248e-19
 7939.98   7.2779e-19   1.1574e-19
 7943.05   7.6853e-19   1.1347e-19
 7946.11   8.0694e-19   1.0655e-19
 7949.18   7.5032e-19   1.0588e-19
 7952.25   7.3206e-19   1.1017e-19
 7955.31   4.4754e-19   1.0396e-19
 7958.38   6.5609e-19   1.3999e-19
 7961.44   7.9305e-19   1.3726e-19
 7964.51   7.8268e-19   1.3297e-19
 7967.58   6.4880e-19   1.4341e-19
 7970.64   4.9256e-19   1.5964e-19
 7973.71   5.2906e-19   1.6881e-19
 7976.78   6.4848e-19   1.2654e-19
 7979.84   6.7029e-19   1.1794e-19
 7982.91   5.3674e-19   1.3575e-19
 7985.97   4.5924e-19   1.2534e-19
 7989.04   4.6496e-19   1.4884e-19
 7992.11   5.4101e-19   1.4907e-19
 7995.17   7.1025e-19   1.4562e-19
 7998.24   8.2614e-19   1.4489e-19
 8001.31   7.2609e-19   1.4638e-19
 8004.37   4.5425e-19   1.2414e-19
 8007.44   7.5301e-19   1.0975e-19
 8010.50   6.7222e-19   1.0071e-19
 8013.57   8.4752e-19   1.0820e-19
 8016.64   5.6613e-19   1.1222e-19
 8019.70   7.2842e-19   1.4345e-19
 8022.77   7.4138e-19   1.4003e-19
 8025.83   7.2583e-19   1.2709e-19
 8028.90   9.1392e-19   1.3188e-19
 8031.97   9.5734e-19   1.2885e-19
 8035.03   1.0071e-18   1.2907e-19
 8038.10   7.4292e-19   1.0690e-19
 8041.17   8.3071e-19   9.4059e-20
 8044.23   7.1644e-19   9.4369e-20
 8047.30   6.6424e-19   9.6319e-20
 8050.37   8.8733e-19   1.0002e-19
 8053.43   5.8695e-19   1.0333e-19
 8056.50   6.1224e-19   1.1284e-19
 8059.56   8.4331e-19   1.1937e-19
 8062.63   7.8674e-19   1.1223e-19
 8065.70   9.0797e-19   1.0913e-19
 8068.76   7.5402e-19   1.0595e-19
 8071.83   7.9310e-19   1.0583e-19
 8074.90   8.9689e-19   9.6236e-20
 8077.96   8.6983e-19   8.6840e-20
 8081.03   8.3797e-19   8.5726e-20
 8084.09   8.3187e-19   8.7144e-20
 8087.16   7.7712e-19   8.7585e-20
 8090.23   7.6733e-19   9.0285e-20
 8093.29   7.9142e-19   9.0783e-20
 8096.36   7.6908e-19   9.3037e-20
 8099.43   7.7157e-19   9.4088e-20
 8102.49   8.6394e-19   9.6729e-20
 8105.56   8.9933e-19   9.5701e-20
 8108.62   8.8884e-19   9.2610e-20
 8111.69   8.5183e-19   9.1195e-20
 8114.76   8.1661e-19   8.7124e-20
 8117.82   7.5568e-19   8.1809e-20
 8120.89   7.8885e-19   8.1074e-20
 8123.96   8.2928e-19   8.2296e-20
 8127.02   7.8327e-19   8.2846e-20
 8130.09   8.0849e-19   8.4348e-20
 8133.15   7.7558e-19   8.2967e-20
 8136.22   7.2742e-19   8.3541e-20
 8139.29   6.9721e-19   8.6911e-20
 8142.35   7.2149e-19   8.5779e-20
 8145.42   7.8330e-19   8.9196e-20
 8148.49   6.9615e-19   8.5146e-20
 8151.55   7.3567e-19   8.4288e-20
 8154.62   7.8171e-19   8.5908e-20
 8157.68   7.9119e-19   8.3176e-20
 8160.75   7.3912e-19   7.9394e-20
 8163.82   7.2219e-19   7.7947e-20
 8166.88   7.6712e-19   7.9958e-20
 8169.95   7.5446e-19   7.8608e-20
 8173.02   7.3904e-19   7.9135e-20
 8176.08   6.6586e-19   7.6340e-20
 8179.15   6.9662e-19   7.8784e-20
 8182.21   7.2745e-19   7.5637e-20
