 
TRANSIENT_NAME:     DES14C3uje 
SNID:               1325358    
OBS_DATE:           2015-01-27
MJD:                57049. 
PHASE:              +1.    
MJD_MAX:            57047.9
TYPE:               1  
SPEC_EVAL:          SNIa
REDSHIFT:           0.7800  
REDSHIFT_ERR:       0.0050  
REDSHIFT_SOURCE:    Z_SN
TELESCOPE:          VLT
INSTRUMENT:         X-SHOOTER
 
======================================
 
# WAVE  FLUX  FLUX_ERR
 3400.00  -2.3982e-19   9.9999e+04
 3405.00  -2.3982e-19   1.1138e-18
 3410.00   1.9221e-18   1.1375e-18
 3415.00  -2.6783e-18   1.0969e-18
 3420.00   8.8069e-19   1.1893e-18
 3425.00   3.0394e-20   1.1904e-18
 3430.00  -5.7452e-19   1.2283e-18
 3435.00  -2.5776e-18   1.2574e-18
 3440.00  -1.1636e-18   1.2331e-18
 3445.00  -1.0386e-18   1.2531e-18
 3450.00  -2.3614e-19   1.3313e-18
 3455.00  -1.0404e-18   1.3684e-18
 3460.00  -1.0804e-18   1.3469e-18
 3465.00   1.1315e-18   1.3459e-18
 3470.00   1.1448e-21   1.3590e-18
 3475.00   5.5776e-19   1.2777e-18
 3480.00  -2.3296e-19   1.3330e-18
 3485.00  -8.5393e-19   1.2715e-18
 3490.00   2.6988e-19   1.2005e-18
 3495.00   7.6435e-19   1.1298e-18
 3500.00  -1.3921e-18   1.0836e-18
 3505.00   8.6637e-19   1.0680e-18
 3510.00   2.9592e-19   1.0419e-18
 3515.00   3.5003e-19   9.5044e-19
 3520.00  -1.8778e-18   9.0285e-19
 3525.00   4.7874e-19   8.3789e-19
 3530.00   1.5990e-18   8.6134e-19
 3535.00   3.5986e-19   8.3790e-19
 3540.00   8.4731e-19   8.5189e-19
 3545.00   4.9771e-19   8.9367e-19
 3550.00   2.0704e-18   8.4160e-19
 3555.00   3.4017e-20   8.1184e-19
 3560.00   1.0302e-19   7.8566e-19
 3565.00   7.6570e-19   7.1303e-19
 3570.00  -8.6458e-19   6.6922e-19
 3575.00   6.1657e-19   7.0164e-19
 3580.00   1.9052e-18   6.5470e-19
 3585.00   6.2240e-19   6.5044e-19
 3590.00   2.0585e-18   7.2877e-19
 3595.00   1.2873e-18   7.9999e-19
 3600.00   1.0144e-18   8.6084e-19
 3605.00  -8.3265e-19   8.4761e-19
 3610.00  -1.1555e-18   8.6078e-19
 3615.00  -9.6004e-19   9.2625e-19
 3620.00   5.4622e-19   9.3874e-19
 3625.00  -1.2358e-18   9.9362e-19
 3630.00   2.6786e-18   9.9132e-19
 3635.00   5.7908e-19   1.0023e-18
 3640.00   2.4548e-19   1.0102e-18
 3645.00  -8.9769e-19   9.5140e-19
 3650.00  -3.0267e-18   9.1280e-19
 3655.00  -2.2086e-18   9.2290e-19
 3660.00  -1.7508e-18   8.9785e-19
 3665.00  -8.9746e-19   8.3235e-19
 3670.00  -1.2504e-18   7.7741e-19
 3675.00   4.4608e-19   7.5836e-19
 3680.00  -4.7459e-19   6.9600e-19
 3685.00  -5.2739e-19   6.7198e-19
 3690.00   1.9562e-19   6.5549e-19
 3695.00   3.5647e-19   6.2879e-19
 3700.00   2.2726e-19   6.5335e-19
 3705.00   6.3390e-19   5.8144e-19
 3710.00   2.9314e-19   5.7361e-19
 3715.00  -9.0814e-19   5.9822e-19
 3720.00   2.8641e-19   5.0769e-19
 3725.00  -5.5081e-19   5.5004e-19
 3730.00  -1.1279e-19   5.5783e-19
 3735.00  -4.7516e-19   4.9648e-19
 3740.00  -4.8221e-19   5.7093e-19
 3745.00  -3.7683e-19   5.1542e-19
 3750.00  -4.1816e-19   4.9364e-19
 3755.00  -6.9539e-19   5.7066e-19
 3760.00  -1.9242e-19   5.2886e-19
 3765.00  -8.7499e-19   5.4160e-19
 3770.00  -1.2226e-18   5.7135e-19
 3775.00   4.3123e-19   6.3635e-19
 3780.00  -6.6623e-20   6.7621e-19
 3785.00   1.2188e-18   6.6264e-19
 3790.00  -8.6363e-19   6.5047e-19
 3795.00  -3.4367e-19   6.5659e-19
 3800.00  -4.7203e-19   6.5852e-19
 3805.00   8.0887e-19   7.0331e-19
 3810.00   1.0371e-18   7.1105e-19
 3815.00  -1.3527e-18   6.7505e-19
 3820.00  -3.2751e-21   6.5978e-19
 3825.00  -5.1298e-19   6.3733e-19
 3830.00  -9.5199e-19   6.5095e-19
 3835.00   9.7281e-19   6.2749e-19
 3840.00   6.4787e-19   6.1242e-19
 3845.00   7.3645e-19   6.3746e-19
 3850.00   7.3848e-19   6.0369e-19
 3855.00  -4.3284e-19   5.6986e-19
 3860.00   7.7601e-20   5.3812e-19
 3865.00  -1.5272e-18   5.6270e-19
 3870.00  -5.8286e-19   5.0368e-19
 3875.00  -5.8588e-20   5.1395e-19
 3880.00   4.1225e-19   4.7587e-19
 3885.00  -7.7091e-19   4.4940e-19
 3890.00  -5.1792e-19   4.5990e-19
 3895.00  -2.8815e-19   4.6623e-19
 3900.00   4.0095e-19   4.6404e-19
 3905.00   1.8329e-19   4.4253e-19
 3910.00  -1.0689e-18   4.7290e-19
 3915.00  -1.8298e-19   4.6240e-19
 3920.00   3.4427e-20   4.2535e-19
 3925.00   1.0395e-18   4.1604e-19
 3930.00   4.3831e-19   3.5038e-19
 3935.00   6.0027e-19   3.2688e-19
 3940.00  -6.3652e-19   3.9530e-19
 3945.00   9.9925e-20   4.2311e-19
 3950.00   6.1855e-19   4.4457e-19
 3955.00   3.5194e-19   4.3452e-19
 3960.00   1.0463e-18   4.3360e-19
 3965.00  -7.4811e-19   3.7367e-19
 3970.00   9.0554e-19   3.4875e-19
 3975.00   6.9022e-20   4.2671e-19
 3980.00   1.6571e-19   4.8198e-19
 3985.00   2.6376e-19   4.7827e-19
 3990.00   8.4287e-19   5.0712e-19
 3995.00  -3.1864e-19   5.0093e-19
 4000.00  -8.0337e-20   5.0987e-19
 4005.00  -6.4425e-19   5.0664e-19
 4010.00  -1.5800e-19   5.3712e-19
 4015.00  -2.1071e-20   5.3724e-19
 4020.00  -4.3786e-19   5.3396e-19
 4025.00  -9.2347e-19   5.3683e-19
 4030.00  -1.0002e-19   5.2292e-19
 4035.00   7.0674e-19   5.1966e-19
 4040.00   4.3138e-19   5.3769e-19
 4045.00   6.0955e-19   4.9874e-19
 4050.00   1.2803e-19   5.2700e-19
 4055.00   6.3689e-19   5.0323e-19
 4060.00  -4.6941e-19   4.9899e-19
 4065.00   8.3230e-19   5.0385e-19
 4070.00  -6.6626e-19   4.9826e-19
 4075.00  -8.3410e-19   4.8905e-19
 4080.00   2.4406e-19   4.7556e-19
 4085.00   7.4725e-19   4.6357e-19
 4090.00  -7.0457e-19   4.6527e-19
 4095.00   6.1569e-19   4.4191e-19
 4100.00  -2.8770e-19   3.9705e-19
 4105.00   3.5028e-19   4.1359e-19
 4110.00   2.9238e-19   4.2068e-19
 4115.00  -6.2172e-19   4.2415e-19
 4120.00   3.1079e-19   4.1135e-19
 4125.00  -6.2605e-19   4.1043e-19
 4130.00   3.6190e-20   3.9712e-19
 4135.00  -5.6390e-19   3.9983e-19
 4140.00  -9.9281e-20   4.1121e-19
 4145.00   7.6434e-20   3.8348e-19
 4150.00  -1.3661e-19   3.9578e-19
 4155.00  -3.9681e-19   3.9417e-19
 4160.00  -3.5057e-19   4.1247e-19
 4165.00  -1.4054e-19   4.2067e-19
 4170.00   1.4439e-19   4.0925e-19
 4175.00   1.8628e-19   4.0183e-19
 4180.00   3.8754e-19   4.0824e-19
 4185.00   1.6109e-19   4.1279e-19
 4190.00  -7.1845e-20   4.0551e-19
 4195.00  -8.3006e-19   4.1452e-19
 4200.00   3.7945e-20   3.9483e-19
 4205.00   7.1976e-19   4.2490e-19
 4210.00   2.4665e-19   4.3323e-19
 4215.00   3.1454e-19   4.2647e-19
 4220.00   9.3131e-20   4.3845e-19
 4225.00   2.4755e-20   3.9988e-19
 4230.00  -5.3629e-19   4.3913e-19
 4235.00  -1.5157e-19   4.2734e-19
 4240.00  -5.0552e-19   4.3800e-19
 4245.00  -9.2443e-19   4.4052e-19
 4250.00  -8.8549e-20   4.3192e-19
 4255.00   5.0016e-19   4.3917e-19
 4260.00   4.7435e-19   4.2364e-19
 4265.00  -1.5710e-20   4.5213e-19
 4270.00   1.8963e-19   4.1153e-19
 4275.00   1.0370e-18   4.2559e-19
 4280.00   1.1991e-18   4.2417e-19
 4285.00   1.7327e-19   4.1386e-19
 4290.00   4.1062e-19   4.2987e-19
 4295.00  -2.2211e-19   4.2422e-19
 4300.00   2.2144e-19   3.7541e-19
 4305.00   6.1099e-20   3.6825e-19
 4310.00   1.6029e-19   3.4777e-19
 4315.00   1.4834e-19   3.9683e-19
 4320.00   4.4597e-19   4.0332e-19
 4325.00   5.3837e-19   3.4264e-19
 4330.00  -6.8797e-20   3.7739e-19
 4335.00   3.8049e-19   3.6743e-19
 4340.00  -1.6331e-19   3.1961e-19
 4345.00   4.8355e-19   3.4831e-19
 4350.00   1.3188e-19   3.4687e-19
 4355.00   1.9393e-19   3.4430e-19
 4360.00  -2.2408e-19   3.4874e-19
 4365.00   1.7153e-19   3.4650e-19
 4370.00   9.0485e-19   3.4246e-19
 4375.00   5.3941e-19   3.2866e-19
 4380.00   7.4670e-19   3.3953e-19
 4385.00   7.4222e-19   3.0173e-19
 4390.00   6.0189e-19   3.2504e-19
 4395.00  -4.6562e-19   3.3255e-19
 4400.00   2.3077e-19   3.3533e-19
 4405.00   5.5927e-21   3.2884e-19
 4410.00   7.3790e-19   3.4969e-19
 4415.00  -1.1404e-19   3.4346e-19
 4420.00   4.5708e-19   3.6250e-19
 4425.00  -1.3847e-19   3.5336e-19
 4430.00  -6.1008e-19   3.5335e-19
 4435.00   5.5703e-19   3.4798e-19
 4440.00   1.0507e-18   3.6614e-19
 4445.00  -1.4377e-19   3.6295e-19
 4450.00   3.0052e-19   3.6747e-19
 4455.00   3.0362e-19   3.5611e-19
 4460.00   4.2599e-19   3.5529e-19
 4465.00   4.5910e-19   3.7205e-19
 4470.00   8.0828e-19   3.7449e-19
 4475.00   1.4916e-19   3.8668e-19
 4480.00  -5.5864e-19   3.7512e-19
 4485.00  -4.5640e-19   3.8948e-19
 4490.00   4.7871e-19   3.8540e-19
 4495.00  -6.1187e-19   3.8685e-19
 4500.00   2.3799e-19   3.9225e-19
 4505.00   6.3512e-19   4.0540e-19
 4510.00   7.2614e-19   4.0304e-19
 4515.00  -3.8943e-19   3.9631e-19
 4520.00  -3.3223e-19   3.9794e-19
 4525.00  -1.1167e-20   3.9007e-19
 4530.00  -2.5188e-20   3.8351e-19
 4535.00  -2.9411e-19   3.9642e-19
 4540.00   1.7956e-19   4.4618e-19
 4545.00   2.7205e-19   4.3212e-19
 4550.00  -1.6711e-19   4.0740e-19
 4555.00  -6.3197e-19   3.9705e-19
 4560.00   5.8748e-19   3.9998e-19
 4565.00   1.0090e-18   3.7706e-19
 4570.00  -1.5543e-19   3.7014e-19
 4575.00   5.3023e-19   3.6783e-19
 4580.00  -1.7714e-19   3.5546e-19
 4585.00   5.2707e-19   3.4551e-19
 4590.00   5.2624e-19   3.4073e-19
 4595.00   1.0692e-20   3.3126e-19
 4600.00   6.4945e-19   3.2893e-19
 4605.00  -6.5216e-20   3.2404e-19
 4610.00  -2.5117e-19   3.2272e-19
 4615.00  -1.1593e-19   3.1797e-19
 4620.00  -4.9128e-19   3.1346e-19
 4625.00   7.9095e-19   3.1298e-19
 4630.00   7.8728e-21   3.0930e-19
 4635.00   4.1400e-19   3.0396e-19
 4640.00   1.9817e-19   3.0026e-19
 4645.00   3.1100e-19   2.9418e-19
 4650.00   2.2897e-20   2.9349e-19
 4655.00   6.3087e-19   2.9695e-19
 4660.00  -3.2295e-19   3.0483e-19
 4665.00   3.7937e-19   2.9138e-19
 4670.00   2.8822e-19   2.9090e-19
 4675.00  -9.7469e-20   2.9965e-19
 4680.00  -9.0776e-19   2.9155e-19
 4685.00   3.0881e-19   3.0144e-19
 4690.00   8.5508e-20   2.9561e-19
 4695.00  -3.2209e-19   3.0074e-19
 4700.00   4.5961e-19   2.9612e-19
 4705.00  -3.2314e-19   2.9673e-19
 4710.00  -1.9267e-19   3.0274e-19
 4715.00  -1.4139e-19   3.0686e-19
 4720.00  -2.5184e-19   3.1379e-19
 4725.00   1.5709e-19   3.1113e-19
 4730.00  -2.5739e-19   3.0368e-19
 4735.00  -4.3025e-19   3.0586e-19
 4740.00   9.7250e-20   3.1369e-19
 4745.00  -6.8418e-20   3.1643e-19
 4750.00   4.9870e-19   3.1949e-19
 4755.00  -2.7940e-19   3.1393e-19
 4760.00   7.5443e-20   3.2092e-19
 4765.00   1.3987e-19   3.1535e-19
 4770.00   2.2284e-19   3.2266e-19
 4775.00   3.3920e-20   3.2780e-19
 4780.00  -1.7863e-20   3.3032e-19
 4785.00   3.9789e-19   3.2351e-19
 4790.00  -2.9178e-19   3.2832e-19
 4795.00  -5.0315e-19   3.3761e-19
 4800.00  -7.0253e-19   3.2895e-19
 4805.00   3.0054e-19   3.3412e-19
 4810.00   6.9205e-19   3.3356e-19
 4815.00  -2.7204e-19   3.4175e-19
 4820.00   2.8261e-19   4.1520e-19
 4825.00  -7.8456e-20   3.9099e-19
 4830.00  -1.3111e-20   3.7983e-19
 4835.00   6.4731e-20   3.7461e-19
 4840.00   3.9412e-19   3.5878e-19
 4845.00   6.2172e-19   3.5375e-19
 4850.00   1.0713e-20   3.3767e-19
 4855.00   9.6781e-20   3.2062e-19
 4860.00  -5.6634e-19   2.9459e-19
 4865.00  -2.5382e-19   3.0028e-19
 4870.00  -5.6513e-19   2.9383e-19
 4875.00   4.5935e-19   2.9915e-19
 4880.00   5.9088e-19   2.9818e-19
 4885.00   3.8249e-20   2.8732e-19
 4890.00  -3.5150e-20   2.7487e-19
 4895.00   4.1054e-20   2.8696e-19
 4900.00  -5.8175e-20   2.8116e-19
 4905.00  -1.2191e-19   2.7673e-19
 4910.00   2.3296e-19   2.6497e-19
 4915.00   2.0778e-20   2.7488e-19
 4920.00   2.8032e-19   2.4848e-19
 4925.00   2.2521e-19   2.6095e-19
 4930.00   4.5669e-20   2.6207e-19
 4935.00   2.4167e-19   2.5406e-19
 4940.00  -1.0954e-19   2.5122e-19
 4945.00   3.0317e-19   2.5507e-19
 4950.00   3.6919e-19   2.5807e-19
 4955.00   7.5901e-19   2.5011e-19
 4960.00   2.7899e-19   2.4702e-19
 4965.00  -3.3039e-20   2.5451e-19
 4970.00  -8.1729e-20   2.5311e-19
 4975.00   1.0023e-18   2.5573e-19
 4980.00   4.7092e-19   2.4886e-19
 4985.00   1.6681e-19   2.4041e-19
 4990.00   4.8441e-19   2.5348e-19
 4995.00   1.5075e-19   2.5352e-19
 5000.00   5.3359e-20   2.4959e-19
 5005.00   3.2712e-19   2.4629e-19
 5010.00  -3.0326e-19   2.5255e-19
 5015.00   4.6557e-19   2.4957e-19
 5020.00   2.1871e-19   2.5239e-19
 5025.00   1.5663e-19   2.5732e-19
 5030.00   5.2971e-20   2.6492e-19
 5035.00   1.6577e-19   2.6461e-19
 5040.00   6.1874e-19   2.5853e-19
 5045.00   3.8207e-19   2.7690e-19
 5050.00   8.0780e-19   2.7126e-19
 5055.00   1.6943e-19   2.8655e-19
 5060.00   3.9774e-19   2.7472e-19
 5065.00   4.2262e-19   2.6970e-19
 5070.00   5.5468e-19   2.7012e-19
 5075.00  -7.6117e-21   2.6921e-19
 5080.00  -9.5099e-20   2.6539e-19
 5085.00  -1.3205e-20   2.7148e-19
 5090.00   1.2309e-19   2.7474e-19
 5095.00   9.5329e-19   2.7867e-19
 5100.00   3.5201e-19   2.7104e-19
 5105.00   7.8475e-19   2.7783e-19
 5110.00   1.7835e-19   2.7696e-19
 5115.00   7.0719e-19   2.8165e-19
 5120.00   3.9290e-19   2.8410e-19
 5125.00   5.6406e-19   2.7714e-19
 5130.00   5.3838e-19   2.8083e-19
 5135.00   3.4749e-19   2.8284e-19
 5140.00   1.7007e-18   3.5228e-19
 5145.00  -1.5539e-19   3.5115e-19
 5150.00   9.8746e-19   3.4405e-19
 5155.00   5.3191e-19   3.3801e-19
 5160.00   9.0659e-19   3.2882e-19
 5165.00   8.5626e-19   3.0280e-19
 5170.00   7.4552e-19   2.8627e-19
 5175.00   3.1253e-19   2.8548e-19
 5180.00   5.8083e-19   2.9551e-19
 5185.00   2.9293e-19   2.6228e-19
 5190.00   1.9731e-19   2.7998e-19
 5195.00  -3.7678e-19   2.7135e-19
 5200.00   2.2385e-19   2.7971e-19
 5205.00   3.3892e-19   2.6482e-19
 5210.00   2.6948e-19   2.5834e-19
 5215.00   2.4460e-19   2.5488e-19
 5220.00   6.1232e-19   2.5705e-19
 5225.00   8.2426e-20   2.4400e-19
 5230.00   1.2164e-18   2.4818e-19
 5235.00   2.5652e-19   2.3854e-19
 5240.00   2.8679e-19   2.4787e-19
 5245.00   1.2519e-18   2.3981e-19
 5250.00   7.7861e-19   2.3605e-19
 5255.00  -1.9740e-19   2.3859e-19
 5260.00   6.1727e-19   2.3169e-19
 5265.00   7.6404e-19   2.1519e-19
 5270.00   8.5044e-19   2.1741e-19
 5275.00   7.8267e-19   2.2746e-19
 5280.00   4.6730e-20   2.2241e-19
 5285.00   2.7817e-19   2.2215e-19
 5290.00   1.0434e-18   2.2827e-19
 5295.00   4.8624e-19   2.2463e-19
 5300.00   5.2493e-19   2.2103e-19
 5305.00   6.5645e-20   2.2620e-19
 5310.00   4.9141e-20   2.2680e-19
 5315.00   2.4852e-19   2.2450e-19
 5320.00   1.1204e-18   2.2702e-19
 5325.00   5.0034e-19   2.2152e-19
 5330.00   7.1067e-19   2.2124e-19
 5335.00   7.6771e-20   2.2305e-19
 5340.00   6.8082e-19   2.2058e-19
 5345.00   6.4098e-19   2.2362e-19
 5350.00   7.5602e-19   2.2526e-19
 5355.00   4.0794e-19   2.2958e-19
 5360.00   3.7732e-19   2.2955e-19
 5365.00   7.8312e-19   2.2534e-19
 5370.00   3.7339e-19   2.2036e-19
 5375.00   9.4061e-19   2.3290e-19
 5380.00   1.0751e-18   2.3223e-19
 5385.00   5.4566e-19   2.3270e-19
 5390.00   5.7869e-19   2.3200e-19
 5395.00   6.4971e-19   2.3006e-19
 5400.00   7.5690e-19   2.3505e-19
 5405.00   1.2399e-19   2.2983e-19
 5410.00   9.7029e-19   2.3812e-19
 5415.00   6.9215e-19   2.4440e-19
 5420.00   1.0053e-19   2.4931e-19
 5425.00   5.4851e-19   2.5137e-19
 5430.00   5.3555e-19   2.5401e-19
 5435.00   3.7659e-19   2.5983e-19
 5440.00  -1.5714e-19   2.7106e-19
 5445.00  -1.9766e-19   2.6060e-19
 5450.00  -2.1855e-19   2.5317e-19
 5455.00   4.7384e-19   2.5202e-19
 5460.00   8.3910e-19   2.6647e-19
 5465.00   8.2289e-20   2.6203e-19
 5470.00   5.5969e-19   2.7376e-19
 5475.00   5.3100e-19   2.7258e-19
 5480.00   3.4862e-19   2.8037e-19
 5485.00   3.9582e-19   2.8941e-19
 5490.00   1.1796e-18   2.9496e-19
 5495.00   3.3873e-19   2.9586e-19
 5500.00   3.8165e-19   2.9851e-19
 5505.00  -5.5163e-19   3.9667e-19
 5510.00   2.6603e-19   4.0361e-19
 5515.00  -3.6123e-19   3.8800e-19
 5520.00   4.4768e-19   3.8261e-19
 5525.00  -1.6575e-19   3.6582e-19
 5530.00   3.8240e-19   3.5413e-19
 5535.00   1.0998e-18   3.5396e-19
 5540.00   8.4948e-20   3.4917e-19
 5545.00   7.0949e-19   3.4962e-19
 5550.00   9.2562e-19   3.4579e-19
 5555.00   7.0102e-19   3.3907e-19
 5560.00   3.5256e-19   3.4100e-19
 5565.00   7.5562e-19   3.5317e-19
 5570.00   7.3425e-19   3.4675e-19
 5575.00   1.8169e-18   4.1042e-19
 5580.00   8.8331e-19   3.8463e-19
 5585.00   1.7436e-18   3.4873e-19
 5590.00   1.2516e-18   3.6021e-19
 5595.00   8.4710e-19   3.5657e-19
 5600.00   1.2240e-19   3.5973e-19
 5605.00   3.6816e-19   3.7865e-19
 5610.00   1.8289e-18   4.6423e-19
 5615.00  -2.4668e-19   6.1212e-19
 5620.00   1.3949e-18   5.7851e-19
 5625.00   7.1525e-19   5.5333e-19
 5630.00   1.2273e-18   5.2814e-19
 5635.00   5.3098e-19   5.0144e-19
 5640.00   6.0631e-19   4.8576e-19
 5645.00  -4.7233e-19   4.7712e-19
 5650.00   6.8743e-19   4.5753e-19
 5655.00   1.6902e-18   4.4724e-19
 5660.00   1.6689e-18   4.3273e-19
 5665.00   5.9263e-19   4.3294e-19
 5670.00   9.6930e-19   4.3331e-19
 5675.00   1.1100e-18   4.3003e-19
 5680.00  -4.2183e-19   4.2455e-19
 5685.00   6.9245e-19   4.2145e-19
 5690.00   1.8328e-18   4.3257e-19
 5695.00  -1.0896e-18   4.3747e-19
 5700.00   7.7491e-19   4.4577e-19
 5705.00   1.2839e-18   4.5916e-19
 5710.00  -7.4371e-20   4.3407e-19
 5715.00   4.6171e-20   4.4279e-19
 5720.00   1.8625e-18   4.5141e-19
 5725.00   1.2358e-18   4.6662e-19
 5730.00   1.5212e-19   4.7614e-19
 5735.00   2.0854e-18   5.0505e-19
 5740.00   1.9933e-18   6.0627e-19
 5745.00   1.5352e-18   4.9272e-19
 5750.00  -1.0979e-18   4.6325e-19
 5755.00  -1.7606e-19   4.4122e-19
 5760.00  -3.3969e-19   4.2488e-19
 5765.00   1.4152e-18   4.1754e-19
 5770.00   7.5065e-19   4.0426e-19
 5775.00   1.2816e-18   3.9449e-19
 5780.00  -1.2422e-20   3.8047e-19
 5785.00  -2.6507e-20   3.7803e-19
 5790.00  -3.7328e-20   3.7661e-19
 5795.00   3.9463e-19   3.7489e-19
 5800.00   1.0840e-19   3.7015e-19
 5805.00   2.6343e-19   3.6994e-19
 5810.00  -6.4894e-20   3.6846e-19
 5815.00  -4.5684e-19   3.6705e-19
 5820.00   5.8548e-19   3.7396e-19
 5825.00   1.4592e-18   3.6880e-19
 5830.00   3.6162e-19   3.6845e-19
 5835.00   6.8915e-19   3.6902e-19
 5840.00   8.2961e-19   3.7025e-19
 5845.00   2.8040e-19   3.7500e-19
 5850.00   7.6609e-19   3.7655e-19
 5855.00   8.6203e-19   3.7479e-19
 5860.00   6.6244e-19   3.7533e-19
 5865.00   8.8360e-19   4.0826e-19
 5870.00  -1.4319e-19   4.0347e-19
 5875.00   3.8207e-19   3.9730e-19
 5880.00  -1.0597e-19   3.9515e-19
 5885.00  -1.9449e-19   4.0308e-19
 5890.00  -5.3895e-20   4.6031e-19
 5895.00   9.3803e-19   4.4568e-19
 5900.00   1.1224e-18   4.2730e-19
 5905.00   1.3974e-19   4.4755e-19
 5910.00  -1.4731e-19   4.4603e-19
 5915.00   5.0036e-19   4.4884e-19
 5920.00   6.9581e-19   4.1340e-19
 5925.00   1.4408e-18   4.2500e-19
 5930.00   1.2404e-18   4.1262e-19
 5935.00   8.6857e-19   4.2941e-19
 5940.00   4.8573e-19   4.0678e-19
 5945.00   8.0879e-19   4.7552e-19
 5950.00   1.5980e-18   5.8249e-19
 5955.00  -4.0764e-19   5.7096e-19
 5960.00   5.1701e-19   5.2582e-19
 5965.00   1.0221e-18   5.0186e-19
 5970.00   1.0108e-19   4.8981e-19
 5975.00   5.9091e-20   4.7277e-19
 5980.00   3.1183e-19   4.4442e-19
 5985.00   9.2791e-19   4.2328e-19
 5990.00   3.7320e-19   4.1575e-19
 5995.00   4.5773e-19   4.0106e-19
 6000.00   6.0276e-20   3.9502e-19
 6005.00   7.7536e-19   4.0445e-19
 6010.00   8.7719e-20   3.9278e-19
 6015.00   9.7962e-19   3.6671e-19
 6020.00   8.1530e-19   3.5662e-19
 6025.00   7.9183e-20   3.5487e-19
 6030.00   1.3412e-19   3.5087e-19
 6035.00   1.0347e-18   3.5164e-19
 6040.00   9.2585e-19   3.4096e-19
 6045.00   5.9256e-19   3.3662e-19
 6050.00   5.7125e-19   3.3152e-19
 6055.00   8.0179e-19   3.2451e-19
 6060.00   9.6631e-19   3.2300e-19
 6065.00   1.5290e-18   3.2428e-19
 6070.00   3.3800e-19   3.2364e-19
 6075.00   7.7669e-19   3.1798e-19
 6080.00   1.0073e-18   3.1670e-19
 6085.00  -5.8533e-19   3.1595e-19
 6090.00   5.1910e-19   3.1683e-19
 6095.00   6.5204e-20   3.2541e-19
 6100.00   4.7848e-19   3.2522e-19
 6105.00   5.7095e-19   3.2794e-19
 6110.00   6.4619e-19   3.3262e-19
 6115.00   1.5410e-18   3.4148e-19
 6120.00   9.4118e-19   3.4211e-19
 6125.00   6.6768e-19   3.4962e-19
 6130.00  -2.2364e-19   3.5953e-19
 6135.00   3.3206e-19   3.6272e-19
 6140.00   1.8221e-19   3.3881e-19
 6145.00   6.4804e-19   3.4766e-19
 6150.00   1.2234e-18   3.4238e-19
 6155.00   1.0452e-18   3.4066e-19
 6160.00   9.7916e-19   3.3734e-19
 6165.00   6.5502e-19   3.2939e-19
 6170.00   1.0784e-18   4.2134e-19
 6175.00   1.1947e-18   4.6421e-19
 6180.00   1.2387e-18   4.3626e-19
 6185.00   7.7968e-19   4.2002e-19
 6190.00   1.2668e-19   3.9702e-19
 6195.00   9.6203e-19   3.9069e-19
 6200.00   5.3421e-19   3.7424e-19
 6205.00   1.6720e-18   3.7177e-19
 6210.00   4.6344e-19   3.4624e-19
 6215.00   6.0168e-19   3.3920e-19
 6220.00   7.3707e-20   3.6854e-19
 6225.00   1.0071e-18   3.2022e-19
 6230.00   1.0926e-18   3.0972e-19
 6235.00   9.7652e-19   3.6700e-19
 6240.00   9.6962e-19   3.2241e-19
 6245.00   1.0084e-18   3.0437e-19
 6250.00  -1.1138e-19   2.9285e-19
 6255.00   1.0847e-18   2.9043e-19
 6260.00   1.0858e-18   3.1236e-19
 6265.00   8.8452e-19   2.9724e-19
 6270.00   1.4637e-18   2.8727e-19
 6275.00   9.7696e-19   2.8147e-19
 6280.00   1.0762e-18   2.7757e-19
 6285.00   1.3240e-18   2.8525e-19
 6290.00   8.2884e-19   2.8457e-19
 6295.00   8.1488e-19   2.7718e-19
 6300.00   1.2168e-18   3.4462e-19
 6305.00   8.1488e-19   2.9758e-19
 6310.00   6.2744e-19   2.7529e-19
 6315.00   6.5706e-19   2.7526e-19
 6320.00   5.1639e-19   2.9303e-19
 6325.00   9.8029e-19   2.8376e-19
 6330.00   9.9137e-19   3.1600e-19
 6335.00   1.0887e-18   2.8887e-19
 6340.00   1.0581e-18   2.9728e-19
 6345.00   1.3683e-18   3.0335e-19
 6350.00   7.6017e-19   3.2039e-19
 6355.00   9.6935e-20   3.3814e-19
 6360.00   8.4813e-19   3.1602e-19
 6365.00   9.6070e-19   3.4431e-19
 6370.00   3.1794e-19   3.0654e-19
 6375.00   5.6752e-19   3.4963e-19
 6380.00  -5.7147e-20   4.2975e-19
 6385.00   9.1551e-19   3.2479e-19
 6390.00   1.0731e-18   3.0680e-19
 6395.00   1.2579e-18   2.9882e-19
 6400.00   1.1063e-18   2.9536e-19
 6405.00   1.5897e-18   2.9582e-19
 6410.00   1.8973e-18   3.2231e-19
 6415.00   4.9402e-19   4.1148e-19
 6420.00   1.1756e-18   3.8809e-19
 6425.00   1.9648e-18   3.6452e-19
 6430.00   1.6873e-18   3.5036e-19
 6435.00  -7.2860e-20   3.4309e-19
 6440.00   6.2610e-19   3.2260e-19
 6445.00   5.3605e-19   3.1406e-19
 6450.00   1.1709e-18   3.1264e-19
 6455.00   7.4315e-19   3.0856e-19
 6460.00   1.1072e-18   2.9284e-19
 6465.00   3.6128e-19   3.1852e-19
 6470.00   2.2903e-19   2.9589e-19
 6475.00   8.3531e-19   2.6734e-19
 6480.00   7.0227e-19   2.6830e-19
 6485.00   6.3184e-19   2.5250e-19
 6490.00   8.8087e-19   2.4697e-19
 6495.00   3.8862e-19   2.4317e-19
 6500.00   7.5670e-19   2.7177e-19
 6505.00   9.4973e-19   2.5661e-19
 6510.00   7.6213e-19   2.3833e-19
 6515.00   3.0679e-19   2.3631e-19
 6520.00   1.0370e-18   2.3808e-19
 6525.00   7.4765e-19   2.4018e-19
 6530.00   1.2915e-18   2.3282e-19
 6535.00   7.2739e-19   2.5031e-19
 6540.00   6.1103e-19   2.3545e-19
 6545.00  -3.9887e-20   2.4481e-19
 6550.00   1.7624e-19   2.3564e-19
 6555.00   7.5803e-19   2.5311e-19
 6560.00   7.4538e-19   2.2769e-19
 6565.00   2.7496e-19   2.4062e-19
 6570.00   9.7773e-19   2.4724e-19
 6575.00   8.7506e-20   2.4971e-19
 6580.00   2.2900e-19   2.4372e-19
 6585.00   3.9467e-19   2.4175e-19
 6590.00  -9.9802e-20   2.4497e-19
 6595.00   6.8361e-19   2.5446e-19
 6600.00  -1.4077e-19   2.4888e-19
 6605.00   7.4329e-19   2.7171e-19
 6610.00   7.9506e-19   2.5618e-19
 6615.00   6.8273e-19   2.6134e-19
 6620.00   1.3062e-20   2.6546e-19
 6625.00   6.4529e-19   2.8129e-19
 6630.00   3.1356e-19   2.8154e-19
 6635.00   7.6266e-19   2.5859e-19
 6640.00   1.0989e-18   2.4856e-19
 6645.00  -3.2171e-20   2.4498e-19
 6650.00  -1.8389e-19   2.4736e-19
 6655.00   3.8985e-19   2.5063e-19
 6660.00   8.6808e-19   2.5078e-19
 6665.00   5.6330e-19   2.4893e-19
 6670.00   2.0248e-19   2.5804e-19
 6675.00   1.1026e-19   3.2951e-19
 6680.00   9.9973e-19   3.1619e-19
 6685.00   3.7142e-19   3.0777e-19
 6690.00   7.1329e-20   2.9727e-19
 6695.00   6.2518e-19   2.8760e-19
 6700.00   1.1809e-18   2.8753e-19
 6705.00   5.5126e-19   2.7861e-19
 6710.00   7.9427e-19   2.6601e-19
 6715.00   1.1811e-18   2.6458e-19
 6720.00   8.2934e-19   2.5107e-19
 6725.00   7.8507e-19   2.4599e-19
 6730.00   1.1142e-18   2.4368e-19
 6735.00   7.7052e-19   2.3666e-19
 6740.00   1.2091e-18   2.3360e-19
 6745.00   9.6631e-19   2.3104e-19
 6750.00   8.6533e-19   2.2380e-19
 6755.00   9.0230e-20   2.2301e-19
 6760.00   6.0863e-19   2.1979e-19
 6765.00   7.4212e-20   2.1437e-19
 6770.00   2.2806e-19   2.1160e-19
 6775.00   3.0542e-19   2.1097e-19
 6780.00   6.0455e-19   2.1098e-19
 6785.00   5.8936e-19   2.0989e-19
 6790.00   1.2824e-19   2.1124e-19
 6795.00   1.7008e-19   2.0466e-19
 6800.00   3.2829e-19   2.0622e-19
 6805.00   8.4141e-19   2.0500e-19
 6810.00   1.0842e-18   2.0510e-19
 6815.00   8.7226e-19   2.0507e-19
 6820.00   8.1136e-19   2.0507e-19
 6825.00   5.3900e-19   2.1686e-19
 6830.00   3.1981e-20   2.6381e-19
 6835.00   9.3501e-19   2.4777e-19
 6840.00   3.0457e-19   2.2693e-19
 6845.00   2.1363e-19   2.0671e-19
 6850.00   9.0650e-19   2.1485e-19
 6855.00   1.9124e-18   2.1225e-19
 6860.00   1.0556e-18   2.1876e-19
 6865.00   6.1519e-19   2.5379e-19
 6870.00   4.6569e-19   2.1049e-19
 6875.00   6.4089e-19   2.0422e-19
 6880.00   7.1980e-19   2.3530e-19
 6885.00   1.1615e-18   2.2695e-19
 6890.00   1.2862e-18   2.5209e-19
 6895.00   1.2503e-18   2.2954e-19
 6900.00   5.0259e-19   2.5785e-19
 6905.00   1.4053e-18   2.4365e-19
 6910.00   4.0389e-19   2.5602e-19
 6915.00   1.7021e-18   2.2559e-19
 6920.00   1.3871e-18   2.1616e-19
 6925.00   1.0414e-18   2.4459e-19
 6930.00   1.0972e-18   2.1437e-19
 6935.00   1.1533e-18   2.1364e-19
 6940.00   1.0722e-18   2.3120e-19
 6945.00   1.3780e-18   2.1124e-19
 6950.00   1.1712e-18   2.3979e-19
 6955.00   7.5718e-19   2.4268e-19
 6960.00   4.9856e-19   2.7650e-19
 6965.00   9.1423e-19   2.7079e-19
 6970.00   1.6325e-18   2.7666e-19
 6975.00   9.7370e-19   2.5168e-19
 6980.00   1.3017e-18   2.6961e-19
 6985.00   5.6330e-19   2.3837e-19
 6990.00   1.2784e-18   2.3417e-19
 6995.00   8.5818e-19   2.2433e-19
 7000.00   1.2539e-18   2.2352e-19
 7005.00   1.4434e-18   2.2536e-19
 7010.00   1.2595e-18   2.2833e-19
 7015.00   8.5706e-19   2.0206e-19
 7020.00   6.1408e-19   2.0101e-19
 7025.00   7.4441e-19   1.9422e-19
 7030.00   5.9833e-19   1.9845e-19
 7035.00   1.0780e-18   1.9191e-19
 7040.00   7.4569e-19   1.9577e-19
 7045.00   1.4337e-18   1.9603e-19
 7050.00   7.7243e-19   2.0930e-19
 7055.00   1.1988e-18   1.8863e-19
 7060.00   1.5024e-18   1.8493e-19
 7065.00   1.2635e-18   1.8911e-19
 7070.00   1.2243e-18   1.8421e-19
 7075.00   1.4604e-18   1.8308e-19
 7080.00   1.3536e-18   1.8355e-19
 7085.00   7.5454e-19   1.7893e-19
 7090.00   1.2639e-18   1.8486e-19
 7095.00   6.9430e-19   1.7467e-19
 7100.00   4.7075e-19   1.7356e-19
 7105.00   7.1036e-19   1.7470e-19
 7110.00   1.1926e-18   1.7421e-19
 7115.00   1.8032e-18   1.7332e-19
 7120.00   1.1386e-18   1.7054e-19
 7125.00   1.3319e-18   1.7694e-19
 7130.00   5.4177e-19   1.7629e-19
 7135.00   8.2877e-19   1.7690e-19
 7140.00   9.6449e-19   1.7869e-19
 7145.00   9.7035e-19   1.9056e-19
 7150.00   1.4721e-18   1.8146e-19
 7155.00   8.6275e-19   1.7948e-19
 7160.00   7.1936e-19   1.8730e-19
 7165.00   9.3815e-19   1.8381e-19
 7170.00   6.8493e-19   1.8223e-19
 7175.00   8.2291e-19   1.8465e-19
 7180.00   5.0464e-19   1.8851e-19
 7185.00   3.0277e-19   1.8060e-19
 7190.00   6.1358e-19   1.8854e-19
 7195.00   1.2161e-18   1.9008e-19
 7200.00   1.0558e-18   1.9562e-19
 7205.00   4.4828e-19   1.9680e-19
 7210.00   8.8913e-19   2.0965e-19
 7215.00   9.2800e-19   2.1485e-19
 7220.00   1.7372e-18   1.8759e-19
 7225.00   1.1397e-18   1.8803e-19
 7230.00   3.9202e-19   1.8800e-19
 7235.00   9.1628e-19   1.8562e-19
 7240.00   1.2281e-18   2.9314e-19
 7245.00   9.9278e-19   2.3855e-19
 7250.00   7.1131e-19   1.9343e-19
 7255.00   1.4809e-18   2.1514e-19
 7260.00   1.0662e-18   1.8466e-19
 7265.00   1.4678e-18   2.3186e-19
 7270.00   1.3516e-18   2.4944e-19
 7275.00   1.4551e-18   2.9074e-19
 7280.00   9.2932e-19   2.2981e-19
 7285.00   1.3768e-18   2.5407e-19
 7290.00   9.9168e-20   2.1104e-19
 7295.00   1.0386e-18   2.2377e-19
 7300.00   1.4996e-18   1.9714e-19
 7305.00   9.7205e-19   2.2055e-19
 7310.00   6.5242e-19   1.9676e-19
 7315.00   1.1013e-18   2.1355e-19
 7320.00   4.4505e-19   1.8294e-19
 7325.00   1.1412e-18   1.7994e-19
 7330.00   1.5481e-18   2.0832e-19
 7335.00   6.8061e-19   1.7464e-19
 7340.00   1.3160e-18   2.0546e-19
 7345.00   9.5240e-19   1.7837e-19
 7350.00   8.2685e-19   1.7552e-19
 7355.00   7.4675e-19   1.7289e-19
 7360.00   6.9093e-19   1.8919e-19
 7365.00   8.7071e-19   1.6816e-19
 7370.00   5.2094e-19   1.9015e-19
 7375.00   9.5359e-19   1.6696e-19
 7380.00   5.8583e-19   1.6099e-19
 7385.00   1.1406e-18   1.5854e-19
 7390.00   1.0681e-18   1.7556e-19
 7395.00   1.1635e-18   1.6185e-19
 7400.00   1.0675e-18   1.8095e-19
 7405.00   1.2422e-18   1.5841e-19
 7410.00   9.1819e-19   1.5661e-19
 7415.00   1.0544e-18   1.5921e-19
 7420.00   1.1039e-18   1.5549e-19
 7425.00   7.1545e-19   1.5668e-19
 7430.00   1.1971e-18   1.7074e-19
 7435.00   8.3986e-19   1.6102e-19
 7440.00   8.7668e-19   1.8344e-19
 7445.00   8.3457e-19   1.5571e-19
 7450.00   1.0466e-18   1.5881e-19
 7455.00   1.0885e-18   1.5667e-19
 7460.00   1.1535e-18   1.7262e-19
 7465.00   1.6215e-18   1.8795e-19
 7470.00   1.3169e-18   1.8516e-19
 7475.00   9.8027e-19   1.8076e-19
 7480.00   7.8609e-19   1.9584e-19
 7485.00   1.0726e-18   1.9033e-19
 7490.00   1.1469e-18   1.6929e-19
 7495.00   4.8574e-19   1.7970e-19
 7500.00   5.7331e-19   1.7148e-19
 7505.00   9.7355e-19   1.7105e-19
 7510.00   9.1949e-19   1.7978e-19
 7515.00   5.1111e-19   1.8357e-19
 7520.00   9.8624e-19   1.9015e-19
 7525.00   1.2213e-18   2.3254e-19
 7530.00   7.6494e-19   2.1533e-19
 7535.00   8.2650e-19   1.9177e-19
 7540.00   4.6317e-19   2.1013e-19
 7545.00   6.6620e-19   1.9975e-19
 7550.00   1.1605e-18   1.8512e-19
 7555.00   9.9603e-19   1.7885e-19
 7560.00   7.4914e-19   1.7875e-19
 7565.00   1.1669e-18   1.7326e-19
 7570.00   1.0095e-18   1.9780e-19
 7575.00   1.3547e-18   1.7920e-19
 7580.00   8.7418e-19   1.6739e-19
 7585.00   4.4233e-19   1.8216e-19
 7590.00   1.1707e-18   1.6670e-19
 7595.00   2.4489e-19   1.4380e-19
 7600.00  -8.0472e-20   1.6954e-19
 7605.00   3.0590e-19   1.6399e-19
 7610.00   5.2615e-20   1.7177e-19
 7615.00  -2.0951e-19   1.6954e-19
 7620.00   2.4963e-19   2.0274e-19
 7625.00   5.9581e-19   1.6283e-19
 7630.00   5.9820e-19   1.7632e-19
 7635.00   4.5417e-19   1.5086e-19
 7640.00   8.8391e-20   1.5290e-19
 7645.00   4.3821e-20   1.5224e-19
 7650.00   3.5263e-19   1.5394e-19
 7655.00   6.7512e-19   1.6294e-19
 7660.00   2.3910e-19   1.5883e-19
 7665.00   4.6007e-19   1.5572e-19
 7670.00   5.0944e-19   1.5160e-19
 7675.00   5.9562e-19   1.5375e-19
 7680.00   3.3508e-19   1.5675e-19
 7685.00   4.4852e-19   1.5770e-19
 7690.00   5.8322e-19   1.6314e-19
 7695.00   8.1422e-19   1.5090e-19
 7700.00   9.7428e-19   1.6609e-19
 7705.00   1.0450e-18   1.4630e-19
 7710.00   4.5208e-19   1.5857e-19
 7715.00   6.0507e-19   2.6489e-19
 7720.00   8.9368e-19   1.6330e-19
 7725.00   7.9028e-19   1.8719e-19
 7730.00   1.2966e-18   1.4951e-19
 7735.00   9.4505e-19   1.6253e-19
 7740.00   6.0056e-19   1.5110e-19
 7745.00   7.8828e-19   1.4741e-19
 7750.00   4.7699e-19   2.0178e-19
 7755.00   5.6268e-19   1.5333e-19
 7760.00   3.9722e-19   1.7032e-19
 7765.00   5.1295e-19   1.4183e-19
 7770.00   8.2411e-19   1.6466e-19
 7775.00   8.1751e-19   2.0214e-19
 7780.00   6.6171e-19   1.6579e-19
 7785.00   6.8221e-19   1.5275e-19
 7790.00   1.1687e-18   1.6388e-19
 7795.00   4.8039e-19   1.7625e-19
 7800.00   6.4681e-19   1.4548e-19
 7805.00   8.1161e-19   1.5222e-19
 7810.00   7.5281e-19   1.7745e-19
 7815.00   9.4861e-19   1.6086e-19
 7820.00   8.4524e-19   1.9173e-19
 7825.00   6.6987e-19   1.5595e-19
 7830.00   9.0529e-19   1.5657e-19
 7835.00   7.4159e-19   1.5516e-19
 7840.00   1.0017e-18   1.7616e-19
 7845.00   5.7534e-19   1.5196e-19
 7850.00   4.5496e-19   2.0008e-19
 7855.00   4.4512e-19   1.9361e-19
 7860.00   2.1172e-19   2.0954e-19
 7865.00   4.6974e-19   1.7107e-19
 7870.00   6.9690e-19   2.0514e-19
 7875.00   7.7754e-19   1.6534e-19
 7880.00   1.3238e-18   2.3046e-19
 7885.00   6.1912e-19   1.8369e-19
 7890.00   2.5280e-19   2.2546e-19
 7895.00  -7.1780e-20   1.8682e-19
 7900.00   5.2753e-19   1.8061e-19
 7905.00   8.6503e-19   1.9058e-19
 7910.00   4.3506e-19   2.0391e-19
 7915.00   4.8361e-19   2.0305e-19
 7920.00   1.0616e-18   2.0864e-19
 7925.00   9.8080e-19   1.5586e-19
 7930.00   3.9728e-19   2.0308e-19
 7935.00   8.3861e-19   1.5730e-19
 7940.00   5.4618e-19   1.5499e-19
 7945.00   3.3532e-19   1.6562e-19
 7950.00   7.5168e-19   1.7510e-19
 7955.00   8.1577e-19   1.5069e-19
 7960.00   9.1393e-19   1.4938e-19
 7965.00   2.9815e-19   1.7823e-19
 7970.00   9.2895e-19   1.8573e-19
 7975.00   1.2810e-18   2.0860e-19
 7980.00   4.3272e-19   2.2666e-19
 7985.00   9.3342e-19   1.8433e-19
 7990.00   7.4003e-19   1.9060e-19
 7995.00   9.8402e-19   2.2488e-19
 8000.00   1.1787e-18   1.8558e-19
 8005.00   8.0869e-19   1.7060e-19
 8010.00   9.1441e-19   1.6942e-19
 8015.00   3.9153e-19   1.9444e-19
 8020.00   4.2824e-19   1.7602e-19
 8025.00   1.1719e-18   1.9834e-19
 8030.00   8.4303e-19   1.8898e-19
 8035.00   1.0639e-18   1.5633e-19
 8040.00   8.1272e-19   1.5537e-19
 8045.00   1.0749e-18   1.5101e-19
 8050.00   2.2143e-19   1.7569e-19
 8055.00   5.7847e-19   1.4809e-19
 8060.00   5.5629e-19   1.6383e-19
 8065.00   8.0605e-19   1.5434e-19
 8070.00   1.0006e-18   1.4045e-19
 8075.00   6.3896e-19   1.4802e-19
 8080.00   5.8692e-19   1.4114e-19
 8085.00   9.0946e-19   1.5050e-19
 8090.00   8.7566e-19   1.3521e-19
 8095.00   7.5230e-19   1.5394e-19
 8100.00   1.0013e-18   1.4675e-19
 8105.00   4.9796e-19   1.5042e-19
 8110.00   9.1579e-19   1.3634e-19
 8115.00   8.8533e-19   1.3317e-19
 8120.00   9.1310e-19   1.3169e-19
 8125.00   5.6562e-19   1.3177e-19
 8130.00   6.9729e-19   1.3430e-19
 8135.00   1.0530e-18   1.2924e-19
 8140.00   8.0617e-19   1.4182e-19
 8145.00   8.8806e-19   1.4038e-19
 8150.00   8.1453e-19   1.2763e-19
 8155.00   3.6639e-19   1.2304e-19
 8160.00   3.6086e-19   1.2309e-19
 8165.00   7.0931e-19   1.2359e-19
 8170.00   9.8953e-19   1.2318e-19
 8175.00   7.3055e-19   1.2573e-19
 8180.00   3.8211e-19   1.2262e-19
 8185.00   3.2092e-19   1.2595e-19
 8190.00   6.2438e-19   1.3534e-19
 8195.00   4.1703e-19   1.3716e-19
 8200.00   4.5062e-19   1.2466e-19
 8205.00   6.1486e-19   1.3748e-19
 8210.00   9.3542e-19   1.3532e-19
 8215.00   1.0393e-18   1.3799e-19
 8220.00   6.0463e-19   1.3303e-19
 8225.00   6.7731e-19   1.3501e-19
 8230.00   3.9187e-19   1.2414e-19
 8235.00   4.7372e-19   1.3705e-19
 8240.00   6.6488e-19   1.4509e-19
 8245.00   1.3059e-18   1.4506e-19
 8250.00   7.5347e-19   1.5153e-19
 8255.00   7.8077e-19   1.4679e-19
 8260.00   7.9080e-19   1.4534e-19
 8265.00   6.0948e-19   1.4706e-19
 8270.00   5.6627e-19   1.5063e-19
 8275.00   5.6288e-19   1.5006e-19
 8280.00   5.2249e-19   2.8619e-19
 8285.00   3.9640e-19   1.9919e-19
 8290.00   1.4470e-18   2.0252e-19
 8295.00   1.1046e-18   1.7975e-19
 8300.00   3.4091e-19   2.0424e-19
 8305.00   6.5946e-19   1.7378e-19
 8310.00   4.2126e-19   1.9705e-19
 8315.00   5.1264e-19   1.6732e-19
 8320.00   4.3491e-19   1.4459e-19
 8325.00   8.5420e-19   1.3969e-19
 8330.00   7.9489e-19   1.3676e-19
 8335.00   8.6195e-19   1.4021e-19
 8340.00   4.4435e-19   1.4881e-19
 8345.00   1.4932e-18   2.0702e-19
 8350.00   1.1963e-18   1.6288e-19
 8355.00   6.0916e-19   1.6055e-19
 8360.00   5.4121e-19   1.5437e-19
 8365.00   9.3246e-19   1.8407e-19
 8370.00   5.0349e-19   1.3781e-19
 8375.00   3.9018e-19   1.4120e-19
 8380.00   4.4408e-19   2.1196e-19
 8385.00   1.2745e-18   1.8135e-19
 8390.00   1.1285e-18   1.7657e-19
 8395.00   9.0674e-19   1.6522e-19
 8400.00   1.3449e-18   2.0879e-19
 8405.00   8.1638e-19   1.5753e-19
 8410.00   8.7828e-19   1.5729e-19
 8415.00   8.5331e-19   1.8437e-19
 8420.00   1.1435e-18   1.5305e-19
 8425.00   6.9145e-19   1.6831e-19
 8430.00   9.1306e-19   2.0441e-19
 8435.00   6.3542e-19   1.5568e-19
 8440.00   4.6595e-19   1.4138e-19
 8445.00   5.9542e-19   1.6326e-19
 8450.00   7.3110e-19   1.5869e-19
 8455.00   7.5591e-19   1.5013e-19
 8460.00   3.7072e-19   1.4063e-19
 8465.00   9.7386e-19   1.7327e-19
 8470.00   8.2798e-19   1.3309e-19
 8475.00   8.3591e-19   1.4546e-19
 8480.00   4.5871e-19   1.3143e-19
 8485.00   9.8719e-19   1.3202e-19
 8490.00   6.5572e-19   1.2962e-19
 8495.00   7.7740e-19   1.6429e-19
 8500.00   7.8154e-19   1.3598e-19
 8505.00   1.1242e-19   1.6849e-19
 8510.00   5.9822e-19   1.2642e-19
 8515.00   3.3797e-19   1.2489e-19
 8520.00   2.8154e-19   1.3066e-19
 8525.00   7.8376e-19   1.2453e-19
 8530.00   9.0221e-19   1.2364e-19
 8535.00   3.2705e-19   1.2081e-19
 8540.00   2.9269e-19   1.3983e-19
 8545.00   3.3075e-19   1.2000e-19
 8550.00   1.3798e-19   1.5911e-19
 8555.00   6.6149e-19   1.2376e-19
 8560.00   7.7397e-19   1.1853e-19
 8565.00   5.1303e-19   1.2263e-19
 8570.00   4.5930e-19   1.2476e-19
 8575.00   5.1575e-19   1.2969e-19
 8580.00   4.0529e-19   1.2126e-19
 8585.00   3.9675e-19   1.2073e-19
 8590.00   7.0064e-19   1.3741e-19
 8595.00   6.1553e-19   1.3762e-19
 8600.00   2.1649e-19   1.2522e-19
 8605.00   5.6875e-19   1.2262e-19
 8610.00   1.2482e-19   1.3146e-19
 8615.00   8.4013e-19   1.6189e-19
 8620.00   3.0151e-20   1.9325e-19
 8625.00   1.0175e-18   2.0368e-19
 8630.00   7.9715e-19   2.1558e-19
 8635.00   8.0381e-19   1.9841e-19
 8640.00   7.9809e-19   1.7603e-19
 8645.00   6.8055e-19   1.4202e-19
 8650.00   1.8370e-19   1.7819e-19
 8655.00   2.5148e-19   1.7695e-19
 8660.00   1.2049e-18   1.7025e-19
 8665.00   1.6761e-19   1.6799e-19
 8670.00   1.8393e-19   1.6909e-19
 8675.00   4.4832e-19   1.6440e-19
 8680.00   1.0313e-19   1.5858e-19
 8685.00   3.4688e-19   1.4758e-19
 8690.00   2.3944e-19   1.4269e-19
 8695.00   4.3004e-19   1.4552e-19
 8700.00   9.9180e-19   1.5990e-19
 8705.00   5.6748e-19   1.5173e-19
 8710.00   7.0375e-19   1.4905e-19
 8715.00   7.2713e-19   1.3953e-19
 8720.00   2.4232e-19   1.4168e-19
 8725.00   3.0882e-19   1.5147e-19
 8730.00   8.0823e-19   1.4552e-19
 8735.00   5.1882e-19   1.4982e-19
 8740.00   2.2973e-19   1.6167e-19
 8745.00   3.6799e-19   1.6115e-19
 8750.00   2.7044e-19   1.6229e-19
 8755.00   2.6862e-19   1.6058e-19
 8760.00   7.2121e-19   3.2351e-19
 8765.00   7.8192e-19   1.8685e-19
 8770.00   1.8858e-19   1.7275e-19
 8775.00   6.0799e-19   1.6722e-19
 8780.00   5.8046e-19   1.6431e-19
 8785.00   7.2968e-19   1.3585e-19
 8790.00   1.2148e-19   1.6923e-19
 8795.00   9.1180e-19   1.3469e-19
 8800.00   7.9436e-19   1.3513e-19
 8805.00  -5.7374e-20   1.3049e-19
 8810.00   2.5535e-19   1.5219e-19
 8815.00   6.1770e-19   1.3188e-19
 8820.00   6.7682e-19   1.3414e-19
 8825.00   1.0656e-19   1.9705e-19
 8830.00   6.7101e-19   2.0087e-19
 8835.00   3.0198e-19   3.0480e-19
 8840.00   7.5312e-19   1.6377e-19
 8845.00  -6.4715e-20   1.9559e-19
 8850.00   8.7000e-19   1.9996e-19
 8855.00   5.5504e-19   1.5797e-19
 8860.00   6.0153e-19   1.6275e-19
 8865.00   5.6431e-19   1.8179e-19
 8870.00   9.5388e-20   1.6223e-19
 8875.00   7.5609e-19   1.4597e-19
 8880.00   6.4072e-19   1.4147e-19
 8885.00   9.1153e-19   1.9507e-19
 8890.00   3.8256e-19   1.5422e-19
 8895.00   3.7688e-19   1.5064e-19
 8900.00   1.7420e-19   1.4289e-19
 8905.00   2.3018e-19   1.7273e-19
 8910.00   1.4054e-19   1.5078e-19
 8915.00   4.4097e-19   1.3575e-19
 8920.00   8.5358e-19   1.9685e-19
 8925.00   5.6131e-20   1.4468e-19
 8930.00   8.3693e-19   1.4354e-19
 8935.00   6.1462e-19   1.3894e-19
 8940.00   4.2463e-19   1.3141e-19
 8945.00  -1.1502e-19   1.5492e-19
 8950.00   2.6276e-19   1.2136e-19
 8955.00   3.0340e-19   1.2994e-19
 8960.00   6.7266e-19   1.4715e-19
 8965.00   8.9197e-19   1.1741e-19
 8970.00   5.1265e-19   1.3101e-19
 8975.00   2.9673e-19   1.1796e-19
 8980.00   1.8789e-19   1.3562e-19
 8985.00   5.9129e-19   1.2517e-19
 8990.00   5.8861e-19   1.4119e-19
 8995.00   3.8176e-19   1.2037e-19
 9000.00   2.6587e-19   1.4929e-19
 9005.00   2.9435e-19   1.0959e-19
 9010.00   4.7737e-19   1.0679e-19
 9015.00   2.5591e-19   1.0562e-19
 9020.00   2.9520e-19   1.1897e-19
 9025.00   5.8160e-19   1.0694e-19
 9030.00   3.9282e-19   1.2406e-19
 9035.00   9.0183e-19   1.1754e-19
 9040.00   5.4120e-19   1.3469e-19
 9045.00   5.8366e-19   1.2294e-19
 9050.00   6.5747e-19   1.5624e-19
 9055.00   6.0854e-19   1.2357e-19
 9060.00   7.2078e-19   1.1790e-19
 9065.00   7.8041e-19   1.2737e-19
 9070.00   5.8768e-19   1.2557e-19
 9075.00   6.6086e-19   1.1729e-19
 9080.00   9.0219e-19   1.1184e-19
 9085.00   5.0147e-19   1.1994e-19
 9090.00   2.5885e-19   1.2555e-19
 9095.00   3.2223e-19   1.3578e-19
 9100.00   7.5769e-19   1.2624e-19
 9105.00   3.9557e-19   1.3575e-19
 9110.00   4.1587e-19   1.2059e-19
 9115.00   4.5507e-19   1.2081e-19
 9120.00   4.6388e-19   1.1745e-19
 9125.00   5.9614e-19   1.2296e-19
 9130.00   5.1979e-19   1.1800e-19
 9135.00   5.0471e-19   1.2479e-19
 9140.00   5.9564e-19   1.3096e-19
 9145.00   5.1150e-19   1.3197e-19
 9150.00   3.2714e-19   1.4814e-19
 9155.00   5.3085e-19   1.4378e-19
 9160.00   2.8151e-19   1.7896e-19
 9165.00   4.8637e-19   1.3526e-19
 9170.00   9.2836e-19   1.3705e-19
 9175.00   8.9375e-19   1.3308e-19
 9180.00   4.2323e-19   1.4274e-19
 9185.00   3.4267e-19   1.4027e-19
 9190.00   7.2253e-19   1.4602e-19
 9195.00   2.5175e-19   1.4239e-19
 9200.00   6.7047e-19   1.5280e-19
 9205.00   1.9877e-19   1.5396e-19
 9210.00   8.1467e-19   1.5719e-19
 9215.00   7.5527e-19   1.7853e-19
 9220.00   3.6375e-19   1.6432e-19
 9225.00   7.7800e-19   2.0931e-19
 9230.00   6.4203e-19   1.6898e-19
 9235.00   3.7122e-19   1.6878e-19
 9240.00   1.3521e-19   1.7107e-19
 9245.00   4.9063e-19   1.7677e-19
 9250.00   9.3008e-19   2.0688e-19
 9255.00   3.1863e-19   1.9166e-19
 9260.00   6.1841e-19   1.6420e-19
 9265.00   1.9012e-19   1.7990e-19
 9270.00   7.1681e-19   1.4813e-19
 9275.00   7.1950e-19   1.4701e-19
 9280.00   5.5840e-19   1.4396e-19
 9285.00   5.6730e-19   1.6267e-19
 9290.00   7.0521e-19   1.5721e-19
 9295.00   5.4711e-19   1.7081e-19
 9300.00   3.9938e-19   1.4539e-19
 9305.00   5.8721e-19   2.2553e-19
 9310.00  -1.0713e-19   3.2988e-19
 9315.00   3.0192e-19   2.2944e-19
 9320.00  -6.0799e-19   1.9552e-19
 9325.00   7.2284e-19   2.1887e-19
 9330.00   8.6486e-19   1.8829e-19
 9335.00   3.8945e-19   1.8603e-19
 9340.00  -1.3891e-19   2.0422e-19
 9345.00   4.5912e-20   1.6328e-19
 9350.00   1.0459e-18   2.5509e-19
 9355.00   3.6342e-19   1.6667e-19
 9360.00   5.9593e-19   1.8179e-19
 9365.00   1.2780e-19   1.7995e-19
 9370.00  -4.0161e-20   1.8486e-19
 9375.00  -4.6775e-19   4.9282e-19
 9380.00   4.9918e-19   1.9001e-19
 9385.00   3.5463e-20   2.0481e-19
 9390.00   6.6224e-20   1.7417e-19
 9395.00   1.7064e-19   2.0213e-19
 9400.00  -2.1400e-19   2.1377e-19
 9405.00  -4.4940e-19   1.9456e-19
 9410.00  -1.4766e-19   1.6318e-19
 9415.00   6.2729e-20   1.8101e-19
 9420.00  -3.4242e-19   2.8829e-19
 9425.00   5.0579e-19   1.7933e-19
 9430.00   7.3287e-19   1.5712e-19
 9435.00   1.1136e-19   1.8810e-19
 9440.00   7.8115e-19   3.3664e-19
 9445.00   4.8464e-20   1.7885e-19
 9450.00   1.0335e-19   2.0733e-19
 9455.00  -2.0227e-19   1.7751e-19
 9460.00   3.1517e-19   2.3755e-19
 9465.00   3.9160e-19   1.6464e-19
 9470.00   5.8490e-19   1.6952e-19
 9475.00   6.5685e-19   2.4088e-19
 9480.00   8.9713e-19   1.9017e-19
 9485.00  -5.8854e-19   1.7494e-19
 9490.00  -2.0898e-19   1.8746e-19
 9495.00  -3.5693e-20   1.5094e-19
 9500.00   5.1055e-19   1.7607e-19
 9505.00  -4.3204e-20   2.1213e-19
 9510.00   5.2221e-19   1.6842e-19
 9515.00   2.2264e-19   1.6180e-19
 9520.00   1.2118e-19   2.2570e-19
 9525.00  -3.4344e-19   1.6139e-19
 9530.00   4.4561e-20   1.8268e-19
 9535.00  -5.0968e-20   1.9985e-19
 9540.00   8.4865e-19   1.5967e-19
 9545.00  -1.0452e-20   1.4783e-19
 9550.00   9.0603e-19   1.9437e-19
 9555.00  -1.6829e-20   1.7666e-19
 9560.00  -2.1431e-19   1.8065e-19
 9565.00   5.0525e-19   2.0245e-19
 9570.00  -3.4550e-20   2.2372e-19
 9575.00   7.0568e-19   1.7794e-19
 9580.00   1.6098e-19   1.5139e-19
 9585.00   6.3813e-19   1.6311e-19
 9590.00   3.1690e-20   1.5852e-19
 9595.00  -1.1288e-19   1.6196e-19
 9600.00   7.4762e-20   1.6192e-19
 9605.00   9.4673e-19   1.8587e-19
 9610.00   5.7087e-19   2.0474e-19
 9615.00   5.9802e-19   1.8111e-19
 9620.00   2.6991e-19   2.4428e-19
 9625.00   2.3222e-19   1.9679e-19
 9630.00   6.2648e-19   2.0753e-19
 9635.00   2.1526e-19   1.7452e-19
 9640.00   2.7504e-19   1.7669e-19
 9645.00   2.9050e-19   1.6739e-19
 9650.00   6.4795e-19   1.9016e-19
 9655.00   9.5729e-19   2.1782e-19
 9660.00   2.2539e-19   2.2440e-19
 9665.00  -1.7132e-19   1.9493e-19
 9670.00  -1.2856e-19   2.9909e-19
 9675.00   7.5850e-19   2.3855e-19
 9680.00   8.2569e-19   3.5863e-19
 9685.00   1.6547e-19   2.5234e-19
 9690.00   6.4584e-19   2.7877e-19
 9695.00   2.0851e-19   2.2940e-19
 9700.00   3.3312e-19   3.3956e-19
 9705.00   5.5629e-19   2.3630e-19
 9710.00   1.0058e-18   2.7585e-19
 9715.00   9.4620e-19   2.3681e-19
 9720.00   1.4550e-18   4.0631e-19
 9725.00  -2.3266e-20   2.5752e-19
 9730.00   3.9953e-19   2.5330e-19
 9735.00  -1.0624e-18   3.2097e-19
 9740.00  -2.9590e-19   2.9909e-19
 9745.00  -3.4203e-19   3.1079e-19
 9750.00   1.1620e-19   2.4254e-19
 9755.00  -3.1348e-19   2.5055e-19
 9760.00   1.3156e-19   2.4413e-19
 9765.00   2.8798e-19   2.5554e-19
 9770.00  -7.2700e-20   2.6272e-19
 9775.00  -2.7997e-19   2.7300e-19
 9780.00  -2.6615e-19   2.8391e-19
 9785.00   4.6017e-19   3.0114e-19
 9790.00   1.9371e-18   6.5676e-19
 9795.00   9.6855e-19   3.4858e-19
 9800.00   1.0941e-18   3.8198e-19
 9805.00   1.0867e-19   2.9468e-19
 9810.00   6.8680e-19   4.1282e-19
 9815.00  -2.2102e-21   5.1925e-19
 9820.00   7.5181e-19   4.5264e-19
 9825.00  -8.4714e-20   4.4175e-19
 9830.00  -8.1886e-19   4.6380e-19
 9835.00   3.9749e-19   4.0503e-19
 9840.00   4.1521e-19   3.8311e-19
 9845.00  -4.9074e-19   4.3730e-19
 9850.00  -2.0340e-19   5.4868e-19
 9855.00  -2.7326e-19   3.7938e-19
 9860.00  -3.5794e-19   3.7362e-19
 9865.00   6.0451e-19   4.0128e-19
 9870.00  -2.4232e-20   6.4674e-19
 9875.00  -4.3104e-19   5.1916e-19
 9880.00   8.4851e-19   3.8030e-19
 9885.00  -1.4311e-18   4.4665e-19
 9890.00   4.3932e-19   4.0039e-19
 9895.00   3.6114e-19   6.5645e-19
 9900.00   3.8991e-19   4.0734e-19
 9905.00   1.3464e-18   3.7687e-19
 9910.00   1.1117e-18   4.5395e-19
 9915.00   3.3130e-19   8.5268e-19
 9920.00   8.2408e-19   4.1589e-19
 9925.00   1.7852e-18   3.6586e-19
 9930.00   1.3574e-19   3.5934e-19
 9935.00   7.4049e-19   3.9684e-19
 9940.00   3.0679e-19   6.2165e-19
 9945.00   1.1845e-19   1.1411e-18
 9950.00   3.4823e-20   6.5950e-19
 9955.00  -6.9200e-19   7.2471e-19
 9960.00   2.9847e-19   8.8924e-19
 9965.00   1.2272e-18   5.1420e-19
 9970.00   1.9830e-18   5.0763e-19
 9975.00   1.1766e-18   5.1772e-19
 9980.00   1.2105e-18   4.6357e-19
 9985.00   4.4511e-19   3.6309e-19
 9990.00   8.2791e-19   3.8047e-19
 9995.00   8.2791e-19   9.9999e+04
10000.00   8.2791e-19   9.9999e+04
