 
TRANSIENT_NAME:     DES14C1eu  
SNID:               1290779    
OBS_DATE:           2014-08-31
MJD:                56900. 
PHASE:              +6.    
MJD_MAX:            56891.4
TYPE:               1  
SPEC_EVAL:          SNIa
REDSHIFT:           0.3900  
REDSHIFT_ERR:       0.0050  
REDSHIFT_SOURCE:    Z_SN
TELESCOPE:          VLT
INSTRUMENT:         X-SHOOTER
 
======================================
 
# WAVE  FLUX  FLUX_ERR
 3400.00  -1.4364e-18   9.9999e+04
 3405.00  -1.4364e-18   1.1051e-18
 3410.00   1.7734e-18   1.1093e-18
 3415.00   1.4306e-18   1.1419e-18
 3420.00   1.5270e-19   1.1769e-18
 3425.00  -6.0595e-19   1.2399e-18
 3430.00  -1.1067e-20   1.2456e-18
 3435.00  -2.3895e-20   1.2882e-18
 3440.00  -8.3203e-19   1.3216e-18
 3445.00  -7.0355e-19   1.3547e-18
 3450.00  -3.3208e-18   1.4118e-18
 3455.00   3.4711e-19   1.4782e-18
 3460.00  -1.4258e-18   1.4698e-18
 3465.00   1.3449e-18   1.4807e-18
 3470.00   5.3716e-19   1.4642e-18
 3475.00  -1.5416e-18   1.4118e-18
 3480.00   4.7206e-19   1.4369e-18
 3485.00  -1.0818e-18   1.3630e-18
 3490.00  -2.8781e-18   1.2772e-18
 3495.00   1.4752e-19   1.1903e-18
 3500.00   2.3551e-19   1.1137e-18
 3505.00  -1.4350e-18   1.0669e-18
 3510.00  -2.1487e-18   1.0529e-18
 3515.00  -6.6383e-19   9.5786e-19
 3520.00   4.2686e-19   9.1212e-19
 3525.00  -9.4364e-19   8.6191e-19
 3530.00  -1.1432e-18   8.4251e-19
 3535.00  -2.2210e-19   7.9856e-19
 3540.00  -4.3513e-20   8.2986e-19
 3545.00  -1.2774e-18   8.7236e-19
 3550.00   5.5990e-19   8.1943e-19
 3555.00   1.7092e-19   8.2018e-19
 3560.00  -9.9656e-19   7.9111e-19
 3565.00  -2.4399e-18   7.5857e-19
 3570.00   4.6922e-20   7.5431e-19
 3575.00  -3.7021e-19   7.5951e-19
 3580.00  -3.3222e-19   7.4946e-19
 3585.00  -5.4963e-19   7.6562e-19
 3590.00   1.6650e-19   8.1131e-19
 3595.00   1.3635e-18   8.2458e-19
 3600.00  -4.1401e-19   8.4660e-19
 3605.00   6.8763e-20   8.8272e-19
 3610.00  -1.4006e-18   9.1223e-19
 3615.00  -1.3476e-18   9.9257e-19
 3620.00  -1.6391e-18   1.0256e-18
 3625.00  -1.1310e-18   1.0474e-18
 3630.00   1.9583e-20   1.0863e-18
 3635.00  -1.4543e-18   1.0992e-18
 3640.00  -7.8264e-19   1.0841e-18
 3645.00  -1.2565e-18   1.0352e-18
 3650.00  -7.2423e-19   9.8933e-19
 3655.00  -7.9128e-19   9.2669e-19
 3660.00  -5.2204e-20   8.9924e-19
 3665.00  -1.1908e-18   8.2147e-19
 3670.00   9.9226e-20   7.5382e-19
 3675.00  -1.0455e-18   7.1353e-19
 3680.00   2.1179e-20   6.6890e-19
 3685.00  -1.0464e-18   6.2591e-19
 3690.00   9.9562e-20   5.9809e-19
 3695.00  -3.3863e-19   5.7064e-19
 3700.00   3.9848e-19   5.8445e-19
 3705.00  -2.5495e-19   5.5725e-19
 3710.00  -1.0361e-18   5.2809e-19
 3715.00  -5.0521e-19   5.1081e-19
 3720.00   2.2084e-19   4.8681e-19
 3725.00  -4.3146e-19   4.9733e-19
 3730.00  -4.3948e-19   5.2507e-19
 3735.00  -9.2078e-19   5.0675e-19
 3740.00  -5.2515e-19   5.3929e-19
 3745.00   1.0056e-18   5.1539e-19
 3750.00   1.8926e-20   4.9981e-19
 3755.00   6.8488e-19   5.2168e-19
 3760.00  -1.6915e-18   5.1733e-19
 3765.00   8.6238e-19   5.2303e-19
 3770.00  -8.7275e-19   5.3299e-19
 3775.00  -4.9510e-19   5.6499e-19
 3780.00  -7.3985e-19   5.7968e-19
 3785.00   3.7141e-19   6.0110e-19
 3790.00   4.5697e-19   6.1613e-19
 3795.00  -5.7208e-19   6.3802e-19
 3800.00  -1.0459e-18   6.4296e-19
 3805.00  -1.4263e-18   6.7206e-19
 3810.00  -3.6921e-19   6.8357e-19
 3815.00  -5.2894e-19   7.0046e-19
 3820.00  -1.0873e-18   6.9341e-19
 3825.00  -3.9254e-19   6.7604e-19
 3830.00   6.1511e-19   6.9862e-19
 3835.00   1.1212e-18   6.5967e-19
 3840.00   7.7460e-21   6.3497e-19
 3845.00  -3.2753e-19   6.1093e-19
 3850.00   1.3177e-18   5.8391e-19
 3855.00   1.4842e-18   5.5254e-19
 3860.00  -3.8588e-19   5.2558e-19
 3865.00  -2.1482e-20   5.0438e-19
 3870.00  -1.6513e-19   4.6854e-19
 3875.00   6.1879e-19   4.5836e-19
 3880.00  -3.5040e-19   4.3008e-19
 3885.00   2.2071e-19   4.1196e-19
 3890.00   1.0857e-18   4.0133e-19
 3895.00   5.2312e-19   3.9747e-19
 3900.00   5.0587e-19   3.9400e-19
 3905.00   1.0870e-18   3.9944e-19
 3910.00  -8.2975e-19   3.9850e-19
 3915.00   1.0658e-19   3.8686e-19
 3920.00   2.3946e-19   3.7292e-19
 3925.00   4.3272e-19   3.6073e-19
 3930.00  -4.8340e-19   3.4826e-19
 3935.00  -4.4681e-19   3.3833e-19
 3940.00   5.6689e-20   3.6818e-19
 3945.00  -6.6381e-20   3.7466e-19
 3950.00   5.8464e-19   3.7685e-19
 3955.00  -3.1080e-19   3.7199e-19
 3960.00   8.3938e-19   3.6903e-19
 3965.00   6.5723e-19   3.6118e-19
 3970.00   7.0251e-20   3.6107e-19
 3975.00  -7.2573e-20   4.0007e-19
 3980.00   1.2559e-18   4.2436e-19
 3985.00  -1.4493e-18   4.1563e-19
 3990.00  -1.6553e-19   4.3220e-19
 3995.00  -5.6403e-19   4.3912e-19
 4000.00   2.9656e-19   4.5961e-19
 4005.00   8.6499e-19   4.6694e-19
 4010.00   1.1295e-18   4.9422e-19
 4015.00   1.0079e-18   4.9275e-19
 4020.00  -4.5686e-19   4.9536e-19
 4025.00   4.7369e-19   4.9159e-19
 4030.00  -4.1164e-19   4.8814e-19
 4035.00   4.0844e-19   4.8190e-19
 4040.00  -2.4070e-19   4.8335e-19
 4045.00   4.9973e-19   4.7559e-19
 4050.00  -7.0123e-19   4.5991e-19
 4055.00   1.2764e-18   4.4055e-19
 4060.00   6.6356e-19   4.3573e-19
 4065.00   1.1480e-18   4.4957e-19
 4070.00   1.4322e-18   4.3392e-19
 4075.00  -1.3905e-19   4.0415e-19
 4080.00   7.8240e-19   3.9253e-19
 4085.00   5.6094e-19   3.8514e-19
 4090.00   3.6077e-19   3.6626e-19
 4095.00   5.8710e-19   3.5182e-19
 4100.00   4.3166e-19   3.3521e-19
 4105.00   6.8645e-19   3.2766e-19
 4110.00  -2.0475e-19   3.2286e-19
 4115.00   4.9761e-19   3.2104e-19
 4120.00  -3.7681e-19   3.1113e-19
 4125.00  -7.9067e-19   3.1831e-19
 4130.00   1.0764e-20   3.1621e-19
 4135.00   1.8400e-19   3.1833e-19
 4140.00  -1.8594e-19   3.1249e-19
 4145.00   4.1835e-19   3.0428e-19
 4150.00   2.6756e-19   3.0564e-19
 4155.00   5.1204e-19   3.1412e-19
 4160.00  -2.8070e-19   3.2093e-19
 4165.00   3.5265e-19   3.3099e-19
 4170.00   1.0473e-18   3.3948e-19
 4175.00   4.8544e-19   3.2805e-19
 4180.00   3.5649e-19   3.3082e-19
 4185.00   1.0604e-18   3.3525e-19
 4190.00  -4.5120e-19   3.3286e-19
 4195.00   5.0031e-19   3.3825e-19
 4200.00   3.4414e-19   3.3530e-19
 4205.00   4.4317e-19   3.4799e-19
 4210.00   5.5145e-19   3.5638e-19
 4215.00   4.4957e-19   3.6485e-19
 4220.00  -2.9290e-20   3.6943e-19
 4225.00   2.7340e-20   3.6954e-19
 4230.00  -3.3036e-19   3.8255e-19
 4235.00   7.1454e-19   3.8825e-19
 4240.00  -2.6650e-19   3.9299e-19
 4245.00   1.6146e-19   4.0789e-19
 4250.00   8.7517e-19   4.0460e-19
 4255.00   5.7375e-20   4.0325e-19
 4260.00   1.7499e-19   3.9730e-19
 4265.00   3.4483e-19   4.0458e-19
 4270.00   2.3005e-19   3.9073e-19
 4275.00  -1.0781e-20   3.8140e-19
 4280.00  -2.1179e-19   3.7519e-19
 4285.00   8.2790e-19   3.7058e-19
 4290.00  -5.9676e-20   3.6577e-19
 4295.00  -3.0855e-19   3.5374e-19
 4300.00   4.0804e-19   3.3583e-19
 4305.00   6.8243e-19   3.2818e-19
 4310.00   3.4976e-19   3.1836e-19
 4315.00   4.2094e-19   3.2324e-19
 4320.00   7.4797e-19   3.1389e-19
 4325.00   1.0487e-18   2.9422e-19
 4330.00   3.4301e-19   2.8843e-19
 4335.00   4.6856e-19   2.8120e-19
 4340.00   5.5135e-19   2.6706e-19
 4345.00   1.3406e-19   2.6967e-19
 4350.00   6.2566e-19   2.6739e-19
 4355.00   1.1414e-19   2.6398e-19
 4360.00   1.4946e-19   2.6751e-19
 4365.00   7.1627e-19   2.6177e-19
 4370.00   1.2012e-18   2.6021e-19
 4375.00   1.0661e-19   2.5670e-19
 4380.00   9.0991e-19   2.5985e-19
 4385.00   7.7595e-19   2.5033e-19
 4390.00   4.1272e-19   2.5342e-19
 4395.00   5.2402e-19   2.5770e-19
 4400.00   3.4123e-19   2.6115e-19
 4405.00   8.0698e-19   2.7542e-19
 4410.00   3.4854e-19   2.7842e-19
 4415.00   6.9173e-19   2.7735e-19
 4420.00  -4.6311e-19   2.7908e-19
 4425.00   3.8303e-19   2.8039e-19
 4430.00   3.4915e-19   2.8001e-19
 4435.00   7.4565e-19   2.8038e-19
 4440.00  -1.6206e-19   2.8846e-19
 4445.00   3.3927e-19   2.9156e-19
 4450.00   5.4827e-19   3.0289e-19
 4455.00   4.4677e-19   2.9669e-19
 4460.00   5.0713e-20   3.0110e-19
 4465.00  -5.5207e-20   3.0962e-19
 4470.00   5.6876e-19   3.2041e-19
 4475.00   4.2416e-19   3.2760e-19
 4480.00  -4.4543e-21   3.2271e-19
 4485.00   1.9794e-19   3.4097e-19
 4490.00  -1.2298e-19   3.3760e-19
 4495.00   5.6871e-19   3.4625e-19
 4500.00   5.7834e-19   3.4713e-19
 4505.00  -3.1322e-20   3.5118e-19
 4510.00   7.1484e-19   3.5243e-19
 4515.00   6.2698e-19   3.5286e-19
 4520.00  -3.4037e-19   3.4833e-19
 4525.00   1.5310e-19   3.4747e-19
 4530.00  -7.8720e-19   3.4597e-19
 4535.00  -6.1244e-19   3.4926e-19
 4540.00   1.4057e-19   3.7011e-19
 4545.00   8.1164e-19   3.5567e-19
 4550.00  -2.0816e-19   3.3551e-19
 4555.00   8.4807e-19   3.2414e-19
 4560.00   2.4286e-19   3.1219e-19
 4565.00   5.6748e-19   3.0985e-19
 4570.00   6.5192e-19   2.9240e-19
 4575.00   6.8680e-19   2.8771e-19
 4580.00  -1.4475e-19   2.8461e-19
 4585.00   6.3226e-19   2.7124e-19
 4590.00   1.0247e-18   2.6498e-19
 4595.00   2.0001e-19   2.5608e-19
 4600.00   4.7582e-19   2.5127e-19
 4605.00   9.8118e-19   2.4783e-19
 4610.00   7.8767e-19   2.4620e-19
 4615.00   7.5108e-19   2.4366e-19
 4620.00   4.9581e-19   2.3619e-19
 4625.00   3.2523e-19   2.3260e-19
 4630.00   3.1592e-19   2.3171e-19
 4635.00   6.2218e-19   2.2869e-19
 4640.00   1.3338e-19   2.2603e-19
 4645.00  -9.3916e-21   2.2096e-19
 4650.00   1.6844e-19   2.2194e-19
 4655.00   9.4009e-19   2.2572e-19
 4660.00   3.6442e-19   2.3319e-19
 4665.00   1.0151e-18   2.2580e-19
 4670.00   1.5224e-19   2.2504e-19
 4675.00   2.3795e-19   2.2799e-19
 4680.00   5.5173e-19   2.2762e-19
 4685.00   6.4402e-19   2.3137e-19
 4690.00   1.6591e-19   2.2903e-19
 4695.00   3.6171e-19   2.3214e-19
 4700.00  -1.0426e-19   2.2962e-19
 4705.00  -2.7134e-20   2.3235e-19
 4710.00   5.8885e-19   2.3841e-19
 4715.00   7.0652e-19   2.4282e-19
 4720.00   3.5949e-19   2.4515e-19
 4725.00   2.3020e-19   2.4643e-19
 4730.00   4.3203e-20   2.5148e-19
 4735.00   2.3040e-20   2.5051e-19
 4740.00   4.3475e-19   2.5844e-19
 4745.00   6.9976e-21   2.6234e-19
 4750.00   1.0013e-18   2.6264e-19
 4755.00   2.1063e-19   2.6741e-19
 4760.00   2.4396e-19   2.7331e-19
 4765.00   6.6904e-19   2.7666e-19
 4770.00   5.2380e-19   2.7925e-19
 4775.00   5.8273e-19   2.8573e-19
 4780.00   1.9406e-19   2.8738e-19
 4785.00   3.6640e-20   2.8813e-19
 4790.00   2.1974e-19   2.9141e-19
 4795.00   5.3081e-19   2.9497e-19
 4800.00   6.5656e-19   2.9580e-19
 4805.00   5.7115e-19   2.9602e-19
 4810.00  -3.5501e-20   2.9531e-19
 4815.00   3.4021e-19   3.0161e-19
 4820.00  -4.3726e-19   3.4475e-19
 4825.00   8.8486e-19   3.3212e-19
 4830.00   8.1509e-19   3.2126e-19
 4835.00   5.0211e-19   3.1265e-19
 4840.00   4.3446e-19   3.0043e-19
 4845.00   8.8665e-19   2.9090e-19
 4850.00   4.3435e-19   2.7361e-19
 4855.00   7.2974e-19   2.6433e-19
 4860.00   1.1987e-18   2.6314e-19
 4865.00   5.0767e-19   2.4750e-19
 4870.00   6.2895e-19   2.4275e-19
 4875.00   1.0289e-18   2.3801e-19
 4880.00   8.0444e-19   2.3663e-19
 4885.00   7.4413e-19   2.3120e-19
 4890.00   3.5724e-19   2.2657e-19
 4895.00   7.9402e-19   2.2404e-19
 4900.00   7.0107e-19   2.2394e-19
 4905.00   1.1062e-18   2.1817e-19
 4910.00   7.6888e-19   2.1350e-19
 4915.00   8.1823e-19   2.0860e-19
 4920.00   9.9469e-19   2.0331e-19
 4925.00   1.1046e-18   2.0567e-19
 4930.00   1.2734e-18   2.0592e-19
 4935.00   1.2687e-18   2.0297e-19
 4940.00   1.3402e-18   1.9898e-19
 4945.00   1.3118e-18   1.9985e-19
 4950.00   1.5057e-18   2.0242e-19
 4955.00   9.8693e-19   1.9575e-19
 4960.00   6.2472e-19   1.9714e-19
 4965.00   1.0458e-18   1.9923e-19
 4970.00   1.1574e-18   1.9926e-19
 4975.00   6.0371e-19   1.9765e-19
 4980.00   1.0679e-18   1.9635e-19
 4985.00   3.1459e-19   1.9421e-19
 4990.00   1.1313e-18   2.0394e-19
 4995.00   1.3768e-18   2.0162e-19
 5000.00   5.5925e-19   1.9864e-19
 5005.00   6.7712e-19   2.0447e-19
 5010.00   1.3979e-18   2.0614e-19
 5015.00   6.0540e-19   2.0525e-19
 5020.00   1.1261e-18   2.0593e-19
 5025.00   5.7988e-19   2.0792e-19
 5030.00   7.7003e-19   2.1207e-19
 5035.00   1.1351e-18   2.1863e-19
 5040.00   1.2488e-18   2.1720e-19
 5045.00   1.3751e-18   2.2658e-19
 5050.00   1.1128e-18   2.2650e-19
 5055.00   1.7390e-18   2.3576e-19
 5060.00   1.2240e-18   2.4020e-19
 5065.00   1.6914e-18   2.3296e-19
 5070.00   1.5953e-18   2.3627e-19
 5075.00   1.1688e-18   2.3648e-19
 5080.00   1.2586e-18   2.3874e-19
 5085.00   1.3467e-18   2.4201e-19
 5090.00   1.7046e-18   2.4621e-19
 5095.00   8.2473e-19   2.4650e-19
 5100.00   1.2310e-18   2.4909e-19
 5105.00   2.4134e-19   2.4876e-19
 5110.00   9.7586e-19   2.5239e-19
 5115.00   1.4173e-18   2.5648e-19
 5120.00   9.2574e-19   2.5619e-19
 5125.00   1.2213e-18   2.5512e-19
 5130.00   4.2544e-19   2.5627e-19
 5135.00   8.5614e-19   2.6171e-19
 5140.00   6.4391e-19   3.1677e-19
 5145.00   3.7717e-19   3.1241e-19
 5150.00   4.5132e-19   2.9855e-19
 5155.00   9.1785e-19   2.9119e-19
 5160.00   5.3658e-19   2.7996e-19
 5165.00   1.3187e-18   2.6823e-19
 5170.00  -4.3369e-20   2.5325e-19
 5175.00   6.7855e-19   2.5337e-19
 5180.00   8.5439e-19   2.4815e-19
 5185.00   8.6801e-19   2.3496e-19
 5190.00   8.0397e-20   2.3523e-19
 5195.00   1.1727e-18   2.3279e-19
 5200.00   9.9158e-19   2.5752e-19
 5205.00   1.7394e-19   2.1687e-19
 5210.00   7.9504e-19   2.1483e-19
 5215.00   3.8791e-19   2.0731e-19
 5220.00   6.5176e-19   2.0844e-19
 5225.00   6.9348e-19   2.0386e-19
 5230.00   9.1576e-19   2.0004e-19
 5235.00   8.0318e-19   1.9446e-19
 5240.00   4.2941e-19   1.9914e-19
 5245.00   4.0577e-19   1.8856e-19
 5250.00   8.9177e-19   1.8968e-19
 5255.00   9.6458e-19   1.9303e-19
 5260.00   9.7026e-19   1.8463e-19
 5265.00   1.1148e-18   1.7815e-19
 5270.00   8.9617e-19   1.7945e-19
 5275.00   5.8213e-19   1.8310e-19
 5280.00   6.8989e-19   1.8051e-19
 5285.00   1.2082e-18   1.7980e-19
 5290.00   9.1961e-19   1.8067e-19
 5295.00   8.6132e-19   1.7942e-19
 5300.00   1.1297e-18   1.8421e-19
 5305.00   1.3803e-18   1.8431e-19
 5310.00   9.7256e-19   1.9001e-19
 5315.00   7.2899e-19   1.8328e-19
 5320.00   1.5688e-18   1.8577e-19
 5325.00   1.4935e-18   1.8554e-19
 5330.00   1.0693e-18   1.8398e-19
 5335.00   1.7476e-18   1.8719e-19
 5340.00   1.5130e-18   1.8543e-19
 5345.00   9.8982e-19   1.8639e-19
 5350.00   1.2607e-18   1.8733e-19
 5355.00   1.7774e-18   1.9046e-19
 5360.00   1.9892e-18   1.9060e-19
 5365.00   1.5908e-18   1.9076e-19
 5370.00   1.9681e-18   1.9320e-19
 5375.00   2.3408e-18   1.9770e-19
 5380.00   1.8747e-18   1.9787e-19
 5385.00   2.0482e-18   1.9906e-19
 5390.00   2.0540e-18   2.0057e-19
 5395.00   2.4209e-18   2.0288e-19
 5400.00   2.2326e-18   2.0652e-19
 5405.00   2.4574e-18   2.0774e-19
 5410.00   2.9265e-18   2.1195e-19
 5415.00   2.1060e-18   2.1669e-19
 5420.00   2.5892e-18   2.2141e-19
 5425.00   2.2603e-18   2.2350e-19
 5430.00   1.8939e-18   2.2929e-19
 5435.00   2.1968e-18   2.3647e-19
 5440.00   1.6371e-18   2.4287e-19
 5445.00   2.7754e-18   2.4482e-19
 5450.00   2.1445e-18   2.3934e-19
 5455.00   2.4024e-18   2.4159e-19
 5460.00   1.8261e-18   2.5480e-19
 5465.00   2.3513e-18   2.5641e-19
 5470.00   2.5360e-18   2.6425e-19
 5475.00   1.8037e-18   2.6995e-19
 5480.00   1.9066e-18   2.7729e-19
 5485.00   2.5046e-18   2.9046e-19
 5490.00   1.8425e-18   2.9263e-19
 5495.00   1.1724e-18   2.9657e-19
 5500.00   8.8230e-19   3.0073e-19
 5505.00   1.4953e-18   3.8577e-19
 5510.00   1.1257e-18   3.7898e-19
 5515.00   1.6962e-18   3.6835e-19
 5520.00   1.0193e-18   3.5679e-19
 5525.00   1.7849e-18   3.4245e-19
 5530.00   7.1228e-19   3.2972e-19
 5535.00   6.4461e-19   3.2389e-19
 5540.00   1.1005e-18   3.2181e-19
 5545.00   8.4594e-19   3.1972e-19
 5550.00   1.7976e-18   3.1688e-19
 5555.00   1.0780e-18   3.1134e-19
 5560.00   4.1388e-19   3.1037e-19
 5565.00   6.6656e-19   3.2346e-19
 5570.00   1.3403e-18   3.2007e-19
 5575.00   1.7066e-18   4.0933e-19
 5580.00   5.4542e-19   3.8690e-19
 5585.00   1.2370e-18   3.3587e-19
 5590.00   1.9066e-18   3.5257e-19
 5595.00   2.2937e-18   3.5436e-19
 5600.00   3.8855e-19   3.7190e-19
 5605.00   1.2395e-18   3.8220e-19
 5610.00   1.8794e-18   4.8556e-19
 5615.00   1.5612e-18   6.9416e-19
 5620.00   2.1353e-18   6.4480e-19
 5625.00  -8.5234e-19   6.0958e-19
 5630.00   7.0400e-19   5.7417e-19
 5635.00   2.5977e-18   5.5189e-19
 5640.00   4.3465e-19   5.3039e-19
 5645.00   1.6247e-18   5.1767e-19
 5650.00   2.1999e-18   5.0053e-19
 5655.00   1.3386e-18   4.8368e-19
 5660.00   1.7636e-18   4.7534e-19
 5665.00   1.1972e-18   4.7132e-19
 5670.00   1.5304e-18   4.6393e-19
 5675.00   6.6793e-19   4.5728e-19
 5680.00   5.9840e-19   4.5895e-19
 5685.00   2.4985e-18   4.6494e-19
 5690.00   7.5544e-19   4.6735e-19
 5695.00   3.0545e-18   4.8143e-19
 5700.00   2.6990e-18   4.9298e-19
 5705.00   2.3438e-18   5.0865e-19
 5710.00   2.1192e-18   4.9589e-19
 5715.00   2.1461e-18   5.0488e-19
 5720.00   1.3890e-18   5.2623e-19
 5725.00   6.0234e-19   5.3376e-19
 5730.00  -9.8348e-19   5.5216e-19
 5735.00   1.2389e-18   5.8684e-19
 5740.00   2.1830e-18   6.8914e-19
 5745.00   8.9731e-19   5.4632e-19
 5750.00   2.4929e-18   5.0930e-19
 5755.00   3.4885e-19   4.8549e-19
 5760.00   9.8697e-19   4.6976e-19
 5765.00   2.6063e-18   4.5672e-19
 5770.00   1.7681e-18   4.4371e-19
 5775.00   2.5204e-18   4.3141e-19
 5780.00   1.1389e-18   4.2500e-19
 5785.00   1.4493e-18   4.1627e-19
 5790.00   6.0586e-20   4.1962e-19
 5795.00   1.9099e-18   4.1330e-19
 5800.00   9.4721e-19   4.0925e-19
 5805.00   1.6046e-18   4.0890e-19
 5810.00   8.9384e-19   4.0468e-19
 5815.00   1.7186e-18   4.0482e-19
 5820.00   1.5360e-18   4.0309e-19
 5825.00   2.0393e-18   4.0072e-19
 5830.00   1.6144e-18   4.0011e-19
 5835.00  -2.1363e-18   3.9712e-19
 5840.00   1.7948e-18   4.0190e-19
 5845.00   1.3982e-18   4.0785e-19
 5850.00   1.4550e-18   4.0873e-19
 5855.00   1.6525e-18   4.1023e-19
 5860.00   1.4663e-18   4.1690e-19
 5865.00   1.9033e-18   4.3841e-19
 5870.00   1.4756e-18   4.3843e-19
 5875.00   1.9682e-18   4.4146e-19
 5880.00   7.3068e-19   4.4076e-19
 5885.00  -5.2492e-19   4.5123e-19
 5890.00   3.2076e-18   5.2811e-19
 5895.00   1.3781e-18   5.1369e-19
 5900.00   2.1350e-18   4.8396e-19
 5905.00   1.7402e-18   5.0292e-19
 5910.00   1.8349e-18   5.0206e-19
 5915.00   1.0942e-18   5.0351e-19
 5920.00   1.5442e-18   4.7332e-19
 5925.00   1.5739e-18   4.7994e-19
 5930.00   1.0610e-18   4.6918e-19
 5935.00   9.4166e-19   4.8803e-19
 5940.00   1.0885e-18   4.6686e-19
 5945.00   1.0388e-18   5.3830e-19
 5950.00   1.4186e-18   6.5936e-19
 5955.00   2.9995e-19   6.3787e-19
 5960.00   1.3497e-19   5.8430e-19
 5965.00   2.3919e-18   5.5617e-19
 5970.00   1.7908e-19   5.3082e-19
 5975.00   1.2337e-18   5.1635e-19
 5980.00   1.9580e-18   4.8595e-19
 5985.00   9.3617e-19   4.6767e-19
 5990.00   2.3915e-18   4.5538e-19
 5995.00  -1.2910e-19   4.3872e-19
 6000.00   7.1070e-19   4.3190e-19
 6005.00   1.1213e-18   4.3250e-19
 6010.00   1.6544e-18   4.2142e-19
 6015.00   7.7302e-19   4.0029e-19
 6020.00   8.7451e-19   3.9437e-19
 6025.00   9.1641e-19   3.8498e-19
 6030.00   1.1081e-18   3.8371e-19
 6035.00   1.2798e-18   3.7783e-19
 6040.00   5.5790e-19   3.6995e-19
 6045.00   4.9658e-19   3.6145e-19
 6050.00   1.8493e-18   3.5486e-19
 6055.00   8.4640e-19   3.4681e-19
 6060.00   9.7624e-19   3.4326e-19
 6065.00   5.7350e-19   3.4196e-19
 6070.00   1.4093e-18   3.3893e-19
 6075.00   5.9858e-19   3.3485e-19
 6080.00   5.6484e-19   3.3313e-19
 6085.00   1.3017e-18   3.3520e-19
 6090.00   2.2783e-18   3.4053e-19
 6095.00   5.3275e-19   3.4011e-19
 6100.00   3.4736e-19   3.4532e-19
 6105.00  -1.0731e-20   3.5372e-19
 6110.00   7.1575e-19   3.6088e-19
 6115.00   9.9696e-19   3.6660e-19
 6120.00   1.1452e-18   3.7224e-19
 6125.00   1.9702e-18   3.8287e-19
 6130.00   4.7661e-19   3.9527e-19
 6135.00   2.1920e-18   4.0217e-19
 6140.00   2.1864e-18   3.7933e-19
 6145.00   1.1360e-18   3.9497e-19
 6150.00   1.5826e-18   3.8880e-19
 6155.00   1.7432e-18   3.8735e-19
 6160.00   1.1184e-18   3.8620e-19
 6165.00   7.4940e-19   3.8564e-19
 6170.00   2.4214e-19   4.9519e-19
 6175.00   1.9145e-18   5.3257e-19
 6180.00   8.9957e-19   5.0226e-19
 6185.00   2.2161e-18   4.7492e-19
 6190.00   1.6558e-18   4.4804e-19
 6195.00   1.1188e-18   4.3020e-19
 6200.00   1.9361e-18   4.1203e-19
 6205.00   8.4096e-19   3.9910e-19
 6210.00   1.4635e-18   3.8691e-19
 6215.00   1.8673e-18   3.7110e-19
 6220.00   2.1294e-18   3.6808e-19
 6225.00   7.0155e-19   3.4333e-19
 6230.00   1.8721e-18   3.3489e-19
 6235.00   1.6923e-18   3.7814e-19
 6240.00   2.5952e-18   3.3755e-19
 6245.00   2.1526e-18   3.2295e-19
 6250.00   2.5823e-18   3.1297e-19
 6255.00   2.7294e-18   3.0941e-19
 6260.00   2.1084e-18   3.2717e-19
 6265.00   2.7426e-18   3.1493e-19
 6270.00   1.1748e-18   3.0178e-19
 6275.00   1.8367e-18   3.0182e-19
 6280.00   2.7596e-18   2.9818e-19
 6285.00   2.3353e-18   3.0833e-19
 6290.00   2.2220e-18   3.0679e-19
 6295.00   3.2542e-18   2.9807e-19
 6300.00   2.1103e-18   3.7991e-19
 6305.00   2.5622e-18   3.2332e-19
 6310.00   1.8006e-18   2.9918e-19
 6315.00   1.4492e-18   3.0183e-19
 6320.00   2.8202e-18   3.1535e-19
 6325.00   9.1253e-19   3.2233e-19
 6330.00   4.5879e-18   3.6087e-19
 6335.00   1.4013e-18   3.1502e-19
 6340.00   2.3765e-18   3.2724e-19
 6345.00   1.6391e-18   3.3292e-19
 6350.00   1.6179e-18   3.4479e-19
 6355.00   1.5558e-18   3.4713e-19
 6360.00   2.0354e-18   3.4514e-19
 6365.00   2.5168e-18   4.0652e-19
 6370.00   2.1585e-18   3.6135e-19
 6375.00   2.9922e-18   3.5297e-19
 6380.00   1.0515e-18   3.4081e-19
 6385.00   3.6640e-18   3.5151e-19
 6390.00   2.8928e-18   3.3602e-19
 6395.00   2.1683e-18   3.4185e-19
 6400.00   1.3872e-18   3.6174e-19
 6405.00   1.7904e-18   3.5458e-19
 6410.00   1.9316e-18   3.7532e-19
 6415.00   2.7925e-18   4.4851e-19
 6420.00   1.8939e-18   4.3322e-19
 6425.00   6.4309e-19   4.0536e-19
 6430.00   5.4027e-19   3.8367e-19
 6435.00   3.0170e-18   3.7170e-19
 6440.00   7.9764e-19   3.5191e-19
 6445.00   2.5893e-18   3.4402e-19
 6450.00   2.0289e-18   3.3294e-19
 6455.00   1.1645e-18   3.1890e-19
 6460.00   4.7746e-19   3.1652e-19
 6465.00   8.2924e-19   3.3050e-19
 6470.00   1.5379e-18   3.1306e-19
 6475.00   2.0221e-18   2.8372e-19
 6480.00   1.4494e-18   2.8221e-19
 6485.00   5.7738e-19   2.6692e-19
 6490.00   1.0631e-18   2.6287e-19
 6495.00   1.4770e-18   2.5878e-19
 6500.00   2.6244e-19   2.9239e-19
 6505.00   1.0209e-18   2.6203e-19
 6510.00   1.3721e-18   2.4768e-19
 6515.00   1.0793e-18   2.4988e-19
 6520.00   8.4511e-19   2.4761e-19
 6525.00   1.7586e-18   2.5039e-19
 6530.00   9.0578e-19   2.3994e-19
 6535.00   1.2371e-18   2.5957e-19
 6540.00   1.0621e-18   2.4255e-19
 6545.00   1.1936e-18   2.5485e-19
 6550.00   8.6838e-19   2.4517e-19
 6555.00   1.1541e-18   2.6525e-19
 6560.00   6.5497e-19   2.4895e-19
 6565.00   1.1039e-18   2.5933e-19
 6570.00   1.0819e-18   2.5938e-19
 6575.00   7.9919e-19   2.6384e-19
 6580.00   5.2258e-19   2.6487e-19
 6585.00   9.9373e-19   2.6619e-19
 6590.00   7.5116e-19   2.6163e-19
 6595.00   1.9362e-19   2.7536e-19
 6600.00   1.7146e-18   2.7032e-19
 6605.00   9.3109e-19   2.8712e-19
 6610.00   1.1912e-18   2.7861e-19
 6615.00  -3.9739e-19   2.8151e-19
 6620.00   1.6139e-18   2.9030e-19
 6625.00   6.0393e-19   3.0052e-19
 6630.00   1.7329e-18   3.0814e-19
 6635.00   4.4927e-19   2.8336e-19
 6640.00   1.1779e-18   2.7618e-19
 6645.00   1.4274e-18   2.7595e-19
 6650.00   1.3678e-18   2.7695e-19
 6655.00   1.9175e-19   2.7693e-19
 6660.00   7.6594e-19   2.7792e-19
 6665.00   8.0290e-19   2.7829e-19
 6670.00   1.5061e-18   2.8904e-19
 6675.00   1.1343e-18   3.6732e-19
 6680.00  -1.2224e-19   3.5060e-19
 6685.00   1.4923e-18   3.4090e-19
 6690.00   1.5198e-19   3.2297e-19
 6695.00   1.6015e-18   3.1241e-19
 6700.00   6.0562e-19   3.0754e-19
 6705.00   3.8800e-19   2.9415e-19
 6710.00   1.4624e-18   2.8765e-19
 6715.00   1.5103e-18   2.8416e-19
 6720.00   1.0103e-18   2.6789e-19
 6725.00   1.0352e-18   2.6217e-19
 6730.00   5.4921e-19   2.6182e-19
 6735.00   6.5871e-19   2.5049e-19
 6740.00   4.0303e-19   2.4804e-19
 6745.00   1.9572e-18   2.4791e-19
 6750.00   1.4021e-18   2.4008e-19
 6755.00   1.1293e-18   2.3609e-19
 6760.00   1.3912e-18   2.3287e-19
 6765.00   1.2463e-18   2.2936e-19
 6770.00   9.0775e-19   2.2623e-19
 6775.00   2.5478e-18   2.2512e-19
 6780.00   1.7837e-18   2.2126e-19
 6785.00   1.2603e-18   2.2276e-19
 6790.00   1.0639e-18   2.1978e-19
 6795.00   1.2295e-18   2.1719e-19
 6800.00   3.1738e-19   2.2196e-19
 6805.00   7.0628e-19   2.1850e-19
 6810.00   1.0497e-18   2.1506e-19
 6815.00   8.1112e-19   2.1286e-19
 6820.00   1.5706e-18   2.1484e-19
 6825.00   1.2625e-18   2.2235e-19
 6830.00   1.3828e-18   2.6371e-19
 6835.00   5.4578e-19   2.5812e-19
 6840.00   5.4327e-19   2.3211e-19
 6845.00   8.1159e-19   2.1699e-19
 6850.00   9.3231e-19   2.2570e-19
 6855.00   7.3194e-19   2.2624e-19
 6860.00   6.6933e-19   2.3288e-19
 6865.00   1.1022e-18   2.7607e-19
 6870.00  -1.3950e-19   2.3749e-19
 6875.00   8.4220e-19   2.3283e-19
 6880.00   2.8561e-19   2.5502e-19
 6885.00   4.5731e-19   2.4891e-19
 6890.00   1.1789e-18   2.6690e-19
 6895.00  -2.9333e-20   2.5723e-19
 6900.00   6.1387e-19   2.8125e-19
 6905.00   2.8774e-19   2.6856e-19
 6910.00   8.7737e-19   2.7971e-19
 6915.00   1.5323e-19   2.5236e-19
 6920.00   1.7073e-18   2.4364e-19
 6925.00   1.0308e-18   2.6627e-19
 6930.00   1.1158e-19   2.4387e-19
 6935.00   3.5304e-19   2.4144e-19
 6940.00   9.6948e-19   2.5861e-19
 6945.00   1.1463e-18   2.3940e-19
 6950.00   1.2410e-18   2.6501e-19
 6955.00   1.0917e-18   2.7422e-19
 6960.00   1.2250e-18   3.0843e-19
 6965.00   2.1592e-18   2.9987e-19
 6970.00   1.0175e-18   2.9808e-19
 6975.00   2.0112e-18   2.7311e-19
 6980.00   9.8753e-19   2.8942e-19
 6985.00   1.8709e-18   2.5858e-19
 6990.00   9.2309e-19   2.4766e-19
 6995.00   1.2282e-18   2.4478e-19
 7000.00   1.1691e-18   2.3642e-19
 7005.00   4.5280e-18   2.3700e-19
 7010.00   6.5533e-19   2.4665e-19
 7015.00   2.0485e-18   2.2202e-19
 7020.00   7.5293e-19   2.1384e-19
 7025.00   1.3495e-18   2.0939e-19
 7030.00   7.6379e-19   2.0910e-19
 7035.00   9.2747e-19   2.0355e-19
 7040.00   1.5755e-18   2.0710e-19
 7045.00   1.1487e-18   2.0661e-19
 7050.00   2.2971e-18   2.2194e-19
 7055.00   1.3853e-18   2.0040e-19
 7060.00   1.4227e-18   1.9692e-19
 7065.00   6.7053e-19   2.0146e-19
 7070.00   1.6820e-18   1.9590e-19
 7075.00   1.4942e-18   1.9304e-19
 7080.00   1.3685e-18   1.9497e-19
 7085.00   1.0374e-18   1.8951e-19
 7090.00   1.2737e-18   1.9655e-19
 7095.00   1.7072e-18   1.8711e-19
 7100.00   1.4531e-18   1.8318e-19
 7105.00   1.1639e-18   1.8376e-19
 7110.00   1.2305e-18   1.8510e-19
 7115.00   1.5295e-18   1.8386e-19
 7120.00   1.5123e-18   1.8304e-19
 7125.00   1.7664e-18   1.8704e-19
 7130.00   9.1316e-19   1.8830e-19
 7135.00   1.2149e-18   1.9231e-19
 7140.00   1.6897e-18   1.9108e-19
 7145.00   1.4803e-18   2.0394e-19
 7150.00   1.3191e-18   1.9499e-19
 7155.00   1.4889e-18   1.9404e-19
 7160.00   1.7476e-18   2.0526e-19
 7165.00   1.9486e-18   2.0436e-19
 7170.00   7.9905e-19   2.0327e-19
 7175.00   1.1396e-18   2.1465e-19
 7180.00   1.0139e-18   2.1230e-19
 7185.00   1.2025e-18   2.0787e-19
 7190.00   8.5060e-19   2.1289e-19
 7195.00   2.1228e-18   2.1860e-19
 7200.00   1.9584e-18   2.2549e-19
 7205.00   1.6170e-18   2.3075e-19
 7210.00   2.0961e-18   2.3566e-19
 7215.00   1.5896e-18   2.4033e-19
 7220.00   1.4283e-18   2.1308e-19
 7225.00   1.6135e-18   2.1429e-19
 7230.00   1.3351e-18   2.1794e-19
 7235.00   1.7086e-18   2.1587e-19
 7240.00   1.2545e-18   3.1287e-19
 7245.00   1.1671e-18   2.7246e-19
 7250.00   1.2398e-18   2.2517e-19
 7255.00   1.2744e-18   2.4114e-19
 7260.00   1.4810e-18   2.1602e-19
 7265.00   4.6111e-19   2.6403e-19
 7270.00   1.7264e-18   2.7942e-19
 7275.00   1.0652e-18   3.2272e-19
 7280.00   1.5319e-18   2.5774e-19
 7285.00   1.1220e-18   2.8143e-19
 7290.00   1.2652e-18   2.3823e-19
 7295.00   6.4437e-19   2.4377e-19
 7300.00   1.5838e-18   2.1922e-19
 7305.00   1.2889e-18   2.4122e-19
 7310.00   1.7043e-18   2.1840e-19
 7315.00   8.2932e-19   2.3469e-19
 7320.00   1.2604e-18   2.0157e-19
 7325.00   1.0458e-18   1.9445e-19
 7330.00   9.4506e-19   2.2230e-19
 7335.00   1.7464e-18   1.9132e-19
 7340.00   5.2331e-19   2.1815e-19
 7345.00   5.9520e-19   1.8818e-19
 7350.00   1.3864e-18   1.9052e-19
 7355.00   8.9726e-19   1.8245e-19
 7360.00   9.9518e-19   2.0122e-19
 7365.00   1.3861e-18   1.8260e-19
 7370.00   5.6183e-19   2.0267e-19
 7375.00   1.4863e-18   1.8140e-19
 7380.00   1.0283e-18   1.7497e-19
 7385.00   1.0293e-18   1.7195e-19
 7390.00   2.7457e-19   1.8737e-19
 7395.00   9.8810e-19   1.7369e-19
 7400.00   9.1971e-19   1.9239e-19
 7405.00   1.1747e-18   1.7052e-19
 7410.00   7.0088e-19   1.6794e-19
 7415.00   1.2830e-18   1.7014e-19
 7420.00   1.0240e-18   1.6722e-19
 7425.00   6.2521e-19   1.7153e-19
 7430.00   1.0552e-18   1.8288e-19
 7435.00   1.4149e-18   1.6872e-19
 7440.00   1.2870e-18   1.9152e-19
 7445.00   1.4310e-18   1.6846e-19
 7450.00   1.1245e-18   1.7031e-19
 7455.00   9.9959e-19   1.7005e-19
 7460.00   1.1514e-18   1.7859e-19
 7465.00   6.4170e-19   1.9344e-19
 7470.00   1.1503e-18   1.9536e-19
 7475.00   6.7684e-19   1.9199e-19
 7480.00   1.4082e-18   2.0719e-19
 7485.00   1.4188e-18   2.0214e-19
 7490.00   1.5357e-18   1.8463e-19
 7495.00   5.1179e-19   1.9458e-19
 7500.00   8.1467e-19   1.8923e-19
 7505.00   1.1098e-18   1.8968e-19
 7510.00   6.1070e-19   1.9456e-19
 7515.00   1.0934e-18   2.0071e-19
 7520.00   9.5893e-19   2.0992e-19
 7525.00   1.2165e-18   2.5179e-19
 7530.00   8.9994e-19   2.3371e-19
 7535.00   8.1451e-19   2.1394e-19
 7540.00   6.8686e-19   2.2719e-19
 7545.00   5.7044e-19   2.2289e-19
 7550.00   1.0616e-18   2.0911e-19
 7555.00   1.0608e-18   2.0074e-19
 7560.00   8.3021e-19   2.0267e-19
 7565.00   9.6827e-19   1.9663e-19
 7570.00   4.0638e-19   2.2448e-19
 7575.00   9.1012e-19   2.0501e-19
 7580.00   1.4121e-18   1.9263e-19
 7585.00   2.1750e-19   2.0661e-19
 7590.00  -2.6176e-19   1.9025e-19
 7595.00   1.7012e-19   1.8374e-19
 7600.00   4.8983e-20   2.1742e-19
 7605.00  -1.5733e-19   2.2212e-19
 7610.00  -1.1659e-18   2.1469e-19
 7615.00   5.9658e-19   2.1247e-19
 7620.00   1.1445e-18   2.3859e-19
 7625.00   3.7162e-19   2.0435e-19
 7630.00   4.6786e-19   2.1676e-19
 7635.00   6.5759e-19   1.9203e-19
 7640.00   1.0858e-18   1.9127e-19
 7645.00   1.0211e-18   1.8616e-19
 7650.00   1.2339e-18   1.8416e-19
 7655.00   6.5669e-19   1.8892e-19
 7660.00   4.8690e-19   1.8608e-19
 7665.00   7.4149e-19   1.7992e-19
 7670.00   8.4156e-19   1.7162e-19
 7675.00   1.8664e-19   1.7629e-19
 7680.00   1.5673e-18   1.7730e-19
 7685.00   1.4765e-18   1.8291e-19
 7690.00   1.1826e-18   1.8487e-19
 7695.00   1.0316e-18   1.7307e-19
 7700.00   1.4218e-18   1.8394e-19
 7705.00   9.2983e-19   1.6366e-19
 7710.00   1.4363e-18   1.7816e-19
 7715.00   9.7769e-19   2.7647e-19
 7720.00   1.4813e-18   1.8199e-19
 7725.00   1.1587e-18   2.0142e-19
 7730.00   1.1999e-18   1.6491e-19
 7735.00   1.0914e-18   1.7620e-19
 7740.00   1.3249e-18   1.6563e-19
 7745.00   1.0102e-18   1.6343e-19
 7750.00   1.2641e-18   2.1656e-19
 7755.00   8.6497e-19   1.6752e-19
 7760.00   1.0446e-18   1.7987e-19
 7765.00   1.4572e-18   1.5908e-19
 7770.00   9.7793e-19   1.7106e-19
 7775.00   1.3475e-18   1.9147e-19
 7780.00   1.3741e-18   1.8264e-19
 7785.00   1.1697e-18   1.7654e-19
 7790.00   1.6112e-18   1.8073e-19
 7795.00   1.0588e-18   1.9384e-19
 7800.00   1.2654e-18   1.6367e-19
 7805.00   1.6215e-18   1.6724e-19
 7810.00   1.4874e-18   1.9620e-19
 7815.00   7.9545e-19   1.7673e-19
 7820.00   1.1168e-18   2.1001e-19
 7825.00   8.5395e-19   1.7211e-19
 7830.00   1.2416e-18   1.7447e-19
 7835.00   1.1704e-18   1.7951e-19
 7840.00   8.6352e-19   1.9875e-19
 7845.00   1.7966e-18   1.7317e-19
 7850.00   8.6720e-19   2.1072e-19
 7855.00   1.4431e-18   2.1612e-19
 7860.00   2.8705e-19   2.3031e-19
 7865.00   1.1427e-18   1.8701e-19
 7870.00   8.1130e-19   2.3122e-19
 7875.00   1.2012e-18   1.8576e-19
 7880.00   1.1477e-18   2.4998e-19
 7885.00   6.0717e-19   2.0809e-19
 7890.00   7.8796e-19   2.5058e-19
 7895.00   7.2711e-19   2.1215e-19
 7900.00   1.5350e-18   2.0587e-19
 7905.00   8.8170e-19   2.1450e-19
 7910.00   7.5025e-19   2.2822e-19
 7915.00   1.2892e-18   2.2808e-19
 7920.00   1.4330e-18   2.3036e-19
 7925.00   1.8059e-19   1.7941e-19
 7930.00   5.0863e-19   2.2512e-19
 7935.00   4.5527e-19   1.7876e-19
 7940.00   6.8918e-19   1.7808e-19
 7945.00   1.2087e-18   1.8860e-19
 7950.00   3.2128e-20   1.9647e-19
 7955.00   8.9718e-19   1.7372e-19
 7960.00   9.1567e-19   1.7354e-19
 7965.00   9.5951e-19   2.0701e-19
 7970.00   8.8195e-20   2.0675e-19
 7975.00   6.9725e-19   2.3407e-19
 7980.00   1.1731e-18   2.5708e-19
 7985.00   2.0964e-19   2.0824e-19
 7990.00   6.9076e-19   2.1517e-19
 7995.00   6.5248e-19   2.4856e-19
 8000.00   1.1160e-18   2.0964e-19
 8005.00   8.2923e-19   1.9318e-19
 8010.00   1.3358e-18   1.9340e-19
 8015.00   1.0698e-18   2.1715e-19
 8020.00   8.7623e-19   1.9751e-19
 8025.00   5.0877e-19   2.1983e-19
 8030.00   7.3431e-19   2.0504e-19
 8035.00   1.2728e-18   1.7781e-19
 8040.00   1.1658e-18   1.8158e-19
 8045.00   1.1031e-18   1.6958e-19
 8050.00   2.6128e-18   1.9384e-19
 8055.00   1.3523e-18   1.6770e-19
 8060.00   8.2306e-19   1.8464e-19
 8065.00   1.1235e-18   1.7169e-19
 8070.00   1.1486e-18   1.5909e-19
 8075.00   1.1225e-18   1.6573e-19
 8080.00   1.1463e-18   1.6409e-19
 8085.00   1.6234e-18   1.6865e-19
 8090.00   1.8274e-18   1.5470e-19
 8095.00   1.0691e-18   1.6789e-19
 8100.00   2.0864e-18   1.8356e-19
 8105.00   1.2287e-18   1.6601e-19
 8110.00   1.0664e-18   1.5455e-19
 8115.00   6.2699e-19   1.4882e-19
 8120.00   1.2496e-18   1.4901e-19
 8125.00   1.1520e-18   1.4977e-19
 8130.00   8.5976e-19   1.5367e-19
 8135.00   1.4928e-18   1.5058e-19
 8140.00   1.0897e-18   1.5940e-19
 8145.00   8.0991e-19   1.5770e-19
 8150.00   3.3286e-18   1.4725e-19
 8155.00   9.4481e-19   1.4220e-19
 8160.00   1.0918e-18   1.4338e-19
 8165.00   5.8103e-19   1.4144e-19
 8170.00   9.0886e-19   1.4240e-19
 8175.00   1.0767e-18   1.4244e-19
 8180.00   1.0877e-18   1.4803e-19
 8185.00   8.8009e-19   1.4486e-19
 8190.00   1.0505e-18   1.5368e-19
 8195.00   9.2651e-19   1.5466e-19
 8200.00   9.2053e-19   1.4565e-19
 8205.00   1.8274e-18   1.5489e-19
 8210.00   1.1574e-18   1.5335e-19
 8215.00   1.0021e-18   1.5520e-19
 8220.00   9.3491e-19   1.5369e-19
 8225.00   8.9850e-19   1.5696e-19
 8230.00   6.3056e-19   1.5117e-19
 8235.00   9.4335e-19   1.5879e-19
 8240.00   9.6877e-19   1.6948e-19
 8245.00   1.2613e-18   1.6581e-19
 8250.00   1.2967e-18   1.7106e-19
 8255.00   1.0945e-18   1.6821e-19
 8260.00   9.3322e-19   1.6769e-19
 8265.00   6.9396e-19   1.6965e-19
 8270.00   9.1669e-19   1.7278e-19
 8275.00   1.3971e-18   1.7659e-19
 8280.00   8.8627e-19   2.9510e-19
 8285.00   8.9557e-19   2.2283e-19
 8290.00   5.6681e-19   2.3039e-19
 8295.00   1.1207e-18   2.1085e-19
 8300.00   9.2198e-19   2.3491e-19
 8305.00   5.5930e-19   2.0813e-19
 8310.00   7.9407e-19   2.2844e-19
 8315.00   1.0039e-18   1.9866e-19
 8320.00   6.6590e-19   1.7304e-19
 8325.00   8.9543e-19   1.6613e-19
 8330.00   9.9771e-19   1.6568e-19
 8335.00   2.5538e-19   1.6752e-19
 8340.00   1.1413e-18   1.7645e-19
 8345.00   7.4468e-19   2.3487e-19
 8350.00   5.5812e-19   1.8930e-19
 8355.00   5.1175e-19   1.8867e-19
 8360.00   1.1637e-18   1.7837e-19
 8365.00  -6.9298e-20   2.0409e-19
 8370.00   1.2391e-19   1.6326e-19
 8375.00  -2.0806e-19   1.6447e-19
 8380.00  -6.4601e-20   2.3760e-19
 8385.00   4.1244e-19   2.0826e-19
 8390.00   2.5386e-19   1.9968e-19
 8395.00   2.9548e-19   1.8872e-19
 8400.00   4.0501e-20   2.3556e-19
 8405.00   1.8423e-20   1.7807e-19
 8410.00   5.2361e-19   1.7715e-19
 8415.00   6.9879e-19   2.0865e-19
 8420.00   1.1185e-19   1.7068e-19
 8425.00   1.0952e-19   1.8337e-19
 8430.00   7.0516e-20   2.2349e-19
 8435.00   7.2712e-19   1.7406e-19
 8440.00   1.9661e-19   1.5924e-19
 8445.00   3.8023e-19   1.7114e-19
 8450.00   4.3188e-19   1.7687e-19
 8455.00   5.4956e-19   1.6501e-19
 8460.00   2.6400e-19   1.5582e-19
 8465.00  -3.5452e-19   1.8966e-19
 8470.00   1.8887e-19   1.4873e-19
 8475.00   2.7157e-20   1.5766e-19
 8480.00   5.4029e-20   1.4799e-19
 8485.00   9.5916e-19   1.4666e-19
 8490.00   6.0010e-19   1.4392e-19
 8495.00  -2.7211e-20   1.7776e-19
 8500.00   1.3874e-19   1.4970e-19
 8505.00   4.7750e-19   1.8387e-19
 8510.00   5.3317e-19   1.4121e-19
 8515.00   3.5648e-19   1.4006e-19
 8520.00   5.5703e-19   1.4414e-19
 8525.00   4.5748e-19   1.3873e-19
 8530.00   2.4107e-19   1.3776e-19
 8535.00   8.8700e-19   1.3819e-19
 8540.00  -3.5860e-20   1.5679e-19
 8545.00   3.6954e-19   1.3802e-19
 8550.00   9.0588e-19   1.7506e-19
 8555.00   3.5468e-19   1.3907e-19
 8560.00   1.1582e-18   1.3711e-19
 8565.00   6.8309e-19   1.4012e-19
 8570.00  -1.1693e-19   1.4057e-19
 8575.00   4.6678e-19   1.4616e-19
 8580.00   7.6535e-19   1.3869e-19
 8585.00   5.6100e-19   1.3778e-19
 8590.00   8.4531e-19   1.5913e-19
 8595.00   2.1915e-19   1.5283e-19
 8600.00   5.8869e-19   1.4408e-19
 8605.00   3.4725e-19   1.4023e-19
 8610.00   6.0062e-19   1.5618e-19
 8615.00   5.1180e-19   1.9285e-19
 8620.00   8.9406e-19   2.2830e-19
 8625.00   4.9742e-20   2.3638e-19
 8630.00   1.1550e-18   2.4669e-19
 8635.00   8.0160e-19   2.3722e-19
 8640.00   9.4685e-23   1.9520e-19
 8645.00   9.1914e-19   1.6037e-19
 8650.00   8.2005e-19   2.0091e-19
 8655.00   5.8307e-19   2.0196e-19
 8660.00  -1.2426e-19   2.0486e-19
 8665.00   9.8107e-19   1.9759e-19
 8670.00  -5.3484e-20   1.9361e-19
 8675.00   6.1687e-19   1.8850e-19
 8680.00   6.4056e-19   1.8410e-19
 8685.00   1.0255e-18   1.7009e-19
 8690.00   1.1271e-18   1.6488e-19
 8695.00   4.3747e-19   1.6513e-19
 8700.00   4.4381e-19   1.7791e-19
 8705.00   1.1353e-18   1.7167e-19
 8710.00   7.7092e-19   1.6798e-19
 8715.00   1.2007e-18   1.6060e-19
 8720.00   1.4003e-18   1.6416e-19
 8725.00   8.0963e-19   1.7042e-19
 8730.00   9.1916e-19   1.6861e-19
 8735.00   6.4391e-19   1.7171e-19
 8740.00   6.7353e-19   1.8233e-19
 8745.00   9.1955e-19   1.8242e-19
 8750.00   6.7092e-19   1.8587e-19
 8755.00   7.2636e-19   1.8517e-19
 8760.00   9.8542e-19   3.3235e-19
 8765.00   8.4289e-19   2.0723e-19
 8770.00   1.1052e-18   1.9491e-19
 8775.00   5.9988e-19   1.9240e-19
 8780.00   1.0771e-18   1.8929e-19
 8785.00   7.9037e-19   1.5630e-19
 8790.00   1.1443e-18   1.9557e-19
 8795.00   1.1897e-19   1.5856e-19
 8800.00   6.0738e-19   1.5729e-19
 8805.00   9.2393e-19   1.5448e-19
 8810.00   1.0279e-18   1.7408e-19
 8815.00   1.0656e-18   1.5720e-19
 8820.00   4.1864e-19   1.6098e-19
 8825.00  -1.5633e-19   2.2861e-19
 8830.00   9.2675e-19   2.2272e-19
 8835.00  -3.2108e-18   3.4622e-19
 8840.00   1.1593e-18   1.8920e-19
 8845.00   6.4030e-19   1.9561e-19
 8850.00   1.0885e-18   2.2434e-19
 8855.00   1.0012e-18   1.8148e-19
 8860.00   1.1255e-19   1.8514e-19
 8865.00   1.2784e-18   2.0949e-19
 8870.00   6.0439e-19   1.8599e-19
 8875.00   1.0626e-18   1.6335e-19
 8880.00   8.9281e-19   1.6336e-19
 8885.00   7.4498e-19   2.1935e-19
 8890.00   8.3523e-19   1.7052e-19
 8895.00   2.8084e-19   1.6855e-19
 8900.00   8.7812e-19   1.6311e-19
 8905.00   5.4771e-19   1.9085e-19
 8910.00   5.8223e-19   1.6697e-19
 8915.00   1.2302e-18   1.5108e-19
 8920.00   6.2084e-19   2.0898e-19
 8925.00   3.0567e-19   1.5772e-19
 8930.00   8.9957e-19   1.5756e-19
 8935.00   1.1003e-18   1.5388e-19
 8940.00   9.3477e-19   1.4705e-19
 8945.00   8.4473e-19   1.7256e-19
 8950.00   9.2645e-19   1.3886e-19
 8955.00   8.6968e-19   1.4398e-19
 8960.00   5.6835e-19   1.6567e-19
 8965.00   1.1462e-18   1.3443e-19
 8970.00   9.1737e-19   1.4652e-19
 8975.00   7.1589e-19   1.3255e-19
 8980.00   9.1521e-19   1.4796e-19
 8985.00   9.9219e-19   1.3962e-19
 8990.00   6.3896e-19   1.5990e-19
 8995.00   2.1008e-19   1.3597e-19
 9000.00   5.5529e-19   1.7018e-19
 9005.00   9.2868e-19   1.2610e-19
 9010.00   7.5641e-19   1.2167e-19
 9015.00   1.4872e-18   1.2097e-19
 9020.00   5.5654e-19   1.3160e-19
 9025.00   6.8582e-19   1.2304e-19
 9030.00   9.5329e-19   1.3717e-19
 9035.00   3.5657e-19   1.2911e-19
 9040.00   5.9028e-19   1.4545e-19
 9045.00   7.3384e-19   1.3427e-19
 9050.00   3.2346e-19   1.6820e-19
 9055.00   9.3730e-19   1.3450e-19
 9060.00   2.7010e-19   1.3692e-19
 9065.00   1.6399e-18   1.3970e-19
 9070.00   2.7354e-18   1.4003e-19
 9075.00   4.2480e-19   1.3149e-19
 9080.00   3.7531e-19   1.2881e-19
 9085.00   6.9665e-19   1.3961e-19
 9090.00   2.9087e-19   1.4143e-19
 9095.00   4.9521e-19   1.5008e-19
 9100.00   7.8221e-19   1.4474e-19
 9105.00   5.3246e-19   1.5045e-19
 9110.00   9.2262e-19   1.3768e-19
 9115.00   7.8629e-19   1.3853e-19
 9120.00  -6.8137e-20   1.3557e-19
 9125.00   8.3060e-19   1.4061e-19
 9130.00   5.2592e-19   1.4023e-19
 9135.00   2.9510e-19   1.4684e-19
 9140.00   7.9247e-19   1.5004e-19
 9145.00   5.8102e-19   1.5214e-19
 9150.00   1.3521e-18   1.6787e-19
 9155.00   4.4774e-18   1.6972e-19
 9160.00   2.6942e-19   1.9484e-19
 9165.00   1.9447e-19   1.5832e-19
 9170.00   2.3788e-19   1.6026e-19
 9175.00   1.7734e-20   1.6088e-19
 9180.00   9.9425e-19   1.6856e-19
 9185.00  -5.5801e-20   1.6755e-19
 9190.00   6.9741e-19   1.7138e-19
 9195.00   5.1080e-19   1.7215e-19
 9200.00   9.3632e-19   1.7866e-19
 9205.00   7.7464e-19   1.7962e-19
 9210.00   9.7529e-19   1.8455e-19
 9215.00   3.8444e-19   2.0721e-19
 9220.00   5.1821e-19   1.9317e-19
 9225.00   9.8123e-19   2.3260e-19
 9230.00   8.6222e-19   2.0187e-19
 9235.00   1.2193e-18   2.0517e-19
 9240.00   2.8387e-19   2.0379e-19
 9245.00   3.2426e-19   2.1302e-19
 9250.00   3.2516e-19   2.3843e-19
 9255.00   3.1392e-19   2.2880e-19
 9260.00   5.3744e-19   1.8456e-19
 9265.00   4.5186e-20   1.8861e-19
 9270.00   5.5134e-19   1.7925e-19
 9275.00   3.9122e-19   1.7958e-19
 9280.00  -1.9090e-20   1.8098e-19
 9285.00   4.1467e-20   1.9663e-19
 9290.00   2.7910e-20   1.9006e-19
 9295.00   2.3200e-19   2.0517e-19
 9300.00   1.5659e-20   1.8100e-19
 9305.00   1.4035e-18   2.5606e-19
 9310.00   3.3003e-19   3.4825e-19
 9315.00   8.0655e-19   2.7158e-19
 9320.00   6.2026e-19   2.3544e-19
 9325.00   2.4637e-19   2.5964e-19
 9330.00   1.2688e-18   2.2927e-19
 9335.00  -4.0901e-19   2.3765e-19
 9340.00   6.1216e-19   2.5062e-19
 9345.00   5.9142e-19   2.1078e-19
 9350.00  -3.6754e-19   2.8290e-19
 9355.00   8.5639e-19   2.1289e-19
 9360.00  -7.8869e-20   2.2531e-19
 9365.00   2.2488e-18   2.1369e-19
 9370.00  -6.5179e-19   2.2571e-19
 9375.00  -2.2136e-19   5.2172e-19
 9380.00  -1.7797e-19   2.2349e-19
 9385.00   1.4510e-18   2.7373e-19
 9390.00   5.8342e-19   2.0791e-19
 9395.00   3.8312e-19   2.2755e-19
 9400.00  -6.9635e-20   2.5299e-19
 9405.00   7.0263e-19   2.2721e-19
 9410.00   8.3732e-19   1.9929e-19
 9415.00   3.3248e-19   2.1086e-19
 9420.00  -4.9034e-19   3.0904e-19
 9425.00   8.2966e-19   2.1439e-19
 9430.00   2.1475e-20   1.9127e-19
 9435.00   1.9130e-19   2.1582e-19
 9440.00  -5.0393e-19   3.6870e-19
 9445.00  -1.9875e-19   2.1362e-19
 9450.00   8.2548e-18   2.3766e-19
 9455.00   1.0514e-18   2.1045e-19
 9460.00   6.0608e-19   2.7373e-19
 9465.00   5.7321e-19   1.9533e-19
 9470.00  -1.2075e-19   1.9353e-19
 9475.00   4.8191e-19   2.7781e-19
 9480.00   3.5717e-19   2.2709e-19
 9485.00   7.6194e-19   2.0586e-19
 9490.00   2.6289e-18   2.1321e-19
 9495.00   6.1291e-19   1.8844e-19
 9500.00   4.1426e-19   2.1091e-19
 9505.00   5.5351e-19   2.4073e-19
 9510.00   4.9596e-19   1.9784e-19
 9515.00   7.9885e-19   1.9704e-19
 9520.00   1.5734e-18   2.8958e-19
 9525.00   1.0036e-18   1.9572e-19
 9530.00   4.0549e-19   2.1664e-19
 9535.00   1.3432e-18   2.3163e-19
 9540.00   1.0950e-18   1.9446e-19
 9545.00   7.2529e-19   1.8199e-19
 9550.00   5.5899e-21   2.2209e-19
 9555.00   7.2525e-20   2.1282e-19
 9560.00   6.5467e-19   2.0996e-19
 9565.00   8.3284e-20   2.3606e-19
 9570.00   2.3165e-19   2.5301e-19
 9575.00   1.0745e-18   2.1497e-19
 9580.00  -8.2185e-20   1.8476e-19
 9585.00   2.7709e-19   1.8904e-19
 9590.00   7.2975e-19   1.9393e-19
 9595.00   2.7860e-19   1.9303e-19
 9600.00   7.7068e-19   1.9279e-19
 9605.00  -7.9537e-20   2.1415e-19
 9610.00   6.5577e-19   2.2973e-19
 9615.00  -9.2272e-20   2.0617e-19
 9620.00  -7.9155e-20   2.7868e-19
 9625.00   6.6656e-19   2.2413e-19
 9630.00   7.6230e-19   2.3075e-19
 9635.00   1.0218e-18   2.0818e-19
 9640.00   5.3670e-19   2.0869e-19
 9645.00   2.6996e-18   2.0306e-19
 9650.00   5.4885e-21   2.1978e-19
 9655.00   5.9783e-19   2.4421e-19
 9660.00   5.2111e-19   2.5041e-19
 9665.00   5.8132e-19   2.2994e-19
 9670.00  -5.8786e-20   3.2061e-19
 9675.00  -1.1531e-19   2.5636e-19
 9680.00   4.5202e-19   3.7048e-19
 9685.00   6.2926e-19   2.7383e-19
 9690.00   1.7883e-19   2.8394e-19
 9695.00   9.5550e-19   2.5697e-19
 9700.00   4.5537e-19   3.4881e-19
 9705.00   3.5007e-20   2.5836e-19
 9710.00   1.7394e-19   3.0397e-19
 9715.00   8.9401e-19   2.6859e-19
 9720.00  -7.7298e-19   4.0348e-19
 9725.00   1.0101e-18   2.9303e-19
 9730.00   1.1200e-19   2.9254e-19
 9735.00  -1.0240e-19   3.5307e-19
 9740.00  -7.6726e-19   3.6150e-19
 9745.00   3.2537e-19   3.6252e-19
 9750.00  -3.6282e-19   2.9521e-19
 9755.00  -6.5892e-19   3.0674e-19
 9760.00  -7.0384e-19   3.0239e-19
 9765.00   6.0405e-19   3.1472e-19
 9770.00  -2.8166e-19   3.1792e-19
 9775.00  -1.0345e-19   3.3624e-19
 9780.00   9.4887e-19   3.4513e-19
 9785.00   7.6355e-19   3.6622e-19
 9790.00   1.1881e-18   6.7839e-19
 9795.00  -3.8796e-19   3.8244e-19
 9800.00  -5.2155e-19   4.3426e-19
 9805.00   1.8650e-18   3.5290e-19
 9810.00   1.2303e-18   4.6219e-19
 9815.00  -2.9728e-18   5.9645e-19
 9820.00   1.5204e-19   5.4399e-19
 9825.00  -1.6820e-18   5.2881e-19
 9830.00   9.9788e-19   5.4213e-19
 9835.00  -5.6129e-19   5.0640e-19
 9840.00   1.2054e-18   4.7696e-19
 9845.00  -3.3810e-19   5.2403e-19
 9850.00   1.6438e-18   6.1149e-19
 9855.00   2.2978e-19   4.7385e-19
 9860.00  -9.2483e-19   4.6122e-19
 9865.00  -1.0489e-18   4.7690e-19
 9870.00   2.0109e-18   6.9172e-19
 9875.00  -6.9620e-19   5.8503e-19
 9880.00   2.5527e-18   4.6614e-19
 9885.00  -5.4851e-19   5.1998e-19
 9890.00  -8.2867e-19   4.7076e-19
 9895.00  -1.9060e-18   6.8145e-19
 9900.00   6.5511e-19   4.7157e-19
 9905.00   1.9048e-19   4.5480e-19
 9910.00   3.9295e-19   5.0492e-19
 9915.00  -7.0326e-19   8.3127e-19
 9920.00  -1.5197e-19   4.7108e-19
 9925.00  -1.5890e-19   4.4555e-19
 9930.00   1.7668e-18   4.4312e-19
 9935.00   1.8474e-19   4.8782e-19
 9940.00  -5.6683e-19   6.7190e-19
 9945.00  -7.3359e-19   1.1136e-18
 9950.00   8.9323e-19   6.9295e-19
 9955.00  -2.4150e-19   7.6417e-19
 9960.00   1.6933e-18   8.8257e-19
 9965.00  -1.4285e-18   5.4665e-19
 9970.00  -1.8054e-18   5.7120e-19
 9975.00   2.4373e-19   5.7899e-19
 9980.00  -1.2990e-19   5.3672e-19
 9985.00   1.0637e-18   4.5393e-19
 9990.00   1.4937e-19   4.6447e-19
 9995.00   1.4937e-19   9.9999e+04
10000.00   1.4937e-19   9.9999e+04
