 
TRANSIENT_NAME:     DES13S1agmh
SNID:               1266657    
OBS_DATE:           2014-02-22
MJD:                56710. 
PHASE:              +15.   
MJD_MAX:            56690.1 (derived from r-band light-curve)
TYPE:               1  
SPEC_EVAL:          SNIa
REDSHIFT:           0.3220  
REDSHIFT_ERR:       0.0050  
REDSHIFT_SOURCE:    Z_SN
TELESCOPE:          GTC
INSTRUMENT:         OSIRIS
 
======================================
 
# WAVE  FLUX  FLUX_ERR
 4801.30  -6.2216e-18   3.6884e-18
 4805.91   1.0158e-17   3.3056e-18
 4810.52   1.8842e-18   2.8976e-18
 4815.13  -2.4349e-18   2.7296e-18
 4819.75  -3.9888e-18   2.4437e-18
 4824.36   2.2339e-18   2.2696e-18
 4828.97   2.8319e-18   2.0525e-18
 4833.58   1.2373e-18   1.8301e-18
 4838.20   1.0212e-18   1.7159e-18
 4842.81   5.4511e-19   1.6059e-18
 4847.42   3.5846e-18   1.4799e-18
 4852.03   2.3717e-18   1.3769e-18
 4856.65  -1.2449e-18   1.2823e-18
 4861.26   1.5149e-19   1.2193e-18
 4865.87  -2.2591e-18   1.1402e-18
 4870.48  -2.2937e-18   1.0772e-18
 4875.10  -1.1323e-18   1.0401e-18
 4879.71   2.7164e-18   9.9542e-19
 4884.32   1.2965e-18   9.5120e-19
 4888.93  -3.9715e-19   9.1293e-19
 4893.54   3.2280e-19   8.8532e-19
 4898.16  -1.0111e-18   8.3929e-19
 4902.77  -8.6197e-19   7.9767e-19
 4907.38  -8.9547e-19   7.7257e-19
 4911.99  -6.0160e-19   7.2591e-19
 4916.61  -5.7827e-19   7.1172e-19
 4921.22   1.8003e-18   6.9476e-19
 4925.83  -9.6132e-19   6.6878e-19
 4930.44  -4.5408e-19   6.5375e-19
 4935.06  -1.0894e-18   6.4429e-19
 4939.67  -4.5931e-19   6.1568e-19
 4944.28  -6.0289e-19   6.1315e-19
 4948.89  -1.2773e-20   5.9403e-19
 4953.51  -2.7060e-19   5.7871e-19
 4958.12  -5.9756e-20   5.6582e-19
 4962.73   1.5022e-19   5.6904e-19
 4967.34   3.3389e-19   5.5835e-19
 4971.96   1.0943e-18   5.4802e-19
 4976.57   3.8063e-19   5.2100e-19
 4981.18   1.1302e-18   5.1616e-19
 4985.79   2.7631e-19   5.0721e-19
 4990.41   4.1450e-19   5.0137e-19
 4995.02   1.5582e-18   4.8960e-19
 4999.63   1.7667e-19   4.8487e-19
 5004.24   5.2080e-19   4.6780e-19
 5008.86   8.8657e-19   4.6602e-19
 5013.47   1.9420e-19   4.5907e-19
 5018.08   2.6445e-19   4.5140e-19
 5022.69   4.9733e-20   4.5059e-19
 5027.31  -1.8622e-19   4.4609e-19
 5031.92   3.3100e-19   4.3680e-19
 5036.53   6.9954e-19   4.3307e-19
 5041.14   1.9335e-19   4.2958e-19
 5045.76   2.4045e-19   4.2868e-19
 5050.37  -1.2409e-19   4.3176e-19
 5054.98   1.4256e-18   4.2854e-19
 5059.59   5.1313e-19   4.2618e-19
 5064.21  -1.3322e-19   4.1697e-19
 5068.82   2.1286e-20   4.1537e-19
 5073.43   1.3215e-19   4.1322e-19
 5078.04   2.6049e-19   4.0902e-19
 5082.65   2.1583e-19   4.1075e-19
 5087.27   6.4133e-19   4.0934e-19
 5091.88   5.8331e-19   4.0423e-19
 5096.49  -6.2783e-19   3.9889e-19
 5101.10   1.2678e-20   3.9755e-19
 5105.72   7.2182e-19   4.0432e-19
 5110.33   5.9551e-19   4.0010e-19
 5114.94   9.0157e-19   3.9933e-19
 5119.55   9.0851e-19   3.9470e-19
 5124.17   4.0410e-20   3.8879e-19
 5128.78   4.4046e-19   3.9548e-19
 5133.39   4.2055e-20   3.9636e-19
 5138.00   4.4937e-19   3.9568e-19
 5142.62   1.5547e-18   4.0249e-19
 5147.23   7.6662e-19   3.9511e-19
 5151.84   5.0970e-19   3.9249e-19
 5156.45  -2.3152e-19   3.9098e-19
 5161.07   8.5673e-19   3.8488e-19
 5165.68   6.4018e-19   3.7229e-19
 5170.29   3.9691e-19   3.7200e-19
 5174.90   1.1638e-18   3.7567e-19
 5179.52   4.4138e-20   3.8233e-19
 5184.13  -5.5731e-20   3.8425e-19
 5188.74  -8.5915e-20   4.4165e-19
 5193.35   2.2224e-19   5.0436e-19
 5197.97   1.6088e-18   5.1832e-19
 5202.58   1.4812e-19   4.7661e-19
 5207.19   2.1655e-19   4.0185e-19
 5211.80   3.5176e-19   3.8809e-19
 5216.42  -8.0956e-20   3.9111e-19
 5221.03   1.1919e-18   3.9188e-19
 5225.64  -1.1915e-19   3.8626e-19
 5230.25   2.0940e-19   3.8703e-19
 5234.87   1.4225e-18   3.9373e-19
 5239.48   8.6494e-19   3.9247e-19
 5244.09   1.0384e-18   3.8737e-19
 5248.70   6.3676e-19   3.8476e-19
 5253.31   2.1648e-19   3.8448e-19
 5257.93   3.8043e-19   3.7544e-19
 5262.54   8.5714e-19   3.6632e-19
 5267.15   5.3184e-19   3.6840e-19
 5271.76   3.8281e-19   3.7092e-19
 5276.38  -2.7675e-20   3.7051e-19
 5280.99   5.6367e-19   3.7115e-19
 5285.60   1.0887e-18   3.7189e-19
 5290.21   2.9672e-19   3.7616e-19
 5294.83   5.2872e-19   3.7171e-19
 5299.44   3.3664e-19   3.6882e-19
 5304.05   4.1161e-19   3.7549e-19
 5308.66   6.2926e-20   3.7359e-19
 5313.28   5.3508e-19   3.7357e-19
 5317.89   1.1742e-18   3.7195e-19
 5322.50   9.4857e-19   3.7887e-19
 5327.11   6.4036e-20   3.7691e-19
 5331.73  -2.7834e-19   3.7215e-19
 5336.34   5.4300e-19   3.6859e-19
 5340.95   1.9272e-19   3.6358e-19
 5345.56   1.8135e-19   3.6907e-19
 5350.18   7.6747e-19   3.7517e-19
 5354.79   9.2934e-19   3.7373e-19
 5359.40   9.6824e-20   3.6852e-19
 5364.01   6.5803e-19   3.6158e-19
 5368.63   5.9729e-19   3.6085e-19
 5373.24   2.0787e-19   3.5825e-19
 5377.85   4.5280e-20   3.5607e-19
 5382.46   2.4225e-19   3.5331e-19
 5387.08   1.1988e-18   3.4951e-19
 5391.69   5.4859e-19   3.4515e-19
 5396.30   3.9113e-19   3.4146e-19
 5400.91   1.8411e-19   3.3938e-19
 5405.52   2.6936e-19   3.4121e-19
 5410.14   3.2152e-19   3.4279e-19
 5414.75   8.9348e-19   3.4723e-19
 5419.36   5.7952e-20   3.4425e-19
 5423.97   3.7002e-19   3.4206e-19
 5428.59   6.8012e-20   3.4379e-19
 5433.20  -1.7543e-19   3.4261e-19
 5437.81  -2.5798e-19   3.4124e-19
 5442.42   7.4452e-19   3.3909e-19
 5447.04   1.7723e-19   3.3576e-19
 5451.65   5.9091e-19   3.4548e-19
 5456.26   2.6562e-19   3.5642e-19
 5460.87   1.5856e-20   3.5210e-19
 5465.49   3.4283e-19   3.4369e-19
 5470.10   3.0373e-19   3.2800e-19
 5474.71   2.8711e-19   3.2458e-19
 5479.32   3.4929e-19   3.2357e-19
 5483.94   4.1005e-19   3.2370e-19
 5488.55   8.4949e-19   3.2526e-19
 5493.16  -3.4282e-19   3.2293e-19
 5497.77   2.6705e-19   3.2246e-19
 5502.39   8.5461e-19   3.2362e-19
 5507.00   3.8215e-19   3.1977e-19
 5511.61   4.7792e-19   3.1904e-19
 5516.22   3.5891e-19   3.1928e-19
 5520.84   1.4203e-18   3.1775e-19
 5525.45  -4.3566e-19   3.1513e-19
 5530.06   3.5662e-19   3.1159e-19
 5534.67   5.7208e-19   3.1883e-19
 5539.29  -1.6320e-19   3.2502e-19
 5543.90   7.8881e-20   3.2680e-19
 5548.51  -5.3613e-19   3.2096e-19
 5553.12   2.8805e-19   3.1619e-19
 5557.74   7.1951e-19   3.3069e-19
 5562.35   1.9145e-19   3.3906e-19
 5566.96  -1.8410e-19   6.7555e-19
 5571.57   3.3254e-19   1.0022e-18
 5576.19   6.3017e-19   1.0618e-18
 5580.80  -1.4814e-18   9.0915e-19
 5585.41   9.8544e-19   5.3269e-19
 5590.02  -1.7496e-19   3.0235e-19
 5594.63   4.9367e-19   3.1450e-19
 5599.25  -1.4603e-19   3.0970e-19
 5603.86   1.1726e-19   3.1346e-19
 5608.47   3.6851e-19   3.0948e-19
 5613.08   8.0011e-19   3.0585e-19
 5617.70   7.1736e-19   3.0567e-19
 5622.31   3.9589e-19   3.0444e-19
 5626.92   9.2944e-19   3.0180e-19
 5631.53   9.8357e-19   2.9597e-19
 5636.15   2.0355e-19   2.9485e-19
 5640.76   1.3387e-19   2.9656e-19
 5645.37   2.3379e-19   2.9644e-19
 5649.98   5.3526e-19   2.9343e-19
 5654.60   5.2849e-19   2.9054e-19
 5659.21   4.3284e-19   2.9157e-19
 5663.82   3.1349e-19   2.9320e-19
 5668.43   3.6358e-19   2.9590e-19
 5673.05   8.5225e-19   2.9754e-19
 5677.66   2.5145e-19   3.0047e-19
 5682.27   6.6118e-19   3.0234e-19
 5686.88   2.3177e-19   3.0269e-19
 5691.50   4.8415e-19   3.0011e-19
 5696.11   1.9334e-20   2.9726e-19
 5700.72   3.8599e-20   2.9164e-19
 5705.33   8.7168e-19   2.8728e-19
 5709.95   5.2067e-19   2.8692e-19
 5714.56   5.4655e-19   2.8842e-19
 5719.17   9.7575e-19   2.8878e-19
 5723.78   5.1237e-19   2.8837e-19
 5728.40   4.1666e-19   2.8676e-19
 5733.01   8.2412e-19   2.8555e-19
 5737.62   6.5318e-19   2.8369e-19
 5742.23   6.6170e-19   2.8309e-19
 5746.85   7.1737e-19   2.8260e-19
 5751.46   2.8977e-19   2.8134e-19
 5756.07  -7.6923e-20   2.7791e-19
 5760.68   2.6684e-19   2.8170e-19
 5765.29  -1.8588e-19   2.8122e-19
 5769.91   3.2369e-19   2.8196e-19
 5774.52  -3.5195e-19   2.7851e-19
 5779.13   1.5599e-19   2.7657e-19
 5783.74   2.9649e-19   2.7673e-19
 5788.36   2.1340e-19   2.7732e-19
 5792.97  -1.2376e-19   2.7801e-19
 5797.58  -7.4101e-20   2.7783e-19
 5802.19   6.8724e-19   2.7953e-19
 5806.81   4.7139e-19   2.7713e-19
 5811.42   4.9034e-19   2.8190e-19
 5816.03   9.1951e-19   2.8170e-19
 5820.64   1.7726e-19   2.7986e-19
 5825.26   6.4745e-19   2.8088e-19
 5829.87   3.3872e-20   2.7817e-19
 5834.48  -3.5973e-19   2.7839e-19
 5839.09  -3.5330e-19   2.7821e-19
 5843.71   6.9500e-20   2.7827e-19
 5848.32   5.0796e-20   2.7668e-19
 5852.93  -1.0051e-20   2.7840e-19
 5857.54   7.7233e-19   2.9530e-19
 5862.16   4.6089e-19   3.1298e-19
 5866.77  -4.4275e-20   3.2146e-19
 5871.38   4.1570e-19   3.1716e-19
 5875.99  -4.4445e-19   3.1671e-19
 5880.61   4.5005e-19   4.5146e-19
 5885.22   5.2103e-19   5.9523e-19
 5889.83  -7.3783e-19   6.7393e-19
 5894.44  -1.2225e-18   6.2662e-19
 5899.06   1.5290e-19   4.9468e-19
 5903.67   2.1985e-19   3.5962e-19
 5908.28  -4.3920e-19   3.1921e-19
 5912.89   5.7916e-19   3.1857e-19
 5917.51   9.4688e-19   3.1717e-19
 5922.12   5.1399e-19   3.1353e-19
 5926.73   2.6205e-19   3.1871e-19
 5931.34  -6.8063e-19   3.1717e-19
 5935.96  -6.7165e-20   3.0961e-19
 5940.57  -2.9028e-19   2.9619e-19
 5945.18  -3.1962e-21   3.0236e-19
 5949.79  -3.3514e-20   3.0964e-19
 5954.40   9.7489e-20   3.0502e-19
 5959.02  -1.3611e-19   2.9395e-19
 5963.63   3.8631e-19   2.8760e-19
 5968.24   6.9457e-19   2.9370e-19
 5972.85   1.0005e-18   2.9779e-19
 5977.47   1.0608e-18   2.9313e-19
 5982.08   3.8874e-19   2.8320e-19
 5986.69   6.5896e-19   2.7709e-19
 5991.30   1.2257e-18   2.7748e-19
 5995.92   4.8801e-19   2.8080e-19
 6000.53   2.0414e-19   2.7886e-19
 6005.14   9.5100e-19   2.7703e-19
 6009.75   4.8217e-19   2.7017e-19
 6014.37   6.4398e-19   2.6475e-19
 6018.98   1.0795e-18   2.6377e-19
 6023.59   8.8494e-19   2.6580e-19
 6028.20   5.0421e-19   2.6696e-19
 6032.82   1.1434e-18   2.6632e-19
 6037.43   1.0511e-18   2.6474e-19
 6042.04   1.1738e-18   2.6189e-19
 6046.65   1.2341e-18   2.5936e-19
 6051.27   1.2127e-18   2.5779e-19
 6055.88   1.6493e-18   2.5812e-19
 6060.49   7.6540e-19   2.5701e-19
 6065.10   1.3216e-18   2.5433e-19
 6069.72   1.0053e-18   2.5374e-19
 6074.33   1.2743e-18   2.5129e-19
 6078.94   8.3420e-19   2.5163e-19
 6083.55   1.1636e-18   2.5086e-19
 6088.17   1.3591e-18   2.5165e-19
 6092.78   1.6304e-18   2.5327e-19
 6097.39   6.3228e-19   2.5292e-19
 6102.00   6.3395e-19   2.5586e-19
 6106.62   9.5039e-19   2.5959e-19
 6111.23   1.2227e-18   2.5887e-19
 6115.84   8.9295e-19   2.5453e-19
 6120.45   1.2843e-18   2.4933e-19
 6125.06   1.8948e-18   2.4802e-19
 6129.68   6.1744e-19   2.4961e-19
 6134.29   6.4758e-19   2.5547e-19
 6138.90   6.4183e-19   2.5944e-19
 6143.51   6.9257e-19   2.5973e-19
 6148.13   8.4729e-20   2.5879e-19
 6152.74   9.3570e-19   2.6157e-19
 6157.35   1.0274e-18   2.5929e-19
 6161.96   1.2213e-18   2.5947e-19
 6166.58   9.1388e-19   2.5546e-19
 6171.19   1.3808e-18   2.5644e-19
 6175.80   1.2270e-18   2.5076e-19
 6180.41   7.3367e-19   2.3885e-19
 6185.03   6.5834e-19   2.3748e-19
 6189.64   7.0446e-19   2.3870e-19
 6194.25   7.4507e-19   2.4379e-19
 6198.86   1.1389e-18   2.4804e-19
 6203.48   1.1897e-18   2.4736e-19
 6208.09   1.1895e-18   2.4288e-19
 6212.70   6.0982e-19   2.4197e-19
 6217.31   1.9981e-19   2.4385e-19
 6221.93   7.4029e-19   2.4591e-19
 6226.54   4.1596e-19   2.6710e-19
 6231.15   8.9894e-19   2.8851e-19
 6235.76   5.1205e-19   2.9998e-19
 6240.38   2.0626e-19   2.8667e-19
 6244.99   2.2727e-21   2.5857e-19
 6249.60   6.5508e-19   2.6438e-19
 6254.21   1.7426e-19   2.7792e-19
 6258.83   2.7707e-19   2.8797e-19
 6263.44   4.3449e-19   2.7446e-19
 6268.05   3.9717e-19   2.5414e-19
 6272.66   1.2373e-19   2.4161e-19
 6277.27   5.7303e-19   2.5039e-19
 6281.89   8.8441e-19   2.6467e-19
 6286.50   5.5400e-19   3.4767e-19
 6291.11   7.8612e-19   7.2989e-19
 6295.72   3.4421e-19   9.8184e-19
 6300.34   3.3033e-18   1.0039e-18
 6304.95   9.5774e-20   8.2664e-19
 6309.56   1.3170e-18   4.3534e-19
 6314.17   5.4991e-19   2.4512e-19
 6318.79   4.4376e-19   2.4642e-19
 6323.40   2.2675e-19   2.6013e-19
 6328.01   9.2179e-19   2.6095e-19
 6332.62   4.4191e-19   2.4650e-19
 6337.24   8.0032e-19   2.2996e-19
 6341.85   7.2405e-19   2.2524e-19
 6346.46  -3.0600e-20   2.3257e-19
 6351.07   8.2151e-19   3.0424e-19
 6355.69  -1.0194e-19   4.9162e-19
 6360.30  -3.9572e-19   5.8331e-19
 6364.91   1.4500e-18   5.7080e-19
 6369.52   1.4772e-18   4.4272e-19
 6374.14   4.1814e-19   2.5310e-19
 6378.75   4.8232e-19   2.2276e-19
 6383.36   4.0694e-19   2.2204e-19
 6387.97   9.7271e-19   2.1720e-19
 6392.59   5.2635e-19   2.0760e-19
 6397.20   6.6408e-19   2.0153e-19
 6401.81   1.1913e-18   2.0004e-19
 6406.42   8.7828e-19   1.9984e-19
 6411.04   6.1142e-19   2.0051e-19
 6415.65   4.8367e-19   2.0211e-19
 6420.26   5.2418e-19   2.0132e-19
 6424.87   9.6873e-19   1.9818e-19
 6429.49   7.3378e-19   1.9379e-19
 6434.10   5.2789e-19   1.9113e-19
 6438.71   6.3835e-19   1.9106e-19
 6443.32   7.2336e-19   1.9415e-19
 6447.94   4.5308e-19   1.9753e-19
 6452.55   4.9492e-19   2.0548e-19
 6457.16   9.9312e-19   2.2241e-19
 6461.77   7.0881e-19   2.3784e-19
 6466.38   3.0629e-19   2.4339e-19
 6471.00   8.1084e-19   2.3481e-19
 6475.61   1.0307e-18   2.1399e-19
 6480.22   9.6959e-19   1.9499e-19
 6484.83   4.2177e-19   1.9012e-19
 6489.45   5.1173e-19   2.0812e-19
 6494.06   1.3662e-18   2.3831e-19
 6498.67   1.1408e-18   2.4615e-19
 6503.28   1.3406e-18   2.3772e-19
 6507.90   1.0860e-18   2.0968e-19
 6512.51   7.0687e-19   1.9718e-19
 6517.12   8.3644e-19   1.9817e-19
 6521.73   7.4279e-19   2.0468e-19
 6526.35   1.1897e-18   2.2369e-19
 6530.96   1.4462e-18   2.2613e-19
 6535.57   7.1036e-19   2.2587e-19
 6540.18   1.1525e-18   2.1479e-19
 6544.80   1.0833e-18   2.2383e-19
 6549.41   7.3062e-19   2.3237e-19
 6554.02   7.1701e-19   2.3952e-19
 6558.63   7.2690e-19   2.3586e-19
 6563.25   5.6104e-19   2.2432e-19
 6567.86   7.7019e-19   2.2282e-19
 6572.47   8.1095e-19   2.2160e-19
 6577.08   6.4496e-19   2.1462e-19
 6581.70   8.1764e-19   2.0152e-19
 6586.31   5.6460e-19   1.8517e-19
 6590.92   1.7383e-19   1.8385e-19
 6595.53   7.9027e-19   1.9302e-19
 6600.15   2.3415e-19   1.9714e-19
 6604.76   1.1065e-18   1.9469e-19
 6609.37   7.1452e-19   1.8505e-19
 6613.98   3.8070e-19   1.7429e-19
 6618.60   3.7353e-19   1.7383e-19
 6623.21   4.4545e-19   1.7723e-19
 6627.82   3.2747e-19   1.8201e-19
 6632.43   5.6829e-19   1.8206e-19
 6637.04   9.0168e-19   1.7947e-19
 6641.66   7.7383e-19   1.7392e-19
 6646.27   4.9673e-19   1.7023e-19
 6650.88   8.7808e-19   1.7096e-19
 6655.49   9.7163e-19   1.7278e-19
 6660.11   8.2284e-19   1.7495e-19
 6664.72   3.3205e-19   1.7328e-19
 6669.33   7.2202e-19   1.7264e-19
 6673.94   3.9208e-19   1.6908e-19
 6678.56   5.7278e-19   1.6747e-19
 6683.17   8.5097e-19   1.6830e-19
 6687.78   7.6836e-19   1.6831e-19
 6692.39   4.9626e-19   1.6826e-19
 6697.01   4.0182e-19   1.6940e-19
 6701.62   3.6284e-19   1.7100e-19
 6706.23   6.6404e-19   1.7031e-19
 6710.84   7.3672e-19   1.6847e-19
 6715.46   3.3208e-19   1.6613e-19
 6720.07   5.5454e-19   1.6570e-19
 6724.68   3.4258e-19   1.6470e-19
 6729.29   3.0951e-19   1.6490e-19
 6733.91   5.4403e-19   1.6543e-19
 6738.52   3.5692e-19   1.6491e-19
 6743.13   3.8381e-19   1.6469e-19
 6747.74   1.8361e-19   1.6269e-19
 6752.36   8.3621e-19   1.6229e-19
 6756.97   5.1283e-19   1.6095e-19
 6761.58   1.5405e-19   1.5897e-19
 6766.19   7.7203e-19   1.6077e-19
 6770.81   7.5061e-19   1.6004e-19
 6775.42   3.2831e-19   1.5891e-19
 6780.03   2.5221e-19   1.5926e-19
 6784.64   3.3446e-19   1.5948e-19
 6789.26   4.0304e-19   1.5907e-19
 6793.87   5.3316e-19   1.5844e-19
 6798.48   7.5095e-19   1.5739e-19
 6803.09   4.8357e-19   1.5713e-19
 6807.71   3.5599e-19   1.5745e-19
 6812.32   3.9035e-19   1.5642e-19
 6816.93   2.5596e-19   1.7002e-19
 6821.54   5.1849e-19   2.1475e-19
 6826.15   1.1085e-18   2.5730e-19
 6830.77   4.7391e-19   2.7150e-19
 6835.38   8.3893e-19   2.5147e-19
 6839.99   6.9971e-19   2.0937e-19
 6844.60   3.8507e-19   1.7773e-19
 6849.22   3.9337e-19   1.6563e-19
 6853.83   5.5762e-19   1.9929e-19
 6858.44   2.9933e-19   2.4371e-19
 6863.05   5.9286e-19   2.5673e-19
 6867.67   6.3017e-19   2.3599e-19
 6872.28   6.4699e-19   1.9047e-19
 6876.89   5.2627e-19   1.6717e-19
 6881.50   5.4303e-19   1.7790e-19
 6886.12   4.0071e-19   1.8083e-19
 6890.73   6.0464e-19   1.8203e-19
 6895.34   8.9509e-19   1.8051e-19
 6899.95   7.5862e-19   1.7648e-19
 6904.57   9.6829e-19   1.8568e-19
 6909.18   6.5272e-19   1.9111e-19
 6913.79   5.3296e-19   2.0553e-19
 6918.40   8.8641e-19   2.2200e-19
 6923.02   7.2928e-19   2.1055e-19
 6927.63   6.5365e-19   2.0078e-19
 6932.24   1.1861e-18   1.8661e-19
 6936.85   6.3823e-19   1.9120e-19
 6941.47   5.9522e-19   2.2363e-19
 6946.08   4.4218e-19   2.2903e-19
 6950.69   8.0188e-19   2.2301e-19
 6955.30   1.0871e-18   1.9388e-19
 6959.92   9.3499e-19   1.7352e-19
 6964.53   5.9341e-19   1.7578e-19
 6969.14   5.9901e-19   1.9432e-19
 6973.75   6.8001e-19   2.0581e-19
 6978.37   8.5556e-19   2.0118e-19
 6982.98   8.9589e-19   1.8613e-19
 6987.59   1.4500e-18   1.6655e-19
 6992.20   8.6891e-19   1.6095e-19
 6996.81   8.5778e-19   1.6791e-19
 7001.43   8.9238e-19   1.7743e-19
 7006.04   1.1858e-18   1.8488e-19
 7010.65   9.7099e-19   1.7681e-19
 7015.26   5.3255e-19   1.6669e-19
 7019.88   1.0337e-18   1.5609e-19
 7024.49   1.1767e-18   1.5207e-19
 7029.10   9.3938e-19   1.5269e-19
 7033.71   8.5998e-19   1.5550e-19
 7038.33   8.4638e-19   1.6272e-19
 7042.94   1.0619e-18   1.7329e-19
 7047.55   7.9376e-19   1.7502e-19
 7052.16   7.1450e-19   1.7046e-19
 7056.78   7.6729e-19   1.6407e-19
 7061.39   9.7925e-19   1.6282e-19
 7066.00   7.8951e-19   1.6395e-19
 7070.61   8.1341e-19   1.6331e-19
 7075.23   1.0029e-18   1.6392e-19
 7079.84   9.6580e-19   1.6488e-19
 7084.45   1.0805e-18   1.6651e-19
 7089.06   5.8417e-19   1.6239e-19
 7093.68   7.6252e-19   1.5838e-19
 7098.29   7.8258e-19   1.5385e-19
 7102.90   9.6959e-19   1.5364e-19
 7107.51   8.0656e-19   1.5343e-19
 7112.13   1.0234e-18   1.5336e-19
 7116.74   5.6695e-19   1.5218e-19
 7121.35   9.7768e-19   1.5656e-19
 7125.96   9.5536e-19   1.5823e-19
 7130.58   1.1262e-18   1.5998e-19
 7135.19   1.3006e-18   1.6233e-19
 7139.80   1.2323e-18   1.6452e-19
 7144.41   1.1884e-18   1.6588e-19
 7149.02   1.3601e-18   1.6446e-19
 7153.64   1.1417e-18   1.6211e-19
 7158.25   1.2050e-18   1.6163e-19
 7162.86   1.5045e-18   1.6313e-19
 7167.47   1.3232e-18   1.6325e-19
 7172.09   1.1575e-18   1.6223e-19
 7176.70   1.2223e-18   1.6073e-19
 7181.31   1.4542e-18   1.5831e-19
 7185.92   1.3071e-18   1.5379e-19
 7190.54   1.0667e-18   1.5169e-19
 7195.15   9.9079e-19   1.5100e-19
 7199.76   1.2275e-18   1.5221e-19
 7204.37   1.3578e-18   1.5259e-19
 7208.99   1.6520e-18   1.5352e-19
 7213.60   1.1026e-18   1.5279e-19
 7218.21   1.1782e-18   1.5780e-19
 7222.82   1.3273e-18   1.5973e-19
 7227.44   1.2603e-18   1.8127e-19
 7232.05   1.6484e-18   2.5618e-19
 7236.66   1.8539e-18   3.3397e-19
 7241.27   2.1279e-18   3.6553e-19
 7245.89   1.4923e-18   3.4417e-19
 7250.50   1.1205e-18   2.7743e-19
 7255.11   1.6380e-18   2.1338e-19
 7259.72   1.3162e-18   1.8877e-19
 7264.34   1.2324e-18   2.0136e-19
 7268.95   1.3959e-18   2.9398e-19
 7273.56   1.2599e-18   3.4076e-19
 7278.17   1.2552e-18   3.5972e-19
 7282.79   1.2032e-18   3.1245e-19
 7287.40   1.2527e-18   2.5189e-19
 7292.01   1.4693e-18   2.2328e-19
 7296.62   1.6129e-18   2.1997e-19
 7301.24   1.4985e-18   2.2656e-19
 7305.85   1.4574e-18   2.5333e-19
 7310.46   1.2128e-18   3.0037e-19
 7315.07   9.6951e-19   3.0667e-19
 7319.69   1.4785e-18   3.0194e-19
 7324.30   1.2619e-18   2.6601e-19
 7328.91   1.3403e-18   2.5388e-19
 7333.52   1.1903e-18   3.1667e-19
 7338.13   8.3603e-19   3.2399e-19
 7342.75   9.6521e-19   3.1650e-19
 7347.36   1.2169e-18   2.6235e-19
 7351.97   1.1217e-18   2.2737e-19
 7356.58   1.0440e-18   2.3731e-19
 7361.20   1.2488e-18   2.8627e-19
 7365.81   1.3868e-18   3.0619e-19
 7370.42   1.2711e-18   2.9103e-19
 7375.03   1.2433e-18   2.4999e-19
 7379.65   1.4122e-18   1.8723e-19
 7384.26   1.1875e-18   1.9157e-19
 7388.87   8.7579e-19   2.1480e-19
 7393.48   1.0442e-18   2.4858e-19
 7398.10   1.1414e-18   2.6522e-19
 7402.71   1.5043e-18   2.5021e-19
 7407.32   7.3387e-19   2.2053e-19
 7411.93   9.4467e-19   1.7597e-19
 7416.55   1.0387e-18   1.6471e-19
 7421.16   9.7589e-19   1.7713e-19
 7425.77   1.1896e-18   1.8980e-19
 7430.38   1.0634e-18   2.1426e-19
 7435.00   1.0970e-18   2.2323e-19
 7439.61   1.0865e-18   2.1247e-19
 7444.22   1.0036e-18   1.9139e-19
 7448.83   9.7425e-19   1.6610e-19
 7453.45   7.9069e-19   1.6894e-19
 7458.06   8.9349e-19   1.8916e-19
 7462.67   4.5210e-19   2.1454e-19
 7467.28   8.1845e-19   2.4176e-19
 7471.90   5.1637e-19   2.5841e-19
 7476.51   5.3589e-19   2.7159e-19
 7481.12   8.0100e-19   2.5648e-19
 7485.73   9.5380e-19   2.3782e-19
 7490.35   8.6232e-19   2.0545e-19
 7494.96   7.6088e-19   1.8323e-19
 7499.57   4.9128e-19   1.7142e-19
 7504.18   4.0373e-19   1.6328e-19
 7508.79   7.1501e-19   1.6427e-19
 7513.41   8.6236e-19   2.1329e-19
 7518.02   6.1265e-19   2.8128e-19
 7522.63   6.8032e-19   3.1261e-19
 7527.24   8.4458e-19   3.0720e-19
 7531.86   7.4939e-19   2.5152e-19
 7536.47   8.1574e-19   2.0466e-19
 7541.08   1.0411e-18   1.8144e-19
 7545.69   7.6761e-19   1.7695e-19
 7550.31   5.2694e-19   1.8872e-19
 7554.92   4.8164e-19   1.9617e-19
 7559.53   8.4599e-19   2.0966e-19
 7564.14   8.3984e-19   2.4612e-19
 7568.76   2.6667e-19   2.6520e-19
 7573.37   5.0587e-19   2.6386e-19
 7577.98   1.4026e-18   2.4283e-19
 7582.59   8.4350e-19   2.0761e-19
 7587.21   7.0627e-19   2.0221e-19
 7591.82   8.5240e-19   1.9798e-19
 7596.43   4.8252e-19   1.6972e-19
 7601.04   6.4817e-20   1.5142e-19
 7605.66   2.4401e-19   1.2951e-19
 7610.27   3.6574e-19   1.4509e-19
 7614.88   1.9009e-19   1.6715e-19
 7619.49   4.4611e-19   1.8974e-19
 7624.11   5.7219e-19   1.8923e-19
 7628.72   4.8347e-19   1.7472e-19
 7633.33   4.1745e-19   1.5821e-19
 7637.94   4.0431e-19   1.3955e-19
 7642.56   4.7533e-19   1.4023e-19
 7647.17   6.1276e-19   1.5557e-19
 7651.78   3.4972e-19   1.7373e-19
 7656.39   5.0817e-19   1.9712e-19
 7661.01   7.7350e-19   1.9746e-19
 7665.62   8.3269e-19   1.9174e-19
 7670.23   1.0276e-18   1.7158e-19
 7674.84   7.1243e-19   1.6634e-19
 7679.46   7.8985e-19   1.7912e-19
 7684.07   8.9720e-19   1.9404e-19
 7688.68   1.1587e-18   2.0399e-19
 7693.29   8.9429e-19   2.0801e-19
 7697.90   9.5567e-19   2.0046e-19
 7702.52   8.1499e-19   2.4699e-19
 7707.13   6.5264e-19   3.4962e-19
 7711.74   1.0571e-18   4.2114e-19
 7716.35   6.1845e-19   4.2758e-19
 7720.97   8.8132e-19   3.7400e-19
 7725.58   1.6897e-18   2.7778e-19
 7730.19   1.1810e-18   2.3451e-19
 7734.80   1.1013e-18   2.0824e-19
 7739.42   7.3021e-19   2.4307e-19
 7744.03   7.8926e-19   3.5135e-19
 7748.64   1.0248e-18   3.9379e-19
 7753.25   1.6005e-18   4.0879e-19
 7757.87   1.1215e-18   3.4420e-19
 7762.48   1.0523e-18   2.9471e-19
 7767.09   1.6034e-18   3.1931e-19
 7771.70   8.2366e-19   3.3395e-19
 7776.32   4.7607e-19   3.3579e-19
 7780.93   1.1630e-18   3.0029e-19
 7785.54   8.5741e-19   3.0961e-19
 7790.15   7.5634e-19   3.4405e-19
 7794.77   5.5679e-19   3.4101e-19
 7799.38   5.4752e-19   3.1974e-19
 7803.99   1.0188e-18   2.7180e-19
 7808.60   6.4574e-19   2.6710e-19
 7813.22   8.2119e-19   3.4072e-19
 7817.83   3.7681e-19   3.6828e-19
 7822.44   8.1604e-19   3.6475e-19
 7827.05   7.5847e-19   3.1021e-19
 7831.67   9.6008e-19   2.3459e-19
 7836.28   3.5759e-19   2.4140e-19
 7840.89   7.6311e-19   2.7991e-19
 7845.50   7.8072e-19   3.6725e-19
 7850.12   6.9275e-19   4.1796e-19
 7854.73   9.6030e-19   4.4541e-19
 7859.34   1.3490e-18   4.1398e-19
 7863.95   6.2991e-19   3.8204e-19
 7868.56   6.9961e-19   3.5395e-19
 7873.18   5.2281e-19   3.5377e-19
 7877.79   3.3634e-19   3.3018e-19
 7882.40   5.4958e-19   3.3026e-19
 7887.01   6.3533e-19   3.3142e-19
 7891.63   6.3748e-19   2.9757e-19
 7896.24   5.9625e-19   2.5006e-19
 7900.85   5.3780e-19   2.2613e-19
 7905.46   1.4773e-19   3.5149e-19
 7910.08   1.5209e-19   4.5299e-19
 7914.69   3.9934e-19   4.9439e-19
 7919.30   1.6695e-18   4.4933e-19
 7923.91   9.0338e-19   3.7557e-19
 7928.53   4.7140e-19   3.0754e-19
 7933.14   8.2848e-19   2.7372e-19
 7937.75   6.4950e-19   2.4702e-19
 7942.36   1.3169e-19   2.4724e-19
 7946.98   5.3381e-19   2.6111e-19
 7951.59   8.5582e-19   2.6804e-19
 7956.20   9.1568e-19   3.2379e-19
 7960.81   4.5251e-19   3.8504e-19
 7965.43   1.2572e-18   3.9077e-19
 7970.04   1.2157e-18   3.7531e-19
 7974.65   5.6243e-19   3.1355e-19
 7979.26   2.2064e-19   2.9766e-19
 7983.88   5.1727e-19   3.5948e-19
 7988.49   7.4592e-19   4.0340e-19
 7993.10   1.0088e-18   4.1443e-19
 7997.71   1.4154e-18   3.6696e-19
 8002.33   6.9865e-19   2.6753e-19
 8006.94   5.4867e-19   2.3360e-19
 8011.55   8.8524e-19   2.7287e-19
 8016.16   5.8636e-19   3.1988e-19
 8020.77   4.0257e-19   3.7952e-19
 8025.39   1.3817e-18   3.6768e-19
 8030.00   5.4680e-19   3.4261e-19
 8034.61   9.7961e-19   2.3819e-19
 8039.22   5.0391e-19   1.8360e-19
 8043.84   9.7802e-19   2.1472e-19
 8048.45   8.4211e-19   2.3130e-19
 8053.06   8.9895e-19   2.7745e-19
 8057.67   4.4391e-19   2.9855e-19
 8062.29   1.1996e-18   2.8905e-19
 8066.90   9.5231e-19   2.6175e-19
 8071.51   6.5703e-19   2.0327e-19
 8076.12   9.2434e-19   1.8372e-19
 8080.74   6.7337e-19   1.8787e-19
 8085.35   3.9848e-19   1.9596e-19
 8089.96   3.8379e-19   2.0783e-19
 8094.57   4.1722e-19   2.3302e-19
 8099.19   1.8239e-19   2.4071e-19
 8103.80   9.0811e-19   2.3490e-19
 8108.41   6.9527e-19   2.0875e-19
 8113.02   2.6524e-19   1.8260e-19
 8117.64   6.2441e-19   1.7537e-19
 8122.25   6.4522e-19   1.7530e-19
 8126.86   4.9286e-19   1.8115e-19
 8131.47   6.5578e-19   1.9102e-19
 8136.09   4.2837e-19   2.0018e-19
 8140.70   7.6529e-19   2.1106e-19
 8145.31   3.7096e-19   2.0636e-19
 8149.92   5.0721e-19   1.9639e-19
 8154.54   6.9248e-19   1.8061e-19
 8159.15   3.7829e-20   1.6982e-19
 8163.76   3.4113e-19   1.6893e-19
 8168.37   8.2126e-19   1.6963e-19
 8172.99   4.1969e-19   1.7241e-19
 8177.60   5.4522e-19   1.8034e-19
 8182.21   5.8040e-19   1.8887e-19
 8186.82   7.3263e-19   1.9727e-19
 8191.44   3.8366e-19   2.0101e-19
 8196.05   4.0972e-19   1.9690e-19
 8200.66   8.3597e-19   1.9132e-19
 8205.27   6.8830e-19   1.8201e-19
 8209.88   6.3504e-19   1.8128e-19
 8214.50   6.2921e-19   1.7851e-19
 8219.11   3.3314e-19   1.7699e-19
 8223.72   5.4621e-19   1.7613e-19
 8228.33   7.7255e-19   1.7475e-19
 8232.95   8.4836e-19   1.7621e-19
 8237.56   3.8073e-19   1.8163e-19
 8242.17   5.5029e-19   1.8834e-19
 8246.78   5.5867e-19   1.9014e-19
 8251.40   7.1692e-19   1.8771e-19
 8256.01   4.1485e-19   1.8268e-19
 8260.62   5.7969e-19   1.8201e-19
 8265.23   3.1941e-19   1.8130e-19
 8269.85  -1.0543e-19   2.4837e-19
 8274.46  -3.4302e-19   3.4416e-19
 8279.07   4.5321e-19   4.5393e-19
 8283.68   6.8411e-19   5.0291e-19
 8288.30   5.5797e-19   5.1987e-19
 8292.91   4.3807e-19   5.3248e-19
 8297.52   3.0016e-19   4.8432e-19
 8302.13  -2.8172e-19   4.4972e-19
 8306.75   1.0162e-18   3.5775e-19
 8311.36   9.7412e-19   2.9398e-19
 8315.97   5.8950e-19   2.6078e-19
 8320.58   3.5364e-19   2.0726e-19
 8325.20   6.2922e-19   1.9499e-19
 8329.81   5.2742e-19   1.6894e-19
 8334.42   8.3400e-19   3.9740e-19
 8339.03   2.7596e-19   5.8887e-19
 8343.65   6.0623e-19   6.7611e-19
 8348.26   1.8441e-18   6.7450e-19
 8352.87   1.5265e-18   5.1645e-19
 8357.48   4.8578e-19   4.1125e-19
 8362.09   9.7316e-19   3.2046e-19
 8366.71   6.8817e-19   2.8789e-19
 8371.32   6.4219e-19   2.7765e-19
 8375.93   1.3010e-18   3.2763e-19
 8380.54   1.6463e-18   3.6001e-19
 8385.16   1.3321e-18   3.4047e-19
 8389.77   3.1483e-19   4.2492e-19
 8394.38   8.2468e-19   5.3262e-19
 8398.99   1.8277e-18   5.5500e-19
 8403.61   1.7475e-19   5.1554e-19
 8408.22   1.5118e-18   4.0187e-19
 8412.83   9.9689e-19   3.7755e-19
 8417.44   1.2198e-18   3.9270e-19
 8422.06   1.5720e-18   5.2448e-19
 8426.67   1.2975e-18   5.8725e-19
 8431.28   1.1299e-18   6.0219e-19
 8435.89   2.3691e-18   4.9102e-19
 8440.51   1.4354e-18   3.3938e-19
 8445.12   8.9085e-19   3.6125e-19
 8449.73   1.2199e-18   3.9688e-19
 8454.34   8.4344e-19   4.2276e-19
 8458.96   2.3263e-18   5.1490e-19
 8463.57   2.4895e-18   5.1701e-19
 8468.18   6.1250e-19   5.0776e-19
 8472.79   1.8665e-18   3.5879e-19
 8477.41   1.4412e-18   2.2487e-19
 8482.02   9.8833e-19   2.1514e-19
 8486.63   1.1881e-18   2.8414e-19
 8491.24   1.5177e-18   3.2336e-19
 8495.86   1.1967e-18   3.9165e-19
 8500.47   1.2214e-18   4.3787e-19
 8505.08   9.8633e-19   4.0593e-19
 8509.69   1.4040e-18   3.6953e-19
 8514.31   1.4248e-18   2.3843e-19
 8518.92   1.8630e-18   2.0346e-19
 8523.53   1.3483e-18   1.9891e-19
 8528.14   6.4636e-19   2.0879e-19
 8532.75   9.2239e-19   2.4244e-19
 8537.37   1.2304e-18   2.7623e-19
 8541.98   1.0544e-18   3.1863e-19
 8546.59   1.4208e-18   3.2910e-19
 8551.21   1.2392e-18   3.0179e-19
 8555.82   1.1605e-18   2.5880e-19
 8560.43   1.4531e-18   1.9812e-19
 8565.04   1.2869e-18   2.0162e-19
 8569.65   1.8473e-18   2.0712e-19
 8574.27   1.5104e-18   2.0713e-19
 8578.88   1.2877e-18   2.2038e-19
 8583.49   1.4906e-18   2.3322e-19
 8588.10   1.5192e-18   2.5897e-19
 8592.72   1.4579e-18   2.7029e-19
 8597.33   1.4984e-18   2.6161e-19
 8601.94   1.3561e-18   2.4378e-19
 8606.55   1.3075e-18   2.3253e-19
 8611.17   1.3390e-18   2.6177e-19
 8615.78   1.4183e-18   3.1670e-19
 8620.39   1.7564e-18   3.7722e-19
 8625.00   1.4063e-18   4.2066e-19
 8629.62   1.7941e-18   4.3591e-19
 8634.23   7.7059e-19   4.1068e-19
 8638.84   1.4964e-18   3.7339e-19
 8643.45   1.0299e-18   3.6670e-19
 8648.07   7.9467e-19   3.9542e-19
 8652.68   6.6624e-19   4.3090e-19
 8657.29   2.7488e-19   4.4710e-19
 8661.90   1.5735e-18   4.3394e-19
 8666.52   1.2299e-18   4.0861e-19
 8671.13   1.4659e-18   3.7492e-19
 8675.74   1.4680e-18   3.3617e-19
 8680.35   1.3622e-18   3.0151e-19
 8684.97   9.2519e-19   2.7065e-19
 8689.58   1.2004e-18   2.5403e-19
 8694.19   1.5747e-18   2.4944e-19
 8698.80   1.4010e-18   2.5184e-19
 8703.42   1.3096e-18   2.5233e-19
 8708.03   6.1428e-19   2.4197e-19
 8712.64   1.2559e-18   2.3009e-19
 8717.25   6.3342e-19   2.1702e-19
 8721.87   1.0436e-18   2.1956e-19
 8726.48   1.5978e-18   2.2105e-19
 8731.09   7.5809e-19   2.2194e-19
 8735.70   1.0466e-18   2.2255e-19
 8740.31   1.0523e-18   2.3024e-19
 8744.93   1.0371e-18   2.2300e-19
 8749.54   2.9113e-19   3.2246e-19
 8754.15  -7.8337e-19   5.0148e-19
 8758.76  -8.8992e-19   6.6512e-19
 8763.38   6.4209e-19   7.6972e-19
 8767.99   6.0097e-19   7.6690e-19
 8772.60   1.9051e-18   7.8637e-19
 8777.21   6.6577e-19   6.8277e-19
 8781.83   9.2349e-20   6.2629e-19
 8786.44   6.4517e-19   4.9356e-19
 8791.05   7.0889e-19   3.8950e-19
 8795.66   1.1343e-18   3.6034e-19
 8800.28   4.7461e-19   2.6933e-19
 8804.89   4.7024e-19   2.4174e-19
 8809.50   7.5911e-19   2.2635e-19
 8814.11   5.1959e-19   3.1157e-19
 8818.73  -1.0323e-18   6.5228e-19
 8823.34   1.6716e-18   8.4564e-19
 8827.95  -3.6135e-19   9.5470e-19
 8832.56   4.2435e-19   8.6323e-19
 8837.18   1.9082e-18   6.6021e-19
 8841.79   1.0777e-18   5.0524e-19
 8846.40   2.9191e-19   4.1627e-19
 8851.01   6.8484e-19   3.5521e-19
 8855.63   1.3577e-18   3.6166e-19
 8860.24   1.5467e-18   4.1504e-19
 8864.85   6.2253e-19   4.7092e-19
 8869.46   1.0416e-18   4.6904e-19
 8874.08  -1.9068e-20   4.2537e-19
 8878.69  -1.8028e-19   6.4061e-19
 8883.30  -3.9176e-19   7.3662e-19
 8887.91  -1.5386e-19   7.3335e-19
 8892.53   2.2618e-19   6.1286e-19
 8897.14   3.4388e-21   4.8295e-19
 8901.75   7.9107e-20   5.1182e-19
 8906.36  -1.0191e-18   5.1497e-19
 8910.97  -1.1122e-19   6.1371e-19
 8915.59  -2.2802e-18   7.6011e-19
 8920.20   2.6240e-19   7.8001e-19
 8924.81   2.2963e-19   6.7383e-19
 8929.42   8.9498e-19   4.0281e-19
 8934.04  -1.2518e-19   3.4216e-19
 8938.65   1.4210e-19   4.5530e-19
 8943.26   1.1889e-19   4.6033e-19
 8947.87  -7.7525e-19   5.3533e-19
 8952.49  -9.0653e-19   6.5046e-19
 8957.10   6.0665e-19   6.6897e-19
 8961.71   1.4688e-19   6.4308e-19
 8966.32   1.7176e-18   4.1277e-19
 8970.94   6.8111e-19   2.5799e-19
 8975.55   1.4365e-19   2.4561e-19
 8980.16   3.7807e-20   3.3493e-19
 8984.77   1.5843e-19   3.8524e-19
 8989.39  -2.2414e-19   4.3002e-19
 8994.00  -1.0860e-18   4.9952e-19
 8998.61  -9.2169e-19   5.2589e-19
 9003.22   5.1742e-19   4.9755e-19
 9007.84   8.8902e-19   4.0632e-19
 9012.45   4.2187e-19   2.3396e-19
 9017.06   2.5490e-19   2.0001e-19
 9021.67   1.0310e-19   2.1141e-19
 9026.29   4.1997e-19   2.2311e-19
 9030.90   3.4432e-19   2.8167e-19
 9035.51   9.3076e-19   3.1130e-19
 9040.12  -5.0681e-19   3.5849e-19
 9044.74   3.4414e-19   4.0715e-19
 9049.35  -1.0075e-18   3.8100e-19
 9053.96   2.8764e-19   3.5927e-19
 9058.57   2.8950e-20   2.5401e-19
 9063.19   3.4886e-19   2.1941e-19
 9067.80   2.6219e-19   2.1473e-19
 9072.41   8.6080e-19   2.0705e-19
 9077.02   3.2364e-19   1.9382e-19
 9081.63  -3.7126e-19   2.0630e-19
 9086.25  -1.6217e-19   2.3239e-19
 9090.86   5.3518e-19   2.6238e-19
 9095.47   1.0640e-18   2.9477e-19
 9100.08   9.3262e-19   2.9610e-19
 9104.70   6.6282e-19   2.7624e-19
 9109.31   8.5117e-19   2.3658e-19
 9113.92   5.3487e-19   1.9213e-19
 9118.53   7.5924e-19   1.7909e-19
 9123.15   2.3512e-19   1.7839e-19
 9127.76  -2.0484e-20   1.7719e-19
 9132.37   1.9251e-19   1.7893e-19
 9136.98   2.0865e-19   1.8109e-19
 9141.60   2.6769e-19   1.9266e-19
 9146.21   4.2525e-19   2.1714e-19
 9150.82   1.4145e-19   2.3493e-19
 9155.43   6.2029e-19   2.5624e-19
 9160.05   3.9923e-19   2.4140e-19
 9164.66   1.0730e-19   2.2143e-19
 9169.27   4.0804e-19   1.9214e-19
 9173.88   3.2756e-19   1.7369e-19
 9178.50   3.5605e-19   1.7404e-19
 9183.11   4.7500e-19   1.7188e-19
 9187.72   5.5344e-19   1.7089e-19
 9192.33   3.9125e-19   1.6851e-19
 9196.95   2.5846e-19   1.6797e-19
