 
TRANSIENT_NAME:     DES15E2kvn 
SNID:               1327978    
OBS_DATE:           2015-10-12
MJD:                57307. 
PHASE:              -1.    
MJD_MAX:            57308.1
TYPE:               1  
SPEC_EVAL:          SNIa
REDSHIFT:           0.2080  
REDSHIFT_ERR:       0.0005  
REDSHIFT_SOURCE:    Z_GAL
TELESCOPE:          SALT
INSTRUMENT:         RSS
 
======================================
 
# WAVE  FLUX  FLUX_ERR
 3839.11   1.7874e-19   1.3795e-19
 3842.14   2.2134e-19   1.3331e-19
 3845.17   2.9570e-19   1.5369e-19
 3848.19   3.0928e-19   1.6417e-19
 3851.22   2.4650e-19   1.6896e-19
 3854.25   4.3953e-19   1.8050e-19
 3857.27   3.0552e-19   1.6596e-19
 3860.30   5.8211e-19   1.7355e-19
 3863.32   6.9826e-19   1.7769e-19
 3866.35   6.8204e-19   1.8466e-19
 3869.38   6.2880e-19   1.6894e-19
 3872.40   4.9624e-19   1.6862e-19
 3875.43   6.5332e-19   1.7205e-19
 3878.46   4.6867e-19   1.8172e-19
 3881.48   3.9115e-19   1.6530e-19
 3884.51   5.5920e-19   1.8214e-19
 3887.53   5.2143e-19   2.0213e-19
 3890.56   5.0162e-19   1.7166e-19
 3893.59   6.2514e-19   1.9079e-19
 3896.61   7.0256e-19   2.0185e-19
 3899.64   4.9816e-19   1.9589e-19
 3902.67   5.1773e-19   2.1558e-19
 3905.69   5.8915e-19   2.0103e-19
 3908.72   5.7757e-19   1.8315e-19
 3911.74   6.8375e-19   1.9478e-19
 3914.77   5.9299e-19   1.9798e-19
 3917.80   6.4901e-19   1.6824e-19
 3920.82   4.7923e-19   2.0042e-19
 3923.85   6.9751e-19   1.7273e-19
 3926.88   7.3096e-19   1.8273e-19
 3929.90   7.5910e-19   1.8073e-19
 3932.93   8.3749e-19   1.7835e-19
 3935.95   6.6356e-19   1.7331e-19
 3938.98   8.9524e-19   1.8671e-19
 3942.01   7.8758e-19   1.8477e-19
 3945.03   7.1990e-19   2.0003e-19
 3948.06   6.9573e-19   1.9381e-19
 3951.09   7.1463e-19   1.8829e-19
 3954.11   8.1255e-19   1.7551e-19
 3957.14   8.3712e-19   1.7611e-19
 3960.16   9.2213e-19   1.8210e-19
 3963.19   9.1289e-19   1.7888e-19
 3966.22   6.9771e-19   1.7669e-19
 3969.24   7.2677e-19   1.8960e-19
 3972.27   8.7182e-19   1.8441e-19
 3975.30   7.9339e-19   1.7863e-19
 3978.32   9.2086e-19   1.7771e-19
 3981.35   9.4744e-19   1.7505e-19
 3984.37   9.9015e-19   1.7463e-19
 3987.40   1.0480e-18   1.7931e-19
 3990.43   9.8708e-19   1.7482e-19
 3993.45   1.0933e-18   1.7292e-19
 3996.48   9.5678e-19   1.8290e-19
 3999.51   7.6837e-19   1.9283e-19
 4002.53   7.8997e-19   1.7906e-19
 4005.56   9.6411e-19   1.7448e-19
 4008.58   9.5052e-19   1.9336e-19
 4011.61   1.0551e-18   2.3684e-19
 4014.64   8.8882e-19   2.1370e-19
 4017.66   8.2526e-19   1.8955e-19
 4020.69   8.9004e-19   1.8380e-19
 4023.72   9.3305e-19   1.8318e-19
 4026.74   1.0007e-18   1.7778e-19
 4029.77   8.9091e-19   1.7668e-19
 4032.79   8.5981e-19   1.9059e-19
 4035.82   9.3465e-19   1.9499e-19
 4038.85   9.5905e-19   2.0112e-19
 4041.87   9.3412e-19   1.9156e-19
 4044.90   9.6394e-19   1.8666e-19
 4047.93   9.2840e-19   1.8497e-19
 4050.95   8.5350e-19   1.7782e-19
 4053.98   8.3154e-19   1.8863e-19
 4057.00   8.9687e-19   1.9233e-19
 4060.03   9.6714e-19   1.8963e-19
 4063.06   9.3564e-19   1.9381e-19
 4066.08   8.6963e-19   1.8186e-19
 4069.11   9.8992e-19   1.8206e-19
 4072.14   9.2441e-19   1.8432e-19
 4075.16   9.5173e-19   1.8422e-19
 4078.19   1.1186e-18   1.8666e-19
 4081.21   1.0744e-18   1.8416e-19
 4084.24   9.3641e-19   1.8730e-19
 4087.27   1.0377e-18   1.9034e-19
 4090.29   1.0687e-18   1.8007e-19
 4093.32   1.0752e-18   1.8622e-19
 4096.35   1.0614e-18   1.8329e-19
 4099.37   1.0316e-18   1.7773e-19
 4102.40   1.0069e-18   1.7384e-19
 4105.42   9.7529e-19   1.7414e-19
 4108.45   1.0884e-18   1.8545e-19
 4111.48   1.1629e-18   1.8262e-19
 4114.50   1.1268e-18   1.7548e-19
 4117.53   1.1176e-18   1.7918e-19
 4120.56   1.2400e-18   1.8669e-19
 4123.58   1.2656e-18   1.8571e-19
 4126.61   1.1537e-18   1.8334e-19
 4129.63   1.1487e-18   1.7647e-19
 4132.66   1.1804e-18   1.8047e-19
 4135.69   1.3890e-18   1.8352e-19
 4138.71   1.3565e-18   1.7601e-19
 4141.74   1.1444e-18   1.7219e-19
 4144.77   1.1022e-18   1.7549e-19
 4147.79   1.1660e-18   1.7438e-19
 4150.82   1.2854e-18   1.8222e-19
 4153.84   1.2882e-18   1.8616e-19
 4156.87   1.3662e-18   1.8495e-19
 4159.90   1.3606e-18   1.8499e-19
 4162.92   1.2571e-18   1.8334e-19
 4165.95   1.4448e-18   2.0322e-19
 4168.98   1.3938e-18   2.0172e-19
 4172.00   1.2967e-18   1.8458e-19
 4175.03   1.3762e-18   1.7611e-19
 4178.05   1.4590e-18   1.7788e-19
 4181.08   1.4773e-18   1.7307e-19
 4184.11   1.4500e-18   1.6620e-19
 4187.13   1.4538e-18   1.6473e-19
 4190.16   1.5490e-18   1.6590e-19
 4193.19   1.7041e-18   1.7446e-19
 4196.21   1.6128e-18   1.7658e-19
 4199.24   1.6536e-18   1.7870e-19
 4202.26   1.7459e-18   1.8415e-19
 4205.29   1.7714e-18   1.8301e-19
 4208.32   1.8999e-18   1.8715e-19
 4211.34   1.3848e-18   1.7597e-19
 4214.37   1.3308e-18   1.6712e-19
 4217.40   1.3426e-18   1.6638e-19
 4220.42   1.3787e-18   1.6709e-19
 4223.45   1.3846e-18   1.6477e-19
 4226.48   1.3495e-18   1.5928e-19
 4229.50   1.4551e-18   1.6618e-19
 4232.53   1.4749e-18   1.7140e-19
 4235.55   1.4172e-18   1.6846e-19
 4238.58   1.4394e-18   1.6568e-19
 4241.61   1.5132e-18   1.7171e-19
 4244.63   1.4523e-18   1.6720e-19
 4247.66   1.5503e-18   1.7012e-19
 4250.69   1.3738e-18   1.7043e-19
 4253.71   1.3846e-18   1.7390e-19
 4256.74   1.4235e-18   1.6899e-19
 4259.76   1.3959e-18   1.7295e-19
 4262.79   1.5116e-18   1.7295e-19
 4265.82   1.4687e-18   1.7935e-19
 4268.84   1.5682e-18   1.7084e-19
 4271.87   1.5209e-18   1.6608e-19
 4274.90   1.5357e-18   1.6783e-19
 4277.92   1.6463e-18   1.6481e-19
 4280.95   1.6925e-18   1.6329e-19
 4283.97   1.6159e-18   1.6817e-19
 4287.00   1.5576e-18   1.6129e-19
 4290.03   1.5239e-18   1.6427e-19
 4293.05   1.5511e-18   1.5939e-19
 4296.08   1.4260e-18   1.6050e-19
 4299.10   1.3885e-18   1.5238e-19
 4302.13   1.4833e-18   1.5676e-19
 4305.16   1.4828e-18   1.5732e-19
 4308.18   1.3705e-18   1.6226e-19
 4311.21   1.3054e-18   1.6032e-19
 4314.24   1.3809e-18   1.5916e-19
 4317.26   1.3332e-18   1.6218e-19
 4320.29   1.3746e-18   1.6166e-19
 4323.31   1.3366e-18   1.6260e-19
 4326.34   1.4168e-18   1.5906e-19
 4329.37   1.3028e-18   1.5010e-19
 4332.39   1.3210e-18   1.5368e-19
 4335.42   1.4867e-18   1.5537e-19
 4338.45   1.3885e-18   1.5246e-19
 4341.47   1.4903e-18   1.5706e-19
 4344.50   1.5967e-18   1.6580e-19
 4347.52   1.6807e-18   1.6123e-19
 4350.55   1.6099e-18   1.5441e-19
 4353.58   1.6737e-18   1.6027e-19
 4356.60   1.6228e-18   1.5720e-19
 4359.63   1.5448e-18   1.6168e-19
 4362.66   1.5290e-18   1.5235e-19
 4365.68   1.5519e-18   1.5316e-19
 4368.71   1.4876e-18   1.5297e-19
 4371.74   1.5717e-18   1.5872e-19
 4374.76   1.4499e-18   1.5779e-19
 4377.79   1.5214e-18   1.5377e-19
 4380.81   1.4020e-18   1.5049e-19
 4383.84   1.4794e-18   1.5050e-19
 4386.87   1.4548e-18   1.5051e-19
 4389.89   1.4609e-18   1.5132e-19
 4392.92   1.4871e-18   1.5555e-19
 4395.95   1.4452e-18   1.5892e-19
 4398.97   1.6004e-18   1.5805e-19
 4402.00   1.5792e-18   1.5748e-19
 4405.02   1.4960e-18   1.5690e-19
 4408.05   1.5144e-18   1.5965e-19
 4411.08   1.5602e-18   1.5870e-19
 4414.10   1.5945e-18   1.5696e-19
 4417.13   1.4952e-18   1.5345e-19
 4420.16   1.4634e-18   1.5250e-19
 4423.18   1.5037e-18   1.5096e-19
 4426.21   1.5722e-18   1.5863e-19
 4429.23   1.5236e-18   1.6052e-19
 4432.26   1.5413e-18   1.6058e-19
 4435.29   1.5545e-18   1.5878e-19
 4438.31   1.4941e-18   1.5084e-19
 4441.34   1.5527e-18   1.5160e-19
 4444.37   1.5422e-18   1.5096e-19
 4447.39   1.4556e-18   1.5241e-19
 4450.42   1.3964e-18   1.5001e-19
 4453.44   1.4247e-18   1.4872e-19
 4456.47   1.4566e-18   1.4923e-19
 4459.50   1.4087e-18   1.4507e-19
 4462.52   1.3380e-18   1.4329e-19
 4465.55   1.3324e-18   1.4231e-19
 4468.58   1.3602e-18   1.4787e-19
 4471.60   1.4316e-18   1.4691e-19
 4474.63   1.3679e-18   1.4191e-19
 4477.65   1.4029e-18   1.4305e-19
 4480.68   1.4752e-18   1.4661e-19
 4483.71   1.4471e-18   1.4367e-19
 4486.73   1.5084e-18   1.4162e-19
 4489.76   1.4314e-18   1.4406e-19
 4492.79   1.4193e-18   1.4164e-19
 4495.81   1.4729e-18   1.4480e-19
 4498.84   1.4372e-18   1.4541e-19
 4501.86   1.4906e-18   1.4788e-19
 4504.89   1.4557e-18   1.4776e-19
 4507.92   1.3691e-18   1.4268e-19
 4510.94   1.2812e-18   1.4107e-19
 4513.97   1.3701e-18   1.4225e-19
 4517.00   1.3618e-18   1.4176e-19
 4520.02   1.2962e-18   1.4032e-19
 4523.05   1.3731e-18   1.4316e-19
 4526.07   1.3308e-18   1.4464e-19
 4529.10   1.3949e-18   1.4367e-19
 4532.13   1.4469e-18   1.4413e-19
 4535.15   1.5892e-18   1.4888e-19
 4538.18   1.6037e-18   1.4913e-19
 4541.21   1.5724e-18   1.4984e-19
 4544.23   1.5258e-18   1.4749e-19
 4547.26   1.6037e-18   1.4550e-19
 4550.28   1.6232e-18   1.4761e-19
 4553.31   1.6404e-18   1.4453e-19
 4556.34   1.6733e-18   1.4255e-19
 4559.36   1.6878e-18   1.4341e-19
 4562.39   1.7727e-18   1.4523e-19
 4565.42   1.8552e-18   1.4788e-19
 4568.44   1.7379e-18   1.4714e-19
 4571.47   1.7529e-18   1.4982e-19
 4574.49   1.7850e-18   1.4674e-19
 4577.52   1.7498e-18   1.4331e-19
 4580.55   1.6812e-18   1.4285e-19
 4583.57   1.6729e-18   1.4549e-19
 4586.60   1.7320e-18   1.4583e-19
 4589.63   1.7346e-18   1.4199e-19
 4592.65   1.7747e-18   1.4125e-19
 4595.68   1.8055e-18   1.4323e-19
 4598.70   1.7544e-18   1.4449e-19
 4601.73   1.6786e-18   1.4335e-19
 4604.76   1.6503e-18   1.4247e-19
 4607.78   1.5848e-18   1.3879e-19
 4610.81   1.5307e-18   1.3767e-19
 4613.84   1.5176e-18   1.3977e-19
 4616.86   1.4940e-18   1.4149e-19
 4619.89   1.4381e-18   1.4026e-19
 4622.91   1.4034e-18   1.3792e-19
 4625.94   1.4507e-18   1.3626e-19
 4628.97   1.5399e-18   1.3841e-19
 4631.99   1.5705e-18   1.3897e-19
 4635.02   1.6216e-18   1.3664e-19
 4638.05   1.7237e-18   1.3560e-19
 4641.07   1.7622e-18   1.3728e-19
 4644.10   1.7524e-18   1.3889e-19
 4647.12   1.7886e-18   1.4044e-19
 4650.15   1.7939e-18   1.4301e-19
 4653.18   1.7780e-18   1.4537e-19
 4656.20   1.8016e-18   1.4257e-19
 4659.23   1.8825e-18   1.4229e-19
 4662.26   1.9113e-18   1.4488e-19
 4665.28   1.8832e-18   1.4307e-19
 4668.31   1.8731e-18   1.3983e-19
 4671.33   1.8311e-18   1.4182e-19
 4674.36   1.8168e-18   1.4302e-19
 4677.39   1.8621e-18   1.4207e-19
 4680.41   2.1599e-18   1.5191e-19
 4683.44   2.3194e-18   1.5670e-19
 4686.47   2.3374e-18   1.5429e-19
 4689.49   2.2352e-18   1.5637e-19
 4692.52   2.2317e-18   1.5617e-19
 4695.54   2.1670e-18   1.5401e-19
 4698.57   1.9086e-18   1.3951e-19
 4701.60   1.9665e-18   1.3736e-19
 4704.62   2.0525e-18   1.3901e-19
 4707.65   2.0585e-18   1.3799e-19
 4710.68   2.0589e-18   1.3797e-19
 4713.70   2.0975e-18   1.3799e-19
 4716.73   1.9420e-18   1.3598e-19
 4719.75   1.8658e-18   1.3614e-19
 4722.78   1.7993e-18   1.3517e-19
 4725.81   1.7138e-18   1.3380e-19
 4728.83   1.8779e-18   1.3426e-19
 4731.86   1.7614e-18   1.3021e-19
 4734.89   1.6404e-18   1.3141e-19
 4737.91   1.6266e-18   1.3182e-19
 4740.94   1.4183e-18   1.2836e-19
 4743.96   1.4292e-18   1.2879e-19
 4746.99   1.3679e-18   1.2660e-19
 4750.02   1.4968e-18   1.2763e-19
 4753.04   1.5986e-18   1.2852e-19
 4756.07   1.7689e-18   1.3025e-19
 4759.10   1.7843e-18   1.3006e-19
 4762.12   1.9533e-18   1.3350e-19
 4765.15   2.1038e-18   1.3762e-19
 4768.17   1.9794e-18   1.3366e-19
 4771.20   1.9666e-18   1.3255e-19
 4774.23   1.9237e-18   1.3193e-19
 4777.25   1.8466e-18   1.3165e-19
 4780.28   1.8041e-18   1.2929e-19
 4783.31   1.8597e-18   1.3006e-19
 4786.33   1.7714e-18   1.2924e-19
 4789.36   1.7265e-18   1.2722e-19
 4792.38   1.6785e-18   1.2757e-19
 4795.41   1.6783e-18   1.2842e-19
 4798.44   1.8351e-18   1.3248e-19
 4801.46   1.9312e-18   1.3061e-19
 4804.49   2.0508e-18   1.3252e-19
 4807.52   2.1034e-18   1.3391e-19
 4810.54   2.2964e-18   1.3635e-19
 4813.57   2.2686e-18   1.3749e-19
 4816.59   2.4332e-18   1.3922e-19
 4819.62   2.5348e-18   1.3869e-19
 4822.65   2.4227e-18   1.3919e-19
 4825.67   2.5284e-18   1.3878e-19
 4828.70   2.6283e-18   1.3959e-19
 4831.73   2.4987e-18   1.3702e-19
 4834.75   2.6350e-18   1.3895e-19
 4837.78   2.6122e-18   1.3914e-19
 4840.80   2.6861e-18   1.3766e-19
 4843.83   2.5992e-18   1.3559e-19
 4846.86   2.6922e-18   1.3746e-19
 4849.88   2.6250e-18   1.3671e-19
 4852.91   2.5791e-18   1.3430e-19
 4855.94   2.5471e-18   1.3300e-19
 4858.96   2.4985e-18   1.3331e-19
 4861.99   2.4932e-18   1.3255e-19
 4865.01   2.6280e-18   1.3165e-19
 4868.04   2.6210e-18   1.3185e-19
 4871.07   2.7132e-18   1.3355e-19
 4874.09   2.4833e-18   1.3290e-19
 4877.12   2.5499e-18   1.3294e-19
 4880.15   2.5660e-18   1.3480e-19
 4883.17   2.5491e-18   1.3282e-19
 4886.20   2.5250e-18   1.3269e-19
 4889.22   2.4829e-18   1.3346e-19
 4892.25   2.5398e-18   1.3209e-19
 4895.28   2.6639e-18   1.3202e-19
 4898.30   2.5236e-18   1.3124e-19
 4901.33   2.5017e-18   1.3062e-19
 4904.36   2.4189e-18   1.2991e-19
 4907.38   2.5209e-18   1.3100e-19
 4910.41   2.4923e-18   1.2985e-19
 4913.43   2.5263e-18   1.2938e-19
 4916.46   2.5386e-18   1.3123e-19
 4919.49   2.4812e-18   1.2772e-19
 4922.51   2.5585e-18   1.2816e-19
 4925.54   2.6349e-18   1.3021e-19
 4928.57   2.6137e-18   1.2973e-19
 4931.59   2.7041e-18   1.3065e-19
 5098.04   2.3626e-18   1.1779e-19
 5101.06   2.3234e-18   1.1790e-19
 5104.09   2.2866e-18   1.1817e-19
 5107.12   2.2905e-18   1.1801e-19
 5110.14   2.4395e-18   1.1856e-19
 5113.17   2.0212e-18   1.2495e-19
 5116.19   2.1980e-18   1.2513e-19
 5119.22   2.1563e-18   1.2697e-19
 5122.25   2.1139e-18   1.2057e-19
 5125.27   2.2186e-18   1.2217e-19
 5128.30   2.3061e-18   1.1909e-19
 5131.33   2.4592e-18   1.2361e-19
 5134.35   2.4417e-18   1.2196e-19
 5137.38   2.5243e-18   1.2275e-19
 5140.40   2.3784e-18   1.2074e-19
 5143.43   2.4416e-18   1.2215e-19
 5146.46   2.4259e-18   1.2149e-19
 5149.48   2.2425e-18   1.2016e-19
 5152.51   2.3305e-18   1.1901e-19
 5155.54   2.3489e-18   1.1881e-19
 5158.56   2.3240e-18   1.1808e-19
 5161.59   2.4522e-18   1.1926e-19
 5164.61   2.3401e-18   1.1784e-19
 5167.64   2.3292e-18   1.1608e-19
 5170.67   2.3270e-18   1.1551e-19
 5173.69   2.4140e-18   1.1757e-19
 5176.72   2.3188e-18   1.1785e-19
 5179.75   2.1855e-18   1.1639e-19
 5182.77   2.1267e-18   1.1843e-19
 5185.80   2.2398e-18   1.2403e-19
 5188.82   2.2020e-18   1.2419e-19
 5191.85   1.9928e-18   1.2269e-19
 5194.88   2.1261e-18   1.2438e-19
 5197.90   2.1034e-18   1.2314e-19
 5200.93   2.1740e-18   1.2439e-19
 5203.96   2.3176e-18   1.2255e-19
 5206.98   2.3051e-18   1.1947e-19
 5210.01   2.3967e-18   1.1923e-19
 5213.03   2.5902e-18   1.2103e-19
 5216.06   2.7179e-18   1.2314e-19
 5219.09   2.6642e-18   1.2265e-19
 5222.11   2.7397e-18   1.2223e-19
 5225.14   2.7050e-18   1.2234e-19
 5228.17   2.6628e-18   1.2249e-19
 5231.19   2.5502e-18   1.2045e-19
 5234.22   2.6575e-18   1.2034e-19
 5237.24   2.7218e-18   1.2182e-19
 5240.27   2.6923e-18   1.2132e-19
 5243.30   2.5673e-18   1.2255e-19
 5246.32   2.7510e-18   1.2218e-19
 5249.35   2.8085e-18   1.2232e-19
 5252.38   2.8122e-18   1.2189e-19
 5255.40   2.7935e-18   1.2139e-19
 5258.43   2.7497e-18   1.1956e-19
 5261.45   2.8856e-18   1.2099e-19
 5264.48   2.9817e-18   1.2303e-19
 5267.51   3.0573e-18   1.2312e-19
 5270.53   2.9602e-18   1.2216e-19
 5273.56   2.9947e-18   1.2319e-19
 5276.59   3.0423e-18   1.2314e-19
 5279.61   3.0564e-18   1.2347e-19
 5282.64   2.9938e-18   1.2216e-19
 5285.66   2.8328e-18   1.2198e-19
 5288.69   2.9269e-18   1.2155e-19
 5291.72   2.8836e-18   1.2175e-19
 5294.74   2.8993e-18   1.2129e-19
 5297.77   2.9468e-18   1.2130e-19
 5300.80   2.9108e-18   1.2103e-19
 5303.82   2.9402e-18   1.2217e-19
 5306.85   3.0458e-18   1.2229e-19
 5309.87   3.0065e-18   1.2111e-19
 5312.90   2.9211e-18   1.2157e-19
 5315.93   2.7985e-18   1.2077e-19
 5318.95   2.8597e-18   1.2107e-19
 5321.98   3.1418e-18   1.2371e-19
 5325.01   3.1505e-18   1.2414e-19
 5328.03   2.9657e-18   1.2205e-19
 5331.06   3.0443e-18   1.2176e-19
 5334.08   3.1441e-18   1.2205e-19
 5337.11   3.2363e-18   1.2305e-19
 5340.14   3.1157e-18   1.2254e-19
 5343.16   3.1247e-18   1.2255e-19
 5346.19   3.2543e-18   1.2389e-19
 5349.22   3.2288e-18   1.2372e-19
 5352.24   3.1707e-18   1.2194e-19
 5355.27   3.3657e-18   1.2386e-19
 5358.29   3.3492e-18   1.2428e-19
 5361.32   3.2876e-18   1.2340e-19
 5364.35   3.3145e-18   1.2352e-19
 5367.37   3.2668e-18   1.2297e-19
 5370.40   3.2307e-18   1.2215e-19
 5373.43   3.2597e-18   1.2168e-19
 5376.45   3.2431e-18   1.2165e-19
 5379.48   3.2711e-18   1.2275e-19
 5382.50   3.3252e-18   1.2250e-19
 5385.53   3.2607e-18   1.2112e-19
 5388.56   3.4000e-18   1.2282e-19
 5391.58   3.3882e-18   1.2237e-19
 5394.61   3.3499e-18   1.2164e-19
 5397.64   3.5037e-18   1.2315e-19
 5400.66   3.4778e-18   1.2344e-19
 5403.69   3.5380e-18   1.2370e-19
 5406.71   3.5727e-18   1.2008e-19
 5409.74   3.6025e-18   1.2094e-19
 5412.77   3.7333e-18   1.2184e-19
 5415.79   3.7383e-18   1.2216e-19
 5418.82   3.5649e-18   1.2391e-19
 5421.85   3.4990e-18   1.2347e-19
 5424.87   3.5910e-18   1.2376e-19
 5427.90   3.6022e-18   1.2400e-19
 5430.92   3.5789e-18   1.2395e-19
 5433.95   3.6593e-18   1.2506e-19
 5436.98   3.6609e-18   1.2483e-19
 5440.00   3.6903e-18   1.2499e-19
 5443.03   3.7170e-18   1.2500e-19
 5446.06   3.8562e-18   1.2536e-19
 5449.08   3.8847e-18   1.2560e-19
 5452.11   3.7648e-18   1.2503e-19
 5455.13   3.7788e-18   1.2493e-19
 5458.16   3.6942e-18   1.2394e-19
 5461.19   3.5652e-18   1.2282e-19
 5464.21   3.5841e-18   1.2261e-19
 5467.24   3.4752e-18   1.2163e-19
 5470.27   3.4217e-18   1.2115e-19
 5473.29   3.5451e-18   1.2293e-19
 5476.32   3.4901e-18   1.2270e-19
 5479.34   3.4889e-18   1.2305e-19
 5482.37   3.5175e-18   1.2361e-19
 5485.40   3.5653e-18   1.2456e-19
 5488.42   3.6311e-18   1.2420e-19
 5491.45   3.5267e-18   1.2390e-19
 5494.48   3.5867e-18   1.2464e-19
 5497.50   3.7197e-18   1.2534e-19
 5500.53   3.6973e-18   1.2481e-19
 5503.55   3.6660e-18   1.2479e-19
 5506.58   3.6856e-18   1.2482e-19
 5509.61   3.6797e-18   1.2444e-19
 5512.63   3.7378e-18   1.2578e-19
 5515.66   3.7488e-18   1.2578e-19
 5518.69   3.7729e-18   1.2638e-19
 5521.71   3.8038e-18   1.2701e-19
 5524.74   3.8003e-18   1.2676e-19
 5527.76   3.8117e-18   1.2759e-19
 5530.79   3.7588e-18   1.2852e-19
 5533.82   3.6892e-18   1.2792e-19
 5536.84   3.5817e-18   1.2729e-19
 5539.87   3.4823e-18   1.2745e-19
 5542.90   3.5935e-18   1.2952e-19
 5545.92   3.6409e-18   1.2966e-19
 5548.95   3.6847e-18   1.3102e-19
 5551.97   3.6948e-18   1.3296e-19
 5555.00   3.7013e-18   1.3532e-19
 5558.03   3.6258e-18   1.4133e-19
 5561.05   3.7503e-18   1.7274e-19
 5594.34   3.6190e-18   1.3084e-19
 5597.37   3.6449e-18   1.2950e-19
 5600.39   3.5715e-18   1.2881e-19
 5603.42   3.5324e-18   1.2763e-19
 5606.45   3.4822e-18   1.2637e-19
 5609.47   3.3904e-18   1.2512e-19
 5612.50   3.4779e-18   1.2539e-19
 5615.53   3.5752e-18   1.2647e-19
 5618.55   3.5530e-18   1.2541e-19
 5621.58   3.5758e-18   1.2514e-19
 5624.60   3.5459e-18   1.2440e-19
 5627.63   3.5184e-18   1.2332e-19
 5630.66   3.5480e-18   1.2330e-19
 5633.68   3.5195e-18   1.2315e-19
 5636.71   3.4941e-18   1.2282e-19
 5639.74   3.4274e-18   1.2188e-19
 5642.76   3.4309e-18   1.2161e-19
 5645.79   3.4494e-18   1.2078e-19
 5648.81   3.5082e-18   1.2125e-19
 5651.84   3.5317e-18   1.2197e-19
 5654.87   3.5964e-18   1.2215e-19
 5657.89   3.5100e-18   1.2146e-19
 5660.92   3.5472e-18   1.2205e-19
 5663.95   3.6857e-18   1.2346e-19
 5666.97   3.4922e-18   1.2122e-19
 5670.00   3.1200e-18   1.1878e-19
 5673.02   2.9274e-18   1.2277e-19
 5676.05   2.8765e-18   1.2404e-19
 5679.08   3.0119e-18   1.2624e-19
 5682.10   3.2597e-18   1.3157e-19
 5685.13   3.2030e-18   1.3085e-19
 5688.16   3.7249e-18   1.2658e-19
 5691.18   3.6141e-18   1.2309e-19
 5694.21   3.4555e-18   1.2102e-19
 5697.23   3.5880e-18   1.2165e-19
 5700.26   3.6507e-18   1.2170e-19
 5703.29   3.5634e-18   1.2098e-19
 5706.31   3.5661e-18   1.2114e-19
 5709.34   3.5345e-18   1.2097e-19
 5712.37   3.5083e-18   1.2046e-19
 5715.39   3.4715e-18   1.1954e-19
 5718.42   3.4403e-18   1.1926e-19
 5721.44   3.4884e-18   1.1975e-19
 5724.47   3.5959e-18   1.2036e-19
 5727.50   3.6752e-18   1.2027e-19
 5730.52   3.6090e-18   1.1924e-19
 5733.55   3.6172e-18   1.1940e-19
 5736.58   3.5695e-18   1.1912e-19
 5739.60   3.4706e-18   1.1832e-19
 5742.63   3.5403e-18   1.1907e-19
 5745.65   3.5526e-18   1.1887e-19
 5748.68   3.3986e-18   1.1752e-19
 5751.71   3.4523e-18   1.1797e-19
 5754.73   3.5530e-18   1.1852e-19
 5757.76   3.4768e-18   1.1795e-19
 5760.79   3.3827e-18   1.1776e-19
 5763.81   3.4595e-18   1.1792e-19
 5766.84   3.6219e-18   1.1895e-19
 5769.86   3.6331e-18   1.1948e-19
 5772.89   3.6809e-18   1.1986e-19
 5775.92   3.6166e-18   1.1850e-19
 5778.94   3.4984e-18   1.1730e-19
 5781.97   3.6062e-18   1.1859e-19
 5785.00   3.6650e-18   1.1968e-19
 5788.02   3.6012e-18   1.1872e-19
 5791.05   3.5507e-18   1.1773e-19
 5794.07   3.5809e-18   1.1790e-19
 5797.10   3.6885e-18   1.1838e-19
 5800.13   3.6858e-18   1.1869e-19
 5803.15   3.6762e-18   1.1905e-19
 5806.18   3.5702e-18   1.1823e-19
 5809.21   3.5558e-18   1.1805e-19
 5812.23   3.5333e-18   1.1798e-19
 5815.26   3.5063e-18   1.1833e-19
 5818.28   3.6599e-18   1.1953e-19
 5821.31   3.5742e-18   1.1826e-19
 5824.34   3.5448e-18   1.1796e-19
 5827.36   3.6127e-18   1.1851e-19
 5830.39   3.6731e-18   1.1919e-19
 5833.42   3.6366e-18   1.1884e-19
 5836.44   3.4851e-18   1.1746e-19
 5839.47   3.4022e-18   1.1681e-19
 5842.50   3.3116e-18   1.1545e-19
 5845.52   3.3293e-18   1.1529e-19
 5848.55   3.3766e-18   1.1686e-19
 5851.57   3.3416e-18   1.1858e-19
 5854.60   3.4421e-18   1.2133e-19
 5857.63   3.4276e-18   1.2270e-19
 5860.65   3.2811e-18   1.2362e-19
 5863.68   3.2809e-18   1.2396e-19
 5866.71   3.2059e-18   1.2382e-19
 5869.73   3.0749e-18   1.2376e-19
 5872.76   3.0729e-18   1.2570e-19
 5875.78   3.1973e-18   1.3331e-19
 5878.81   3.3487e-18   1.4101e-19
 5881.84   3.3601e-18   1.4551e-19
 5884.86   3.3652e-18   1.4807e-19
 5887.89   3.2940e-18   1.4874e-19
 5890.92   3.2412e-18   1.4790e-19
 5893.94   3.3928e-18   1.4477e-19
 5896.97   3.4693e-18   1.3754e-19
 5899.99   3.4333e-18   1.3101e-19
 5903.02   3.4448e-18   1.2829e-19
 5906.05   3.3569e-18   1.2584e-19
 5909.07   3.4490e-18   1.2525e-19
 5912.10   3.5572e-18   1.2491e-19
 5915.12   3.4700e-18   1.2495e-19
 5918.15   3.5819e-18   1.2736e-19
 5921.18   3.5707e-18   1.2724e-19
 5924.20   3.4943e-18   1.2664e-19
 5927.23   3.4029e-18   1.2489e-19
 5930.26   3.2820e-18   1.2320e-19
 5933.28   3.3659e-18   1.2354e-19
 5936.31   3.3791e-18   1.2284e-19
 5939.33   3.4691e-18   1.2257e-19
 5942.36   3.5217e-18   1.2302e-19
 5945.39   3.4366e-18   1.2277e-19
 5948.41   3.4288e-18   1.2239e-19
 5951.44   3.4969e-18   1.2245e-19
 5954.47   3.5313e-18   1.2221e-19
 5957.49   3.5716e-18   1.2229e-19
 5960.52   3.5712e-18   1.2141e-19
 5963.54   3.5299e-18   1.2071e-19
 5966.57   3.6075e-18   1.2119e-19
 5969.60   3.7882e-18   1.2534e-19
 5972.62   3.7481e-18   1.2477e-19
 5975.65   3.7284e-18   1.2411e-19
 5978.68   3.6488e-18   1.2338e-19
 5981.70   3.4875e-18   1.1837e-19
 5984.73   3.4716e-18   1.1696e-19
 5987.75   3.5267e-18   1.1713e-19
 5990.78   3.4943e-18   1.1711e-19
 5993.81   3.5349e-18   1.1728e-19
 5996.83   3.5393e-18   1.1668e-19
 5999.86   3.5182e-18   1.1607e-19
 6002.89   3.5480e-18   1.1617e-19
 6005.91   3.4937e-18   1.1538e-19
 6008.94   3.4972e-18   1.1481e-19
 6011.97   3.4361e-18   1.1348e-19
 6014.99   3.3303e-18   1.1238e-19
 6018.02   3.4211e-18   1.1330e-19
 6021.04   3.4851e-18   1.1375e-19
 6024.07   3.5277e-18   1.1361e-19
 6027.10   3.5455e-18   1.1368e-19
 6030.12   3.4596e-18   1.1340e-19
 6033.15   3.4678e-18   1.1336e-19
 6036.18   3.5227e-18   1.1288e-19
 6039.20   3.4843e-18   1.1204e-19
 6042.23   3.4757e-18   1.1177e-19
 6045.25   3.4732e-18   1.1158e-19
 6048.28   3.5964e-18   1.1149e-19
 6051.31   3.6719e-18   1.1197e-19
 6054.33   3.5801e-18   1.1112e-19
 6057.36   3.4494e-18   1.1010e-19
 6060.39   3.4599e-18   1.1002e-19
 6063.41   3.2881e-18   1.0945e-19
 6066.44   3.3728e-18   1.0986e-19
 6069.46   3.5779e-18   1.1134e-19
 6072.49   3.5857e-18   1.1105e-19
 6075.52   3.4822e-18   1.1018e-19
 6078.54   3.4972e-18   1.1028e-19
 6081.57   3.4374e-18   1.0932e-19
 6084.60   3.4616e-18   1.0921e-19
 6087.62   3.5583e-18   1.1002e-19
 6090.65   3.5571e-18   1.1042e-19
 6093.67   3.5381e-18   1.1046e-19
 6096.70   3.6987e-18   1.1127e-19
 6099.73   3.8091e-18   1.1240e-19
 6102.75   3.7653e-18   1.1166e-19
 6105.78   3.7881e-18   1.1129e-19
 6108.81   3.8070e-18   1.1201e-19
 6111.83   3.6941e-18   1.1122e-19
 6114.86   3.7325e-18   1.1080e-19
 6117.88   3.7865e-18   1.1125e-19
 6120.91   3.7033e-18   1.1075e-19
 6123.94   3.6658e-18   1.1050e-19
 6126.96   3.6893e-18   1.1119e-19
 6129.99   3.7364e-18   1.1279e-19
 6133.02   3.7539e-18   1.1331e-19
 6136.04   3.7508e-18   1.1410e-19
 6139.07   3.7174e-18   1.1421e-19
 6142.09   3.6252e-18   1.1235e-19
 6145.12   3.6353e-18   1.1188e-19
 6148.15   3.6995e-18   1.1140e-19
 6151.17   3.7833e-18   1.1109e-19
 6154.20   3.8914e-18   1.1224e-19
 6157.23   3.8187e-18   1.1256e-19
 6160.25   3.6694e-18   1.1236e-19
 6163.28   3.6880e-18   1.1291e-19
 6166.30   3.6330e-18   1.1263e-19
 6169.33   3.6026e-18   1.1259e-19
 6172.36   3.6980e-18   1.1328e-19
 6175.38   3.7567e-18   1.1344e-19
 6178.41   3.7218e-18   1.1235e-19
 6181.44   3.6676e-18   1.1060e-19
 6184.46   3.6573e-18   1.1011e-19
 6187.49   3.6734e-18   1.1054e-19
 6190.51   3.6677e-18   1.1117e-19
 6193.54   3.6333e-18   1.1185e-19
 6196.57   3.5689e-18   1.1148e-19
 6199.59   3.6520e-18   1.1240e-19
 6202.62   3.6899e-18   1.1310e-19
 6205.65   3.6254e-18   1.1288e-19
 6208.67   3.6361e-18   1.1334e-19
 6211.70   3.6291e-18   1.1281e-19
 6214.72   3.6070e-18   1.1281e-19
 6217.75   3.6273e-18   1.1375e-19
 6220.78   3.6601e-18   1.1725e-19
 6223.80   3.6561e-18   1.2146e-19
 6226.83   3.6697e-18   1.2373e-19
 6229.86   3.6369e-18   1.2361e-19
 6232.88   3.6200e-18   1.2343e-19
 6235.91   3.6286e-18   1.2478e-19
 6238.93   3.4774e-18   1.2309e-19
 6241.96   3.3246e-18   1.1994e-19
 6244.99   3.3316e-18   1.1982e-19
 6248.01   3.3082e-18   1.1953e-19
 6251.04   3.2547e-18   1.1949e-19
 6254.07   3.3078e-18   1.2070e-19
 6257.09   3.5357e-18   1.2292e-19
 6260.12   3.5276e-18   1.2224e-19
 6263.14   3.5086e-18   1.2055e-19
 6266.17   3.5209e-18   1.1771e-19
 6269.20   3.5207e-18   1.1558e-19
 6272.22   3.6050e-18   1.1657e-19
 6275.25   3.6513e-18   1.1855e-19
 6278.28   3.6399e-18   1.2021e-19
 6281.30   3.5428e-18   1.2266e-19
 6284.33   3.7120e-18   1.3947e-19
 6317.62   3.8993e-18   1.2098e-19
 6320.64   3.9254e-18   1.2174e-19
 6323.67   3.8971e-18   1.2076e-19
 6326.70   3.9894e-18   1.2023e-19
 6329.72   3.9799e-18   1.1882e-19
 6332.75   3.9800e-18   1.1852e-19
 6335.77   3.9296e-18   1.1639e-19
 6338.80   3.8739e-18   1.1383e-19
 6341.83   3.8397e-18   1.1471e-19
 6344.85   3.7526e-18   1.1635e-19
 6347.88   3.8316e-18   1.2198e-19
 6381.17   3.8990e-18   1.1148e-19
 6384.19   4.0179e-18   1.1201e-19
 6387.22   3.9242e-18   1.1025e-19
 6390.25   4.0294e-18   1.1008e-19
 6393.27   3.9830e-18   1.0861e-19
 6396.30   3.9280e-18   1.0763e-19
 6399.33   3.9988e-18   1.0746e-19
 6402.35   4.1627e-18   1.0829e-19
 6405.38   4.3553e-18   1.0977e-19
 6408.40   4.3727e-18   1.1019e-19
 6411.43   4.3448e-18   1.0990e-19
 6414.46   4.2964e-18   1.0984e-19
 6417.48   4.0920e-18   1.0815e-19
 6420.51   4.0722e-18   1.0778e-19
 6423.54   3.9335e-18   1.0648e-19
 6426.56   3.8671e-18   1.0533e-19
 6429.59   4.0679e-18   1.0649e-19
 6432.61   4.0608e-18   1.0686e-19
 6435.64   4.0008e-18   1.0578e-19
 6438.67   3.9823e-18   1.0572e-19
 6441.69   3.9054e-18   1.0554e-19
 6444.72   3.9025e-18   1.0568e-19
 6447.75   4.0464e-18   1.0767e-19
 6450.77   3.7488e-18   1.0835e-19
 6453.80   3.2574e-18   1.0866e-19
 6456.82   3.2346e-18   1.1138e-19
 6459.85   3.3301e-18   1.1401e-19
 6462.88   3.3286e-18   1.1441e-19
 6465.90   3.5115e-18   1.1599e-19
 6468.93   4.2206e-18   1.1782e-19
 6471.96   4.1995e-18   1.1560e-19
 6474.98   4.1177e-18   1.1234e-19
 6478.01   4.0439e-18   1.0868e-19
 6481.03   4.0020e-18   1.0737e-19
 6484.06   4.1413e-18   1.1079e-19
 6487.09   4.1128e-18   1.1444e-19
 6490.11   4.0259e-18   1.1667e-19
 6493.14   4.0501e-18   1.1831e-19
 6496.17   4.1748e-18   1.1979e-19
 6499.19   4.2990e-18   1.2094e-19
 6502.22   4.3325e-18   1.2059e-19
 6505.24   4.2019e-18   1.1566e-19
 6508.27   4.0061e-18   1.1115e-19
 6511.30   3.9287e-18   1.0896e-19
 6514.32   4.0183e-18   1.0925e-19
 6517.35   3.9629e-18   1.1007e-19
 6520.38   3.9619e-18   1.1242e-19
 6523.40   3.8975e-18   1.1409e-19
 6526.43   3.9182e-18   1.1475e-19
 6529.45   3.9568e-18   1.1532e-19
 6532.48   3.9846e-18   1.1582e-19
 6535.51   4.0131e-18   1.1610e-19
 6538.53   3.9483e-18   1.1562e-19
 6541.56   4.0517e-18   1.1727e-19
 6544.59   4.2092e-18   1.1923e-19
 6547.61   4.1591e-18   1.1985e-19
 6550.64   4.1315e-18   1.2110e-19
 6553.66   4.0176e-18   1.2039e-19
 6556.69   4.0275e-18   1.2101e-19
 6559.72   4.0541e-18   1.1898e-19
 6562.74   4.1333e-18   1.1789e-19
 6565.77   4.1425e-18   1.1886e-19
 6568.80   4.1156e-18   1.1706e-19
 6571.82   4.1011e-18   1.1429e-19
 6574.85   3.9559e-18   1.1188e-19
 6577.88   4.0038e-18   1.1168e-19
 6580.90   4.0890e-18   1.1086e-19
 6583.93   3.9779e-18   1.0758e-19
 6586.95   3.9451e-18   1.0563e-19
 6589.98   3.8819e-18   1.0596e-19
 6593.01   3.9559e-18   1.0706e-19
 6596.03   4.0214e-18   1.0807e-19
 6599.06   4.0107e-18   1.0812e-19
 6602.08   4.0789e-18   1.0787e-19
 6605.11   4.0263e-18   1.0621e-19
 6608.14   3.9158e-18   1.0464e-19
 6611.16   3.9544e-18   1.0370e-19
 6614.19   3.9746e-18   1.0277e-19
 6617.22   4.1001e-18   1.0384e-19
 6620.24   4.0433e-18   1.0355e-19
 6623.27   3.9954e-18   1.0358e-19
 6626.29   4.0854e-18   1.0354e-19
 6629.32   4.1022e-18   1.0346e-19
 6632.35   4.0578e-18   1.0327e-19
 6635.37   4.1833e-18   1.0366e-19
 6638.40   4.1781e-18   1.0439e-19
 6641.43   4.0937e-18   1.0305e-19
 6644.45   3.8650e-18   9.9905e-20
 6647.48   3.8957e-18   9.9975e-20
 6650.50   3.9383e-18   1.0022e-19
 6653.53   3.8990e-18   1.0043e-19
 6656.56   3.7825e-18   9.9571e-20
 6659.58   3.8203e-18   9.9579e-20
 6662.61   3.9581e-18   1.0071e-19
 6665.64   3.9339e-18   1.0084e-19
 6668.66   3.8583e-18   9.9876e-20
 6671.69   3.9514e-18   1.0074e-19
 6674.71   3.9504e-18   1.0045e-19
 6677.74   3.9727e-18   1.0025e-19
 6680.77   3.9318e-18   9.9793e-20
 6683.79   3.8990e-18   9.9896e-20
 6686.82   4.0056e-18   1.0099e-19
 6689.85   4.0051e-18   1.0133e-19
 6692.87   3.9032e-18   1.0143e-19
 6695.90   3.9521e-18   1.0138e-19
 6698.92   4.0500e-18   1.0243e-19
 6701.95   4.0621e-18   1.0275e-19
 6704.98   4.0275e-18   1.0224e-19
 6708.00   3.9800e-18   1.0142e-19
 6711.03   4.0032e-18   1.0119e-19
 6714.06   3.9428e-18   1.0051e-19
 6717.08   3.9437e-18   1.0026e-19
 6720.11   3.8469e-18   9.9423e-20
 6723.13   3.9269e-18   9.9363e-20
 6726.16   3.8541e-18   9.8781e-20
 6729.19   3.5501e-18   9.8866e-20
 6732.21   3.2052e-18   9.7481e-20
 6735.24   3.2392e-18   9.6724e-20
 6738.27   3.1995e-18   9.6336e-20
 6741.29   3.0373e-18   9.4823e-20
 6744.32   3.8589e-18   9.8869e-20
 6747.35   3.8984e-18   9.8872e-20
 6750.37   3.8434e-18   9.8008e-20
 6753.40   3.9122e-18   9.8539e-20
 6756.42   3.7705e-18   9.7429e-20
 6759.45   3.7563e-18   9.7303e-20
 6762.48   3.7950e-18   9.7118e-20
 6765.50   3.8765e-18   9.7769e-20
 6768.53   3.8204e-18   9.7240e-20
 6771.56   3.8248e-18   9.7164e-20
 6774.58   3.8820e-18   9.8209e-20
 6777.61   3.9054e-18   9.8308e-20
 6780.63   3.9060e-18   9.8044e-20
 6783.66   3.8509e-18   9.7525e-20
 6786.69   3.8635e-18   9.7959e-20
 6789.71   3.8965e-18   9.7826e-20
 6792.74   3.8731e-18   9.7935e-20
 6795.77   3.7492e-18   9.7016e-20
 6798.79   3.8031e-18   9.6925e-20
 6801.82   3.8800e-18   9.8344e-20
 6804.84   3.8325e-18   9.7857e-20
 6807.87   3.8786e-18   9.8057e-20
 6810.90   3.9315e-18   9.9724e-20
 6813.92   3.9225e-18   1.0289e-19
 6816.95   3.9377e-18   1.0979e-19
 6819.98   3.9943e-18   1.1664e-19
 6823.00   4.0181e-18   1.2262e-19
 6826.03   4.0535e-18   1.2536e-19
 6829.05   3.9099e-18   1.2549e-19
 6832.08   4.0873e-18   1.2678e-19
 6835.11   3.9882e-18   1.2284e-19
 6838.13   4.0542e-18   1.1634e-19
 6841.16   4.0782e-18   1.1022e-19
 6844.19   3.9207e-18   1.0458e-19
 6847.21   3.9687e-18   1.0517e-19
 6850.24   3.9423e-18   1.1131e-19
 6853.26   3.9697e-18   1.2008e-19
 6856.29   3.8857e-18   1.2056e-19
 6859.32   3.6567e-18   1.2055e-19
 6862.34   3.7325e-18   1.2065e-19
 6865.37   3.4730e-18   1.1930e-19
 6868.40   3.3315e-18   1.1724e-19
 6871.42   3.2702e-18   1.0825e-19
 6874.45   3.2902e-18   1.0134e-19
 6877.47   3.3854e-18   1.0178e-19
 6880.50   3.4432e-18   1.0188e-19
 6883.53   3.5581e-18   1.0259e-19
 6886.55   3.4154e-18   1.0256e-19
 6889.58   3.2641e-18   1.0225e-19
 6892.61   3.2471e-18   1.0162e-19
 6895.63   3.1984e-18   1.0133e-19
 6898.66   3.3554e-18   1.0170e-19
 6901.68   3.5449e-18   1.0668e-19
 6904.71   3.5477e-18   1.0728e-19
 6907.74   3.6707e-18   1.0773e-19
 6910.76   3.8031e-18   1.1160e-19
 6913.79   3.8545e-18   1.1513e-19
 6916.82   3.8271e-18   1.1465e-19
 6919.84   3.8079e-18   1.1253e-19
 6922.87   3.8727e-18   1.1061e-19
 6925.89   3.8827e-18   1.1173e-19
 6928.92   3.8234e-18   1.1134e-19
 6931.95   3.8507e-18   1.0572e-19
 6934.97   4.0925e-18   1.0995e-19
 6938.00   3.9953e-18   1.1466e-19
 6941.03   3.7285e-18   1.1525e-19
 6944.05   3.7496e-18   1.1573e-19
 6947.08   3.9685e-18   1.1505e-19
 6950.10   3.9142e-18   1.1253e-19
 6953.13   3.9534e-18   1.1223e-19
 6956.16   3.8996e-18   1.0773e-19
 6959.18   4.0321e-18   1.0426e-19
 6962.21   3.7776e-18   1.0149e-19
 6965.24   3.8775e-18   1.0454e-19
 6968.26   3.8486e-18   1.0758e-19
 6971.29   4.0770e-18   1.0937e-19
 6974.31   3.8356e-18   1.0713e-19
 6977.34   3.8942e-18   1.0685e-19
 6980.37   3.8462e-18   1.0450e-19
 6983.39   3.8793e-18   1.0423e-19
 6986.42   3.7588e-18   9.9444e-20
 6989.45   3.6573e-18   9.6487e-20
 6992.47   3.6974e-18   9.6623e-20
 6995.50   3.9420e-18   9.9422e-20
 6998.52   4.0072e-18   1.0170e-19
 7001.55   3.8778e-18   1.0167e-19
 7004.58   4.0343e-18   1.0204e-19
 7007.60   3.9537e-18   1.0077e-19
 7010.63   3.8366e-18   9.9416e-20
 7013.66   3.9157e-18   9.9771e-20
 7016.68   4.0447e-18   9.9564e-20
 7019.71   3.9650e-18   9.7497e-20
 7022.73   3.8061e-18   9.5190e-20
 7025.76   3.8887e-18   9.5394e-20
 7028.79   3.9791e-18   9.6706e-20
 7031.81   3.8350e-18   9.5866e-20
 7034.84   3.9112e-18   9.7956e-20
 7037.87   4.0305e-18   9.9800e-20
 7040.89   3.8777e-18   9.9518e-20
 7043.92   3.7146e-18   9.7929e-20
 7046.94   4.0121e-18   1.0060e-19
 7049.97   3.9988e-18   1.0036e-19
 7053.00   3.8382e-18   9.8227e-20
 7056.02   3.8773e-18   9.7694e-20
 7059.05   3.7890e-18   9.6756e-20
 7062.08   3.8911e-18   9.6675e-20
 7065.10   3.7601e-18   9.6404e-20
 7068.13   3.7115e-18   9.6042e-20
 7071.15   3.7723e-18   9.6626e-20
 7074.18   3.7003e-18   9.6033e-20
 7077.21   3.7844e-18   9.6818e-20
 7080.23   3.5921e-18   9.5294e-20
 7083.26   3.7644e-18   9.6437e-20
 7086.29   3.7278e-18   9.6586e-20
 7089.31   3.8364e-18   9.6363e-20
 7092.34   3.8285e-18   9.6067e-20
 7095.36   3.7388e-18   9.4871e-20
 7098.39   3.7512e-18   9.4718e-20
 7101.42   3.6849e-18   9.3964e-20
 7104.44   3.6772e-18   9.3825e-20
 7107.47   3.6251e-18   9.3912e-20
 7110.50   3.4533e-18   9.2352e-20
 7113.52   3.5274e-18   9.3024e-20
 7116.55   3.4026e-18   9.2401e-20
 7119.57   3.2258e-18   9.1371e-20
 7122.60   3.3094e-18   9.1706e-20
 7125.63   3.4067e-18   9.2688e-20
 7128.65   3.5322e-18   9.4121e-20
 7131.68   3.6073e-18   9.4854e-20
 7134.71   3.6574e-18   9.5869e-20
 7137.73   3.7360e-18   9.6632e-20
 7140.76   3.8550e-18   9.7532e-20
 7143.78   3.7803e-18   9.6537e-20
 7146.81   3.7964e-18   9.6894e-20
 7149.84   3.9105e-18   9.8020e-20
 7152.86   3.7054e-18   9.5971e-20
 7155.89   3.7469e-18   9.6106e-20
 7158.92   3.6679e-18   9.5412e-20
 7161.94   3.7637e-18   9.6058e-20
 7164.97   3.6881e-18   9.5221e-20
 7167.99   3.6750e-18   9.5669e-20
 7171.02   3.7285e-18   9.5984e-20
 7174.05   3.5892e-18   9.4504e-20
 7177.07   3.5484e-18   9.3419e-20
 7180.10   3.5133e-18   9.3343e-20
 7183.13   3.4449e-18   9.2507e-20
 7186.15   3.4802e-18   9.2241e-20
 7189.18   3.4466e-18   9.2192e-20
 7192.20   3.3953e-18   9.1097e-20
 7195.23   3.5099e-18   9.2329e-20
 7198.26   3.4322e-18   9.1481e-20
 7201.28   3.3758e-18   9.2029e-20
 7204.31   3.6980e-18   9.4558e-20
 7207.34   3.6296e-18   9.4274e-20
 7210.36   3.6228e-18   9.4844e-20
 7213.39   3.7015e-18   9.6160e-20
 7216.41   3.6571e-18   9.6412e-20
 7219.44   3.5908e-18   9.6356e-20
 7222.47   3.7814e-18   9.9566e-20
 7225.49   3.7958e-18   1.0529e-19
 7228.52   3.8302e-18   1.1830e-19
 7231.55   3.7976e-18   1.3058e-19
 7234.57   3.6394e-18   1.3975e-19
 7237.60   3.6565e-18   1.4365e-19
 7240.62   3.7856e-18   1.4656e-19
 7243.65   3.6272e-18   1.4771e-19
 7246.68   3.6987e-18   1.4266e-19
 7249.70   3.6411e-18   1.3305e-19
 7252.73   3.6571e-18   1.2105e-19
 7255.76   3.6540e-18   1.1076e-19
 7258.78   3.6044e-18   1.0762e-19
 7261.81   3.6090e-18   1.1197e-19
 7264.83   3.6357e-18   1.2574e-19
 7267.86   3.6704e-18   1.3644e-19
 7270.89   3.5697e-18   1.3987e-19
 7273.91   3.5992e-18   1.4514e-19
 7276.94   3.7329e-18   1.4886e-19
 7279.97   3.5852e-18   1.4673e-19
 7282.99   3.6609e-18   1.4144e-19
 7286.02   3.8452e-18   1.2938e-19
 7289.04   3.8534e-18   1.2202e-19
 7292.07   3.7290e-18   1.1913e-19
 7295.10   3.7797e-18   1.1614e-19
 7298.12   3.7836e-18   1.1528e-19
 7301.15   3.7889e-18   1.1827e-19
 7304.18   3.8745e-18   1.2765e-19
 7307.20   3.8752e-18   1.3578e-19
 7310.23   3.7954e-18   1.3611e-19
 7313.25   3.8481e-18   1.3476e-19
 7316.28   3.8152e-18   1.3559e-19
 7319.31   3.6909e-18   1.3756e-19
 7322.33   3.8058e-18   1.3672e-19
 7325.36   4.0158e-18   1.2968e-19
 7328.39   3.8870e-18   1.3063e-19
 7331.41   3.9413e-18   1.4099e-19
 7334.44   3.8482e-18   1.4346e-19
 7337.46   3.7466e-18   1.4019e-19
 7340.49   3.8499e-18   1.3767e-19
 7343.52   3.9195e-18   1.3759e-19
 7346.54   3.7871e-18   1.3571e-19
 7349.57   3.7546e-18   1.2715e-19
 7352.60   3.6743e-18   1.1709e-19
 7355.62   3.7185e-18   1.1911e-19
 7358.65   3.8383e-18   1.2836e-19
 7361.67   3.8097e-18   1.3451e-19
 7364.70   3.7507e-18   1.3356e-19
 7367.73   3.8679e-18   1.3027e-19
 7370.75   3.7912e-18   1.2598e-19
 7373.78   3.7743e-18   1.2371e-19
 7376.81   3.7208e-18   1.1762e-19
 7379.83   3.5846e-18   1.0831e-19
 7382.86   3.6424e-18   1.0646e-19
 7385.88   3.6581e-18   1.0789e-19
 7388.91   3.5568e-18   1.1142e-19
 7391.94   3.5875e-18   1.1747e-19
 7394.96   3.7378e-18   1.2127e-19
 7397.99   3.7156e-18   1.2023e-19
 7401.02   3.6310e-18   1.1728e-19
 7404.04   3.5993e-18   1.1491e-19
 7407.07   3.5929e-18   1.1264e-19
 7410.09   3.5890e-18   1.0682e-19
 7413.12   3.6265e-18   1.0039e-19
 7416.15   3.5721e-18   9.8429e-20
 7419.17   3.5539e-18   9.9604e-20
 7422.20   3.6735e-18   1.0236e-19
 7425.23   3.7019e-18   1.0436e-19
 7428.25   3.6889e-18   1.0727e-19
 7431.28   3.7010e-18   1.0930e-19
 7434.30   3.5798e-18   1.0856e-19
 7437.33   3.5325e-18   1.0730e-19
 7440.36   3.5289e-18   1.0525e-19
 7443.38   3.4922e-18   1.0366e-19
 7446.41   3.4825e-18   1.0146e-19
 7449.44   3.4443e-18   9.8321e-20
 7452.46   3.4421e-18   9.8340e-20
 7455.49   3.4768e-18   1.0121e-19
 7458.51   3.5701e-18   1.0547e-19
 7461.54   3.5879e-18   1.0995e-19
 7464.57   3.6681e-18   1.1478e-19
 7467.59   3.6727e-18   1.1887e-19
 7470.62   3.5000e-18   1.2122e-19
 7473.65   3.5137e-18   1.2352e-19
 7476.67   3.6583e-18   1.2452e-19
 7479.70   3.6956e-18   1.2295e-19
 7482.73   3.6596e-18   1.1946e-19
 7485.75   3.5928e-18   1.1611e-19
 7488.78   3.5639e-18   1.1248e-19
 7491.80   3.5904e-18   1.0681e-19
 7494.83   3.6192e-18   1.0251e-19
 7497.86   3.6928e-18   1.0143e-19
 7500.88   3.7244e-18   1.0092e-19
 7503.91   3.6870e-18   9.9951e-20
 7506.94   3.6423e-18   1.0019e-19
 7509.96   3.5222e-18   1.0458e-19
 7512.99   3.5252e-18   1.1659e-19
 7516.01   3.5803e-18   1.2597e-19
 7519.04   3.5593e-18   1.3099e-19
 7522.07   3.5339e-18   1.3472e-19
 7525.09   3.5011e-18   1.3378e-19
 7528.12   3.6134e-18   1.3382e-19
 7531.15   3.6969e-18   1.3064e-19
 7534.17   3.6279e-18   1.1919e-19
 7537.20   3.5479e-18   1.1018e-19
 7540.22   3.5502e-18   1.0482e-19
 7543.25   3.5142e-18   1.0252e-19
 7546.28   3.5074e-18   1.0374e-19
 7549.30   3.4882e-18   1.0454e-19
 7552.33   3.4296e-18   1.0398e-19
 7555.35   3.4418e-18   1.0503e-19
 7558.38   3.5405e-18   1.1020e-19
 7561.41   3.5129e-18   1.1762e-19
 7564.43   3.5120e-18   1.2249e-19
 7567.46   3.6283e-18   1.2274e-19
 7570.49   3.7015e-18   1.2248e-19
 7573.51   3.7160e-18   1.2336e-19
 7576.54   3.5868e-18   1.2411e-19
 7579.56   3.6294e-18   1.2071e-19
 7582.59   3.6022e-18   1.1134e-19
 7685.48   3.5651e-18   1.0474e-19
 7688.51   3.5315e-18   1.0543e-19
 7691.54   3.6474e-18   1.0862e-19
 7694.56   3.7784e-18   1.1049e-19
 7697.59   3.7026e-18   1.1134e-19
 7700.62   3.8560e-18   1.1971e-19
 7703.64   3.9659e-18   1.3515e-19
 7706.67   3.9694e-18   1.5123e-19
 7709.69   3.8815e-18   1.5966e-19
 7712.72   3.7656e-18   1.6229e-19
 7715.75   3.9180e-18   1.6715e-19
 7718.77   3.8670e-18   1.6633e-19
 7721.80   3.7327e-18   1.6077e-19
 7724.83   3.8905e-18   1.4755e-19
 7727.85   3.7132e-18   1.2944e-19
 7730.88   3.7947e-18   1.2137e-19
 7733.90   3.7026e-18   1.1808e-19
 7736.93   3.6091e-18   1.1895e-19
 7739.96   3.7495e-18   1.3288e-19
 7742.98   4.0558e-18   1.5009e-19
 7746.01   4.0588e-18   1.5655e-19
 7749.04   3.7885e-18   1.5910e-19
 7752.06   3.9088e-18   1.6312e-19
 7755.09   4.0091e-18   1.6676e-19
 7758.11   4.0193e-18   1.6138e-19
 7761.14   3.9443e-18   1.4573e-19
 7764.17   3.8679e-18   1.3180e-19
 7767.19   3.9240e-18   1.3100e-19
 7770.22   3.8252e-18   1.2735e-19
 7773.25   3.9411e-18   1.2552e-19
 7776.27   3.8067e-18   1.2506e-19
 7779.30   3.8920e-18   1.2757e-19
 7782.32   3.7008e-18   1.3275e-19
 7785.35   4.1098e-18   1.4540e-19
 7788.38   4.1612e-18   1.5071e-19
 7791.40   3.8198e-18   1.4655e-19
 7794.43   3.9309e-18   1.4579e-19
 7797.46   3.9423e-18   1.4899e-19
 7800.48   3.9254e-18   1.4968e-19
 7803.51   4.1998e-18   1.4574e-19
 7806.53   3.6772e-18   1.3054e-19
 7809.56   4.0837e-18   1.3849e-19
 7812.59   3.9751e-18   1.4961e-19
 7815.61   3.9726e-18   1.5702e-19
 7818.64   3.8784e-18   1.5643e-19
 7821.67   3.7209e-18   1.5127e-19
 7824.69   3.7782e-18   1.4918e-19
 7827.72   3.9835e-18   1.5101e-19
 7830.74   3.7704e-18   1.4304e-19
 7833.77   3.7924e-18   1.3030e-19
 7836.80   3.8122e-18   1.2656e-19
 7839.82   3.6114e-18   1.2980e-19
 7842.85   3.7148e-18   1.4381e-19
 7845.88   3.9259e-18   1.6192e-19
 7848.90   3.7256e-18   1.6749e-19
 7851.93   3.8464e-18   1.7537e-19
 7854.95   4.0084e-18   1.7678e-19
 7857.98   3.7901e-18   1.7884e-19
 7861.01   3.7874e-18   1.7982e-19
 7864.03   3.6381e-18   1.7414e-19
 7867.06   3.5844e-18   1.6316e-19
 7870.09   3.8060e-18   1.6154e-19
 7873.11   3.7680e-18   1.5808e-19
 7876.14   3.9662e-18   1.5874e-19
 7879.16   3.8653e-18   1.5839e-19
 7882.19   3.9052e-18   1.5314e-19
 7885.22   4.1492e-18   1.5229e-19
 7888.24   3.7292e-18   1.4583e-19
 7891.27   3.6365e-18   1.4106e-19
 7894.30   3.7016e-18   1.3579e-19
 7897.32   3.8043e-18   1.3400e-19
 7900.35   3.9296e-18   1.3550e-19
 7903.37   3.8140e-18   1.4502e-19
 7906.40   3.6767e-18   1.6395e-19
 7909.43   3.7408e-18   1.7807e-19
 7912.45   3.7088e-18   1.8827e-19
 7915.48   3.7222e-18   1.9192e-19
 7918.51   3.9905e-18   1.9457e-19
 7921.53   3.8407e-18   1.9107e-19
 7924.56   3.9049e-18   1.7967e-19
 7927.58   3.8410e-18   1.5928e-19
 7930.61   3.6550e-18   1.4652e-19
 7933.64   3.5025e-18   1.3539e-19
 7936.66   3.5547e-18   1.3135e-19
 7939.69   3.7349e-18   1.3285e-19
 7942.72   3.6187e-18   1.3130e-19
 7945.74   3.7938e-18   1.2912e-19
 7948.77   3.8072e-18   1.2821e-19
 7951.79   3.9479e-18   1.3592e-19
 7954.82   3.8932e-18   1.4762e-19
 7957.85   3.7634e-18   1.5879e-19
 7960.87   3.8919e-18   1.6465e-19
 7963.90   3.9503e-18   1.6309e-19
 7966.93   3.7444e-18   1.6389e-19
 7969.95   3.7310e-18   1.6610e-19
 7972.98   3.8373e-18   1.6867e-19
 7976.00   3.7961e-18   1.5771e-19
 7979.03   3.6606e-18   1.4396e-19
 7982.06   3.7557e-18   1.4882e-19
 7985.08   3.7723e-18   1.6221e-19
 7988.11   3.7421e-18   1.7150e-19
 7991.14   3.8861e-18   1.7047e-19
 7994.16   3.9820e-18   1.6747e-19
 7997.19   3.8551e-18   1.6474e-19
 8000.21   3.8169e-18   1.6343e-19
 8003.24   3.6684e-18   1.5345e-19
 8006.27   3.5420e-18   1.3731e-19
 8009.29   3.5072e-18   1.2736e-19
 8012.32   3.4878e-18   1.2808e-19
 8015.35   3.6093e-18   1.3784e-19
 8018.37   3.4127e-18   1.4811e-19
 8021.40   3.4795e-18   1.5680e-19
 8024.42   3.6327e-18   1.5657e-19
 8027.45   3.5062e-18   1.5095e-19
 8030.48   3.3978e-18   1.4751e-19
 8033.50   3.5916e-18   1.4442e-19
 8036.53   3.5521e-18   1.3455e-19
 8039.56   3.8048e-18   1.2252e-19
 8042.58   3.8522e-18   1.1587e-19
 8045.61   3.7027e-18   1.1596e-19
 8048.63   3.6683e-18   1.1768e-19
 8051.66   3.7888e-18   1.2205e-19
 8054.69   3.6325e-18   1.2830e-19
 8057.71   3.5804e-18   1.3312e-19
 8060.74   3.6543e-18   1.3288e-19
 8063.77   3.7058e-18   1.3051e-19
 8066.79   3.6821e-18   1.2786e-19
 8069.82   3.6613e-18   1.2480e-19
 8072.84   3.5013e-18   1.1880e-19
 8075.87   3.4448e-18   1.1088e-19
 8078.90   3.4755e-18   1.0626e-19
 8081.92   3.4994e-18   1.0626e-19
 8084.95   3.5572e-18   1.0772e-19
 8087.98   3.5322e-18   1.0933e-19
 8091.00   3.4413e-18   1.0998e-19
 8094.03   3.4784e-18   1.1224e-19
 8097.05   3.4387e-18   1.1470e-19
 8100.08   3.4510e-18   1.1573e-19
 8103.11   3.5839e-18   1.1595e-19
 8106.13   3.5474e-18   1.1461e-19
 8109.16   3.5360e-18   1.1277e-19
 8112.19   3.5176e-18   1.1037e-19
 8115.21   3.4829e-18   1.0711e-19
 8118.24   3.4823e-18   1.0410e-19
 8121.26   3.5246e-18   1.0304e-19
 8124.29   3.4797e-18   1.0215e-19
 8127.32   3.4044e-18   1.0199e-19
 8130.34   3.3782e-18   1.0258e-19
 8133.37   3.3614e-18   1.0339e-19
 8136.40   3.3124e-18   1.0371e-19
 8139.42   3.3027e-18   1.0463e-19
 8142.45   3.3263e-18   1.0586e-19
 8145.47   3.2393e-18   1.0562e-19
 8148.50   3.1788e-18   1.0425e-19
 8151.53   3.1828e-18   1.0321e-19
 8154.55   3.2192e-18   1.0244e-19
 8157.58   3.1018e-18   1.0054e-19
 8160.61   3.0358e-18   9.8637e-20
 8163.63   3.0900e-18   9.7769e-20
