 
TRANSIENT_NAME:     DES14C3tvk 
SNID:               1322979    
OBS_DATE:           2015-01-28
MJD:                57050. 
PHASE:              +7.    
MJD_MAX:            57038.8
TYPE:               1  
SPEC_EVAL:          SNIa
REDSHIFT:           0.5300  
REDSHIFT_ERR:       0.0050  
REDSHIFT_SOURCE:    Z_SN
TELESCOPE:          VLT
INSTRUMENT:         X-SHOOTER
 
======================================
 
# WAVE  FLUX  FLUX_ERR
 3400.00  -3.0724e-18   2.5655e-18
 3405.00   3.5951e-19   2.4932e-18
 3410.00  -1.1467e-18   2.4723e-18
 3415.00  -4.7602e-18   2.3561e-18
 3420.00  -3.6407e-18   2.5596e-18
 3425.00   2.8345e-18   2.6690e-18
 3430.00  -1.4299e-18   2.7002e-18
 3435.00  -5.3789e-18   2.6517e-18
 3440.00  -1.8541e-18   2.6239e-18
 3445.00  -1.5119e-18   2.6573e-18
 3450.00  -5.2837e-18   2.8138e-18
 3455.00  -5.9599e-18   2.8251e-18
 3460.00  -4.4168e-18   2.7318e-18
 3465.00  -4.9938e-18   2.7369e-18
 3470.00  -1.7204e-18   2.7475e-18
 3475.00  -3.7092e-18   2.5192e-18
 3480.00  -6.7459e-18   2.6007e-18
 3485.00  -1.1114e-18   2.5114e-18
 3490.00  -5.3662e-18   2.3188e-18
 3495.00  -7.0857e-19   2.3045e-18
 3500.00  -3.7222e-18   2.2189e-18
 3505.00  -4.2493e-18   2.1050e-18
 3510.00  -7.2678e-19   2.0260e-18
 3515.00  -3.2723e-18   1.8459e-18
 3520.00  -1.0032e-18   1.8176e-18
 3525.00  -1.0565e-18   1.6326e-18
 3530.00  -2.4072e-18   1.6958e-18
 3535.00  -2.8643e-18   1.6477e-18
 3540.00  -2.2689e-18   1.6750e-18
 3545.00  -3.4734e-18   1.7257e-18
 3550.00  -2.8841e-18   1.6499e-18
 3555.00  -4.3577e-18   1.5756e-18
 3560.00  -2.5555e-18   1.5531e-18
 3565.00  -2.7856e-18   1.3694e-18
 3570.00  -1.3479e-18   1.3099e-18
 3575.00  -2.7247e-18   1.3791e-18
 3580.00  -1.8831e-18   1.2387e-18
 3585.00  -3.6489e-18   1.2396e-18
 3590.00  -2.2209e-18   1.4239e-18
 3595.00  -3.2969e-18   1.5514e-18
 3600.00  -6.2985e-19   1.6929e-18
 3605.00  -3.8521e-18   1.6217e-18
 3610.00  -3.5067e-18   1.6176e-18
 3615.00  -3.1035e-18   1.7748e-18
 3620.00  -3.6783e-18   1.7450e-18
 3625.00  -4.8753e-18   1.9018e-18
 3630.00  -2.2646e-18   1.9058e-18
 3635.00  -3.4186e-18   1.9513e-18
 3640.00  -2.5814e-18   2.0367e-18
 3645.00  -2.0985e-18   1.9645e-18
 3650.00  -1.8051e-18   1.9431e-18
 3655.00  -2.4204e-18   2.4680e-18
 3660.00  -2.0800e-18   2.3557e-18
 3665.00  -1.1784e-18   2.1661e-18
 3670.00   1.8258e-18   2.0581e-18
 3675.00   1.0452e-18   1.9352e-18
 3680.00  -1.4011e-18   1.7518e-18
 3685.00  -2.9372e-18   1.6626e-18
 3690.00  -3.1899e-18   1.6342e-18
 3695.00  -4.5184e-18   1.5562e-18
 3700.00  -3.0245e-18   1.6483e-18
 3705.00  -1.0899e-18   1.5034e-18
 3710.00  -1.9155e-20   1.4770e-18
 3715.00  -3.1434e-18   1.5077e-18
 3720.00  -1.6199e-18   1.2869e-18
 3725.00  -4.1399e-19   1.4099e-18
 3730.00  -1.1149e-18   1.4304e-18
 3735.00  -1.7114e-18   1.2761e-18
 3740.00  -8.9462e-19   1.4536e-18
 3745.00  -1.2306e-18   1.2929e-18
 3750.00  -2.8538e-19   1.2467e-18
 3755.00  -2.6708e-18   1.3891e-18
 3760.00  -2.7018e-18   1.2503e-18
 3765.00  -2.6166e-18   1.2764e-18
 3770.00  -2.1613e-18   1.3489e-18
 3775.00  -1.7190e-18   1.4689e-18
 3780.00  -9.1401e-19   1.5247e-18
 3785.00  -4.2570e-19   1.5258e-18
 3790.00  -8.1818e-19   1.4735e-18
 3795.00  -1.5407e-18   1.4572e-18
 3800.00  -1.6323e-18   1.4482e-18
 3805.00  -2.5340e-18   1.5200e-18
 3810.00  -1.3424e-18   1.5430e-18
 3815.00  -5.9933e-19   1.4734e-18
 3820.00  -1.4724e-18   1.4095e-18
 3825.00  -1.7715e-18   1.3454e-18
 3830.00  -2.0189e-18   1.3602e-18
 3835.00  -1.7861e-18   1.2950e-18
 3840.00  -6.7114e-19   1.2484e-18
 3845.00  -2.5701e-18   1.4123e-18
 3850.00  -1.1284e-18   1.3393e-18
 3855.00  -2.0736e-18   1.2233e-18
 3860.00  -6.3524e-20   1.1327e-18
 3865.00  -1.5479e-18   1.1559e-18
 3870.00  -1.7616e-18   1.0350e-18
 3875.00  -1.7973e-18   1.0635e-18
 3880.00  -2.1102e-18   9.5649e-19
 3885.00  -6.6931e-19   9.4571e-19
 3890.00  -7.6223e-19   9.6359e-19
 3895.00  -1.8623e-18   9.8181e-19
 3900.00   3.9635e-19   9.9294e-19
 3905.00  -1.3295e-18   9.3374e-19
 3910.00  -4.1958e-19   1.0137e-18
 3915.00  -5.6259e-19   9.8818e-19
 3920.00  -1.5748e-18   9.0214e-19
 3925.00  -2.0415e-18   8.6430e-19
 3930.00  -1.8992e-18   7.2187e-19
 3935.00  -2.2060e-19   6.7586e-19
 3940.00  -9.4451e-19   8.3638e-19
 3945.00  -5.4884e-19   8.9162e-19
 3950.00  -2.6449e-18   9.2477e-19
 3955.00  -2.4482e-18   8.9800e-19
 3960.00  -1.1537e-18   8.8596e-19
 3965.00  -1.6400e-19   7.8448e-19
 3970.00  -6.0302e-19   7.0956e-19
 3975.00  -2.1965e-18   8.8455e-19
 3980.00  -1.2207e-18   1.0015e-18
 3985.00  -1.1765e-18   1.0017e-18
 3990.00  -1.1673e-18   1.0686e-18
 3995.00  -2.6593e-19   1.0744e-18
 4000.00  -7.8472e-19   1.1019e-18
 4005.00  -5.8067e-19   1.0903e-18
 4010.00  -2.3931e-18   1.1604e-18
 4015.00  -2.7090e-18   1.1681e-18
 4020.00  -2.2684e-18   1.1838e-18
 4025.00   7.2216e-19   1.2184e-18
 4030.00  -4.5568e-19   1.1931e-18
 4035.00  -2.2121e-18   1.1793e-18
 4040.00  -2.5815e-18   1.2376e-18
 4045.00  -2.4423e-18   1.4626e-18
 4050.00  -2.5353e-18   1.5363e-18
 4055.00  -1.9421e-18   1.4104e-18
 4060.00  -1.6940e-18   1.3757e-18
 4065.00   1.8067e-19   1.2793e-18
 4070.00  -9.0320e-19   1.2738e-18
 4075.00  -1.1128e-18   1.2513e-18
 4080.00   8.6247e-19   1.2384e-18
 4085.00  -1.4594e-18   1.1911e-18
 4090.00  -2.6500e-18   1.1974e-18
 4095.00  -3.9958e-19   1.1448e-18
 4100.00   5.6301e-19   1.0296e-18
 4105.00  -6.8415e-19   1.0763e-18
 4110.00  -7.4209e-19   1.0849e-18
 4115.00  -1.2769e-18   1.1111e-18
 4120.00   5.5529e-19   1.0852e-18
 4125.00  -1.6153e-18   1.0716e-18
 4130.00  -1.1202e-18   1.0328e-18
 4135.00  -1.2233e-19   1.0487e-18
 4140.00  -8.7111e-19   1.0825e-18
 4145.00  -5.5344e-19   1.0026e-18
 4150.00  -1.9041e-18   1.0200e-18
 4155.00  -1.4702e-18   1.0188e-18
 4160.00  -3.2375e-19   1.0663e-18
 4165.00  -1.0119e-18   1.0824e-18
 4170.00  -4.3056e-19   1.0690e-18
 4175.00  -1.3651e-18   1.0244e-18
 4180.00  -1.6517e-18   1.0351e-18
 4185.00  -2.5672e-18   1.0158e-18
 4190.00  -1.4359e-18   1.0237e-18
 4195.00  -1.4456e-18   1.0462e-18
 4200.00  -9.6632e-19   9.8116e-19
 4205.00  -3.1442e-18   1.0314e-18
 4210.00  -2.1123e-18   1.0464e-18
 4215.00  -1.4461e-18   1.0199e-18
 4220.00  -1.5979e-18   1.0336e-18
 4225.00  -1.1155e-18   9.1349e-19
 4230.00  -6.0605e-19   1.0158e-18
 4235.00  -2.0743e-18   9.4951e-19
 4240.00  -7.5431e-19   9.7311e-19
 4245.00  -1.2433e-18   9.6713e-19
 4250.00  -1.2471e-18   9.2140e-19
 4255.00  -5.5281e-19   9.3343e-19
 4260.00  -1.2019e-22   8.8018e-19
 4265.00  -3.1753e-19   9.2903e-19
 4270.00  -7.1656e-19   8.2983e-19
 4275.00  -2.1225e-18   8.2632e-19
 4280.00  -1.2240e-18   9.1369e-19
 4285.00  -1.6647e-18   8.5974e-19
 4290.00   6.5540e-19   8.1585e-19
 4295.00  -4.9709e-20   8.0806e-19
 4300.00  -4.2402e-19   7.0056e-19
 4305.00  -1.3632e-18   6.8510e-19
 4310.00  -1.7873e-19   6.5040e-19
 4315.00  -6.4723e-19   7.4425e-19
 4320.00  -1.5381e-18   7.5767e-19
 4325.00  -5.2762e-19   6.4084e-19
 4330.00  -6.2329e-20   7.2143e-19
 4335.00   4.9239e-19   6.9928e-19
 4340.00   9.5757e-20   6.0027e-19
 4345.00  -2.9634e-19   6.6010e-19
 4350.00  -1.3474e-18   6.3925e-19
 4355.00  -7.5464e-19   6.4768e-19
 4360.00  -3.1165e-19   6.6038e-19
 4365.00  -1.1364e-18   6.5158e-19
 4370.00  -1.1363e-18   6.3939e-19
 4375.00  -9.3949e-19   6.2255e-19
 4380.00  -5.9569e-19   6.4486e-19
 4385.00  -1.0334e-18   5.5531e-19
 4390.00   8.0427e-21   6.1907e-19
 4395.00  -2.4852e-19   6.3298e-19
 4400.00   7.6380e-20   6.3903e-19
 4405.00  -8.6522e-19   6.1879e-19
 4410.00  -1.2607e-18   6.5916e-19
 4415.00  -6.3191e-19   6.4959e-19
 4420.00  -6.7937e-19   6.7820e-19
 4425.00  -1.0898e-18   6.6226e-19
 4430.00  -5.1629e-19   6.7477e-19
 4435.00  -1.3186e-18   6.5216e-19
 4440.00  -1.0131e-19   6.8936e-19
 4445.00  -6.0529e-19   6.8099e-19
 4450.00  -5.7315e-19   6.9141e-19
 4455.00  -8.1020e-19   6.5969e-19
 4460.00  -1.2177e-18   6.6040e-19
 4465.00  -1.1801e-18   6.9077e-19
 4470.00  -1.9688e-18   6.8791e-19
 4475.00  -7.8830e-19   7.1576e-19
 4480.00  -8.7256e-19   6.9072e-19
 4485.00  -8.1279e-19   7.2511e-19
 4490.00  -8.2413e-19   7.0465e-19
 4495.00   1.4773e-20   7.1669e-19
 4500.00  -4.6514e-19   7.2071e-19
 4505.00  -4.5403e-21   7.4546e-19
 4510.00  -2.7105e-18   1.0329e-18
 4515.00  -1.8529e-19   9.8751e-19
 4520.00  -1.0339e-18   9.5094e-19
 4525.00  -8.3581e-19   8.8909e-19
 4530.00  -2.5348e-18   8.3727e-19
 4535.00   4.3344e-19   8.3266e-19
 4540.00  -1.6274e-18   8.1873e-19
 4545.00  -4.5931e-19   7.9801e-19
 4550.00  -2.0793e-19   7.5561e-19
 4555.00  -5.8684e-19   7.3784e-19
 4560.00  -6.1800e-19   7.4037e-19
 4565.00  -1.0199e-18   6.9969e-19
 4570.00  -4.5575e-19   6.9108e-19
 4575.00  -1.4554e-18   6.8796e-19
 4580.00  -5.6820e-19   6.5595e-19
 4585.00  -4.2621e-19   6.4126e-19
 4590.00  -1.5139e-19   6.3824e-19
 4595.00  -9.8276e-19   6.1651e-19
 4600.00  -6.0867e-19   6.0588e-19
 4605.00  -1.6091e-19   6.0301e-19
 4610.00  -4.5115e-19   6.0444e-19
 4615.00  -5.3201e-20   5.9257e-19
 4620.00  -1.5538e-18   5.8284e-19
 4625.00  -9.5145e-19   5.8019e-19
 4630.00   4.8011e-19   5.8128e-19
 4635.00  -9.1555e-20   5.6785e-19
 4640.00  -2.5294e-19   5.6199e-19
 4645.00  -3.6532e-20   5.5272e-19
 4650.00   1.0941e-20   5.5087e-19
 4655.00  -7.9933e-19   5.5201e-19
 4660.00  -1.1623e-18   5.6755e-19
 4665.00  -8.2715e-19   5.3837e-19
 4670.00  -1.1007e-19   5.4252e-19
 4675.00  -5.9370e-19   5.5723e-19
 4680.00  -1.1357e-19   5.4575e-19
 4685.00  -4.9694e-19   5.5936e-19
 4690.00  -7.2917e-19   5.5286e-19
 4695.00  -6.5115e-19   5.6151e-19
 4700.00   2.9020e-21   5.5040e-19
 4705.00  -6.7727e-19   5.4086e-19
 4710.00   1.9041e-19   5.5736e-19
 4715.00  -2.4377e-20   5.6103e-19
 4720.00  -6.1269e-19   5.7290e-19
 4725.00   1.4646e-21   5.7891e-19
 4730.00  -1.3539e-18   5.5639e-19
 4735.00  -5.9149e-19   5.6580e-19
 4740.00  -6.6599e-19   5.7896e-19
 4745.00  -5.8464e-19   5.8535e-19
 4750.00  -7.1056e-20   5.8556e-19
 4755.00  -3.4506e-19   5.7822e-19
 4760.00  -5.9203e-19   5.8737e-19
 4765.00   4.5648e-20   5.7998e-19
 4770.00  -2.5099e-19   5.9746e-19
 4775.00  -1.2328e-19   6.0988e-19
 4780.00  -4.9787e-19   6.1566e-19
 4785.00   2.3732e-19   6.0514e-19
 4790.00  -5.1284e-19   1.0142e-18
 4795.00   1.0354e-19   9.9429e-19
 4800.00  -3.8399e-19   9.3579e-19
 4805.00  -1.6045e-18   8.9924e-19
 4810.00   1.7499e-19   8.7064e-19
 4815.00  -5.6629e-19   8.5558e-19
 4820.00   1.3372e-19   8.3937e-19
 4825.00  -1.1197e-18   7.8660e-19
 4830.00  -1.0992e-19   7.7361e-19
 4835.00  -9.2020e-19   7.5362e-19
 4840.00  -2.0328e-19   7.2630e-19
 4845.00  -5.4493e-19   7.1131e-19
 4850.00  -3.0886e-19   6.8954e-19
 4855.00   4.2334e-19   6.5686e-19
 4860.00   3.8814e-19   5.8858e-19
 4865.00   7.1325e-20   6.1664e-19
 4870.00   2.1985e-19   6.0484e-19
 4875.00  -1.0045e-18   6.0802e-19
 4880.00   7.3302e-19   6.1244e-19
 4885.00  -1.1499e-19   5.9072e-19
 4890.00  -1.9248e-19   5.6254e-19
 4895.00  -3.0827e-19   5.9137e-19
 4900.00   2.1506e-19   5.8524e-19
 4905.00  -5.7020e-19   5.6791e-19
 4910.00  -7.6515e-19   5.4551e-19
 4915.00   2.7185e-19   5.6489e-19
 4920.00   3.5335e-19   5.1389e-19
 4925.00  -7.5542e-19   5.3719e-19
 4930.00  -1.5192e-19   5.4596e-19
 4935.00  -1.1449e-18   5.1807e-19
 4940.00  -3.1813e-19   5.1799e-19
 4945.00  -3.0830e-19   5.2878e-19
 4950.00  -6.7783e-19   5.3098e-19
 4955.00  -8.2050e-20   5.1155e-19
 4960.00   1.5269e-19   5.1107e-19
 4965.00  -1.8783e-19   5.2284e-19
 4970.00   3.3617e-19   5.2131e-19
 4975.00  -6.4342e-19   5.2281e-19
 4980.00   9.6719e-20   5.0982e-19
 4985.00  -5.3924e-19   4.9245e-19
 4990.00  -1.0463e-18   5.1362e-19
 4995.00  -6.9413e-19   5.1811e-19
 5000.00   2.0092e-19   5.1090e-19
 5005.00  -1.1847e-19   5.0311e-19
 5010.00  -2.8499e-19   5.1895e-19
 5015.00  -9.0718e-19   5.0593e-19
 5020.00  -9.9916e-19   5.1053e-19
 5025.00   6.2021e-19   5.3021e-19
 5030.00  -1.6051e-19   5.3604e-19
 5035.00  -2.4396e-19   5.3511e-19
 5040.00  -8.6626e-20   5.1568e-19
 5045.00  -1.8942e-19   5.6066e-19
 5050.00   1.5580e-19   5.3840e-19
 5055.00  -7.9966e-19   5.4455e-19
 5060.00  -3.3300e-19   5.5434e-19
 5065.00  -5.1524e-19   5.4383e-19
 5070.00  -5.8155e-19   5.4590e-19
 5075.00  -6.0691e-19   5.4667e-19
 5080.00  -4.5557e-21   5.3774e-19
 5085.00  -9.9992e-19   5.4928e-19
 5090.00  -6.1346e-20   5.5798e-19
 5095.00  -1.0291e-18   5.5763e-19
 5100.00  -1.0721e-19   5.4950e-19
 5105.00  -4.6287e-19   5.5848e-19
 5110.00  -1.9078e-19   5.5984e-19
 5115.00  -5.9966e-19   9.7158e-19
 5120.00  -2.8710e-20   9.4337e-19
 5125.00  -9.2604e-20   8.8099e-19
 5130.00   8.1674e-19   8.7252e-19
 5135.00  -6.2424e-19   8.4170e-19
 5140.00  -1.5784e-18   7.9629e-19
 5145.00   2.1522e-19   7.9537e-19
 5150.00  -4.5332e-19   7.7045e-19
 5155.00  -1.0694e-18   7.4854e-19
 5160.00   1.2318e-19   7.4247e-19
 5165.00   8.0313e-19   6.8293e-19
 5170.00  -1.1745e-18   6.3274e-19
 5175.00   7.3617e-19   6.5505e-19
 5180.00   3.6418e-20   6.6760e-19
 5185.00  -7.4474e-20   5.8433e-19
 5190.00  -1.0214e-18   6.2409e-19
 5195.00  -4.6247e-19   6.1540e-19
 5200.00   1.8452e-19   6.3343e-19
 5205.00   1.5373e-19   6.0097e-19
 5210.00  -4.0483e-19   5.8178e-19
 5215.00  -4.5299e-19   5.7812e-19
 5220.00  -6.5449e-20   5.8398e-19
 5225.00  -1.9452e-19   5.4750e-19
 5230.00  -2.7170e-19   5.5636e-19
 5235.00   5.4541e-19   5.4435e-19
 5240.00  -1.9275e-19   5.5913e-19
 5245.00  -7.3392e-19   5.4071e-19
 5250.00  -3.6930e-19   5.3383e-19
 5255.00   7.0753e-19   5.3918e-19
 5260.00   7.5664e-19   5.2960e-19
 5265.00  -6.8293e-19   4.8399e-19
 5270.00  -5.8733e-20   4.8369e-19
 5275.00  -5.5369e-19   5.0051e-19
 5280.00   1.7358e-19   5.1140e-19
 5285.00   1.4757e-19   5.0389e-19
 5290.00  -5.3911e-19   5.1524e-19
 5295.00   2.5325e-20   5.0579e-19
 5300.00  -3.7842e-19   4.9752e-19
 5305.00   4.8801e-19   5.1415e-19
 5310.00   2.5910e-19   5.1579e-19
 5315.00  -4.6441e-20   5.0761e-19
 5320.00  -1.0617e-19   5.1278e-19
 5325.00   7.1131e-19   5.0003e-19
 5330.00   4.6873e-19   4.9259e-19
 5335.00  -3.7346e-19   5.0575e-19
 5340.00   4.0129e-19   4.9874e-19
 5345.00   1.9586e-19   5.0658e-19
 5350.00  -9.9878e-20   5.0664e-19
 5355.00   8.0084e-19   5.1918e-19
 5360.00   3.2251e-19   5.1702e-19
 5365.00   3.1219e-19   5.0224e-19
 5370.00   2.1543e-19   4.9298e-19
 5375.00   3.3921e-19   5.2030e-19
 5380.00   5.7611e-19   5.1841e-19
 5385.00   6.6854e-20   5.1276e-19
 5390.00   2.2776e-19   5.1779e-19
 5395.00   3.5889e-19   5.1055e-19
 5400.00   1.5080e-18   5.2505e-19
 5405.00   1.0248e-18   5.1097e-19
 5410.00   4.4713e-19   5.2249e-19
 5415.00   4.1036e-19   5.3555e-19
 5420.00  -5.3873e-20   5.4359e-19
 5425.00   5.1448e-19   5.4857e-19
 5430.00   3.9203e-19   5.3488e-19
 5435.00   3.6577e-19   5.2392e-19
 5440.00   9.2188e-19   5.4366e-19
 5445.00   9.3320e-19   5.3124e-19
 5450.00   1.0353e-18   5.5279e-19
 5455.00  -4.1451e-19   5.4061e-19
 5460.00   8.0761e-19   5.7024e-19
 5465.00   8.3576e-19   5.6291e-19
 5470.00   7.2896e-20   5.8075e-19
 5475.00  -1.8917e-19   5.7256e-19
 5480.00   1.2922e-19   5.9728e-19
 5485.00  -2.7221e-19   6.1474e-19
 5490.00  -2.9607e-19   1.0274e-18
 5495.00  -3.5595e-19   1.0015e-18
 5500.00   4.5209e-19   9.8585e-19
 5505.00   1.8809e-19   9.4972e-19
 5510.00  -2.7029e-19   9.2477e-19
 5515.00   8.9467e-19   9.0073e-19
 5520.00  -6.3653e-19   8.7191e-19
 5525.00   1.1498e-18   8.5007e-19
 5530.00  -8.4654e-21   8.0681e-19
 5535.00  -5.7919e-19   7.9742e-19
 5540.00   1.1218e-18   7.9916e-19
 5545.00   3.0660e-19   7.7992e-19
 5550.00  -5.9375e-19   7.4568e-19
 5555.00  -1.3811e-19   7.1219e-19
 5560.00   9.7479e-20   7.0185e-19
 5565.00   1.0260e-18   7.0404e-19
 5570.00   2.7037e-19   6.8262e-19
 5575.00   1.1010e-18   7.8490e-19
 5580.00   1.2520e-18   7.1594e-19
 5585.00   1.5435e-18   6.3890e-19
 5590.00  -4.3101e-19   6.2394e-19
 5595.00   5.9205e-19   6.0743e-19
 5600.00   5.9649e-19   6.1232e-19
 5605.00   2.9766e-19   7.4183e-19
 5610.00   8.5829e-19   6.8714e-19
 5615.00   4.9771e-19   6.2758e-19
 5620.00  -4.7573e-19   5.8866e-19
 5625.00   1.8712e-19   5.6145e-19
 5630.00   5.7571e-19   5.3884e-19
 5635.00  -3.0016e-19   5.0620e-19
 5640.00   3.4877e-20   4.9473e-19
 5645.00   8.1078e-19   4.9277e-19
 5650.00   1.3858e-18   4.7977e-19
 5655.00   1.1136e-19   4.6328e-19
 5660.00   6.5645e-19   4.4917e-19
 5665.00   1.2119e-19   4.4923e-19
 5670.00  -1.0709e-19   4.4644e-19
 5675.00   2.1420e-19   4.4407e-19
 5680.00   1.7114e-20   4.3709e-19
 5685.00  -9.9188e-21   4.3371e-19
 5690.00  -1.8001e-19   4.3393e-19
 5695.00   5.8092e-19   4.4470e-19
 5700.00   3.2391e-19   4.4103e-19
 5705.00  -3.8881e-19   4.4365e-19
 5710.00   4.6979e-19   4.4001e-19
 5715.00  -5.2357e-19   4.5378e-19
 5720.00  -6.7861e-19   4.6004e-19
 5725.00  -2.6714e-19   4.7335e-19
 5730.00   1.1607e-19   4.8065e-19
 5735.00   3.7543e-19   4.9212e-19
 5740.00   8.3892e-19   5.0590e-19
 5745.00   6.5717e-19   5.1807e-19
 5750.00  -5.6783e-19   5.1784e-19
 5755.00   1.5035e-19   5.2685e-19
 5760.00  -8.1654e-19   5.3389e-19
 5765.00   7.4651e-20   5.4079e-19
 5770.00  -7.0975e-19   5.4288e-19
 5775.00   9.3935e-19   5.4273e-19
 5780.00  -1.4336e-18   5.2309e-19
 5785.00  -3.4658e-19   5.0518e-19
 5790.00   3.9255e-21   4.7425e-19
 5795.00  -3.5750e-19   4.7949e-19
 5800.00  -3.6360e-19   4.7016e-19
 5805.00   2.8353e-19   4.6133e-19
 5810.00  -1.7631e-19   4.5376e-19
 5815.00   3.1779e-19   4.4591e-19
 5820.00   8.4064e-19   4.4640e-19
 5825.00   4.7667e-19   4.3807e-19
 5830.00  -2.6326e-19   4.2674e-19
 5835.00   5.6577e-19   4.2654e-19
 5840.00  -7.9528e-19   4.1928e-19
 5845.00  -1.7094e-19   4.2122e-19
 5850.00   4.0601e-19   4.2816e-19
 5855.00   6.1056e-19   4.2263e-19
 5860.00   2.8971e-19   4.1723e-19
 5865.00  -2.6701e-19   4.3387e-19
 5870.00   6.8898e-19   4.3868e-19
 5875.00   4.6123e-19   4.3336e-19
 5880.00   1.6241e-18   4.3884e-19
 5885.00  -1.9962e-19   4.3330e-19
 5890.00   1.1771e-18   4.6757e-19
 5895.00   9.8181e-20   4.4919e-19
 5900.00  -6.5265e-20   4.4150e-19
 5905.00   5.7381e-19   4.5880e-19
 5910.00  -7.2081e-20   4.4958e-19
 5915.00   1.6538e-18   4.6741e-19
 5920.00   4.7321e-19   4.5604e-19
 5925.00   1.0625e-18   4.6483e-19
 5930.00   2.2676e-20   4.5299e-19
 5935.00  -2.8198e-19   4.6778e-19
 5940.00   5.2553e-19   4.5485e-19
 5945.00   7.1370e-19   4.5900e-19
 5950.00   1.0723e-18   4.6459e-19
 5955.00   7.8773e-19   4.6115e-19
 5960.00  -3.0291e-19   4.4543e-19
 5965.00   4.3867e-19   4.4559e-19
 5970.00   1.1812e-18   4.4523e-19
 5975.00   1.1775e-18   4.4691e-19
 5980.00   1.8109e-18   4.3832e-19
 5985.00   1.0097e-18   4.2915e-19
 5990.00   6.9684e-19   4.2373e-19
 5995.00   1.2231e-18   4.2590e-19
 6000.00   8.2131e-19   4.4046e-19
 6005.00   5.1981e-19   4.3894e-19
 6010.00   9.5624e-19   4.4205e-19
 6015.00   1.0786e-18   4.1318e-19
 6020.00   9.2158e-19   4.0617e-19
 6025.00   1.1714e-18   4.0129e-19
 6030.00   1.0311e-18   4.0266e-19
 6035.00   7.0146e-19   3.9981e-19
 6040.00   8.7603e-19   3.8997e-19
 6045.00   8.5431e-19   3.8963e-19
 6050.00   1.2989e-18   3.8936e-19
 6055.00   7.4160e-19   3.7717e-19
 6060.00   1.1989e-18   3.8122e-19
 6065.00   1.3565e-18   3.7875e-19
 6070.00   5.0108e-19   3.8021e-19
 6075.00   1.1211e-18   3.7679e-19
 6080.00   1.2138e-18   3.7308e-19
 6085.00   1.3452e-18   3.7501e-19
 6090.00   1.1065e-18   3.7473e-19
 6095.00   9.5731e-19   3.7900e-19
 6100.00   8.2126e-19   3.7424e-19
 6105.00   5.2359e-19   3.7492e-19
 6110.00   9.0143e-19   3.8239e-19
 6115.00   8.8816e-19   3.8391e-19
 6120.00   3.8671e-19   3.8097e-19
 6125.00   8.0987e-19   3.8538e-19
 6130.00   6.9494e-19   3.8571e-19
 6135.00   8.3017e-19   3.8914e-19
 6140.00   9.5919e-19   3.8933e-19
 6145.00   7.9880e-19   4.0016e-19
 6150.00   9.6045e-19   3.9626e-19
 6155.00   7.5084e-19   3.9595e-19
 6160.00   1.0859e-18   3.9241e-19
 6165.00   1.4482e-18   3.8879e-19
 6170.00   4.1428e-19   3.9033e-19
 6175.00   3.2241e-19   3.8803e-19
 6180.00   2.0781e-19   3.8612e-19
 6185.00   9.3030e-19   3.8682e-19
 6190.00   1.6417e-18   3.8269e-19
 6195.00   1.0249e-18   3.8417e-19
 6200.00   7.4181e-19   3.7919e-19
 6205.00   8.7234e-19   3.8357e-19
 6210.00   1.7378e-19   3.7320e-19
 6215.00   1.5464e-18   3.7437e-19
 6220.00   1.5287e-18   4.0267e-19
 6225.00   2.2323e-19   3.7965e-19
 6230.00   1.3444e-18   3.7263e-19
 6235.00   1.6279e-18   4.1071e-19
 6240.00   1.5847e-18   3.7670e-19
 6245.00   1.2611e-18   3.5972e-19
 6250.00   1.4728e-18   3.5467e-19
 6255.00   1.5805e-18   3.4811e-19
 6260.00   8.3964e-19   3.6347e-19
 6265.00   1.1281e-18   3.5305e-19
 6270.00   8.9359e-19   3.3935e-19
 6275.00   1.0149e-18   3.3401e-19
 6280.00   9.0604e-19   3.2282e-19
 6285.00   7.7450e-19   3.4086e-19
 6290.00   4.3603e-19   3.3532e-19
 6295.00   1.3055e-18   3.3400e-19
 6300.00   9.0193e-19   4.0122e-19
 6305.00   6.9292e-19   3.5104e-19
 6310.00   1.2917e-18   3.3259e-19
 6315.00   8.6348e-19   3.2994e-19
 6320.00   1.0120e-18   3.4191e-19
 6325.00   1.4108e-18   3.4283e-19
 6330.00   5.8234e-19   3.6201e-19
 6335.00   7.5053e-19   3.4442e-19
 6340.00   1.1398e-18   3.5456e-19
 6345.00   8.2691e-19   3.5517e-19
 6350.00   9.0026e-19   3.6830e-19
 6355.00   8.7062e-19   3.7744e-19
 6360.00   1.2961e-18   3.6466e-19
 6365.00   3.0104e-19   3.9047e-19
 6370.00  -1.2730e-18   3.5649e-19
 6375.00  -8.0145e-18   3.1099e-19
 6380.00  -3.0723e-18   3.6243e-19
 6385.00   6.2916e-19   3.7743e-19
 6390.00   7.7032e-19   3.7543e-19
 6395.00   9.0601e-19   3.6767e-19
 6400.00   1.0318e-18   3.6474e-19
 6405.00   1.5604e-18   3.6870e-19
 6410.00   7.6616e-19   3.6213e-19
 6415.00   1.2495e-18   3.7165e-19
 6420.00   6.2644e-19   3.6175e-19
 6425.00   1.1324e-18   3.6189e-19
 6430.00   8.7405e-19   3.5561e-19
 6435.00   2.6937e-19   3.5370e-19
 6440.00   8.5447e-19   3.5242e-19
 6445.00   3.7450e-19   3.5282e-19
 6450.00   9.5045e-19   3.5196e-19
 6455.00   4.3590e-19   3.5185e-19
 6460.00   7.3624e-19   3.7252e-19
 6465.00   1.4311e-18   3.8935e-19
 6470.00   9.0371e-19   3.7158e-19
 6475.00   1.1356e-18   3.4782e-19
 6480.00   3.0275e-19   3.4352e-19
 6485.00   6.3897e-19   3.3343e-19
 6490.00   7.4339e-19   3.2859e-19
 6495.00   6.1025e-19   3.1760e-19
 6500.00   7.2452e-19   3.4576e-19
 6505.00   1.1990e-18   3.3215e-19
 6510.00   1.9363e-18   3.2346e-19
 6515.00   1.0458e-18   3.1398e-19
 6520.00   1.2604e-18   3.1564e-19
 6525.00   7.9180e-19   3.1574e-19
 6530.00   8.2804e-19   3.0856e-19
 6535.00   4.3469e-19   3.2453e-19
 6540.00   3.1467e-19   3.0750e-19
 6545.00   1.1876e-18   3.1764e-19
 6550.00   1.9971e-19   3.0415e-19
 6555.00   8.0833e-19   3.2342e-19
 6560.00   8.9178e-19   2.9908e-19
 6565.00  -1.1274e-19   3.0612e-19
 6570.00   1.0128e-18   3.1667e-19
 6575.00   5.0364e-19   3.1901e-19
 6580.00   2.8636e-19   3.1421e-19
 6585.00   4.6820e-19   3.1580e-19
 6590.00   4.7307e-19   3.1857e-19
 6595.00   5.8385e-20   3.2054e-19
 6600.00   9.0516e-19   3.2429e-19
 6605.00   5.3412e-19   3.3502e-19
 6610.00   1.5193e-18   3.3194e-19
 6615.00   6.5985e-19   3.2806e-19
 6620.00   1.0279e-18   3.3230e-19
 6625.00   2.6680e-19   3.3031e-19
 6630.00   4.9468e-19   3.3417e-19
 6635.00   1.7851e-19   3.3407e-19
 6640.00   1.3103e-19   3.3252e-19
 6645.00   4.1825e-19   3.3172e-19
 6650.00   4.3748e-19   3.3478e-19
 6655.00   2.0171e-19   3.3262e-19
 6660.00   5.6322e-19   3.3456e-19
 6665.00   5.7487e-19   3.3249e-19
 6670.00   4.5126e-19   3.3165e-19
 6675.00  -1.6227e-19   3.2627e-19
 6680.00   2.8672e-20   3.2319e-19
 6685.00  -3.6528e-19   3.2257e-19
 6690.00   1.8780e-19   3.2293e-19
 6695.00   4.2890e-20   3.1983e-19
 6700.00   5.1241e-20   3.2313e-19
 6705.00   1.0188e-18   3.3284e-19
 6710.00   9.6870e-19   3.2152e-19
 6715.00   1.4908e-18   3.5370e-19
 6720.00   6.9156e-19   3.4077e-19
 6725.00   5.9669e-19   3.3463e-19
 6730.00   3.7555e-19   3.3053e-19
 6735.00   2.6316e-19   3.2242e-19
 6740.00   1.0852e-19   3.1543e-19
 6745.00   5.6301e-19   3.1587e-19
 6750.00   1.2935e-18   3.2202e-19
 6755.00  -3.6879e-20   3.0257e-19
 6760.00   6.0294e-19   3.0548e-19
 6765.00   5.3560e-19   2.9998e-19
 6770.00   9.4646e-20   2.9355e-19
 6775.00   6.6624e-19   2.9683e-19
 6780.00   2.6593e-19   2.9300e-19
 6785.00   8.6651e-19   2.9492e-19
 6790.00   5.0444e-19   2.9392e-19
 6795.00   6.1902e-19   2.8992e-19
 6800.00   5.5539e-19   2.8893e-19
 6805.00   8.0600e-19   2.9025e-19
 6810.00   9.6718e-19   2.9377e-19
 6815.00   8.5463e-19   2.8857e-19
 6820.00   7.5713e-19   2.8713e-19
 6825.00   4.7137e-19   2.9416e-19
 6830.00   5.8591e-19   3.3294e-19
 6835.00   7.9489e-19   3.2324e-19
 6840.00   3.8644e-19   2.9930e-19
 6845.00   8.9557e-19   2.9008e-19
 6850.00   7.9644e-19   2.9585e-19
 6855.00   8.5115e-19   2.9232e-19
 6860.00   1.0652e-18   2.9865e-19
 6865.00   1.0238e-18   3.2935e-19
 6870.00   4.3128e-19   2.6025e-19
 6875.00   7.0219e-19   2.6653e-19
 6880.00   1.0850e-18   3.0344e-19
 6885.00   1.1794e-18   2.9176e-19
 6890.00   7.5545e-19   3.0596e-19
 6895.00   2.9343e-19   2.8484e-19
 6900.00   4.2586e-19   3.0964e-19
 6905.00   9.8522e-19   2.9771e-19
 6910.00   4.6942e-19   3.0332e-19
 6915.00   5.7533e-19   3.0703e-19
 6920.00   8.9233e-19   2.9972e-19
 6925.00   7.8153e-19   3.2398e-19
 6930.00   5.5042e-21   2.9343e-19
 6935.00   5.4736e-19   2.9516e-19
 6940.00   9.0457e-19   3.1137e-19
 6945.00   5.5795e-19   2.9158e-19
 6950.00   1.2673e-18   3.2743e-19
 6955.00   9.5342e-19   2.9419e-19
 6960.00   7.3713e-19   2.9082e-19
 6965.00   8.3519e-19   2.9218e-19
 6970.00   1.3807e-18   3.0109e-19
 6975.00   1.0297e-18   2.8718e-19
 6980.00   8.6258e-19   3.0396e-19
 6985.00   3.1203e-19   2.8198e-19
 6990.00   1.0259e-18   3.2350e-19
 6995.00   4.2273e-19   3.0749e-19
 7000.00   9.7723e-19   3.0576e-19
 7005.00   8.7599e-19   3.0170e-19
 7010.00   1.0340e-18   3.0630e-19
 7015.00   1.1281e-18   2.8162e-19
 7020.00   6.3516e-19   2.8127e-19
 7025.00   8.3125e-19   2.7127e-19
 7030.00   1.4659e-18   2.7803e-19
 7035.00   1.1553e-18   2.6957e-19
 7040.00   9.4938e-19   2.6925e-19
 7045.00   8.9062e-19   2.7012e-19
 7050.00   1.1459e-18   2.8290e-19
 7055.00   7.6019e-19   2.6126e-19
 7060.00   1.1118e-18   2.5889e-19
 7065.00   1.2419e-18   2.6367e-19
 7070.00   6.6857e-19   2.5435e-19
 7075.00   7.7715e-19   2.5488e-19
 7080.00   7.6056e-19   2.5492e-19
 7085.00   9.3819e-19   2.5038e-19
 7090.00   7.4574e-19   2.5410e-19
 7095.00   8.6459e-19   2.4434e-19
 7100.00   8.9502e-19   2.4528e-19
 7105.00   1.2229e-18   2.4597e-19
 7110.00   5.4630e-19   2.4205e-19
 7115.00   1.0791e-18   2.4546e-19
 7120.00   8.5021e-19   2.4178e-19
 7125.00   5.6180e-19   2.4586e-19
 7130.00   7.8784e-19   2.4542e-19
 7135.00   4.5184e-19   2.4657e-19
 7140.00   2.5324e-19   2.4562e-19
 7145.00   4.3661e-19   2.5758e-19
 7150.00   1.0670e-18   2.5118e-19
 7155.00   7.5596e-19   2.4766e-19
 7160.00   9.3085e-19   2.5583e-19
 7165.00   6.3067e-19   2.4860e-19
 7170.00   3.1549e-19   2.4323e-19
 7175.00   3.1286e-19   2.4136e-19
 7180.00   3.2634e-19   2.4681e-19
 7185.00   3.8407e-19   2.3570e-19
 7190.00   6.0130e-19   2.4498e-19
 7195.00   9.3664e-19   2.4610e-19
 7200.00   5.5165e-20   2.4128e-19
 7205.00  -1.0496e-19   2.4353e-19
 7210.00   5.5683e-19   2.5695e-19
 7215.00   4.0993e-19   2.5923e-19
 7220.00   8.9311e-19   2.6741e-19
 7225.00   1.9139e-19   2.6323e-19
 7230.00   6.1810e-19   2.6553e-19
 7235.00   3.6586e-19   2.5894e-19
 7240.00   8.6820e-19   3.6363e-19
 7245.00   5.2605e-19   3.1652e-19
 7250.00   3.7845e-19   2.7098e-19
 7255.00   2.6768e-19   2.8998e-19
 7260.00   4.2088e-19   2.6460e-19
 7265.00   4.9423e-19   2.6563e-19
 7270.00   3.5490e-19   2.7554e-19
 7275.00   5.8051e-21   3.0669e-19
 7280.00   9.3136e-19   2.6953e-19
 7285.00   3.9289e-19   2.9707e-19
 7290.00  -2.8961e-20   2.5581e-19
 7295.00   6.2495e-19   3.2452e-19
 7300.00   3.7926e-19   2.9549e-19
 7305.00   5.6708e-19   3.2209e-19
 7310.00   3.6342e-19   2.8808e-19
 7315.00   3.5528e-19   3.1715e-19
 7320.00   7.4473e-19   2.7772e-19
 7325.00   3.3279e-19   2.7087e-19
 7330.00   5.2622e-19   3.0406e-19
 7335.00   2.9674e-19   2.6500e-19
 7340.00   5.7783e-19   3.0648e-19
 7345.00   6.9048e-19   2.6742e-19
 7350.00   1.8979e-19   2.6248e-19
 7355.00   8.9369e-19   2.5913e-19
 7360.00   2.7961e-19   2.7665e-19
 7365.00   1.7056e-19   2.5321e-19
 7370.00   2.1705e-19   2.8250e-19
 7375.00   1.1897e-18   2.5479e-19
 7380.00   7.9950e-19   2.4787e-19
 7385.00   8.6858e-19   2.4361e-19
 7390.00   5.9625e-19   2.6036e-19
 7395.00   4.3294e-19   2.4324e-19
 7400.00  -4.2084e-20   2.6831e-19
 7405.00   6.4400e-19   2.4224e-19
 7410.00   5.7963e-19   2.3748e-19
 7415.00   5.5049e-19   2.4006e-19
 7420.00   3.6635e-19   2.3720e-19
 7425.00   7.4793e-19   2.3995e-19
 7430.00   7.7862e-19   2.5763e-19
 7435.00   6.4337e-19   2.4088e-19
 7440.00   1.8579e-19   2.6464e-19
 7445.00   3.8119e-19   2.3647e-19
 7450.00   5.0380e-19   2.3995e-19
 7455.00   4.4479e-19   2.3928e-19
 7460.00   4.4462e-19   2.4795e-19
 7465.00   8.6044e-19   2.6349e-19
 7470.00   3.4362e-19   2.6287e-19
 7475.00   4.1174e-19   2.6219e-19
 7480.00   3.4098e-19   2.7443e-19
 7485.00   1.0175e-19   2.7014e-19
 7490.00   6.3560e-19   2.4928e-19
 7495.00   6.1791e-19   2.5637e-19
 7500.00   8.6725e-19   2.5174e-19
 7505.00   3.8125e-19   2.4861e-19
 7510.00   5.7914e-19   2.4814e-19
 7515.00   8.4885e-19   2.5985e-19
 7520.00   2.1309e-19   2.6038e-19
 7525.00   3.2512e-19   2.9755e-19
 7530.00   9.4337e-19   2.7963e-19
 7535.00   7.7959e-19   2.5709e-19
 7540.00   1.9568e-19   2.6294e-19
 7545.00   5.9574e-19   2.5606e-19
 7550.00   3.6835e-19   2.5434e-19
 7555.00  -1.6861e-19   2.6068e-19
 7560.00   5.3628e-19   2.6514e-19
 7565.00   5.2278e-19   2.5969e-19
 7570.00   7.0192e-19   2.8905e-19
 7575.00   7.9400e-19   2.6592e-19
 7580.00   1.1219e-19   2.5242e-19
 7585.00   1.0318e-18   2.7193e-19
 7590.00   9.5928e-19   2.5295e-19
 7595.00   1.8623e-19   2.0649e-19
 7600.00   9.1208e-20   2.0289e-19
 7605.00  -1.7865e-19   1.8127e-19
 7610.00  -4.5757e-21   1.8647e-19
 7615.00  -4.2677e-20   2.0217e-19
 7620.00   4.0317e-19   2.9172e-19
 7625.00   8.4738e-20   2.3088e-19
 7630.00   2.8107e-19   2.4218e-19
 7635.00   1.4986e-19   2.1994e-19
 7640.00   5.1779e-19   2.2708e-19
 7645.00   6.4430e-19   2.2786e-19
 7650.00   6.4176e-19   2.2962e-19
 7655.00   3.6213e-19   2.3981e-19
 7660.00   7.9834e-19   2.4313e-19
 7665.00   6.7003e-19   2.4072e-19
 7670.00   3.0909e-19   2.3634e-19
 7675.00   6.2346e-19   2.4385e-19
 7680.00   4.9919e-19   2.4742e-19
 7685.00   7.4657e-19   2.4675e-19
 7690.00   9.2657e-19   2.5168e-19
 7695.00   2.4850e-19   2.3989e-19
 7700.00   4.4461e-19   2.5091e-19
 7705.00   2.7668e-19   2.3249e-19
 7710.00   5.8652e-19   2.5163e-19
 7715.00   5.0844e-19   3.6200e-19
 7720.00   1.1117e-18   2.6037e-19
 7725.00   4.1757e-19   2.7491e-19
 7730.00   7.2074e-19   2.3371e-19
 7735.00   4.5099e-19   2.4423e-19
 7740.00   4.2776e-19   2.3176e-19
 7745.00   6.6692e-19   2.3114e-19
 7750.00   9.9444e-19   2.9884e-19
 7755.00   4.1424e-19   2.3460e-19
 7760.00   7.0473e-19   2.5495e-19
 7765.00   7.4971e-19   2.2603e-19
 7770.00   6.3292e-19   2.5675e-19
 7775.00   4.7293e-19   2.9779e-19
 7780.00   4.9417e-19   2.5147e-19
 7785.00   4.0245e-19   2.3563e-19
 7790.00   5.6751e-19   2.4763e-19
 7795.00   6.2172e-19   2.7130e-19
 7800.00   4.5896e-19   2.2816e-19
 7805.00   1.0540e-18   2.3373e-19
 7810.00   9.8420e-19   2.6633e-19
 7815.00   9.8784e-19   2.4304e-19
 7820.00   5.0552e-19   2.8165e-19
 7825.00   8.2175e-19   2.3698e-19
 7830.00   7.4903e-19   2.3569e-19
 7835.00   5.2859e-19   2.3177e-19
 7840.00   7.9463e-19   2.5951e-19
 7845.00   9.6680e-19   2.3203e-19
 7850.00   1.2124e-18   2.7443e-19
 7855.00   7.3455e-19   2.7983e-19
 7860.00   6.5016e-19   2.8493e-19
 7865.00   7.0968e-19   2.4065e-19
 7870.00   4.7223e-19   2.8185e-19
 7875.00   6.7618e-19   2.3495e-19
 7880.00   4.4764e-19   2.9558e-19
 7885.00   5.1912e-19   2.5188e-19
 7890.00   3.3752e-19   2.9289e-19
 7895.00   8.2489e-19   2.5026e-19
 7900.00   7.8378e-19   2.4011e-19
 7905.00   7.8446e-19   2.4783e-19
 7910.00   4.4748e-19   2.5787e-19
 7915.00   5.3971e-19   2.8746e-19
 7920.00   1.1575e-18   3.0034e-19
 7925.00   7.7891e-19   2.4302e-19
 7930.00   7.6932e-20   2.8778e-19
 7935.00   4.7002e-19   2.3923e-19
 7940.00   8.3144e-19   2.3997e-19
 7945.00   4.2822e-19   2.4422e-19
 7950.00   8.2157e-19   2.6289e-19
 7955.00   8.6074e-19   2.3472e-19
 7960.00   7.4698e-19   2.3177e-19
 7965.00   1.0293e-18   2.7124e-19
 7970.00   6.9417e-19   2.4655e-19
 7975.00   4.2248e-19   2.4797e-19
 7980.00   6.3131e-19   2.6955e-19
 7985.00   1.7707e-19   2.8486e-19
 7990.00   7.7081e-19   2.9454e-19
 7995.00   5.8905e-19   3.3919e-19
 8000.00   5.4781e-19   2.8374e-19
 8005.00   6.0663e-19   2.6946e-19
 8010.00   8.2609e-19   2.6808e-19
 8015.00   5.1364e-19   2.9295e-19
 8020.00   4.8754e-19   2.6879e-19
 8025.00   6.3224e-19   2.9929e-19
 8030.00   7.9672e-19   2.7873e-19
 8035.00   7.8606e-19   2.4872e-19
 8040.00   5.9920e-19   2.4547e-19
 8045.00   2.2073e-19   2.3302e-19
 8050.00   6.3857e-19   2.6818e-19
 8055.00   8.6230e-19   2.3676e-19
 8060.00   3.3691e-19   2.5606e-19
 8065.00   5.7779e-19   2.4028e-19
 8070.00   6.3367e-19   2.2507e-19
 8075.00   2.9537e-19   2.3052e-19
 8080.00   3.9035e-19   2.2426e-19
 8085.00   7.1804e-19   2.3476e-19
 8090.00   6.3669e-19   2.1939e-19
 8095.00   6.2702e-19   2.3525e-19
 8100.00   2.6269e-19   2.3017e-19
 8105.00   2.7902e-19   2.3207e-19
 8110.00   4.5170e-19   2.1822e-19
 8115.00   4.0885e-19   2.1322e-19
 8120.00   3.6177e-19   2.1179e-19
 8125.00   4.8681e-19   2.1344e-19
 8130.00   4.6064e-19   2.1700e-19
 8135.00   2.7680e-19   2.0733e-19
 8140.00   3.9853e-19   2.2012e-19
 8145.00   4.3573e-19   2.2020e-19
 8150.00   1.4867e-19   2.0241e-19
 8155.00  -1.3401e-19   1.9768e-19
 8160.00   2.7606e-19   1.9675e-19
 8165.00   2.1237e-20   1.9730e-19
 8170.00   5.7792e-19   1.9921e-19
 8175.00   3.0151e-19   2.0312e-19
 8180.00   6.2891e-19   2.0045e-19
 8185.00   4.9073e-19   2.0521e-19
 8190.00   2.1381e-19   2.1074e-19
 8195.00   3.4551e-19   2.1196e-19
 8200.00   1.4449e-19   1.9976e-19
 8205.00   4.1155e-19   2.1632e-19
 8210.00   6.8003e-19   2.1112e-19
 8215.00   6.3954e-19   2.1216e-19
 8220.00   5.2419e-19   2.0473e-19
 8225.00   3.3877e-19   2.0153e-19
 8230.00   1.6092e-19   1.8339e-19
 8235.00   6.7936e-19   2.0636e-19
 8240.00   5.0158e-19   2.1271e-19
 8245.00   2.3135e-19   2.0882e-19
 8250.00   2.5143e-19   2.1292e-19
 8255.00   4.7096e-19   2.0769e-19
 8260.00   3.4234e-19   2.0678e-19
 8265.00   4.5470e-19   2.0712e-19
 8270.00   5.8219e-19   2.0893e-19
 8275.00   2.0246e-19   2.0131e-19
 8280.00   3.4722e-19   3.0925e-19
 8285.00   2.9343e-19   2.4614e-19
 8290.00   3.6364e-20   2.5042e-19
 8295.00   3.0294e-19   2.2581e-19
 8300.00   4.8437e-19   2.5166e-19
 8305.00   3.0328e-19   2.1216e-19
 8310.00   4.5732e-19   2.3664e-19
 8315.00   2.6574e-19   2.0812e-19
 8320.00   3.2350e-19   2.1070e-19
 8325.00   4.7343e-19   2.0904e-19
 8330.00   1.7999e-19   2.0375e-19
 8335.00   5.6197e-19   2.0995e-19
 8340.00   6.0657e-20   2.1471e-19
 8345.00   3.2540e-19   2.8543e-19
 8350.00   7.0555e-19   2.3409e-19
 8355.00   4.3102e-20   2.3067e-19
 8360.00   2.3344e-19   2.2023e-19
 8365.00   5.0653e-19   2.5181e-19
 8370.00   3.0945e-19   2.0565e-19
 8375.00   7.5110e-19   2.6798e-19
 8380.00   4.5942e-19   3.0858e-19
 8385.00   2.2086e-19   2.6489e-19
 8390.00   3.4010e-19   2.5712e-19
 8395.00   3.6431e-19   2.4668e-19
 8400.00   3.4753e-19   2.9529e-19
 8405.00   1.9601e-19   2.3611e-19
 8410.00   5.1424e-21   2.3094e-19
 8415.00   5.6459e-19   2.6970e-19
 8420.00   2.0429e-19   2.2662e-19
 8425.00   6.5914e-19   2.4313e-19
 8430.00   6.8926e-19   2.8920e-19
 8435.00   4.8199e-19   2.2742e-19
 8440.00   5.3573e-19   2.1600e-19
 8445.00   5.7291e-19   2.4426e-19
 8450.00   6.1717e-19   2.3730e-19
 8455.00   5.1788e-19   2.2336e-19
 8460.00   4.0255e-19   2.1088e-19
 8465.00   6.2785e-19   2.5317e-19
 8470.00   1.7666e-19   1.9981e-19
 8475.00   7.0940e-19   2.1394e-19
 8480.00   3.5659e-19   1.9767e-19
 8485.00   6.6409e-19   2.0007e-19
 8490.00   3.9543e-19   1.9529e-19
 8495.00   4.2518e-19   2.3344e-19
 8500.00   7.1657e-19   1.9980e-19
 8505.00   2.7772e-19   2.3837e-19
 8510.00   5.5456e-19   1.9157e-19
 8515.00   3.6719e-19   1.8824e-19
 8520.00   2.6449e-19   1.9249e-19
 8525.00   3.0732e-19   1.8709e-19
 8530.00   9.3555e-19   1.9058e-19
 8535.00   4.5318e-19   1.8467e-19
 8540.00   4.7066e-19   1.9614e-19
 8545.00   2.5960e-19   1.7642e-19
 8550.00   2.0509e-19   2.2318e-19
 8555.00   5.3023e-19   1.8529e-19
 8560.00   9.4550e-20   1.9170e-19
 8565.00   4.6415e-19   1.8630e-19
 8570.00   6.3375e-19   1.8875e-19
 8575.00   3.5714e-19   1.9167e-19
 8580.00   6.4481e-19   1.8570e-19
 8585.00   4.9424e-19   1.8421e-19
 8590.00   7.2863e-19   2.0242e-19
 8595.00   2.6025e-19   1.9997e-19
 8600.00   4.2888e-19   1.8752e-19
 8605.00   4.4777e-19   1.8686e-19
 8610.00   4.8106e-19   1.9873e-19
 8615.00   9.7858e-20   2.3346e-19
 8620.00   5.2942e-19   2.7549e-19
 8625.00   3.6457e-19   2.8942e-19
 8630.00   1.5137e-19   3.0423e-19
 8635.00   8.2274e-21   2.8147e-19
 8640.00   2.8103e-19   2.4699e-19
 8645.00   2.7698e-19   2.0987e-19
 8650.00   3.3583e-19   2.5414e-19
 8655.00   3.3699e-19   2.5828e-19
 8660.00   3.5370e-19   2.4201e-19
 8665.00   6.2409e-19   2.4803e-19
 8670.00   5.9256e-19   2.5139e-19
 8675.00   9.0602e-20   2.3254e-19
 8680.00   4.0600e-19   2.2473e-19
 8685.00   7.6634e-20   2.0655e-19
 8690.00   2.8404e-19   1.9874e-19
 8695.00   3.7260e-19   1.9939e-19
 8700.00   5.4141e-19   2.1068e-19
 8705.00  -9.6645e-21   2.0265e-19
 8710.00   5.4254e-19   1.9859e-19
 8715.00   5.7929e-19   1.8944e-19
 8720.00   1.8812e-19   1.8612e-19
 8725.00   3.9565e-19   1.9517e-19
 8730.00   2.2300e-19   1.8635e-19
 8735.00   2.6434e-19   1.8931e-19
 8740.00   1.9667e-19   1.9673e-19
 8745.00   2.8113e-19   1.9405e-19
 8750.00   1.3703e-19   1.9250e-19
 8755.00   4.7572e-19   1.9222e-19
 8760.00   5.7558e-19   3.3072e-19
 8765.00   3.0679e-19   2.5033e-19
 8770.00   1.6284e-19   2.3695e-19
 8775.00   3.5476e-19   2.3135e-19
 8780.00   7.2661e-20   2.2860e-19
 8785.00   5.4991e-19   1.9550e-19
 8790.00   3.3058e-19   2.3327e-19
 8795.00   4.0005e-19   1.9205e-19
 8800.00   4.9757e-19   1.9418e-19
 8805.00   9.3362e-19   1.9081e-19
 8810.00   3.9083e-19   2.0961e-19
 8815.00   2.5753e-19   1.8889e-19
 8820.00   3.1835e-19   2.4936e-19
 8825.00   7.7601e-19   3.5071e-19
 8830.00   2.7331e-19   2.9517e-19
 8835.00   1.7339e-19   3.8110e-19
 8840.00   6.2476e-19   2.3935e-19
 8845.00   4.1450e-19   2.4523e-19
 8850.00   1.0979e-18   2.7797e-19
 8855.00   2.5916e-19   2.2898e-19
 8860.00   2.9944e-19   2.3151e-19
 8865.00   2.0126e-19   2.5666e-19
 8870.00   2.5422e-19   2.3375e-19
 8875.00   3.7282e-19   2.0885e-19
 8880.00   4.4623e-19   2.0711e-19
 8885.00   3.7971e-19   2.6993e-19
 8890.00   3.3302e-19   2.1652e-19
 8895.00   4.5204e-19   2.1803e-19
 8900.00   7.3172e-19   2.1124e-19
 8905.00   7.0358e-19   2.4887e-19
 8910.00   1.1612e-19   2.1503e-19
 8915.00   2.9985e-19   1.9802e-19
 8920.00   1.7386e-19   2.6286e-19
 8925.00   5.8284e-19   2.0723e-19
 8930.00   5.2707e-19   2.0808e-19
 8935.00   3.0119e-19   2.0296e-19
 8940.00   6.1084e-19   1.9622e-19
 8945.00   2.3780e-19   2.2116e-19
 8950.00   6.7697e-19   1.8569e-19
 8955.00   4.1773e-19   1.9071e-19
 8960.00   3.2939e-19   2.1774e-19
 8965.00   6.2672e-19   1.7670e-19
 8970.00   3.2879e-19   1.9172e-19
 8975.00   8.1885e-19   1.8074e-19
 8980.00   4.5018e-19   1.9755e-19
 8985.00   3.4569e-19   1.8443e-19
 8990.00   2.5754e-19   1.9910e-19
 8995.00   6.1401e-19   1.8413e-19
 9000.00   4.5889e-19   2.1744e-19
 9005.00   2.5565e-19   1.6516e-19
 9010.00   5.7255e-19   1.6389e-19
 9015.00   3.5647e-19   1.6082e-19
 9020.00   4.0610e-19   1.7781e-19
 9025.00   5.8711e-19   1.6388e-19
 9030.00   3.5128e-19   1.8468e-19
 9035.00   2.3887e-19   1.7818e-19
 9040.00   2.8739e-19   1.9696e-19
 9045.00   5.4424e-19   1.8400e-19
 9050.00   1.7722e-19   2.2089e-19
 9055.00   5.6928e-19   1.8385e-19
 9060.00   2.6164e-19   1.7075e-19
 9065.00   4.4394e-19   1.8753e-19
 9070.00   2.5752e-19   1.7985e-19
 9075.00   3.6167e-19   1.7533e-19
 9080.00   2.8371e-19   1.6425e-19
 9085.00   2.6535e-19   1.7485e-19
 9090.00   3.8074e-19   1.8499e-19
 9095.00   8.1580e-19   1.9669e-19
 9100.00   4.1604e-19   1.8077e-19
 9105.00  -1.0345e-19   1.8450e-19
 9110.00   4.1038e-19   1.7774e-19
 9115.00   5.1531e-19   1.7936e-19
 9120.00   4.3335e-19   1.7157e-19
 9125.00   2.8458e-19   1.8097e-19
 9130.00   1.8360e-20   1.6929e-19
 9135.00   1.6887e-19   1.7604e-19
 9140.00   3.8085e-19   1.8957e-19
 9145.00   3.8685e-19   1.9077e-19
 9150.00   3.6922e-19   2.0615e-19
 9155.00   2.9161e-20   1.9326e-19
 9160.00   4.1897e-19   2.3948e-19
 9165.00   2.9254e-19   1.9307e-19
 9170.00   2.8071e-19   1.9437e-19
 9175.00   2.4214e-19   1.8642e-19
 9180.00   4.4863e-19   2.0549e-19
 9185.00  -9.5912e-20   1.9507e-19
 9190.00   3.9544e-19   2.0591e-19
 9195.00   1.6164e-19   2.0031e-19
 9200.00   1.1027e-19   2.0255e-19
 9205.00  -9.3866e-20   1.9237e-19
 9210.00   1.4355e-19   1.9557e-19
 9215.00   2.7779e-19   2.1236e-19
 9220.00   1.9198e-19   1.9855e-19
 9225.00   2.5047e-19   2.3499e-19
 9230.00   1.8100e-20   1.9534e-19
 9235.00   1.9070e-19   1.9891e-19
 9240.00   3.3580e-19   1.9805e-19
 9245.00  -3.1638e-20   1.9965e-19
 9250.00   3.4045e-19   2.2268e-19
 9255.00   5.8888e-19   2.1216e-19
 9260.00   4.1790e-19   2.2559e-19
 9265.00   3.9921e-19   2.4957e-19
 9270.00   3.3418e-21   2.0602e-19
 9275.00   1.0853e-19   2.0368e-19
 9280.00  -9.0395e-21   1.9585e-19
 9285.00   6.2763e-19   2.2154e-19
 9290.00  -1.5243e-19   2.0902e-19
 9295.00   7.7454e-20   2.2479e-19
 9300.00  -2.7846e-19   2.6939e-19
 9305.00  -5.1222e-19   3.8064e-19
 9310.00  -3.3348e-19   4.9922e-19
 9315.00  -4.0897e-19   3.4700e-19
 9320.00   8.8922e-20   3.0798e-19
 9325.00  -1.0209e-19   3.2892e-19
 9330.00  -5.4437e-20   2.8383e-19
 9335.00  -1.0985e-19   2.3955e-19
 9340.00  -1.3874e-19   2.5893e-19
 9345.00  -4.9947e-19   2.0597e-19
 9350.00  -3.6674e-19   3.1216e-19
 9355.00  -2.6906e-19   2.1244e-19
 9360.00  -1.1684e-19   2.3109e-19
 9365.00  -5.0758e-19   2.1647e-19
 9370.00   1.4870e-20   2.2789e-19
 9375.00   4.0518e-19   5.4441e-19
 9380.00  -1.7342e-19   2.2774e-19
 9385.00  -2.6451e-19   2.4346e-19
 9390.00   6.5741e-20   2.2331e-19
 9395.00  -4.1847e-20   2.4947e-19
 9400.00  -2.9054e-19   2.5909e-19
 9405.00   3.1570e-20   2.4064e-19
 9410.00  -2.3932e-20   2.0844e-19
 9415.00  -2.0676e-19   2.2295e-19
 9420.00  -2.1463e-19   3.1948e-19
 9425.00  -4.5632e-19   2.2177e-19
 9430.00   1.9306e-20   1.9333e-19
 9435.00  -1.3374e-19   2.3719e-19
 9440.00  -2.5133e-20   3.6790e-19
 9445.00   2.3763e-19   2.2396e-19
 9450.00  -8.1706e-20   2.5637e-19
 9455.00   2.1845e-19   2.2208e-19
 9460.00  -5.4483e-19   2.6959e-19
 9465.00   8.3483e-20   2.1233e-19
 9470.00  -2.5092e-19   2.0522e-19
 9475.00   4.9103e-19   2.9605e-19
 9480.00   2.6227e-19   2.2788e-19
 9485.00  -2.0464e-19   2.2489e-19
 9490.00   6.1732e-20   2.4498e-19
 9495.00   3.3790e-19   1.9819e-19
 9500.00  -2.1133e-20   2.1862e-19
 9505.00   8.7528e-20   2.6805e-19
 9510.00  -1.8336e-19   2.2343e-19
 9515.00   1.2028e-19   2.1233e-19
 9520.00  -1.0652e-20   2.6996e-19
 9525.00  -1.8293e-20   2.1408e-19
 9530.00  -2.1898e-19   2.3634e-19
 9535.00  -8.2843e-20   2.5556e-19
 9540.00  -9.9272e-20   2.1264e-19
 9545.00   9.9288e-20   1.9748e-19
 9550.00   1.2566e-19   2.4732e-19
 9555.00  -3.2152e-19   2.1876e-19
 9560.00   1.3278e-19   2.3462e-19
 9565.00   3.5510e-19   2.5589e-19
 9570.00   4.0424e-19   2.7869e-19
 9575.00  -2.2384e-19   2.3133e-19
 9580.00  -8.3897e-20   1.9648e-19
 9585.00  -2.5153e-20   2.1507e-19
 9590.00   6.7562e-20   2.0428e-19
 9595.00   1.2367e-19   2.1273e-19
 9600.00  -2.1683e-19   2.1116e-19
 9605.00   2.7366e-19   2.3519e-19
 9610.00  -1.8179e-19   2.5356e-19
 9615.00   6.2835e-20   2.3093e-19
 9620.00   1.7019e-19   2.9827e-19
 9625.00  -5.4931e-20   2.4199e-19
 9630.00  -4.3879e-20   2.6183e-19
 9635.00   1.0562e-19   2.2461e-19
 9640.00   1.2285e-19   2.3159e-19
 9645.00   2.4797e-19   2.2174e-19
 9650.00   4.0027e-19   2.5015e-19
 9655.00   4.4070e-19   2.7079e-19
 9660.00  -4.4774e-19   2.6527e-19
 9665.00   2.8076e-21   2.4544e-19
 9670.00  -3.3095e-20   3.5346e-19
 9675.00   6.2228e-19   2.9831e-19
 9680.00   5.0840e-20   4.2165e-19
 9685.00  -1.0668e-19   3.0607e-19
 9690.00  -1.5883e-19   3.1387e-19
 9695.00   2.4935e-19   2.9085e-19
 9700.00   2.5887e-19   3.8184e-19
 9705.00  -9.7280e-21   2.9019e-19
 9710.00   4.5161e-19   3.4079e-19
 9715.00   3.3375e-19   2.9568e-19
 9720.00  -1.1957e-19   4.5509e-19
 9725.00  -4.0918e-19   3.1457e-19
 9730.00   7.7383e-20   3.1326e-19
 9735.00   1.6807e-19   3.6147e-19
 9740.00   1.6403e-19   3.4754e-19
 9745.00   4.3008e-20   3.5783e-19
 9750.00  -4.7960e-19   2.8941e-19
 9755.00   7.9439e-20   3.0149e-19
 9760.00  -1.3505e-19   2.9498e-19
 9765.00   9.3297e-20   3.0332e-19
 9770.00  -4.3171e-19   3.4298e-19
 9775.00  -6.6995e-20   3.1468e-19
 9780.00   5.5587e-19   3.2384e-19
 9785.00   4.0746e-19   3.3595e-19
 9790.00  -1.8754e-19   6.4127e-19
 9795.00   3.4557e-19   4.0593e-19
 9800.00   4.5572e-19   4.5197e-19
 9805.00  -4.7189e-19   3.7490e-19
 9810.00  -7.3780e-19   4.4935e-19
 9815.00  -4.8271e-19   4.0910e-19
 9820.00   1.1558e-19   3.8812e-19
 9825.00  -6.7531e-19   3.7023e-19
 9830.00  -4.5193e-19   3.9549e-19
 9835.00   1.9182e-20   3.7250e-19
 9840.00   4.8694e-19   3.6538e-19
 9845.00   3.6139e-19   3.9168e-19
 9850.00   4.1139e-19   4.8017e-19
 9855.00  -2.0804e-19   3.7193e-19
 9860.00  -8.7361e-20   3.7242e-19
 9865.00   1.1242e-18   5.5922e-19
 9870.00   1.0809e-18   8.1019e-19
 9875.00   1.7034e-18   6.6522e-19
 9880.00  -6.8212e-21   5.2447e-19
 9885.00  -6.9602e-19   5.9283e-19
 9890.00  -4.3745e-21   5.3854e-19
 9895.00  -2.2918e-19   7.8596e-19
 9900.00  -4.0138e-19   5.3077e-19
 9905.00  -1.7914e-19   5.1273e-19
 9910.00   9.6083e-19   5.8360e-19
 9915.00  -6.5947e-19   9.5973e-19
 9920.00   1.2095e-18   5.5383e-19
 9925.00   4.8022e-19   5.0015e-19
 9930.00   4.7784e-19   5.0098e-19
 9935.00  -3.4819e-19   5.2507e-19
 9940.00   1.8918e-18   7.8525e-19
 9945.00  -9.6459e-19   1.2921e-18
 9950.00   2.6796e-19   7.9967e-19
 9955.00   8.5373e-19   8.9350e-19
 9960.00   5.2181e-19   1.0471e-18
 9965.00   6.9451e-19   6.2732e-19
 9970.00  -1.3477e-20   6.5809e-19
 9975.00   1.6714e-18   6.8139e-19
 9980.00  -2.6744e-19   6.0909e-19
 9985.00  -3.8670e-19   4.9598e-19
 9990.00   5.3121e-19   5.2055e-19
