 
TRANSIENT_NAME:     DES15S2okl 
SNID:               1344274    
OBS_DATE:           2016-01-12
MJD:                57399. 
PHASE:              +1.    
MJD_MAX:            57398.1
TYPE:               1  
SPEC_EVAL:          SNIa
REDSHIFT:           0.1700  
REDSHIFT_ERR:       0.0050  
REDSHIFT_SOURCE:    Z_SN
TELESCOPE:          SALT
INSTRUMENT:         RSS
 
======================================
 
# WAVE  FLUX  FLUX_ERR
 3835.10   2.2495e-19   2.1180e-19
 3838.18   4.5902e-19   2.7241e-19
 3841.25   5.8785e-19   2.8090e-19
 3844.32   4.9615e-19   2.7227e-19
 3847.40   4.5087e-19   2.4536e-19
 3850.47   5.2531e-19   2.6251e-19
 3853.55   5.2426e-19   2.6762e-19
 3856.62   5.5302e-19   2.6761e-19
 3859.70   5.9097e-19   2.5915e-19
 3862.77   3.8536e-19   2.3727e-19
 3865.84   3.2595e-19   2.3952e-19
 3868.92   4.4254e-19   2.4992e-19
 3871.99   5.9897e-19   2.6639e-19
 3875.07   5.3511e-19   2.5786e-19
 3878.14   7.6342e-19   2.7434e-19
 3881.22   9.1133e-19   2.9875e-19
 3884.29   9.1609e-19   2.8939e-19
 3887.36   6.9077e-19   2.7898e-19
 3890.44   6.2970e-19   2.9979e-19
 3893.51   9.2050e-19   3.1240e-19
 3896.59   7.7283e-19   3.0117e-19
 3899.66   5.8990e-19   2.9057e-19
 3902.73   7.2562e-19   3.0142e-19
 3905.81   6.5212e-19   3.0155e-19
 3908.88   8.4091e-19   2.9016e-19
 3911.96   7.7882e-19   2.7245e-19
 3915.03   6.0877e-19   2.6304e-19
 3918.11   7.0324e-19   2.6093e-19
 3921.18   5.1806e-19   2.7907e-19
 3924.25   6.8636e-19   2.5514e-19
 3927.33   8.0246e-19   2.5754e-19
 3930.40   1.0394e-18   2.6923e-19
 3933.48   8.9062e-19   2.5925e-19
 3936.55   1.0550e-18   2.6783e-19
 3939.63   8.5979e-19   2.7110e-19
 3942.70   6.9305e-19   2.8138e-19
 3945.77   9.6142e-19   2.7336e-19
 3948.85   1.1549e-18   2.7463e-19
 3951.92   9.9552e-19   2.6886e-19
 3955.00   9.3231e-19   2.5374e-19
 3958.07   9.9560e-19   2.5268e-19
 3961.15   8.6535e-19   2.5635e-19
 3964.22   1.1491e-18   2.7699e-19
 3967.29   1.0753e-18   2.7575e-19
 3970.37   1.0600e-18   2.9405e-19
 3973.44   1.0978e-18   2.8255e-19
 3976.52   1.2145e-18   2.7397e-19
 3979.59   1.1952e-18   2.6905e-19
 3982.67   9.5244e-19   2.6556e-19
 3985.74   1.0397e-18   2.7193e-19
 3988.81   1.0827e-18   2.8459e-19
 3991.89   9.5004e-19   2.7362e-19
 3994.96   9.7210e-19   2.6706e-19
 3998.04   1.1564e-18   2.7199e-19
 4001.11   1.1386e-18   2.8834e-19
 4004.18   1.1289e-18   2.8670e-19
 4007.26   1.0673e-18   2.7590e-19
 4010.33   1.1505e-18   2.9194e-19
 4013.41   1.0622e-18   2.8817e-19
 4016.48   1.2206e-18   2.8563e-19
 4019.56   8.6184e-19   2.7078e-19
 4022.63   9.8670e-19   2.6604e-19
 4025.70   1.0028e-18   2.6971e-19
 4028.78   1.2151e-18   2.7734e-19
 4031.85   1.1601e-18   2.7935e-19
 4034.93   1.0578e-18   2.6957e-19
 4038.00   1.5182e-18   2.8020e-19
 4041.08   1.6598e-18   2.8572e-19
 4044.15   1.2042e-18   2.8121e-19
 4047.22   1.2539e-18   2.7166e-19
 4050.30   1.3435e-18   2.8712e-19
 4053.37   1.5320e-18   3.0427e-19
 4056.45   1.5411e-18   2.9631e-19
 4059.52   1.4524e-18   2.8598e-19
 4062.60   1.1897e-18   2.8501e-19
 4065.67   1.3580e-18   2.8439e-19
 4068.74   1.6178e-18   2.8752e-19
 4071.82   1.7920e-18   2.9959e-19
 4074.89   1.6842e-18   2.9303e-19
 4077.97   1.7388e-18   2.8514e-19
 4081.04   1.6111e-18   2.8110e-19
 4084.11   1.8006e-18   2.8264e-19
 4087.19   1.6847e-18   2.8043e-19
 4090.26   1.4415e-18   2.7861e-19
 4093.34   1.4390e-18   2.7386e-19
 4096.41   1.7167e-18   2.8732e-19
 4099.49   1.8367e-18   2.7457e-19
 4102.56   1.9277e-18   2.7976e-19
 4105.63   1.6000e-18   2.6037e-19
 4108.71   1.7487e-18   2.6709e-19
 4111.78   1.8081e-18   2.7353e-19
 4114.86   1.8154e-18   2.7168e-19
 4117.93   1.9048e-18   2.6954e-19
 4121.01   1.9052e-18   2.6939e-19
 4124.08   2.1156e-18   2.7896e-19
 4127.15   2.2808e-18   2.7757e-19
 4130.23   2.1816e-18   2.7596e-19
 4133.30   2.1532e-18   2.8068e-19
 4136.38   2.0339e-18   2.7103e-19
 4139.45   1.8907e-18   2.7725e-19
 4142.53   1.7380e-18   2.6749e-19
 4145.60   1.9613e-18   2.7441e-19
 4148.67   2.1721e-18   2.8483e-19
 4151.75   2.0074e-18   2.8515e-19
 4154.82   2.4154e-18   3.0390e-19
 4157.90   2.1585e-18   2.8899e-19
 4160.97   2.0640e-18   2.8477e-19
 4164.05   1.7902e-18   2.7917e-19
 4167.12   2.2243e-18   2.9110e-19
 4170.19   1.9573e-18   2.8101e-19
 4173.27   1.8786e-18   2.8000e-19
 4176.34   1.8363e-18   2.7934e-19
 4179.42   2.0138e-18   2.7303e-19
 4182.49   1.9450e-18   2.7295e-19
 4185.56   1.9722e-18   2.7112e-19
 4188.64   2.1267e-18   2.6849e-19
 4191.71   2.4272e-18   2.7028e-19
 4194.79   2.2756e-18   2.6684e-19
 4197.86   2.1754e-18   2.6136e-19
 4200.94   2.3448e-18   2.6730e-19
 4204.01   2.4372e-18   2.7151e-19
 4207.08   2.2504e-18   2.6594e-19
 4210.16   2.2755e-18   2.6486e-19
 4213.23   2.2587e-18   2.6436e-19
 4216.31   2.1622e-18   2.5874e-19
 4219.38   2.3875e-18   2.6725e-19
 4222.46   2.5581e-18   2.6152e-19
 4225.53   2.7103e-18   2.6363e-19
 4228.60   2.3752e-18   2.5772e-19
 4231.68   2.2824e-18   2.5766e-19
 4234.75   2.3246e-18   2.6022e-19
 4237.83   2.2771e-18   2.5526e-19
 4240.90   2.4355e-18   2.6152e-19
 4243.98   2.3597e-18   2.6207e-19
 4247.05   2.4217e-18   2.6498e-19
 4250.12   2.4212e-18   2.6072e-19
 4253.20   2.4337e-18   2.5744e-19
 4256.27   2.2920e-18   2.5703e-19
 4259.35   2.1646e-18   2.5487e-19
 4262.42   2.4433e-18   2.6146e-19
 4265.50   2.3261e-18   2.6032e-19
 4268.57   2.3328e-18   2.5902e-19
 4271.64   2.4049e-18   2.5786e-19
 4274.72   2.3110e-18   2.5406e-19
 4277.79   2.2975e-18   2.5629e-19
 4280.87   2.2459e-18   2.5692e-19
 4283.94   2.0309e-18   2.4991e-19
 4287.02   2.1520e-18   2.5052e-19
 4290.09   2.0228e-18   2.4470e-19
 4293.16   2.0038e-18   2.3959e-19
 4296.24   1.9268e-18   2.4002e-19
 4299.31   1.7361e-18   2.3437e-19
 4302.39   1.7686e-18   2.3555e-19
 4305.46   1.7904e-18   2.2991e-19
 4308.53   1.7269e-18   2.3133e-19
 4311.61   1.7326e-18   2.4052e-19
 4314.68   1.7098e-18   2.3827e-19
 4317.76   1.7445e-18   2.3800e-19
 4320.83   1.9741e-18   2.4167e-19
 4323.91   1.9494e-18   2.4443e-19
 4326.98   1.8026e-18   2.3632e-19
 4330.05   1.7142e-18   2.3398e-19
 4333.13   1.6679e-18   2.2591e-19
 4336.20   1.7145e-18   2.2931e-19
 4339.28   1.8561e-18   2.3103e-19
 4342.35   1.8428e-18   2.3400e-19
 4345.43   1.5136e-18   2.2494e-19
 4348.50   1.4803e-18   2.2580e-19
 4351.57   1.5874e-18   2.2887e-19
 4354.65   1.4471e-18   2.2977e-19
 4357.72   1.4697e-18   2.3435e-19
 4360.80   1.4372e-18   2.2893e-19
 4363.87   1.5446e-18   2.3150e-19
 4366.95   1.7608e-18   2.3690e-19
 4370.02   1.5325e-18   2.2416e-19
 4373.09   1.4785e-18   2.1860e-19
 4376.17   1.3263e-18   2.1443e-19
 4379.24   1.3984e-18   2.2005e-19
 4382.32   1.3848e-18   2.2113e-19
 4385.39   1.2693e-18   2.2396e-19
 4388.46   1.3107e-18   2.2467e-19
 4391.54   1.4896e-18   2.2778e-19
 4394.61   1.6058e-18   2.3144e-19
 4397.69   1.6192e-18   2.3213e-19
 4400.76   1.5525e-18   2.3682e-19
 4403.84   1.4418e-18   2.2786e-19
 4406.91   1.3208e-18   2.2530e-19
 4409.98   1.3686e-18   2.2742e-19
 4413.06   1.3850e-18   2.2590e-19
 4416.13   1.4878e-18   2.2712e-19
 4419.21   1.5465e-18   2.2790e-19
 4422.28   1.5561e-18   2.3146e-19
 4425.36   1.6450e-18   2.2805e-19
 4428.43   1.6895e-18   2.2474e-19
 4431.50   1.4576e-18   2.1821e-19
 4434.58   1.4472e-18   2.2084e-19
 4437.65   1.6720e-18   2.2641e-19
 4440.73   1.6376e-18   2.2047e-19
 4443.80   1.4596e-18   2.1878e-19
 4446.88   1.6607e-18   2.2255e-19
 4449.95   1.8823e-18   2.2638e-19
 4453.02   1.9482e-18   2.2633e-19
 4456.10   1.9640e-18   2.2398e-19
 4459.17   2.0059e-18   2.2293e-19
 4462.25   2.0008e-18   2.2247e-19
 4465.32   2.0369e-18   2.2532e-19
 4468.40   2.0918e-18   2.2472e-19
 4471.47   2.1219e-18   2.2338e-19
 4474.54   1.9794e-18   2.1864e-19
 4477.62   1.9655e-18   2.1530e-19
 4480.69   2.1160e-18   2.1732e-19
 4483.77   2.1773e-18   2.2115e-19
 4486.84   2.2450e-18   2.2425e-19
 4489.92   2.2142e-18   2.2640e-19
 4492.99   2.1828e-18   2.2492e-19
 4496.06   2.2797e-18   2.2405e-19
 4499.14   2.3431e-18   2.2727e-19
 4502.21   2.4388e-18   2.2973e-19
 4505.29   2.4726e-18   2.2726e-19
 4508.36   2.5007e-18   2.2543e-19
 4511.43   2.5346e-18   2.2794e-19
 4514.51   2.4444e-18   2.2561e-19
 4517.58   2.6125e-18   2.2725e-19
 4520.66   2.7944e-18   2.3169e-19
 4523.73   2.5327e-18   2.2588e-19
 4526.81   2.3471e-18   2.2245e-19
 4529.88   2.6178e-18   2.2759e-19
 4532.95   2.7730e-18   2.3182e-19
 4536.03   2.6801e-18   2.2964e-19
 4539.10   2.6284e-18   2.2821e-19
 4542.18   2.5203e-18   2.2666e-19
 4545.25   2.4161e-18   2.2389e-19
 4548.33   2.4127e-18   2.2258e-19
 4551.40   2.6861e-18   2.2667e-19
 4554.47   2.5774e-18   2.2598e-19
 4557.55   2.4653e-18   2.2134e-19
 4560.62   2.6764e-18   2.2339e-19
 4563.70   2.6164e-18   2.1972e-19
 4566.77   2.5880e-18   2.2026e-19
 4569.85   2.5184e-18   2.2067e-19
 4572.92   2.5529e-18   2.2163e-19
 4575.99   2.6962e-18   2.2732e-19
 4579.07   2.7115e-18   2.2662e-19
 4582.14   2.5607e-18   2.2007e-19
 4585.22   2.5460e-18   2.2283e-19
 4588.29   2.5389e-18   2.2347e-19
 4591.36   2.6225e-18   2.2129e-19
 4594.44   2.4747e-18   2.1597e-19
 4597.51   2.4387e-18   2.1638e-19
 4600.59   2.3988e-18   2.1580e-19
 4603.66   2.2965e-18   2.1345e-19
 4606.74   2.4592e-18   2.1691e-19
 4609.81   2.6260e-18   2.1845e-19
 4612.88   2.6075e-18   2.1877e-19
 4615.96   2.6948e-18   2.2127e-19
 4619.03   2.5591e-18   2.1872e-19
 4622.11   2.4375e-18   2.1687e-19
 4625.18   2.5136e-18   2.1460e-19
 4628.26   2.5449e-18   2.1508e-19
 4631.33   2.4612e-18   2.1510e-19
 4634.40   2.4939e-18   2.1383e-19
 4637.48   2.3823e-18   2.1040e-19
 4640.55   2.3082e-18   2.0798e-19
 4643.63   2.4000e-18   2.1115e-19
 4646.70   2.6235e-18   2.1476e-19
 4649.78   2.5292e-18   2.1267e-19
 4652.85   2.2806e-18   2.1045e-19
 4655.92   2.4076e-18   2.1050e-19
 4659.00   2.4505e-18   2.0888e-19
 4662.07   2.4087e-18   2.1094e-19
 4665.15   2.5976e-18   2.1344e-19
 4668.22   2.6997e-18   2.1461e-19
 4671.30   2.6960e-18   2.1178e-19
 4674.37   2.8534e-18   2.1563e-19
 4677.44   3.1508e-18   2.2475e-19
 4680.52   2.7152e-18   2.1692e-19
 4683.59   2.5627e-18   2.1204e-19
 4686.67   2.7240e-18   2.1732e-19
 4689.74   2.7380e-18   2.1682e-19
 4692.81   2.8496e-18   2.1729e-19
 4695.89   2.4883e-18   2.0753e-19
 4698.96   2.8386e-18   2.1325e-19
 4702.04   2.7139e-18   2.1214e-19
 4705.11   2.6891e-18   2.1141e-19
 4708.19   2.6924e-18   2.0809e-19
 4711.26   3.0139e-18   2.1694e-19
 4714.33   3.0070e-18   2.1504e-19
 4717.41   2.7320e-18   2.0850e-19
 4720.48   2.7859e-18   2.0948e-19
 4723.56   2.5464e-18   2.0641e-19
 4726.63   2.7360e-18   2.0704e-19
 4729.71   2.8937e-18   2.0955e-19
 4732.78   2.7903e-18   2.1005e-19
 4735.85   2.7688e-18   2.0827e-19
 4738.93   2.8836e-18   2.0888e-19
 4742.00   2.7738e-18   2.0540e-19
 4745.08   2.8052e-18   2.0771e-19
 4748.15   2.6087e-18   2.0464e-19
 4751.23   2.4412e-18   1.9786e-19
 4754.30   2.6452e-18   2.0248e-19
 4757.37   2.6009e-18   2.0071e-19
 4760.45   2.5360e-18   1.9985e-19
 4763.52   2.7263e-18   2.0622e-19
 4766.60   2.5566e-18   2.0229e-19
 4769.67   2.3659e-18   1.9866e-19
 4772.75   2.5147e-18   2.0342e-19
 4775.82   2.6621e-18   2.0587e-19
 4778.89   2.5130e-18   1.9606e-19
 4781.97   2.5755e-18   1.9955e-19
 4785.04   2.4602e-18   1.9967e-19
 4788.12   2.3363e-18   1.9607e-19
 4791.19   2.4540e-18   2.0263e-19
 4794.27   2.4767e-18   2.0189e-19
 4797.34   2.5632e-18   1.9898e-19
 4800.41   2.4653e-18   1.9836e-19
 4803.49   2.4303e-18   1.9756e-19
 4806.56   2.2551e-18   1.9493e-19
 4809.64   2.2526e-18   1.9596e-19
 4812.71   2.2420e-18   1.9674e-19
 4815.78   2.3175e-18   1.9760e-19
 4818.86   2.2552e-18   1.9724e-19
 4821.93   2.3691e-18   2.0049e-19
 4825.01   2.4875e-18   2.0170e-19
 4828.08   2.3111e-18   1.9726e-19
 4831.16   2.0874e-18   1.9602e-19
 4834.23   2.1713e-18   1.9510e-19
 4837.30   2.2921e-18   1.9664e-19
 4840.38   2.5082e-18   2.0064e-19
 4843.45   2.3900e-18   1.9734e-19
 4846.53   2.2604e-18   1.9461e-19
 4849.60   2.2580e-18   1.9264e-19
 4852.68   2.2429e-18   1.9028e-19
 4855.75   2.3834e-18   1.9221e-19
 4858.82   2.3936e-18   1.9051e-19
 4861.90   2.2580e-18   1.8753e-19
 4864.97   2.1487e-18   1.8605e-19
 4868.05   2.1336e-18   1.8858e-19
 4871.12   2.0523e-18   1.8678e-19
 4874.20   2.0557e-18   1.8544e-19
 4877.27   2.0387e-18   1.8401e-19
 4880.34   2.0516e-18   1.8210e-19
 4883.42   2.1192e-18   1.8415e-19
 4886.49   2.1005e-18   1.8522e-19
 4889.57   2.0467e-18   1.8586e-19
 4892.64   2.0450e-18   1.8485e-19
 4895.71   2.0681e-18   1.8384e-19
 4898.79   1.9519e-18   1.8290e-19
 4901.86   1.8879e-18   1.8245e-19
 4904.94   1.9530e-18   1.8136e-19
 4908.01   1.8530e-18   1.7703e-19
 4911.09   1.7827e-18   1.7682e-19
 4914.16   1.8611e-18   1.7679e-19
 4917.23   1.8717e-18   1.7557e-19
 4920.31   1.9090e-18   1.7854e-19
 4923.38   1.9568e-18   1.7939e-19
 4926.46   1.9652e-18   1.7846e-19
 4929.53   1.7916e-18   1.7547e-19
 4932.61   1.8830e-18   1.7524e-19
 4935.68   1.7914e-18   1.7393e-19
 4938.75   8.0983e-19   1.1773e-19
 4941.83   1.0836e-19   3.9775e-20
 5098.61   1.3757e-18   1.5568e-19
 5101.69   1.5530e-18   1.6354e-19
 5104.76   1.4510e-18   1.6111e-19
 5107.84   1.6484e-18   1.6460e-19
 5110.91   1.7636e-18   1.6506e-19
 5113.99   1.5015e-18   1.5901e-19
 5117.06   1.5410e-18   1.6190e-19
 5120.13   1.4603e-18   1.5941e-19
 5123.21   1.5403e-18   1.5904e-19
 5126.28   1.4888e-18   1.6053e-19
 5129.36   1.5476e-18   1.6247e-19
 5132.43   1.4820e-18   1.6207e-19
 5135.51   1.6874e-18   1.6508e-19
 5138.58   1.6885e-18   1.6536e-19
 5141.65   1.7933e-18   1.6851e-19
 5144.73   1.7263e-18   1.6455e-19
 5147.80   1.7020e-18   1.6161e-19
 5150.88   1.7589e-18   1.6512e-19
 5153.95   1.6199e-18   1.6418e-19
 5157.03   1.6540e-18   1.6218e-19
 5160.10   1.7039e-18   1.6250e-19
 5163.17   1.7755e-18   1.6306e-19
 5166.25   1.6647e-18   1.6223e-19
 5169.32   1.6538e-18   1.6684e-19
 5172.40   1.7260e-18   1.6785e-19
 5175.47   1.8231e-18   1.6725e-19
 5178.55   1.7651e-18   1.6468e-19
 5181.62   1.7826e-18   1.6818e-19
 5184.69   1.7930e-18   1.7114e-19
 5187.77   1.6835e-18   1.7050e-19
 5190.84   1.7772e-18   1.7575e-19
 5193.92   1.8785e-18   1.7897e-19
 5196.99   1.9322e-18   1.8372e-19
 5200.06   1.8892e-18   1.8150e-19
 5203.14   1.9058e-18   1.8085e-19
 5206.21   2.0219e-18   1.8442e-19
 5209.29   2.1800e-18   1.7863e-19
 5212.36   2.0541e-18   1.6934e-19
 5215.44   1.9823e-18   1.6605e-19
 5218.51   1.9631e-18   1.6846e-19
 5221.58   1.9971e-18   1.7159e-19
 5224.66   2.0312e-18   1.6773e-19
 5227.73   2.0063e-18   1.6829e-19
 5230.81   1.9628e-18   1.6606e-19
 5233.88   2.0320e-18   1.6752e-19
 5236.96   1.9575e-18   1.6593e-19
 5240.03   1.9854e-18   1.6698e-19
 5243.10   2.3139e-18   1.7331e-19
 5246.18   2.4491e-18   1.7470e-19
 5249.25   2.2187e-18   1.6867e-19
 5252.33   2.3497e-18   1.7329e-19
 5255.40   1.9949e-18   1.6514e-19
 5258.48   2.0427e-18   1.6500e-19
 5261.55   1.8584e-18   1.6192e-19
 5264.62   2.2541e-18   1.6818e-19
 5267.70   2.2101e-18   1.6416e-19
 5270.77   2.2477e-18   1.6580e-19
 5273.85   2.1715e-18   1.6369e-19
 5276.92   2.2592e-18   1.6876e-19
 5280.00   2.2764e-18   1.6698e-19
 5283.07   2.1573e-18   1.6776e-19
 5286.14   2.2100e-18   1.6879e-19
 5289.22   2.1090e-18   1.6525e-19
 5292.29   2.3117e-18   1.7234e-19
 5295.37   2.4820e-18   1.7410e-19
 5298.44   2.2468e-18   1.7149e-19
 5301.52   2.0846e-18   1.6605e-19
 5304.59   2.0187e-18   1.6724e-19
 5307.66   1.8880e-18   1.6456e-19
 5310.74   1.9987e-18   1.6542e-19
 5313.81   2.2519e-18   1.7066e-19
 5316.89   2.3540e-18   1.7065e-19
 5319.96   1.8660e-18   1.6673e-19
 5323.03   2.0710e-18   1.6264e-19
 5326.11   2.2425e-18   1.6930e-19
 5329.18   2.0792e-18   1.6667e-19
 5332.26   2.1178e-18   1.6694e-19
 5335.33   2.1861e-18   1.6710e-19
 5338.41   2.0388e-18   1.6427e-19
 5341.48   2.0270e-18   1.6366e-19
 5344.55   1.8492e-18   1.5956e-19
 5347.63   1.9655e-18   1.6266e-19
 5350.70   2.0204e-18   1.6651e-19
 5353.78   2.2110e-18   1.6710e-19
 5356.85   2.3043e-18   1.6726e-19
 5359.93   2.1248e-18   1.6255e-19
 5363.00   2.2640e-18   1.6971e-19
 5366.07   1.9288e-18   1.6297e-19
 5369.15   1.9506e-18   1.6552e-19
 5372.22   2.0128e-18   1.6317e-19
 5375.30   1.9780e-18   1.6232e-19
 5378.37   1.9670e-18   1.5982e-19
 5381.45   2.1059e-18   1.6225e-19
 5384.52   2.1233e-18   1.6363e-19
 5387.59   2.1109e-18   1.6331e-19
 5390.67   1.7567e-18   1.5651e-19
 5393.74   1.6990e-18   1.5449e-19
 5396.82   1.6848e-18   1.5474e-19
 5399.89   1.6924e-18   1.5639e-19
 5402.96   1.8723e-18   1.5922e-19
 5406.04   1.8563e-18   1.5915e-19
 5409.11   1.7776e-18   1.5629e-19
 5412.19   1.7808e-18   1.5400e-19
 5415.26   1.8064e-18   1.5616e-19
 5418.34   1.7961e-18   1.5455e-19
 5421.41   1.7296e-18   1.5549e-19
 5424.48   1.7038e-18   1.5631e-19
 5427.56   1.6617e-18   1.5788e-19
 5430.63   2.0050e-18   1.6140e-19
 5433.71   1.8677e-18   1.5821e-19
 5436.78   1.6695e-18   1.5700e-19
 5439.86   1.7275e-18   1.5613e-19
 5442.93   1.8302e-18   1.5846e-19
 5446.00   1.8677e-18   1.5783e-19
 5449.08   1.8946e-18   1.5868e-19
 5452.15   1.9423e-18   1.5950e-19
 5455.23   1.7693e-18   1.5751e-19
 5458.30   1.8162e-18   1.5863e-19
 5461.38   1.6871e-18   1.5790e-19
 5464.45   1.7894e-18   1.5905e-19
 5467.52   1.7211e-18   1.5763e-19
 5470.60   1.6180e-18   1.5658e-19
 5473.67   1.6141e-18   1.5474e-19
 5476.75   1.8610e-18   1.6084e-19
 5479.82   1.7890e-18   1.5833e-19
 5482.90   1.8647e-18   1.5763e-19
 5485.97   1.7223e-18   1.5637e-19
 5489.04   1.7169e-18   1.5782e-19
 5492.12   1.6883e-18   1.5852e-19
 5495.19   1.6099e-18   1.5607e-19
 5498.27   1.6318e-18   1.5512e-19
 5501.34   1.7811e-18   1.6015e-19
 5504.42   1.9836e-18   1.6119e-19
 5507.49   1.4975e-18   1.5595e-19
 5510.56   1.6193e-18   1.5591e-19
 5513.64   1.6525e-18   1.6114e-19
 5516.71   1.6450e-18   1.5763e-19
 5519.79   1.5483e-18   1.5751e-19
 5522.86   1.6175e-18   1.5563e-19
 5525.93   1.5170e-18   1.5777e-19
 5529.01   1.7807e-18   1.6466e-19
 5532.08   1.4331e-18   1.5397e-19
 5535.16   1.3969e-18   1.5471e-19
 5538.23   1.5019e-18   1.6012e-19
 5541.31   1.7787e-18   1.6367e-19
 5544.38   1.7638e-18   1.6893e-19
 5547.45   1.6446e-18   1.6404e-19
 5550.53   1.6044e-18   1.6673e-19
 5553.60   1.7065e-18   1.7377e-19
 5556.68   1.5283e-18   1.7158e-19
 5559.75   1.5340e-18   1.7279e-19
 5596.64   1.4805e-18   1.7066e-19
 5599.72   1.3770e-18   1.6917e-19
 5602.79   1.3714e-18   1.6407e-19
 5605.86   1.3580e-18   1.6416e-19
 5608.94   1.2261e-18   1.5788e-19
 5612.01   1.4243e-18   1.6023e-19
 5615.09   1.4692e-18   1.6188e-19
 5618.16   1.3228e-18   1.5563e-19
 5621.24   1.3980e-18   1.5410e-19
 5624.31   1.3007e-18   1.5236e-19
 5627.38   1.2288e-18   1.5034e-19
 5630.46   1.2034e-18   1.5025e-19
 5633.53   1.2274e-18   1.4874e-19
 5636.61   1.3123e-18   1.5357e-19
 5639.68   1.1798e-18   1.4786e-19
 5642.76   1.2603e-18   1.4891e-19
 5645.83   1.1793e-18   1.4499e-19
 5648.90   1.3721e-18   1.5254e-19
 5651.98   1.2985e-18   1.4344e-19
 5655.05   1.2361e-18   1.4603e-19
 5658.13   1.3831e-18   1.4694e-19
 5661.20   1.4109e-18   1.4775e-19
 5664.28   1.3107e-18   1.4513e-19
 5667.35   1.4342e-18   1.4916e-19
 5670.42   1.2143e-18   1.4432e-19
 5673.50   1.3298e-18   1.4507e-19
 5676.57   1.2499e-18   1.4725e-19
 5679.65   1.5796e-18   1.5165e-19
 5682.72   1.5454e-18   1.5135e-19
 5685.80   1.2118e-18   1.4048e-19
 5688.87   1.2109e-18   1.4336e-19
 5691.94   1.4706e-18   1.4783e-19
 5695.02   1.4709e-18   1.4435e-19
 5698.09   1.5001e-18   1.5130e-19
 5701.17   1.2905e-18   1.4537e-19
 5704.24   1.3151e-18   1.4393e-19
 5707.31   1.4382e-18   1.4899e-19
 5710.39   1.3320e-18   1.4465e-19
 5713.46   1.2959e-18   1.4245e-19
 5716.54   1.2910e-18   1.4324e-19
 5719.61   1.2309e-18   1.4385e-19
 5722.69   1.4330e-18   1.5123e-19
 5725.76   1.2090e-18   1.4162e-19
 5728.83   1.2399e-18   1.4562e-19
 5731.91   1.2508e-18   1.4361e-19
 5734.98   1.3348e-18   1.4198e-19
 5738.06   1.4471e-18   1.4642e-19
 5741.13   1.2470e-18   1.4465e-19
 5744.21   1.2009e-18   1.4344e-19
 5747.28   1.0870e-18   1.3853e-19
 5750.35   1.0671e-18   1.4049e-19
 5753.43   1.0950e-18   1.4131e-19
 5756.50   1.0435e-18   1.3918e-19
 5759.58   1.0958e-18   1.3922e-19
 5762.65   1.1976e-18   1.4021e-19
 5765.73   1.1772e-18   1.4202e-19
 5768.80   1.1995e-18   1.4539e-19
 5771.87   1.1539e-18   1.4197e-19
 5774.95   1.2103e-18   1.4261e-19
 5778.02   1.1385e-18   1.3909e-19
 5781.10   1.1110e-18   1.3861e-19
 5784.17   1.1918e-18   1.4164e-19
 5787.25   1.1396e-18   1.3783e-19
 5790.32   9.9145e-19   1.3435e-19
 5793.39   9.7530e-19   1.3560e-19
 5796.47   1.1388e-18   1.3720e-19
 5799.54   1.1916e-18   1.3910e-19
 5802.62   1.2169e-18   1.3759e-19
 5805.69   1.2483e-18   1.3658e-19
 5808.76   1.1166e-18   1.3274e-19
 5811.84   1.1556e-18   1.3560e-19
 5814.91   1.1397e-18   1.3302e-19
 5817.99   1.1385e-18   1.3224e-19
 5821.06   1.1819e-18   1.3681e-19
 5824.14   1.2108e-18   1.4468e-19
 5827.21   1.2438e-18   1.4205e-19
 5830.28   1.0748e-18   1.3648e-19
 5833.36   1.0062e-18   1.3639e-19
 5836.43   1.1629e-18   1.3849e-19
 5839.51   1.1302e-18   1.3659e-19
 5842.58   1.0754e-18   1.3841e-19
 5845.66   1.1154e-18   1.3984e-19
 5848.73   1.3659e-18   1.4152e-19
 5851.80   1.0816e-18   1.3553e-19
 5854.88   1.2520e-18   1.4211e-19
 5857.95   1.1441e-18   1.3977e-19
 5861.03   1.3223e-18   1.4849e-19
 5864.10   1.0953e-18   1.4816e-19
 5867.18   1.1628e-18   1.4664e-19
 5870.25   1.1088e-18   1.4586e-19
 5873.32   1.3631e-18   1.4878e-19
 5876.40   1.2910e-18   1.5093e-19
 5879.47   1.1068e-18   1.4793e-19
 5882.55   1.1940e-18   1.5575e-19
 5885.62   1.1766e-18   1.6358e-19
 5888.70   1.0782e-18   1.5712e-19
 5891.77   1.1468e-18   1.5730e-19
 5894.84   1.3310e-18   1.6842e-19
 5897.92   1.2395e-18   1.6804e-19
 5900.99   1.2595e-18   1.5344e-19
 5904.07   1.2506e-18   1.4927e-19
 5907.14   1.0839e-18   1.4367e-19
 5910.21   1.1130e-18   1.4348e-19
 5913.29   1.2972e-18   1.4742e-19
 5916.36   1.3582e-18   1.4939e-19
 5919.44   1.3059e-18   1.4549e-19
 5922.51   1.3647e-18   1.4673e-19
 5925.59   1.3755e-18   1.5292e-19
 5928.66   1.3648e-18   1.4982e-19
 5931.73   1.3772e-18   1.4966e-19
 5934.81   1.3033e-18   1.4408e-19
 5937.88   1.3298e-18   1.4150e-19
 5940.96   1.4494e-18   1.4357e-19
 5944.03   1.4382e-18   1.4604e-19
 5947.11   1.4915e-18   1.4552e-19
 5950.18   1.5111e-18   1.4691e-19
 5953.25   1.3268e-18   1.4280e-19
 5956.33   1.3910e-18   1.4291e-19
 5959.40   1.5331e-18   1.4750e-19
 5962.48   1.4735e-18   1.4703e-19
 5965.55   1.5507e-18   1.4662e-19
 5968.63   1.5296e-18   1.4430e-19
 5971.70   1.4605e-18   1.4037e-19
 5974.77   1.4799e-18   1.4451e-19
 5977.85   1.3023e-18   1.3915e-19
 5980.92   1.4341e-18   1.3836e-19
 5984.00   1.3610e-18   1.3672e-19
 5987.07   1.2927e-18   1.3398e-19
 5990.15   1.4367e-18   1.3403e-19
 5993.22   1.6787e-18   1.4249e-19
 5996.29   1.6623e-18   1.4157e-19
 5999.37   1.5500e-18   1.3700e-19
 6002.44   1.4209e-18   1.3485e-19
 6005.52   1.5185e-18   1.3791e-19
 6008.59   1.5132e-18   1.3536e-19
 6011.67   1.5518e-18   1.3817e-19
 6014.74   1.5625e-18   1.4021e-19
 6017.81   1.5755e-18   1.3699e-19
 6020.89   1.5569e-18   1.3646e-19
 6023.96   1.6460e-18   1.3486e-19
 6027.04   1.5421e-18   1.3558e-19
 6030.11   1.6371e-18   1.3676e-19
 6033.18   1.3484e-18   1.2979e-19
 6036.26   1.5945e-18   1.3620e-19
 6039.33   1.6870e-18   1.3704e-19
 6042.41   1.5448e-18   1.3395e-19
 6045.48   1.5080e-18   1.3220e-19
 6048.56   1.7242e-18   1.3583e-19
 6051.63   1.6263e-18   1.3658e-19
 6054.70   1.5168e-18   1.3402e-19
 6057.78   1.5459e-18   1.3877e-19
 6060.85   1.5270e-18   1.3487e-19
 6063.93   1.8264e-18   1.4212e-19
 6067.00   1.7474e-18   1.3866e-19
 6070.08   1.4259e-18   1.3241e-19
 6073.15   1.2956e-18   1.2999e-19
 6076.22   1.3697e-18   1.3189e-19
 6079.30   1.4628e-18   1.3296e-19
 6082.37   1.3946e-18   1.3002e-19
 6085.45   1.3518e-18   1.3041e-19
 6088.52   1.3952e-18   1.3161e-19
 6091.60   1.4540e-18   1.3331e-19
 6094.67   1.5017e-18   1.3481e-19
 6097.74   1.3849e-18   1.3177e-19
 6100.82   1.3110e-18   1.3006e-19
 6103.89   1.3103e-18   1.2955e-19
 6106.97   1.2570e-18   1.2802e-19
 6110.04   1.2246e-18   1.3070e-19
 6113.11   1.3398e-18   1.3145e-19
 6116.19   1.3313e-18   1.3202e-19
 6119.26   1.2105e-18   1.2682e-19
 6122.34   1.2465e-18   1.2973e-19
 6125.41   1.2549e-18   1.2858e-19
 6128.49   1.2739e-18   1.3126e-19
 6131.56   1.4288e-18   1.3797e-19
 6134.63   1.3921e-18   1.3572e-19
 6137.71   1.3549e-18   1.3734e-19
 6140.78   1.3416e-18   1.3407e-19
 6143.86   1.4286e-18   1.3516e-19
 6146.93   1.3444e-18   1.3476e-19
 6150.01   1.3783e-18   1.3562e-19
 6153.08   1.4824e-18   1.3816e-19
 6156.15   1.4552e-18   1.3480e-19
 6159.23   1.5499e-18   1.3383e-19
 6162.30   1.4163e-18   1.3156e-19
 6165.38   1.2980e-18   1.3527e-19
 6168.45   1.2089e-18   1.3462e-19
 6171.53   1.2472e-18   1.3281e-19
 6174.60   1.2047e-18   1.3692e-19
 6177.67   1.2881e-18   1.3366e-19
 6180.75   1.2254e-18   1.3230e-19
 6183.82   1.1189e-18   1.2938e-19
 6186.90   1.1685e-18   1.3371e-19
 6189.97   1.0882e-18   1.3158e-19
 6193.04   1.2616e-18   1.3887e-19
 6196.12   1.2945e-18   1.3403e-19
 6199.19   1.2553e-18   1.3435e-19
 6202.27   1.2337e-18   1.3558e-19
 6205.34   1.2111e-18   1.3277e-19
 6208.42   1.2346e-18   1.3206e-19
 6211.49   1.0595e-18   1.3297e-19
 6214.56   1.1586e-18   1.3522e-19
 6217.64   1.2312e-18   1.3550e-19
 6220.71   1.2027e-18   1.3457e-19
 6223.79   1.4317e-18   1.4263e-19
 6226.86   1.3766e-18   1.4728e-19
 6229.94   1.2019e-18   1.4694e-19
 6233.01   1.1346e-18   1.4701e-19
 6236.08   1.1158e-18   1.4958e-19
 6239.16   1.0599e-18   1.4940e-19
 6242.23   1.2734e-18   1.4936e-19
 6245.31   1.2077e-18   1.4637e-19
 6248.38   1.0974e-18   1.4823e-19
 6251.46   1.1770e-18   1.4989e-19
 6254.53   1.2580e-18   1.5181e-19
 6257.60   1.1154e-18   1.4922e-19
 6260.68   1.2212e-18   1.5587e-19
 6263.75   1.3014e-18   1.5467e-19
 6266.83   1.1222e-18   1.4976e-19
 6269.90   1.0746e-18   1.4143e-19
 6272.98   1.0941e-18   1.3988e-19
 6276.05   1.0686e-18   1.4488e-19
 6279.12   1.1644e-18   1.5014e-19
 6282.20   1.3323e-18   1.5730e-19
 6285.27   1.3093e-18   1.7286e-19
 6319.09   1.1589e-18   1.4757e-19
 6322.16   9.9922e-19   1.4653e-19
 6325.24   9.1443e-19   1.4421e-19
 6328.31   1.1297e-18   1.4669e-19
 6331.39   1.1484e-18   1.4878e-19
 6334.46   1.0778e-18   1.4184e-19
 6337.53   1.2396e-18   1.4451e-19
 6340.61   1.0775e-18   1.3759e-19
 6343.68   1.0568e-18   1.3448e-19
 6346.76   1.2352e-18   1.4473e-19
 6383.65   1.1620e-18   1.3132e-19
 6386.72   1.1844e-18   1.3001e-19
 6389.80   1.2067e-18   1.2916e-19
 6392.87   1.2232e-18   1.2875e-19
 6395.95   1.2673e-18   1.2742e-19
 6399.02   1.3414e-18   1.2828e-19
 6402.09   1.2316e-18   1.2303e-19
 6405.17   1.2046e-18   1.2433e-19
 6408.24   1.2630e-18   1.2496e-19
 6411.32   1.1899e-18   1.2288e-19
 6414.39   1.2673e-18   1.2634e-19
 6417.46   1.3617e-18   1.2816e-19
 6420.54   1.2808e-18   1.2595e-19
 6423.61   1.3340e-18   1.2502e-19
 6426.69   1.2756e-18   1.2721e-19
 6429.76   1.2745e-18   1.2446e-19
 6432.84   1.3606e-18   1.2456e-19
 6435.91   1.4391e-18   1.2476e-19
 6438.98   1.2550e-18   1.2183e-19
 6442.06   1.3037e-18   1.2570e-19
 6445.13   1.2608e-18   1.2406e-19
 6448.21   1.2123e-18   1.2191e-19
 6451.28   1.3941e-18   1.2796e-19
 6454.36   1.4456e-18   1.3097e-19
 6457.43   1.4146e-18   1.3358e-19
 6460.50   1.1847e-18   1.3698e-19
 6463.58   1.3697e-18   1.3917e-19
 6466.65   1.4060e-18   1.3994e-19
 6469.73   1.3981e-18   1.4009e-19
 6472.80   1.3651e-18   1.3684e-19
 6475.88   1.2593e-18   1.3276e-19
 6478.95   1.2852e-18   1.3031e-19
 6482.02   1.2841e-18   1.2890e-19
 6485.10   1.0268e-18   1.2279e-19
 6488.17   1.2003e-18   1.3213e-19
 6491.25   1.2227e-18   1.3769e-19
 6494.32   1.4022e-18   1.4418e-19
 6497.40   1.2823e-18   1.3927e-19
 6500.47   1.4107e-18   1.4453e-19
 6503.54   1.4202e-18   1.4197e-19
 6506.62   1.2610e-18   1.3516e-19
 6509.69   1.2776e-18   1.3101e-19
 6512.77   1.3477e-18   1.2807e-19
 6515.84   1.3136e-18   1.2777e-19
 6518.92   1.3578e-18   1.2787e-19
 6521.99   1.3851e-18   1.3382e-19
 6525.06   1.3398e-18   1.3739e-19
 6528.14   1.3875e-18   1.3935e-19
 6531.21   1.3965e-18   1.3638e-19
 6534.29   1.3518e-18   1.3673e-19
 6537.36   1.3536e-18   1.3975e-19
 6540.43   1.3101e-18   1.3897e-19
 6543.51   1.2902e-18   1.3730e-19
 6546.58   1.3284e-18   1.3947e-19
 6549.66   1.3927e-18   1.4374e-19
 6552.73   1.3388e-18   1.4673e-19
 6555.81   1.4238e-18   1.4955e-19
 6558.88   1.5345e-18   1.5130e-19
 6561.95   1.4382e-18   1.4498e-19
 6565.03   1.3725e-18   1.4227e-19
 6568.10   1.3510e-18   1.4399e-19
 6571.18   1.3612e-18   1.4171e-19
 6574.25   1.4720e-18   1.3797e-19
 6577.33   1.3705e-18   1.3357e-19
 6580.40   1.2923e-18   1.2845e-19
 6583.47   1.2173e-18   1.2635e-19
 6586.55   1.2746e-18   1.2724e-19
 6589.62   1.3639e-18   1.2617e-19
 6592.70   1.5921e-18   1.2916e-19
 6595.77   1.3231e-18   1.2573e-19
 6598.85   1.2491e-18   1.2596e-19
 6601.92   1.2593e-18   1.2421e-19
 6604.99   1.3110e-18   1.2552e-19
 6608.07   1.5131e-18   1.2955e-19
 6611.14   1.3843e-18   1.2401e-19
 6614.22   1.4710e-18   1.2265e-19
 6617.29   1.2751e-18   1.1550e-19
 6620.36   1.1970e-18   1.1726e-19
 6623.44   1.3407e-18   1.2104e-19
 6626.51   1.2591e-18   1.2149e-19
 6629.59   1.4572e-18   1.2001e-19
 6632.66   1.1209e-18   1.1712e-19
 6635.74   1.2489e-18   1.1541e-19
 6638.81   1.2692e-18   1.1601e-19
 6641.88   1.4195e-18   1.2108e-19
 6644.96   1.3289e-18   1.1559e-19
 6648.03   1.1153e-18   1.1300e-19
 6651.11   1.1988e-18   1.1190e-19
 6654.18   1.2369e-18   1.1469e-19
 6657.26   1.1064e-18   1.1388e-19
 6660.33   1.2688e-18   1.1768e-19
 6663.40   1.3028e-18   1.1525e-19
 6666.48   1.1576e-18   1.1172e-19
 6669.55   1.1891e-18   1.1344e-19
 6672.63   1.2399e-18   1.1417e-19
 6675.70   1.1990e-18   1.1361e-19
 6678.78   1.1725e-18   1.1312e-19
 6681.85   1.2295e-18   1.1293e-19
 6684.92   1.1741e-18   1.1235e-19
 6688.00   1.1807e-18   1.1349e-19
 6691.07   1.1666e-18   1.1522e-19
 6694.15   1.1614e-18   1.1477e-19
 6697.22   1.1257e-18   1.1344e-19
 6700.29   1.1040e-18   1.1455e-19
 6703.37   1.1874e-18   1.1830e-19
 6706.44   1.3057e-18   1.1976e-19
 6709.52   1.2624e-18   1.1888e-19
 6712.59   1.2231e-18   1.1854e-19
 6715.67   1.1807e-18   1.1829e-19
 6718.74   1.2114e-18   1.1617e-19
 6721.81   1.1357e-18   1.1354e-19
 6724.89   1.0608e-18   1.1177e-19
 6727.96   1.1155e-18   1.1315e-19
 6731.04   1.1091e-18   1.1155e-19
 6734.11   1.0861e-18   1.1239e-19
 6737.19   1.2340e-18   1.1437e-19
 6740.26   1.3796e-18   1.1744e-19
 6743.33   1.2957e-18   1.1353e-19
 6746.41   1.3447e-18   1.1402e-19
 6749.48   1.3480e-18   1.1354e-19
 6752.56   1.3662e-18   1.1454e-19
 6755.63   1.2259e-18   1.1306e-19
 6758.71   1.1944e-18   1.1190e-19
 6761.78   1.3471e-18   1.1286e-19
 6764.85   1.2645e-18   1.1157e-19
 6767.93   1.1776e-18   1.0994e-19
 6771.00   1.1057e-18   1.0863e-19
 6774.08   1.1012e-18   1.1234e-19
 6777.15   1.0947e-18   1.1006e-19
 6780.23   1.2344e-18   1.1040e-19
 6783.30   1.1858e-18   1.1087e-19
 6786.37   1.0362e-18   1.0646e-19
 6789.45   1.0931e-18   1.0772e-19
 6792.52   1.1936e-18   1.0949e-19
 6795.60   1.1456e-18   1.1150e-19
 6798.67   1.2135e-18   1.1175e-19
 6801.75   1.1775e-18   1.0970e-19
 6804.82   1.2502e-18   1.1311e-19
 6807.89   1.1955e-18   1.1256e-19
 6810.97   1.1062e-18   1.1154e-19
 6814.04   1.1435e-18   1.1593e-19
 6817.12   1.3713e-18   1.2885e-19
 6820.19   1.2833e-18   1.3682e-19
 6823.26   1.1177e-18   1.4230e-19
 6826.34   1.0813e-18   1.5038e-19
 6829.41   1.0636e-18   1.4811e-19
 6832.49   1.1137e-18   1.4906e-19
 6835.56   1.1009e-18   1.4514e-19
 6838.64   9.8001e-19   1.3325e-19
 6841.71   1.1347e-18   1.2906e-19
 6844.78   1.2576e-18   1.2407e-19
 6847.86   1.2565e-18   1.2175e-19
 6850.93   1.2266e-18   1.3157e-19
 6854.01   1.1008e-18   1.3901e-19
 6857.08   1.0950e-18   1.4151e-19
 6860.16   1.0398e-18   1.4388e-19
 6863.23   9.2756e-19   1.4606e-19
 6866.30   9.1041e-19   1.4648e-19
 6869.38   9.2621e-19   1.4866e-19
 6872.45   8.5003e-19   1.2685e-19
 6875.53   8.4640e-19   1.1591e-19
 6878.60   8.5196e-19   1.1457e-19
 6881.68   1.1182e-18   1.2024e-19
 6884.75   1.0879e-18   1.1790e-19
 6887.82   1.0008e-18   1.1766e-19
 6890.90   1.0220e-18   1.2336e-19
 6893.97   8.9039e-19   1.2098e-19
 6897.05   9.2973e-19   1.1486e-19
 6900.12   9.0443e-19   1.1796e-19
 6903.20   1.0164e-18   1.2255e-19
 6906.27   9.8755e-19   1.2089e-19
 6909.34   1.1137e-18   1.2462e-19
 6912.42   1.0664e-18   1.3592e-19
 6915.49   1.1152e-18   1.3651e-19
 6918.57   9.7925e-19   1.3208e-19
 6921.64   9.7695e-19   1.3078e-19
 6924.71   8.1766e-19   1.2417e-19
 6927.79   1.0483e-18   1.2771e-19
 6930.86   1.0425e-18   1.2502e-19
 6933.94   1.0526e-18   1.2045e-19
 6937.01   8.3740e-19   1.1902e-19
 6940.09   1.1248e-18   1.3021e-19
 6943.16   1.1199e-18   1.3004e-19
 6946.23   9.1955e-19   1.2588e-19
 6949.31   9.2949e-19   1.2367e-19
 6952.38   1.0626e-18   1.2508e-19
 6955.46   1.0203e-18   1.2318e-19
 6958.53   9.1833e-19   1.1402e-19
 6961.61   9.3672e-19   1.1378e-19
 6964.68   9.7698e-19   1.1728e-19
 6967.75   9.8790e-19   1.2013e-19
 6970.83   1.0327e-18   1.2222e-19
 6973.90   9.8904e-19   1.2277e-19
 6976.98   9.4290e-19   1.1915e-19
 6980.05   9.3457e-19   1.1768e-19
 6983.13   9.5276e-19   1.1875e-19
 6986.20   1.0292e-18   1.1466e-19
 6989.27   9.4286e-19   1.0676e-19
 6992.35   9.2012e-19   1.0577e-19
 6995.42   8.6742e-19   1.0593e-19
 6998.50   8.9720e-19   1.0878e-19
 7001.57   7.7663e-19   1.0722e-19
 7004.65   8.2689e-19   1.1141e-19
 7007.72   9.7661e-19   1.1177e-19
 7010.79   9.0102e-19   1.0945e-19
 7013.87   1.0329e-18   1.0893e-19
 7016.94   7.5357e-19   1.0198e-19
 7020.02   7.3652e-19   1.0477e-19
 7023.09   7.1238e-19   1.0523e-19
 7026.16   6.6213e-19   1.0497e-19
 7029.24   6.0164e-19   1.0242e-19
 7032.31   8.7052e-19   1.1059e-19
 7035.39   7.0828e-19   1.0394e-19
 7038.46   7.3813e-19   1.0617e-19
 7041.54   9.4989e-19   1.2630e-19
 7044.61   7.1565e-19   1.0850e-19
 7047.68   7.3602e-19   1.1492e-19
 7050.76   6.3429e-19   1.0805e-19
 7053.83   5.9141e-19   1.0507e-19
 7056.91   5.8048e-19   1.0405e-19
 7059.98   5.9435e-19   1.0588e-19
 7063.06   5.9768e-19   1.0162e-19
 7066.13   5.9404e-19   1.0489e-19
 7069.20   6.3621e-19   1.0070e-19
 7072.28   5.8503e-19   1.0519e-19
 7075.35   5.5589e-19   1.0378e-19
 7078.43   5.2580e-19   1.0805e-19
 7081.50   5.8813e-19   1.0578e-19
 7084.58   6.3423e-19   1.0252e-19
 7087.65   5.1279e-19   9.7302e-20
 7090.72   5.8605e-19   1.0481e-19
 7093.80   5.1838e-19   1.0098e-19
 7096.87   5.6480e-19   1.0006e-19
 7099.95   5.3551e-19   9.8966e-20
 7103.02   4.5218e-19   9.3005e-20
 7106.10   5.7269e-19   9.9923e-20
 7109.17   6.7512e-19   1.0091e-19
 7112.24   6.3244e-19   1.0020e-19
 7115.32   5.9853e-19   1.0089e-19
 7118.39   6.6952e-19   1.0268e-19
 7121.47   6.5287e-19   1.0304e-19
 7124.54   6.1750e-19   1.0663e-19
 7127.61   5.8849e-19   1.0420e-19
 7130.69   5.7630e-19   1.0196e-19
 7133.76   5.8374e-19   1.0233e-19
 7136.84   6.0945e-19   1.0384e-19
 7139.91   5.7018e-19   1.0352e-19
 7142.99   6.4970e-19   1.0585e-19
 7146.06   7.4525e-19   1.0722e-19
 7149.13   6.3626e-19   1.0424e-19
 7152.21   6.4280e-19   1.0751e-19
 7155.28   7.9239e-19   1.1018e-19
 7158.36   7.4455e-19   1.0875e-19
 7161.43   6.8534e-19   1.0245e-19
 7164.51   6.3600e-19   9.8959e-20
 7167.58   7.3397e-19   1.0155e-19
 7170.65   5.7650e-19   9.6974e-20
 7173.73   6.8534e-19   1.0311e-19
 7176.80   6.2575e-19   9.8432e-20
 7179.88   5.8756e-19   9.9262e-20
 7182.95   6.5110e-19   9.8793e-20
 7186.03   7.7549e-19   9.8171e-20
 7189.10   5.0396e-19   9.1105e-20
 7192.17   6.4045e-19   9.3927e-20
 7195.25   5.7868e-19   9.5508e-20
 7198.32   6.0587e-19   9.4160e-20
 7201.40   6.6519e-19   9.6629e-20
 7204.47   5.1819e-19   9.6288e-20
 7207.54   7.0402e-19   1.0135e-19
 7210.62   6.5723e-19   9.9252e-20
 7213.69   5.5828e-19   1.0066e-19
 7216.77   6.8113e-19   1.0336e-19
 7219.84   7.0715e-19   1.0334e-19
 7222.92   7.2716e-19   1.0580e-19
 7225.99   8.6768e-19   1.1976e-19
 7229.06   8.1598e-19   1.4289e-19
 7232.14   8.4798e-19   1.6386e-19
 7235.21   8.7122e-19   1.6806e-19
 7238.29   7.4193e-19   1.7853e-19
 7241.36   5.8778e-19   1.7370e-19
 7244.44   7.3215e-19   1.9133e-19
 7247.51   8.4961e-19   1.7199e-19
 7250.58   5.9823e-19   1.5035e-19
 7253.66   6.1080e-19   1.3180e-19
 7256.73   6.2289e-19   1.1777e-19
 7259.81   7.4802e-19   1.2360e-19
 7262.88   7.1859e-19   1.2931e-19
 7265.96   7.0692e-19   1.4899e-19
 7269.03   8.0300e-19   1.6028e-19
 7272.10   7.8643e-19   1.7159e-19
 7275.18   7.7610e-19   1.7720e-19
 7278.25   7.3592e-19   1.7361e-19
 7281.33   6.8991e-19   1.7115e-19
 7284.40   6.5995e-19   1.6611e-19
 7287.48   7.8062e-19   1.5092e-19
 7290.55   6.7001e-19   1.3610e-19
 7293.62   6.5010e-19   1.3093e-19
 7296.70   7.6068e-19   1.2860e-19
 7299.77   7.6854e-19   1.3194e-19
 7302.85   7.4153e-19   1.4126e-19
 7305.92   6.4337e-19   1.5131e-19
 7309.00   8.9526e-19   1.6480e-19
 7312.07   9.3180e-19   1.6151e-19
 7315.14   8.8875e-19   1.6389e-19
 7318.22   8.3949e-19   1.7728e-19
 7321.29   1.0135e-18   1.6862e-19
 7324.37   7.4475e-19   1.5467e-19
 7327.44   7.7855e-19   1.4428e-19
 7330.51   1.0112e-18   1.8334e-19
 7333.59   1.0401e-18   2.0295e-19
 7336.66   9.8110e-19   1.7012e-19
 7339.74   6.3135e-19   1.5843e-19
 7342.81   1.0270e-18   1.7231e-19
 7345.89   1.1662e-18   1.7940e-19
 7348.96   8.0638e-19   1.6266e-19
 7352.03   9.7229e-19   1.3631e-19
 7355.11   9.2032e-19   1.3626e-19
 7358.18   6.6755e-19   1.4320e-19
 7361.26   8.6239e-19   1.5922e-19
 7364.33   6.9321e-19   1.5296e-19
 7367.41   8.1527e-19   1.4894e-19
 7370.48   9.1109e-19   1.5137e-19
 7373.55   7.5605e-19   1.3832e-19
 7376.63   7.6015e-19   1.3626e-19
 7379.70   8.5018e-19   1.2097e-19
 7382.78   9.6236e-19   1.2121e-19
 7385.85   9.9606e-19   1.2410e-19
 7388.93   9.6346e-19   1.3293e-19
 7392.00   9.4674e-19   1.4200e-19
 7395.07   8.9763e-19   1.4365e-19
 7398.15   7.7306e-19   1.3863e-19
 7401.22   7.5997e-19   1.3990e-19
 7404.30   8.1104e-19   1.3474e-19
 7407.37   9.0906e-19   1.3163e-19
 7410.44   9.1261e-19   1.2239e-19
 7413.52   8.6407e-19   1.1180e-19
 7416.59   8.7767e-19   1.1423e-19
 7419.67   8.1127e-19   1.1443e-19
 7422.74   9.2976e-19   1.1629e-19
 7425.82   8.1555e-19   1.1730e-19
 7428.89   7.1758e-19   1.2351e-19
 7431.96   7.6118e-19   1.2867e-19
 7435.04   7.9628e-19   1.2793e-19
 7438.11   9.3048e-19   1.2379e-19
 7441.19   8.2154e-19   1.1704e-19
 7444.26   8.7729e-19   1.1718e-19
 7447.34   8.9497e-19   1.1077e-19
 7450.41   9.3690e-19   1.0991e-19
 7453.48   8.9424e-19   1.1148e-19
 7456.56   9.1457e-19   1.1460e-19
 7459.63   9.6761e-19   1.2231e-19
 7462.71   9.0695e-19   1.2959e-19
 7465.78   1.0041e-18   1.3963e-19
 7468.86   9.7905e-19   1.4567e-19
 7471.93   1.2690e-18   1.5533e-19
 7475.00   8.8558e-19   1.4767e-19
 7478.08   9.8034e-19   1.4468e-19
 7481.15   9.6022e-19   1.4359e-19
 7484.23   7.1048e-19   1.3344e-19
 7487.30   9.1846e-19   1.3489e-19
 7490.38   8.9588e-19   1.3004e-19
 7493.45   9.5237e-19   1.1768e-19
 7496.52   8.5864e-19   1.1351e-19
 7499.60   1.0155e-18   1.1503e-19
 7502.67   9.9766e-19   1.1583e-19
 7505.75   9.4008e-19   1.1055e-19
 7508.82   9.2376e-19   1.1738e-19
 7511.90   9.3063e-19   1.3221e-19
 7514.97   9.6589e-19   1.4935e-19
 7518.04   9.5160e-19   1.5632e-19
 7521.12   9.0877e-19   1.5897e-19
 7524.19   1.0486e-18   1.6253e-19
 7527.27   8.8255e-19   1.5779e-19
 7530.34   7.7717e-19   1.5263e-19
 7533.41   9.2254e-19   1.4708e-19
 7536.49   9.7330e-19   1.2896e-19
 7539.56   9.1658e-19   1.1874e-19
 7542.64   9.2207e-19   1.1324e-19
 7545.71   8.4992e-19   1.1246e-19
 7548.79   8.1656e-19   1.1440e-19
 7551.86   8.1140e-19   1.1353e-19
 7554.93   9.2428e-19   1.1691e-19
 7558.01   8.9987e-19   1.2092e-19
 7561.08   8.4177e-19   1.3606e-19
 7564.16   6.9389e-19   1.5042e-19
 7567.23   7.0925e-19   1.5220e-19
 7570.31   8.8064e-19   1.4431e-19
 7573.38   1.0159e-18   1.4969e-19
 7576.45   8.0581e-19   1.4785e-19
 7579.53   7.4554e-19   1.3947e-19
 7582.60   7.7128e-19   1.2576e-19
 7585.68   7.5831e-19   1.1816e-19
 7588.75   6.6577e-19   1.1783e-19
 7591.83   6.5949e-19   1.1838e-19
 7594.90   5.9191e-19   1.1533e-19
 7597.97   4.1460e-19   1.0309e-19
 7601.05   4.2894e-19   1.0174e-19
 7604.12   2.5758e-19   9.6959e-20
 7607.20   4.5324e-19   1.1613e-19
 7610.27   4.3082e-19   1.1117e-19
 7613.35   5.9385e-19   1.1206e-19
 7616.42   5.6279e-19   1.0728e-19
 7619.49   5.7616e-19   1.1817e-19
 7622.57   7.0803e-19   1.2139e-19
 7625.64   5.3474e-19   1.1340e-19
 7628.72   4.7112e-19   1.1219e-19
 7631.79   5.4434e-19   1.1501e-19
 7634.86   4.1070e-19   1.1071e-19
 7637.94   3.6799e-19   9.6766e-20
 7641.01   4.1227e-19   9.5397e-20
 7644.09   7.5667e-19   1.1329e-19
 7647.16   7.0671e-19   1.0622e-19
 7650.24   7.0270e-19   1.0815e-19
 7653.31   8.4380e-19   1.1500e-19
 7656.38   7.5463e-19   1.1456e-19
 7659.46   6.9950e-19   1.1584e-19
 7662.53   9.0015e-19   1.2334e-19
 7665.61   8.0943e-19   1.1783e-19
 7668.68   6.6211e-19   1.2094e-19
 7671.76   7.8812e-19   1.1564e-19
 7674.83   9.4948e-19   1.1761e-19
 7677.90   8.6885e-19   1.2021e-19
 7680.98   8.5452e-19   1.2093e-19
 7684.05   8.5028e-19   1.2382e-19
 7687.13   7.4948e-19   1.2411e-19
 7690.20   7.3247e-19   1.2777e-19
 7693.28   6.8885e-19   1.2725e-19
 7696.35   7.8213e-19   1.2695e-19
 7699.42   9.7119e-19   1.3684e-19
 7702.50   1.0293e-18   1.5926e-19
 7705.57   9.9090e-19   1.9159e-19
 7708.65   9.6688e-19   2.0736e-19
 7711.72   9.4968e-19   2.0638e-19
 7714.79   8.2347e-19   2.1504e-19
 7717.87   8.6110e-19   2.2858e-19
 7720.94   6.9665e-19   2.0545e-19
 7724.02   6.5394e-19   1.9336e-19
 7727.09   5.7822e-19   1.5898e-19
 7730.17   5.8079e-19   1.4181e-19
 7733.24   5.7597e-19   1.3587e-19
 7736.31   7.1721e-19   1.3890e-19
 7739.39   8.3767e-19   1.7102e-19
 7742.46   9.8843e-19   1.9887e-19
 7745.54   1.0463e-18   1.9959e-19
 7748.61   8.6502e-19   2.0532e-19
 7751.69   7.3423e-19   2.1843e-19
 7754.76   7.7256e-19   2.3767e-19
 7757.83   8.3762e-19   2.1119e-19
 7760.91   5.7753e-19   1.8185e-19
 7763.98   6.7591e-19   1.6442e-19
 7767.06   8.8557e-19   1.7520e-19
 7770.13   8.0625e-19   1.5421e-19
 7773.21   7.5456e-19   1.4852e-19
 7776.28   9.8552e-19   1.5383e-19
 7779.35   7.3771e-19   1.5229e-19
 7782.43   1.0045e-18   1.7651e-19
 7785.50   1.1596e-18   2.0454e-19
 7788.58   8.4281e-19   1.8788e-19
 7791.65   8.1676e-19   2.0149e-19
 7794.73   5.8439e-19   1.8370e-19
 7797.80   7.2428e-19   1.9356e-19
 7800.87   1.0802e-18   1.9688e-19
 7803.95   3.2185e-19   1.4261e-19
 7807.02   1.0057e-18   1.7306e-19
 7810.10   8.1486e-19   1.7528e-19
 7813.17   6.8379e-19   2.1332e-19
 7816.25   8.4836e-19   2.1136e-19
 7819.32   6.6447e-19   1.8932e-19
 7822.39   8.4270e-19   1.9523e-19
 7825.47   8.9784e-19   1.8976e-19
 7828.54   9.7707e-19   1.8606e-19
 7831.62   8.8295e-19   1.7513e-19
 7834.69   8.5537e-19   1.5631e-19
 7837.76   7.6244e-19   1.5391e-19
 7840.84   6.9303e-19   1.6437e-19
 7843.91   8.3390e-19   1.9103e-19
 7846.99   9.4972e-19   2.1337e-19
 7850.06   9.2566e-19   2.2100e-19
 7853.14   9.4417e-19   2.2057e-19
 7856.21   9.8632e-19   2.1323e-19
 7859.28   9.4276e-19   2.3301e-19
 7862.36   1.0265e-18   2.3058e-19
 7865.43   9.7348e-19   2.1424e-19
 7868.51   1.0154e-18   2.0239e-19
 7871.58   9.2430e-19   2.0095e-19
 7874.66   6.9885e-19   2.0617e-19
 7877.73   6.6885e-19   1.8467e-19
 7880.80   7.4884e-19   1.8522e-19
 7883.88   7.3806e-19   1.9054e-19
 7886.95   7.8577e-19   1.8532e-19
 7890.03   7.6030e-19   1.7967e-19
 7893.10   7.2225e-19   1.7576e-19
 7896.18   7.2818e-19   1.6363e-19
 7899.25   7.0732e-19   1.5865e-19
 7902.32   7.6035e-19   1.6536e-19
 7905.40   6.0165e-19   1.9607e-19
 7908.47   7.8405e-19   2.1561e-19
 7911.55   6.8485e-19   2.4038e-19
 7914.62   5.5723e-19   2.3934e-19
 7917.69   5.4168e-19   2.5662e-19
 7920.77   6.8143e-19   2.4315e-19
 7923.84   6.1203e-19   2.4485e-19
 7926.92   6.8988e-19   2.5026e-19
 7929.99   8.3314e-19   1.8634e-19
 7933.07   5.0181e-19   1.6629e-19
 7936.14   4.3903e-19   1.4625e-19
 7939.21   7.3143e-19   1.6451e-19
 7942.29   6.9987e-19   1.6538e-19
 7945.36   6.1333e-19   1.4865e-19
 7948.44   7.2791e-19   1.5153e-19
 7951.51   5.6191e-19   1.3677e-19
 7954.59   6.5630e-19   1.8711e-19
 7957.66   1.0108e-18   2.0686e-19
 7960.73   8.4430e-19   2.0535e-19
 7963.81   7.5951e-19   1.8655e-19
 7966.88   6.4446e-19   1.9675e-19
 7969.96   8.6470e-19   2.0918e-19
 7973.03   7.9485e-19   2.1616e-19
 7976.11   4.8075e-19   1.7597e-19
 7979.18   7.0729e-19   1.7721e-19
 7982.25   9.4227e-19   1.9591e-19
 7985.33   7.6735e-19   2.0795e-19
 7988.40   5.2236e-19   2.0266e-19
 7991.48   8.6402e-19   2.2519e-19
 7994.55   8.4647e-19   2.1602e-19
 7997.63   6.9422e-19   1.9564e-19
 8000.70   7.9269e-19   1.9367e-19
 8003.77   5.1127e-19   1.8180e-19
 8006.85   4.5951e-19   1.5861e-19
 8009.92   4.6767e-19   1.4744e-19
 8013.00   4.0404e-19   1.4873e-19
 8016.07   4.2619e-19   1.6906e-19
 8019.15   5.2934e-19   1.8333e-19
 8022.22   6.8324e-19   1.8967e-19
 8025.29   6.0470e-19   1.9430e-19
 8028.37   5.9615e-19   1.7203e-19
 8031.44   5.4915e-19   1.7342e-19
 8034.52   3.8749e-19   1.7154e-19
 8037.59   4.4951e-19   1.5146e-19
 8040.66   4.1835e-19   1.3092e-19
 8043.74   5.6665e-19   1.3608e-19
 8046.81   6.3474e-19   1.3027e-19
 8049.89   5.2820e-19   1.2766e-19
 8052.96   5.2189e-19   1.4956e-19
 8056.04   4.7424e-19   1.4786e-19
 8059.11   6.3190e-19   1.6631e-19
 8062.18   7.0232e-19   1.6139e-19
 8065.26   6.6692e-19   1.5501e-19
 8068.33   6.5522e-19   1.4738e-19
 8071.41   4.6840e-19   1.3702e-19
 8074.48   4.8900e-19   1.2610e-19
 8077.56   6.8191e-19   1.2744e-19
 8080.63   7.0746e-19   1.2571e-19
 8083.70   6.6373e-19   1.1849e-19
 8086.78   5.1491e-19   1.1529e-19
 8089.85   6.7044e-19   1.2449e-19
 8092.93   6.2920e-19   1.2444e-19
 8096.00   6.1075e-19   1.2578e-19
 8099.08   5.4750e-19   1.3852e-19
 8102.15   6.0568e-19   1.3224e-19
 8105.22   6.7760e-19   1.3629e-19
 8108.30   6.0572e-19   1.2953e-19
 8111.37   6.3559e-19   1.2455e-19
 8114.45   9.2370e-19   1.3681e-19
 8117.52   3.3198e-19   1.0570e-19
 8120.60   6.7633e-19   1.2167e-19
 8123.67   5.5285e-19   1.2933e-19
 8126.74   5.3580e-19   1.0918e-19
 8129.82   5.1450e-19   1.1105e-19
 8132.89   4.9628e-19   1.1148e-19
 8135.97   5.9385e-19   1.1337e-19
 8139.04   6.2840e-19   1.1508e-19
 8142.11   5.4526e-19   1.1884e-19
 8145.19   5.4787e-19   1.2156e-19
 8148.26   5.6041e-19   1.1894e-19
 8151.34   5.6104e-19   1.1341e-19
 8154.41   5.0911e-19   1.1096e-19
 8157.49   5.8961e-19   1.1437e-19
 8160.56   4.1091e-19   1.0393e-19
 8163.63   4.4946e-19   1.1050e-19
 8166.71   4.2338e-19   1.0170e-19
 8169.78   4.5702e-19   1.0741e-19
 8172.86   5.0546e-19   1.0883e-19
 8175.93   5.7383e-19   1.0812e-19
 8179.01   5.1049e-19   1.1088e-19
 8182.08   4.2571e-19   1.0743e-19
