 
TRANSIENT_NAME:     DES15E1kwg 
SNID:               1330031    
OBS_DATE:           2015-10-11
MJD:                57306. 
PHASE:              -8.    
MJD_MAX:            57315.1
TYPE:               1  
SPEC_EVAL:          SNIa
REDSHIFT:           0.1049  
REDSHIFT_ERR:       0.0005  
REDSHIFT_SOURCE:    Z_GAL
TELESCOPE:          SALT
INSTRUMENT:         RSS
 
======================================
 
# WAVE  FLUX  FLUX_ERR
 3833.21   1.4005e-18   1.8403e-19
 3836.28   1.6455e-18   1.8802e-19
 3839.35   1.9715e-18   1.9614e-19
 3842.42   1.9944e-18   1.9791e-19
 3845.50   2.1241e-18   2.0069e-19
 3848.57   2.0271e-18   1.9586e-19
 3851.64   2.1277e-18   1.9624e-19
 3854.71   2.2615e-18   1.9916e-19
 3857.79   2.3900e-18   2.0423e-19
 3860.86   2.6899e-18   2.1034e-19
 3863.93   2.8611e-18   2.1176e-19
 3867.00   2.7645e-18   2.1110e-19
 3870.08   2.5736e-18   2.0766e-19
 3873.15   2.6927e-18   2.0870e-19
 3876.22   2.9407e-18   2.1146e-19
 3879.29   2.9886e-18   2.1191e-19
 3882.37   2.9252e-18   2.1341e-19
 3885.44   2.8982e-18   2.1733e-19
 3888.51   3.0710e-18   2.2115e-19
 3891.59   3.2857e-18   2.2503e-19
 3894.66   3.1215e-18   2.2101e-19
 3897.73   3.3165e-18   2.2937e-19
 3900.80   3.1299e-18   2.2252e-19
 3903.88   3.2705e-18   2.2394e-19
 3906.95   3.6056e-18   2.3057e-19
 3910.02   3.4853e-18   2.2541e-19
 3913.09   3.5234e-18   2.2626e-19
 3916.17   3.4967e-18   2.2168e-19
 3919.24   3.5364e-18   2.1486e-19
 3922.31   3.5343e-18   2.1341e-19
 3925.38   3.6521e-18   2.1851e-19
 3928.46   3.8254e-18   2.2113e-19
 3931.53   3.8351e-18   2.2119e-19
 3934.60   4.0689e-18   2.2959e-19
 3937.67   3.8957e-18   2.2490e-19
 3940.75   3.5873e-18   2.1817e-19
 3943.82   3.8897e-18   2.2325e-19
 3946.89   3.7838e-18   2.1932e-19
 3949.96   3.5471e-18   2.1304e-19
 3953.04   3.7170e-18   2.1321e-19
 3956.11   3.6117e-18   2.0816e-19
 3959.18   4.0080e-18   2.1525e-19
 3962.25   3.2253e-18   2.0638e-19
 3965.33   3.5234e-18   2.1001e-19
 3968.40   2.9358e-18   2.0757e-19
 3971.47   3.2121e-18   2.2095e-19
 3974.55   2.8326e-18   2.1612e-19
 3977.62   3.1984e-18   2.2231e-19
 3980.69   2.7849e-18   2.1590e-19
 3983.76   2.7679e-18   2.1298e-19
 3986.84   2.5733e-18   2.0488e-19
 3989.91   3.3021e-18   2.0989e-19
 3992.98   3.2552e-18   2.0939e-19
 3996.05   3.2474e-18   2.0725e-19
 3999.13   3.1726e-18   2.1199e-19
 4002.20   3.0194e-18   2.0729e-19
 4005.27   3.1479e-18   2.0843e-19
 4008.34   2.8742e-18   2.0491e-19
 4011.42   3.0316e-18   2.1006e-19
 4014.49   2.6974e-18   2.0061e-19
 4017.56   2.8162e-18   1.9832e-19
 4020.63   2.6105e-18   1.9473e-19
 4023.71   2.5985e-18   1.9966e-19
 4026.78   2.9132e-18   1.9627e-19
 4029.85   2.6617e-18   1.8899e-19
 4032.92   2.8594e-18   1.8804e-19
 4036.00   2.6138e-18   1.8591e-19
 4039.07   2.6804e-18   1.8908e-19
 4042.14   2.7578e-18   1.8731e-19
 4045.21   2.5847e-18   1.8954e-19
 4048.29   2.4437e-18   1.9112e-19
 4051.36   2.4741e-18   1.9295e-19
 4054.43   2.4860e-18   1.9293e-19
 4057.51   2.6733e-18   2.0355e-19
 4060.58   2.3907e-18   1.9238e-19
 4063.65   2.4034e-18   1.9599e-19
 4066.72   2.2091e-18   1.9541e-19
 4069.80   2.2567e-18   1.9035e-19
 4072.87   2.3944e-18   1.9657e-19
 4075.94   2.3713e-18   1.9415e-19
 4079.01   2.3914e-18   1.9351e-19
 4082.09   2.4714e-18   1.9805e-19
 4085.16   2.2473e-18   1.8862e-19
 4088.23   2.4001e-18   1.8988e-19
 4091.30   2.3247e-18   1.8769e-19
 4094.38   2.2494e-18   1.8487e-19
 4097.45   2.4665e-18   1.8514e-19
 4100.52   2.5274e-18   1.8765e-19
 4103.59   2.6076e-18   1.8978e-19
 4106.67   2.7179e-18   1.8913e-19
 4109.74   3.0511e-18   1.9239e-19
 4112.81   3.3738e-18   1.9965e-19
 4115.88   3.4757e-18   2.0101e-19
 4118.96   3.6624e-18   2.0241e-19
 4122.03   3.5282e-18   2.0218e-19
 4125.10   3.4730e-18   2.0249e-19
 4128.17   3.4672e-18   1.9862e-19
 4131.25   3.4342e-18   2.0094e-19
 4134.32   3.3325e-18   1.9683e-19
 4137.39   3.0947e-18   1.9296e-19
 4140.47   3.4968e-18   1.9758e-19
 4143.54   3.4723e-18   1.9435e-19
 4146.61   3.3862e-18   1.9685e-19
 4149.68   3.2014e-18   1.9726e-19
 4152.76   3.2270e-18   1.9866e-19
 4155.83   3.3248e-18   2.0168e-19
 4158.90   2.3667e-18   1.8712e-19
 4161.97   2.3604e-18   1.8394e-19
 4165.05   2.8204e-18   1.9520e-19
 4168.12   2.6679e-18   1.9181e-19
 4171.19   2.5431e-18   1.8831e-19
 4174.26   3.4928e-18   2.1308e-19
 4177.34   3.7117e-18   2.1206e-19
 4180.41   3.4026e-18   2.0475e-19
 4183.48   3.6247e-18   2.1053e-19
 4186.55   3.2760e-18   1.9874e-19
 4189.63   3.5322e-18   2.0066e-19
 4192.70   3.1812e-18   1.8754e-19
 4195.77   3.1367e-18   1.8597e-19
 4198.84   3.1694e-18   1.8385e-19
 4201.92   3.2690e-18   1.8483e-19
 4204.99   3.4856e-18   1.9000e-19
 4208.06   3.4671e-18   1.8779e-19
 4211.14   3.5263e-18   1.8562e-19
 4214.21   3.3612e-18   1.8230e-19
 4217.28   3.3165e-18   1.8295e-19
 4220.35   3.5411e-18   1.8435e-19
 4223.43   3.7194e-18   1.8947e-19
 4226.50   3.5441e-18   1.8308e-19
 4229.57   3.5084e-18   1.8353e-19
 4232.64   3.7600e-18   1.8737e-19
 4235.72   3.8415e-18   1.8580e-19
 4238.79   3.7585e-18   1.8507e-19
 4241.86   3.9702e-18   1.8797e-19
 4244.93   4.1879e-18   1.9206e-19
 4248.01   4.4244e-18   1.9555e-19
 4251.08   4.3666e-18   1.9313e-19
 4254.15   4.3512e-18   1.9225e-19
 4257.22   4.5930e-18   1.9477e-19
 4260.30   4.6706e-18   1.9554e-19
 4263.37   4.6597e-18   1.9334e-19
 4266.44   4.8688e-18   1.9459e-19
 4269.51   4.8178e-18   1.9526e-19
 4272.59   4.6106e-18   1.9299e-19
 4275.66   5.0894e-18   1.9553e-19
 4278.73   4.8227e-18   1.9206e-19
 4281.80   5.0317e-18   1.9436e-19
 4284.88   4.9205e-18   1.9198e-19
 4287.95   4.9069e-18   1.9029e-19
 4291.02   5.1424e-18   1.9289e-19
 4294.10   5.0146e-18   1.8918e-19
 4297.17   5.0873e-18   1.9009e-19
 4300.24   5.1598e-18   1.9167e-19
 4303.31   5.1420e-18   1.9110e-19
 4306.39   5.4111e-18   1.9755e-19
 4309.46   5.5779e-18   1.9773e-19
 4312.53   5.3377e-18   1.9610e-19
 4315.60   5.5513e-18   1.9684e-19
 4318.68   5.5904e-18   1.9704e-19
 4321.75   5.4749e-18   1.9615e-19
 4324.82   5.8790e-18   2.0111e-19
 4327.89   5.6560e-18   1.9476e-19
 4330.97   5.8344e-18   1.9755e-19
 4334.04   5.8492e-18   1.9662e-19
 4337.11   5.6028e-18   1.9585e-19
 4340.18   5.8584e-18   1.9772e-19
 4343.26   5.8854e-18   1.9765e-19
 4346.33   5.7361e-18   1.9583e-19
 4349.40   5.7008e-18   1.9468e-19
 4352.47   5.7283e-18   1.9397e-19
 4355.55   5.6156e-18   1.9302e-19
 4358.62   5.7809e-18   1.9587e-19
 4361.69   5.6550e-18   1.9558e-19
 4364.77   5.8359e-18   1.9540e-19
 4367.84   5.6221e-18   1.9158e-19
 4370.91   5.7078e-18   1.9272e-19
 4373.98   5.6345e-18   1.9144e-19
 4377.06   5.3127e-18   1.8661e-19
 4380.13   5.2003e-18   1.8441e-19
 4383.20   5.1791e-18   1.8556e-19
 4386.27   5.2310e-18   1.8576e-19
 4389.35   4.9509e-18   1.8241e-19
 4392.42   4.8615e-18   1.8098e-19
 4395.49   4.8985e-18   1.8457e-19
 4398.56   5.0953e-18   1.8535e-19
 4401.64   4.9350e-18   1.8269e-19
 4404.71   5.1805e-18   1.8790e-19
 4407.78   5.2307e-18   1.9032e-19
 4410.85   5.0986e-18   1.8611e-19
 4413.93   5.0835e-18   1.8743e-19
 4417.00   5.1649e-18   1.8638e-19
 4420.07   5.1882e-18   1.8721e-19
 4423.14   5.2817e-18   1.8564e-19
 4426.22   5.2391e-18   1.8666e-19
 4429.29   5.0660e-18   1.8389e-19
 4432.36   5.0904e-18   1.8180e-19
 4435.43   5.2400e-18   1.8490e-19
 4438.51   5.3692e-18   1.8576e-19
 4441.58   5.2803e-18   1.8422e-19
 4444.65   5.1891e-18   1.8167e-19
 4447.73   5.3844e-18   1.8251e-19
 4450.80   5.1997e-18   1.8105e-19
 4453.87   5.3957e-18   1.8252e-19
 4456.94   5.5286e-18   1.8378e-19
 4460.02   5.6231e-18   1.8257e-19
 4463.09   5.2056e-18   1.7941e-19
 4466.16   5.2192e-18   1.7820e-19
 4469.23   5.4103e-18   1.7285e-19
 4472.31   5.6299e-18   1.7356e-19
 4475.38   5.7776e-18   1.7470e-19
 4478.45   5.8221e-18   1.7523e-19
 4481.52   5.5559e-18   1.7275e-19
 4484.60   5.8099e-18   1.7446e-19
 4487.67   5.5943e-18   1.7401e-19
 4490.74   5.6494e-18   1.7655e-19
 4493.81   5.5824e-18   1.7701e-19
 4496.89   5.6315e-18   1.7923e-19
 4499.96   5.4511e-18   1.7874e-19
 4503.03   5.5097e-18   1.7845e-19
 4506.10   5.6205e-18   1.8205e-19
 4509.18   5.4084e-18   1.7785e-19
 4512.25   5.4737e-18   1.7996e-19
 4515.32   5.5773e-18   1.8074e-19
 4518.39   5.3523e-18   1.7885e-19
 4521.47   5.5006e-18   1.7948e-19
 4524.54   5.4948e-18   1.8061e-19
 4527.61   5.3144e-18   1.7863e-19
 4530.69   5.3161e-18   1.7613e-19
 4533.76   5.2095e-18   1.7671e-19
 4536.83   5.3769e-18   1.7840e-19
 4539.90   5.0443e-18   1.7466e-19
 4542.98   5.1264e-18   1.7431e-19
 4546.05   4.9207e-18   1.7246e-19
 4549.12   5.0037e-18   1.7125e-19
 4552.19   5.2507e-18   1.7397e-19
 4555.27   5.0920e-18   1.7228e-19
 4558.34   5.1896e-18   1.7367e-19
 4561.41   5.1080e-18   1.7282e-19
 4564.48   4.8274e-18   1.6854e-19
 4567.56   4.7463e-18   1.6743e-19
 4570.63   4.6132e-18   1.6668e-19
 4573.70   4.9668e-18   1.6949e-19
 4576.77   5.0460e-18   1.7179e-19
 4579.85   4.7520e-18   1.6712e-19
 4582.92   4.8634e-18   1.6881e-19
 4585.99   4.7860e-18   1.6618e-19
 4589.06   4.8475e-18   1.6667e-19
 4592.14   5.0773e-18   1.6854e-19
 4595.21   4.9324e-18   1.6811e-19
 4598.28   4.7819e-18   1.6797e-19
 4601.35   4.6352e-18   1.6497e-19
 4604.43   4.7613e-18   1.6610e-19
 4607.50   4.6567e-18   1.6227e-19
 4610.57   4.5909e-18   1.6260e-19
 4613.65   4.7421e-18   1.6484e-19
 4616.72   4.7115e-18   1.6450e-19
 4619.79   4.5157e-18   1.6258e-19
 4622.86   4.5806e-18   1.6147e-19
 4625.94   4.4822e-18   1.6154e-19
 4629.01   4.5154e-18   1.6213e-19
 4632.08   4.7675e-18   1.6298e-19
 4635.15   4.7724e-18   1.6313e-19
 4638.23   4.5520e-18   1.6087e-19
 4641.30   4.2549e-18   1.5775e-19
 4644.37   4.1858e-18   1.5538e-19
 4647.44   4.0681e-18   1.5453e-19
 4650.52   4.0361e-18   1.5500e-19
 4653.59   4.0162e-18   1.5576e-19
 4656.66   4.2404e-18   1.5935e-19
 4659.73   4.1612e-18   1.5677e-19
 4662.81   3.8945e-18   1.5195e-19
 4665.88   3.8816e-18   1.5382e-19
 4668.95   4.0951e-18   1.5612e-19
 4672.02   3.9650e-18   1.5409e-19
 4675.10   4.0583e-18   1.5483e-19
 4678.17   3.8977e-18   1.5396e-19
 4681.24   3.7598e-18   1.5133e-19
 4684.31   3.8414e-18   1.5183e-19
 4687.39   3.7606e-18   1.5228e-19
 4690.46   3.8112e-18   1.5163e-19
 4693.53   3.7275e-18   1.4985e-19
 4696.61   3.7427e-18   1.4841e-19
 4699.68   3.7757e-18   1.4846e-19
 4702.75   3.7210e-18   1.4850e-19
 4705.82   3.4788e-18   1.4534e-19
 4708.90   3.4651e-18   1.4501e-19
 4711.97   3.5900e-18   1.4792e-19
 4715.04   3.4616e-18   1.4580e-19
 4718.11   3.4643e-18   1.4470e-19
 4721.19   3.5730e-18   1.4542e-19
 4724.26   3.3832e-18   1.4373e-19
 4727.33   3.3820e-18   1.4448e-19
 4730.40   3.4429e-18   1.4418e-19
 4733.48   3.3553e-18   1.4245e-19
 4736.55   3.2675e-18   1.4078e-19
 4739.62   3.3268e-18   1.4150e-19
 4742.69   3.5197e-18   1.4393e-19
 4745.77   3.6300e-18   1.4474e-19
 4748.84   3.4189e-18   1.4236e-19
 4751.91   3.3291e-18   1.4005e-19
 4754.98   3.3860e-18   1.3984e-19
 4758.06   3.3502e-18   1.4020e-19
 4761.13   3.2364e-18   1.3970e-19
 4764.20   3.3347e-18   1.4119e-19
 4767.27   3.3845e-18   1.4060e-19
 4770.35   3.3727e-18   1.4002e-19
 4773.42   3.3144e-18   1.3917e-19
 4776.49   3.2974e-18   1.3924e-19
 4779.57   3.3940e-18   1.3932e-19
 4782.64   3.3141e-18   1.3830e-19
 4785.71   3.3613e-18   1.3919e-19
 4788.78   3.4475e-18   1.3970e-19
 4791.86   3.4726e-18   1.4006e-19
 4794.93   3.6264e-18   1.4082e-19
 4798.00   3.5495e-18   1.3994e-19
 4801.07   3.4431e-18   1.3942e-19
 4804.15   3.5314e-18   1.4053e-19
 4807.22   3.5981e-18   1.4031e-19
 4810.29   3.6883e-18   1.4194e-19
 4813.36   3.6993e-18   1.4269e-19
 4816.44   3.7029e-18   1.4193e-19
 4819.51   3.6490e-18   1.4140e-19
 4822.58   3.5858e-18   1.4065e-19
 4825.65   3.6406e-18   1.4178e-19
 4828.73   3.6142e-18   1.4255e-19
 4831.80   3.6735e-18   1.4342e-19
 4834.87   3.6288e-18   1.4247e-19
 4837.94   3.4827e-18   1.4036e-19
 4841.02   3.4239e-18   1.3904e-19
 4844.09   3.4245e-18   1.3811e-19
 4847.16   3.2154e-18   1.3419e-19
 4850.24   3.2121e-18   1.3404e-19
 4853.31   3.2926e-18   1.3542e-19
 4856.38   3.2110e-18   1.3476e-19
 4859.45   3.1944e-18   1.3301e-19
 4862.53   3.0358e-18   1.3108e-19
 4865.60   2.9809e-18   1.2897e-19
 4868.67   2.9552e-18   1.2884e-19
 4871.74   3.0650e-18   1.3057e-19
 4874.82   2.9543e-18   1.3135e-19
 4877.89   2.8502e-18   1.3030e-19
 4880.96   2.9052e-18   1.3050e-19
 4884.03   3.0163e-18   1.3106e-19
 4887.11   2.9666e-18   1.2988e-19
 4890.18   3.0364e-18   1.3026e-19
 4893.25   3.1137e-18   1.3056e-19
 4896.32   3.2559e-18   1.3214e-19
 4899.40   3.2204e-18   1.3259e-19
 4902.47   3.1839e-18   1.3199e-19
 4905.54   3.0878e-18   1.3027e-19
 4908.61   3.1774e-18   1.3104e-19
 4911.69   3.3130e-18   1.3186e-19
 4914.76   3.3243e-18   1.3158e-19
 4917.83   3.3837e-18   1.3165e-19
 4920.90   3.3590e-18   1.2997e-19
 4923.98   3.3327e-18   1.3036e-19
 4927.05   3.3117e-18   1.3020e-19
 4930.12   3.5787e-18   1.3425e-19
 4933.20   3.4265e-18   1.3209e-19
 4936.27   3.2414e-18   1.2636e-19
 5099.12   3.1959e-18   1.2046e-19
 5102.19   3.3336e-18   1.2367e-19
 5105.26   3.2466e-18   1.2384e-19
 5108.33   3.3405e-18   1.2608e-19
 5111.41   3.2993e-18   1.2565e-19
 5114.48   3.1194e-18   1.2286e-19
 5117.55   3.2258e-18   1.2288e-19
 5120.62   3.1261e-18   1.2227e-19
 5123.70   2.9914e-18   1.2028e-19
 5126.77   3.0282e-18   1.2046e-19
 5129.84   2.9804e-18   1.1953e-19
 5132.91   2.9896e-18   1.1983e-19
 5135.99   3.0298e-18   1.2073e-19
 5139.06   3.0815e-18   1.2066e-19
 5142.13   3.1834e-18   1.2171e-19
 5145.20   2.9857e-18   1.1888e-19
 5148.28   2.8421e-18   1.1748e-19
 5151.35   2.8193e-18   1.1852e-19
 5154.42   2.8695e-18   1.1868e-19
 5157.49   2.8447e-18   1.1721e-19
 5160.57   2.8910e-18   1.1705e-19
 5163.64   3.0624e-18   1.1927e-19
 5166.71   3.0662e-18   1.1907e-19
 5169.79   2.9888e-18   1.1733e-19
 5172.86   3.0454e-18   1.1845e-19
 5175.93   2.9729e-18   1.1761e-19
 5179.00   3.0434e-18   1.1843e-19
 5182.08   3.1201e-18   1.2049e-19
 5185.15   3.1007e-18   1.2040e-19
 5188.22   2.9142e-18   1.2038e-19
 5191.29   2.9909e-18   1.2307e-19
 5194.37   3.0644e-18   1.2768e-19
 5197.44   3.0532e-18   1.2919e-19
 5200.51   3.0861e-18   1.2845e-19
 5203.58   3.2088e-18   1.3031e-19
 5206.66   3.1357e-18   1.2810e-19
 5209.73   2.8819e-18   1.2427e-19
 5212.80   3.0910e-18   1.2304e-19
 5215.87   3.1018e-18   1.2214e-19
 5218.95   3.1168e-18   1.2251e-19
 5222.02   3.0096e-18   1.1901e-19
 5225.09   2.9747e-18   1.2077e-19
 5228.16   2.9472e-18   1.1991e-19
 5231.24   2.8858e-18   1.1965e-19
 5234.31   3.0800e-18   1.2017e-19
 5237.38   2.9127e-18   1.1950e-19
 5240.46   3.0689e-18   1.2220e-19
 5243.53   2.8885e-18   1.1877e-19
 5246.60   3.0863e-18   1.1933e-19
 5249.67   3.0937e-18   1.2169e-19
 5252.75   3.0054e-18   1.1895e-19
 5255.82   2.9630e-18   1.2012e-19
 5258.89   3.1519e-18   1.2127e-19
 5261.96   3.0970e-18   1.1962e-19
 5265.04   3.0067e-18   1.1979e-19
 5268.11   3.2074e-18   1.2027e-19
 5271.18   3.0324e-18   1.1891e-19
 5274.25   3.1418e-18   1.1919e-19
 5277.33   3.0597e-18   1.1926e-19
 5280.40   2.9918e-18   1.1816e-19
 5283.47   3.1986e-18   1.2069e-19
 5286.54   3.1264e-18   1.1927e-19
 5289.62   3.2221e-18   1.2028e-19
 5292.69   3.1728e-18   1.2013e-19
 5295.76   3.0955e-18   1.2056e-19
 5298.83   3.1188e-18   1.2001e-19
 5301.91   3.1261e-18   1.2070e-19
 5304.98   3.1550e-18   1.1987e-19
 5308.05   3.1710e-18   1.2079e-19
 5311.12   3.1069e-18   1.1983e-19
 5314.20   2.9189e-18   1.1823e-19
 5317.27   2.8261e-18   1.1628e-19
 5320.34   2.7917e-18   1.1667e-19
 5323.42   2.7519e-18   1.1637e-19
 5326.49   2.8162e-18   1.1725e-19
 5329.56   2.8767e-18   1.1717e-19
 5332.63   2.7724e-18   1.1652e-19
 5335.71   2.7661e-18   1.1550e-19
 5338.78   2.7522e-18   1.1469e-19
 5341.85   2.7311e-18   1.1518e-19
 5344.92   2.6550e-18   1.1423e-19
 5348.00   2.6006e-18   1.1359e-19
 5351.07   2.5723e-18   1.1403e-19
 5354.14   2.6153e-18   1.1477e-19
 5357.21   2.6875e-18   1.1472e-19
 5360.29   2.5219e-18   1.1376e-19
 5363.36   2.4522e-18   1.1209e-19
 5366.43   2.6069e-18   1.1347e-19
 5369.50   2.6683e-18   1.1437e-19
 5372.58   2.6344e-18   1.1337e-19
 5375.65   2.7741e-18   1.1489e-19
 5378.72   2.9012e-18   1.1725e-19
 5381.79   2.8321e-18   1.1630e-19
 5384.87   2.7553e-18   1.1432e-19
 5387.94   2.7222e-18   1.1424e-19
 5391.01   2.5847e-18   1.1265e-19
 5394.08   2.5656e-18   1.1232e-19
 5397.16   2.5630e-18   1.1174e-19
 5400.23   2.6244e-18   1.1282e-19
 5403.30   2.5985e-18   1.1262e-19
 5406.38   2.5176e-18   1.1112e-19
 5409.45   2.5707e-18   1.1184e-19
 5412.52   2.6279e-18   1.1311e-19
 5415.59   2.6762e-18   1.1312e-19
 5418.67   2.6704e-18   1.1273e-19
 5421.74   2.6267e-18   1.1273e-19
 5424.81   2.7068e-18   1.1308e-19
 5427.88   2.6839e-18   1.1342e-19
 5430.96   2.6011e-18   1.1245e-19
 5434.03   2.8507e-18   1.1506e-19
 5437.10   2.7441e-18   1.1430e-19
 5440.17   2.7813e-18   1.1477e-19
 5443.25   2.7594e-18   1.1416e-19
 5446.32   2.6091e-18   1.1217e-19
 5449.39   2.5895e-18   1.1258e-19
 5452.46   2.4751e-18   1.1149e-19
 5455.54   2.7810e-18   1.1607e-19
 5458.61   2.8334e-18   1.1587e-19
 5461.68   2.7102e-18   1.1519e-19
 5464.75   2.7343e-18   1.1384e-19
 5467.83   2.7931e-18   1.1556e-19
 5470.90   2.7677e-18   1.1510e-19
 5473.97   2.7322e-18   1.1473e-19
 5477.04   2.7145e-18   1.1333e-19
 5480.12   2.9000e-18   1.1697e-19
 5483.19   2.7995e-18   1.1386e-19
 5486.26   2.7122e-18   1.1434e-19
 5489.34   2.6631e-18   1.1394e-19
 5492.41   2.7003e-18   1.1419e-19
 5495.48   2.7491e-18   1.1522e-19
 5498.55   2.8702e-18   1.1612e-19
 5501.63   2.7274e-18   1.1554e-19
 5504.70   2.5676e-18   1.1415e-19
 5507.77   2.6910e-18   1.1488e-19
 5510.84   2.5891e-18   1.1479e-19
 5513.92   2.6775e-18   1.1516e-19
 5516.99   2.8009e-18   1.1590e-19
 5520.06   2.6089e-18   1.1328e-19
 5523.13   2.7378e-18   1.1435e-19
 5526.21   2.8960e-18   1.1689e-19
 5529.28   2.7764e-18   1.1462e-19
 5532.35   2.9065e-18   1.1719e-19
 5535.42   3.0055e-18   1.1982e-19
 5538.50   2.9185e-18   1.1943e-19
 5541.57   3.0032e-18   1.2119e-19
 5544.64   3.0000e-18   1.2154e-19
 5547.71   2.8839e-18   1.2081e-19
 5550.79   2.8114e-18   1.1974e-19
 5553.86   2.7525e-18   1.2030e-19
 5556.93   2.7072e-18   1.2162e-19
 5560.00   2.7137e-18   1.2401e-19
 5596.88   2.8964e-18   1.2470e-19
 5599.95   2.8266e-18   1.2228e-19
 5603.02   2.8383e-18   1.2229e-19
 5606.09   2.8759e-18   1.2188e-19
 5609.17   2.8751e-18   1.2066e-19
 5612.24   2.8204e-18   1.2018e-19
 5615.31   2.7836e-18   1.2037e-19
 5618.38   2.9497e-18   1.2068e-19
 5621.46   2.9314e-18   1.1897e-19
 5624.53   2.8435e-18   1.1781e-19
 5627.60   2.8591e-18   1.1758e-19
 5630.67   2.8490e-18   1.1823e-19
 5633.75   2.8381e-18   1.1686e-19
 5636.82   3.0387e-18   1.1861e-19
 5639.89   2.8915e-18   1.1796e-19
 5642.96   2.8676e-18   1.1847e-19
 5646.04   2.8409e-18   1.1679e-19
 5649.11   2.8206e-18   1.1700e-19
 5652.18   2.8858e-18   1.1515e-19
 5655.26   2.8848e-18   1.1632e-19
 5658.33   2.8689e-18   1.1606e-19
 5661.40   2.7259e-18   1.1424e-19
 5664.47   2.7242e-18   1.1470e-19
 5667.55   2.4746e-18   1.1128e-19
 5670.62   2.6544e-18   1.1407e-19
 5673.69   2.6527e-18   1.1538e-19
 5676.76   2.8073e-18   1.1472e-19
 5679.84   2.0144e-18   1.1407e-19
 5682.91   2.0006e-18   1.1605e-19
 5685.98   1.9375e-18   1.1699e-19
 5689.05   2.1124e-18   1.2104e-19
 5692.13   2.8233e-18   1.1671e-19
 5695.20   2.7215e-18   1.1452e-19
 5698.27   2.7185e-18   1.1481e-19
 5701.34   2.7622e-18   1.1500e-19
 5704.42   2.5995e-18   1.1323e-19
 5707.49   2.6126e-18   1.1466e-19
 5710.56   2.6013e-18   1.1386e-19
 5713.63   2.6734e-18   1.1413e-19
 5716.71   2.9020e-18   1.1701e-19
 5719.78   2.6942e-18   1.1573e-19
 5722.85   2.6554e-18   1.1476e-19
 5725.93   2.5922e-18   1.1271e-19
 5729.00   2.5607e-18   1.1243e-19
 5732.07   2.8106e-18   1.1564e-19
 5735.14   2.8029e-18   1.1365e-19
 5738.22   2.6278e-18   1.1181e-19
 5741.29   2.7002e-18   1.1303e-19
 5744.36   2.6951e-18   1.1369e-19
 5747.43   2.6373e-18   1.1266e-19
 5750.51   2.4722e-18   1.1033e-19
 5753.58   2.3936e-18   1.0985e-19
 5756.65   2.3969e-18   1.0977e-19
 5759.72   2.5088e-18   1.1084e-19
 5762.80   2.5605e-18   1.1142e-19
 5765.87   2.4165e-18   1.0972e-19
 5768.94   2.3265e-18   1.0892e-19
 5772.01   2.3581e-18   1.0977e-19
 5775.09   2.4126e-18   1.1098e-19
 5778.16   2.4229e-18   1.1086e-19
 5781.23   2.3832e-18   1.1009e-19
 5784.30   2.3141e-18   1.0833e-19
 5787.38   2.3095e-18   1.0862e-19
 5790.45   2.3033e-18   1.0953e-19
 5793.52   2.2324e-18   1.0795e-19
 5796.59   2.2500e-18   1.0883e-19
 5799.67   2.2548e-18   1.1000e-19
 5802.74   2.1443e-18   1.0868e-19
 5805.81   2.1545e-18   1.0871e-19
 5808.89   2.1720e-18   1.0944e-19
 5811.96   2.1564e-18   1.0833e-19
 5815.03   2.1858e-18   1.0875e-19
 5818.10   2.0409e-18   1.0758e-19
 5821.18   1.9642e-18   1.0663e-19
 5824.25   2.1212e-18   1.0852e-19
 5827.32   2.0836e-18   1.0886e-19
 5830.39   2.2027e-18   1.0949e-19
 5833.47   2.1386e-18   1.0750e-19
 5836.54   2.1422e-18   1.0856e-19
 5839.61   2.1282e-18   1.0822e-19
 5842.68   1.9936e-18   1.0762e-19
 5845.76   2.0140e-18   1.0730e-19
 5848.83   2.1449e-18   1.0917e-19
 5851.90   2.0134e-18   1.0913e-19
 5854.97   2.3338e-18   1.1273e-19
 5858.05   2.1285e-18   1.1452e-19
 5861.12   2.1142e-18   1.1668e-19
 5864.19   2.2149e-18   1.1821e-19
 5867.26   2.2732e-18   1.1901e-19
 5870.34   2.1590e-18   1.1946e-19
 5873.41   2.3237e-18   1.2065e-19
 5876.48   2.2667e-18   1.2342e-19
 5879.56   1.9478e-18   1.2673e-19
 5882.63   2.1409e-18   1.4245e-19
 5885.70   1.9959e-18   1.4810e-19
 5888.77   2.0604e-18   1.5812e-19
 5891.85   2.1494e-18   1.5819e-19
 5894.92   2.0767e-18   1.5849e-19
 5897.99   2.3205e-18   1.5710e-19
 5901.06   2.0967e-18   1.4516e-19
 5904.14   2.1167e-18   1.3220e-19
 5907.21   2.2695e-18   1.2715e-19
 5910.28   2.3472e-18   1.2280e-19
 5913.35   2.1752e-18   1.1868e-19
 5916.43   2.2580e-18   1.2000e-19
 5919.50   2.1986e-18   1.2088e-19
 5922.57   2.1737e-18   1.2153e-19
 5925.64   2.2028e-18   1.2247e-19
 5928.72   2.1329e-18   1.1969e-19
 5931.79   2.1477e-18   1.1828e-19
 5934.86   2.2790e-18   1.2078e-19
 5937.93   2.2859e-18   1.2023e-19
 5941.01   2.1590e-18   1.1750e-19
 5944.08   2.1910e-18   1.1703e-19
 5947.15   2.2648e-18   1.1823e-19
 5950.22   2.2099e-18   1.1750e-19
 5953.30   2.2262e-18   1.1792e-19
 5956.37   2.1779e-18   1.1807e-19
 5959.44   2.2139e-18   1.1681e-19
 5962.52   2.2337e-18   1.1608e-19
 5965.59   2.1350e-18   1.1478e-19
 5968.66   2.1551e-18   1.1380e-19
 5971.73   2.1674e-18   1.1350e-19
 5974.81   2.0675e-18   1.1243e-19
 5977.88   2.0358e-18   1.1238e-19
 5980.95   1.9457e-18   1.1094e-19
 5984.02   1.8984e-18   1.0951e-19
 5987.10   2.0118e-18   1.1015e-19
 5990.17   2.0445e-18   1.0943e-19
 5993.24   2.1329e-18   1.1029e-19
 5996.31   2.0195e-18   1.0864e-19
 5999.39   2.0294e-18   1.0915e-19
 6002.46   1.7894e-18   1.0550e-19
 6005.53   1.8604e-18   1.0690e-19
 6008.60   1.8151e-18   1.0627e-19
 6011.68   1.8909e-18   1.0527e-19
 6014.75   1.8913e-18   1.0244e-19
 6017.82   1.8597e-18   1.0360e-19
 6020.89   1.9443e-18   1.0445e-19
 6023.97   2.0597e-18   1.0603e-19
 6027.04   1.9633e-18   1.0445e-19
 6030.11   1.8258e-18   1.0197e-19
 6033.18   1.9616e-18   1.0497e-19
 6036.26   2.1948e-18   1.0812e-19
 6039.33   2.3352e-18   1.0889e-19
 6042.40   2.0736e-18   1.0261e-19
 6045.48   1.9789e-18   1.0256e-19
 6048.55   2.2052e-18   1.0382e-19
 6051.62   2.0747e-18   1.0195e-19
 6054.69   2.1965e-18   1.0360e-19
 6057.77   2.1095e-18   1.0196e-19
 6060.84   2.1139e-18   1.0225e-19
 6063.91   2.2132e-18   1.0406e-19
 6066.98   2.2410e-18   1.0406e-19
 6070.06   2.0210e-18   1.0135e-19
 6073.13   2.1213e-18   1.0256e-19
 6076.20   2.1060e-18   1.0212e-19
 6079.27   2.1325e-18   1.0041e-19
 6082.35   2.3046e-18   1.0254e-19
 6085.42   2.2869e-18   1.0285e-19
 6088.49   2.2827e-18   1.0246e-19
 6091.56   2.2985e-18   1.0254e-19
 6094.64   2.3161e-18   1.0374e-19
 6097.71   2.2734e-18   1.0331e-19
 6100.78   2.2009e-18   1.0255e-19
 6103.85   2.1965e-18   1.0278e-19
 6106.93   2.2534e-18   1.0313e-19
 6110.00   2.2043e-18   1.0209e-19
 6113.07   2.1858e-18   1.0195e-19
 6116.15   2.1974e-18   1.0102e-19
 6119.22   2.1847e-18   9.9947e-20
 6122.29   2.1914e-18   1.0079e-19
 6125.36   2.2509e-18   1.0169e-19
 6128.44   2.2662e-18   1.0293e-19
 6131.51   2.1612e-18   1.0263e-19
 6134.58   2.2141e-18   1.0476e-19
 6137.65   2.1979e-18   1.0348e-19
 6140.73   2.1920e-18   1.0381e-19
 6143.80   2.2045e-18   1.0457e-19
 6146.87   2.1308e-18   1.0282e-19
 6149.94   2.1939e-18   1.0275e-19
 6153.02   2.2077e-18   1.0177e-19
 6156.09   2.1182e-18   1.0030e-19
 6159.16   2.2713e-18   1.0252e-19
 6162.23   2.4159e-18   1.0474e-19
 6165.31   2.1900e-18   1.0439e-19
 6168.38   2.0161e-18   1.0223e-19
 6171.45   2.3333e-18   1.0600e-19
 6174.52   2.2940e-18   1.0582e-19
 6177.60   2.3952e-18   1.0640e-19
 6180.67   2.2296e-18   1.0374e-19
 6183.74   2.1648e-18   1.0203e-19
 6186.81   2.2475e-18   1.0391e-19
 6189.89   2.1777e-18   1.0180e-19
 6192.96   2.2423e-18   1.0208e-19
 6196.03   2.3624e-18   1.0366e-19
 6199.10   2.4400e-18   1.0316e-19
 6202.18   2.5447e-18   1.0535e-19
 6205.25   2.3081e-18   1.0370e-19
 6208.32   2.4437e-18   1.0461e-19
 6211.40   2.2831e-18   1.0472e-19
 6214.47   2.3269e-18   1.0524e-19
 6217.54   2.2263e-18   1.0572e-19
 6220.61   2.3490e-18   1.0642e-19
 6223.69   2.4308e-18   1.1040e-19
 6226.76   2.4886e-18   1.1646e-19
 6229.83   2.3264e-18   1.1780e-19
 6232.90   2.4013e-18   1.2093e-19
 6235.98   2.3287e-18   1.2009e-19
 6239.05   2.2999e-18   1.2085e-19
 6242.12   2.3029e-18   1.2031e-19
 6245.19   1.4888e-18   1.1416e-19
 6248.27   1.5969e-18   1.1575e-19
 6251.34   1.6451e-18   1.1423e-19
 6254.41   1.5878e-18   1.1376e-19
 6257.48   2.2973e-18   1.1789e-19
 6260.56   2.2280e-18   1.1836e-19
 6263.63   2.3608e-18   1.2154e-19
 6266.70   2.2564e-18   1.1761e-19
 6269.77   2.2231e-18   1.1328e-19
 6272.85   2.2288e-18   1.1173e-19
 6275.92   2.1385e-18   1.1171e-19
 6278.99   2.2395e-18   1.1545e-19
 6282.06   2.2340e-18   1.1670e-19
 6285.14   2.1031e-18   1.2180e-19
 6318.94   2.2847e-18   1.1518e-19
 6322.01   2.2408e-18   1.1576e-19
 6325.08   2.0926e-18   1.1447e-19
 6328.15   2.1207e-18   1.1373e-19
 6331.23   2.4651e-18   1.1565e-19
 6334.30   2.1320e-18   1.1182e-19
 6337.37   2.2337e-18   1.1121e-19
 6340.44   2.0968e-18   1.0662e-19
 6343.52   2.3485e-18   1.0667e-19
 6346.59   1.8945e-18   1.0618e-19
 6349.66   2.1911e-18   1.1061e-19
 6383.46   2.0606e-18   9.9039e-20
 6386.53   2.0592e-18   9.7672e-20
 6389.61   2.1407e-18   1.0014e-19
 6392.68   2.1020e-18   9.8405e-20
 6395.75   2.1207e-18   9.8052e-20
 6398.82   2.2252e-18   9.8115e-20
 6401.90   2.3028e-18   9.7386e-20
 6404.97   2.2043e-18   9.7131e-20
 6408.04   2.1629e-18   9.6582e-20
 6411.11   2.1642e-18   9.6682e-20
 6414.19   2.1097e-18   9.6804e-20
 6417.26   2.1747e-18   9.6965e-20
 6420.33   2.1885e-18   9.5914e-20
 6423.40   2.1563e-18   9.5513e-20
 6426.48   2.1569e-18   9.5649e-20
 6429.55   2.0837e-18   9.4807e-20
 6432.62   2.1422e-18   9.4628e-20
 6435.69   2.1625e-18   9.4730e-20
 6438.77   2.1301e-18   9.4416e-20
 6441.84   2.1787e-18   9.4538e-20
 6444.91   2.2850e-18   9.6694e-20
 6447.99   2.2385e-18   9.7594e-20
 6451.06   2.1826e-18   9.7202e-20
 6454.13   2.1909e-18   9.9511e-20
 6457.20   2.1252e-18   1.0257e-19
 6460.28   2.1083e-18   1.0631e-19
 6463.35   2.3835e-18   1.1123e-19
 6466.42   2.2855e-18   1.1129e-19
 6469.49   2.3316e-18   1.1161e-19
 6472.57   2.0882e-18   1.0519e-19
 6475.64   2.0124e-18   1.0025e-19
 6478.71   2.2847e-18   9.8824e-20
 6481.78   2.2236e-18   9.4494e-20
 6484.86   2.3597e-18   9.5410e-20
 6487.93   2.2241e-18   9.8433e-20
 6491.00   2.3501e-18   1.0368e-19
 6494.07   2.3847e-18   1.0661e-19
 6497.15   2.3144e-18   1.0863e-19
 6500.22   2.4820e-18   1.1308e-19
 6503.29   2.4791e-18   1.1330e-19
 6506.36   1.8908e-18   1.1078e-19
 6509.44   1.6117e-18   1.0341e-19
 6512.51   1.4873e-18   1.0069e-19
 6515.58   1.4909e-18   9.7727e-20
 6518.65   1.6176e-18   1.0184e-19
 6521.73   1.5254e-18   1.0228e-19
 6524.80   1.5052e-18   1.0269e-19
 6527.87   2.1194e-18   1.0547e-19
 6530.95   2.1424e-18   1.0563e-19
 6534.02   2.0618e-18   1.0538e-19
 6537.09   2.0207e-18   1.0565e-19
 6540.16   2.1358e-18   1.0781e-19
 6543.24   2.1816e-18   1.0813e-19
 6546.31   2.0464e-18   1.0793e-19
 6549.38   2.0683e-18   1.0930e-19
 6552.45   1.9808e-18   1.0843e-19
 6555.53   2.1423e-18   1.1128e-19
 6558.60   2.2281e-18   1.1147e-19
 6561.67   2.0810e-18   1.0755e-19
 6564.74   2.0682e-18   1.0580e-19
 6567.82   2.1585e-18   1.0791e-19
 6570.89   2.1035e-18   1.0687e-19
 6573.96   2.0437e-18   1.0383e-19
 6577.03   2.0925e-18   1.0202e-19
 6580.11   2.0594e-18   9.9405e-20
 6583.18   2.0057e-18   9.7765e-20
 6586.25   2.0243e-18   9.6092e-20
 6589.32   2.0810e-18   9.5188e-20
 6592.40   2.0588e-18   9.5002e-20
 6595.47   1.9887e-18   9.5324e-20
 6598.54   2.0061e-18   9.6135e-20
 6601.62   2.1615e-18   9.6410e-20
 6604.69   2.1198e-18   9.7235e-20
 6607.76   2.0819e-18   9.5043e-20
 6610.83   2.0917e-18   9.4292e-20
 6613.91   2.0607e-18   9.1787e-20
 6616.98   2.0437e-18   9.0086e-20
 6620.05   1.9428e-18   8.8989e-20
 6623.12   2.0188e-18   9.0112e-20
 6626.20   1.9723e-18   9.1367e-20
 6629.27   1.9404e-18   9.1154e-20
 6632.34   2.0413e-18   9.1992e-20
 6635.41   1.9633e-18   9.0173e-20
 6638.49   2.0547e-18   9.1154e-20
 6641.56   2.1134e-18   9.0594e-20
 6644.63   1.8128e-18   8.5472e-20
 6647.70   1.8692e-18   8.5856e-20
 6650.78   1.8926e-18   8.6440e-20
 6653.85   1.7971e-18   8.4788e-20
 6656.92   1.7940e-18   8.5824e-20
 6659.99   1.7503e-18   8.6421e-20
 6663.07   1.7914e-18   8.7434e-20
 6666.14   1.8958e-18   8.8001e-20
 6669.21   1.8460e-18   8.6344e-20
 6672.28   1.7977e-18   8.6152e-20
 6675.36   1.8315e-18   8.7410e-20
 6678.43   1.8878e-18   8.7758e-20
 6681.50   1.8336e-18   8.7801e-20
 6684.58   1.7618e-18   8.6721e-20
 6687.65   1.7086e-18   8.6028e-20
 6690.72   1.7476e-18   8.7464e-20
 6693.79   1.6844e-18   8.7281e-20
 6696.87   1.7035e-18   8.8555e-20
 6699.94   1.6966e-18   8.8301e-20
 6703.01   1.6633e-18   8.7465e-20
 6706.08   1.5909e-18   8.6114e-20
 6709.16   1.5972e-18   8.6200e-20
 6712.23   1.5366e-18   8.4962e-20
 6715.30   1.4285e-18   8.2432e-20
 6718.37   1.5067e-18   8.2426e-20
 6721.45   1.4516e-18   8.1615e-20
 6724.52   1.4557e-18   8.1400e-20
 6727.59   1.3783e-18   8.1163e-20
 6730.66   1.3566e-18   8.0637e-20
 6733.74   1.4611e-18   8.1807e-20
 6736.81   1.4668e-18   8.2669e-20
 6739.88   1.3557e-18   7.9976e-20
 6742.95   1.4787e-18   8.1286e-20
 6746.03   1.3888e-18   7.9835e-20
 6749.10   1.4125e-18   8.1010e-20
 6752.17   1.3589e-18   8.0796e-20
 6755.25   1.3087e-18   7.9279e-20
 6758.32   1.3074e-18   7.9382e-20
 6761.39   1.3106e-18   8.0262e-20
 6764.46   1.3032e-18   7.9104e-20
 6767.54   1.3005e-18   7.9735e-20
 6770.61   1.1408e-18   7.7726e-20
 6773.68   1.2213e-18   7.7870e-20
 6776.75   1.2368e-18   7.8919e-20
 6779.83   1.2908e-18   8.0689e-20
 6782.90   1.3157e-18   8.0327e-20
 6785.97   1.2627e-18   7.9548e-20
 6789.04   1.2520e-18   7.9652e-20
 6792.12   1.2608e-18   7.9648e-20
 6795.19   1.1809e-18   7.8000e-20
 6798.26   1.3373e-18   7.9874e-20
 6801.33   1.2187e-18   7.9235e-20
 6804.41   1.3355e-18   7.9846e-20
 6807.48   1.3725e-18   8.1506e-20
 6810.55   1.3973e-18   8.1978e-20
 6813.62   1.4110e-18   8.4206e-20
 6816.70   1.2699e-18   8.9252e-20
 6819.77   1.1143e-18   9.6762e-20
 6822.84   1.0830e-18   1.0342e-19
 6825.91   1.2245e-18   1.1094e-19
 6828.99   1.4258e-18   1.1496e-19
 6832.06   1.3487e-18   1.1572e-19
 6835.13   1.2974e-18   1.1410e-19
 6838.21   1.4889e-18   1.1011e-19
 6841.28   1.4447e-18   1.0088e-19
 6844.35   1.3925e-18   9.2621e-20
 6847.42   1.3995e-18   8.9467e-20
 6850.50   9.4026e-19   9.2083e-20
 6853.57   9.1914e-19   1.0371e-19
 6856.64   9.0880e-19   1.0732e-19
 6859.71   9.9204e-19   1.1118e-19
 6862.79   1.0139e-18   1.1393e-19
 6865.86   9.3049e-19   1.0933e-19
 6868.93   1.2881e-18   1.0882e-19
 6872.00   1.2541e-18   1.0229e-19
 6875.08   1.3049e-18   9.4565e-20
 6878.15   1.3454e-18   9.1059e-20
 6881.22   1.4234e-18   9.0644e-20
 6884.29   1.4791e-18   9.0965e-20
 6887.37   1.4003e-18   9.0860e-20
 6890.44   1.3803e-18   9.2513e-20
 6893.51   1.4611e-18   9.2918e-20
 6896.58   1.4254e-18   9.1418e-20
 6899.66   1.4070e-18   9.0029e-20
 6902.73   1.4797e-18   9.4192e-20
 6905.80   1.6027e-18   9.6406e-20
 6908.87   1.4089e-18   9.2783e-20
 6911.95   1.5289e-18   1.0226e-19
 6915.02   1.5856e-18   1.0826e-19
 6918.09   1.6605e-18   1.0693e-19
 6921.17   1.6909e-18   1.0318e-19
 6924.24   1.5699e-18   1.0023e-19
 6927.31   1.5573e-18   9.9904e-20
 6930.38   1.6504e-18   1.0070e-19
 6933.46   1.5822e-18   9.4658e-20
 6936.53   1.6698e-18   9.6338e-20
 6939.60   1.4831e-18   1.0360e-19
 6942.67   1.6489e-18   1.0683e-19
 6945.75   1.6992e-18   1.0701e-19
 6948.82   1.5950e-18   1.0283e-19
 6951.89   1.6807e-18   1.0186e-19
 6954.96   1.7048e-18   9.9253e-20
 6958.04   1.5992e-18   9.4169e-20
 6961.11   1.6634e-18   9.0111e-20
 6964.18   1.6277e-18   8.9034e-20
 6967.25   1.5888e-18   9.2496e-20
 6970.33   1.7022e-18   9.7046e-20
 6973.40   1.7542e-18   9.8556e-20
 6976.47   1.6713e-18   9.6851e-20
 6979.54   1.6438e-18   9.5642e-20
 6982.62   1.6800e-18   9.4354e-20
 6985.69   1.6497e-18   9.1686e-20
 6988.76   1.6117e-18   8.6128e-20
 6991.83   1.6522e-18   8.4310e-20
 6994.91   1.6190e-18   8.4131e-20
 6997.98   1.6320e-18   8.5903e-20
 7001.05   1.6815e-18   8.9102e-20
 7004.12   1.6400e-18   8.9489e-20
 7007.20   1.5870e-18   8.7756e-20
 7010.27   1.7048e-18   8.8222e-20
 7013.34   1.5957e-18   8.5478e-20
 7016.42   1.6405e-18   8.5994e-20
 7019.49   1.6504e-18   8.3914e-20
 7022.56   1.7208e-18   8.1942e-20
 7025.63   1.6720e-18   8.1205e-20
 7028.71   1.6710e-18   8.0572e-20
 7031.78   1.5935e-18   8.1081e-20
 7034.85   1.6455e-18   8.2412e-20
 7037.92   1.6789e-18   8.4879e-20
 7041.00   1.6490e-18   8.4603e-20
 7044.07   1.6682e-18   8.7081e-20
 7047.14   1.6377e-18   8.6052e-20
 7050.21   1.5818e-18   8.5694e-20
 7053.29   1.5976e-18   8.4470e-20
 7056.36   1.7013e-18   8.6402e-20
 7059.43   1.5510e-18   8.1207e-20
 7062.50   1.7521e-18   8.3882e-20
 7065.58   1.7041e-18   8.3087e-20
 7068.65   1.5508e-18   8.0850e-20
 7071.72   1.6302e-18   8.3244e-20
 7074.79   1.6017e-18   8.3151e-20
 7077.87   1.5096e-18   8.3012e-20
 7080.94   1.5529e-18   8.2061e-20
 7084.01   1.5650e-18   8.1698e-20
 7087.09   1.5800e-18   8.2425e-20
 7090.16   1.7236e-18   8.3234e-20
 7093.23   1.6230e-18   8.1871e-20
 7096.30   1.6038e-18   8.1026e-20
 7099.38   1.5434e-18   7.9106e-20
 7102.45   1.4735e-18   7.8221e-20
 7105.52   1.5336e-18   7.8792e-20
 7108.59   1.5537e-18   7.9525e-20
 7111.67   1.5655e-18   8.0193e-20
 7114.74   1.6136e-18   8.1049e-20
 7117.81   1.5861e-18   8.0428e-20
 7120.88   1.6387e-18   8.0505e-20
 7123.96   1.6169e-18   8.1181e-20
 7127.03   1.6425e-18   8.1941e-20
 7130.10   1.6592e-18   8.2364e-20
 7133.17   1.5488e-18   8.1818e-20
 7136.25   1.5598e-18   8.2984e-20
 7139.32   1.6181e-18   8.3546e-20
 7142.39   1.5790e-18   8.2620e-20
 7145.46   1.5294e-18   8.2000e-20
 7148.54   1.5131e-18   8.2233e-20
 7151.61   1.4925e-18   8.1917e-20
 7154.68   1.5799e-18   8.3231e-20
 7157.75   1.6155e-18   8.3832e-20
 7160.83   1.6079e-18   8.4248e-20
 7163.90   1.5211e-18   8.2627e-20
 7166.97   1.5112e-18   8.2493e-20
 7170.05   1.5085e-18   8.1477e-20
 7173.12   1.4678e-18   8.1198e-20
 7176.19   1.3998e-18   8.0576e-20
 7179.26   1.4118e-18   8.0499e-20
 7182.34   1.3375e-18   7.9424e-20
 7185.41   1.3494e-18   7.8430e-20
 7188.48   1.2940e-18   7.8129e-20
 7191.55   1.2736e-18   7.7692e-20
 7194.63   1.4072e-18   7.7696e-20
 7197.70   1.3643e-18   7.8413e-20
 7200.77   1.3211e-18   7.8434e-20
 7203.84   1.3582e-18   7.8343e-20
 7206.92   1.3840e-18   7.9841e-20
 7209.99   1.5283e-18   8.3672e-20
 7213.06   1.4112e-18   8.0851e-20
 7216.13   1.2337e-18   8.1994e-20
 7219.21   1.0098e-18   8.0770e-20
 7222.28   9.8741e-19   8.2603e-20
 7225.35   8.4569e-19   8.4464e-20
 7228.42   8.2644e-19   9.9056e-20
 7231.50   8.1193e-19   1.2214e-19
 7234.57   1.0425e-18   1.3860e-19
 7237.64   1.1999e-18   1.3977e-19
 7240.72   1.4320e-18   1.4878e-19
 7243.79   1.3966e-18   1.5090e-19
 7246.86   1.4166e-18   1.4606e-19
 7249.93   1.9072e-18   1.3611e-19
 7253.01   2.1989e-18   1.2273e-19
 7256.08   2.1430e-18   1.0850e-19
 7259.15   2.0172e-18   1.0152e-19
 7262.22   1.9217e-18   1.0525e-19
 7265.30   1.7319e-18   1.2456e-19
 7268.37   1.4622e-18   1.3402e-19
 7271.44   1.5057e-18   1.3941e-19
 7274.51   1.5144e-18   1.5121e-19
 7277.59   1.4429e-18   1.5412e-19
 7280.66   1.2612e-18   1.5071e-19
 7283.73   1.1777e-18   1.4288e-19
 7286.80   1.1994e-18   1.2351e-19
 7289.88   1.3420e-18   1.1651e-19
 7292.95   1.3276e-18   1.1311e-19
 7296.02   1.2998e-18   1.0900e-19
 7299.09   1.2539e-18   1.0457e-19
 7302.17   1.2179e-18   1.0674e-19
 7305.24   1.1002e-18   1.2635e-19
 7308.31   1.1079e-18   1.3382e-19
 7311.38   1.2170e-18   1.3219e-19
 7314.46   1.4004e-18   1.2860e-19
 7317.53   1.2824e-18   1.3056e-19
 7320.60   1.2738e-18   1.3368e-19
 7323.68   1.2662e-18   1.2916e-19
 7326.75   1.3226e-18   1.1657e-19
 7329.82   1.2802e-18   1.4153e-19
 7332.89   1.2322e-18   1.4917e-19
 7335.97   1.3468e-18   1.4151e-19
 7339.04   1.0778e-18   1.3815e-19
 7342.11   1.2961e-18   1.3305e-19
 7345.18   1.1197e-18   1.3487e-19
 7348.26   1.2161e-18   1.3693e-19
 7351.33   1.2461e-18   1.1787e-19
 7354.40   1.2597e-18   1.0405e-19
 7357.47   1.2542e-18   1.1705e-19
 7360.55   1.1459e-18   1.3258e-19
 7363.62   1.0985e-18   1.2881e-19
 7366.69   1.1865e-18   1.2961e-19
 7369.76   1.3158e-18   1.2403e-19
 7372.84   1.2869e-18   1.2017e-19
 7375.91   1.3172e-18   1.1264e-19
 7378.98   1.2363e-18   1.0220e-19
 7382.05   1.2752e-18   9.4318e-20
 7385.13   1.2787e-18   9.5628e-20
 7388.20   1.2930e-18   9.8361e-20
 7391.27   1.2854e-18   1.0926e-19
 7394.34   1.3052e-18   1.1507e-19
 7397.42   1.2211e-18   1.1286e-19
 7400.49   1.2733e-18   1.1353e-19
 7403.56   1.2956e-18   1.0719e-19
 7406.64   1.2348e-18   1.0283e-19
 7409.71   1.2771e-18   9.9080e-20
 7412.78   1.3970e-18   9.0040e-20
 7415.85   1.4387e-18   8.5183e-20
 7418.93   1.4728e-18   8.7305e-20
 7422.00   1.4705e-18   8.8463e-20
 7425.07   1.5604e-18   9.2103e-20
 7428.14   1.4951e-18   9.8087e-20
 7431.22   1.4206e-18   1.0131e-19
 7434.29   1.4563e-18   1.0054e-19
 7437.36   1.5257e-18   9.8515e-20
 7440.43   1.5741e-18   9.7561e-20
 7443.51   1.4210e-18   9.3811e-20
 7446.58   1.3698e-18   9.0469e-20
 7449.65   1.4838e-18   8.7016e-20
 7452.72   1.4148e-18   8.7307e-20
 7455.80   1.3309e-18   8.9401e-20
 7458.87   1.3329e-18   9.2603e-20
 7461.94   1.2042e-18   1.0059e-19
 7465.01   1.0987e-18   1.0245e-19
 7468.09   1.2435e-18   1.0931e-19
 7471.16   1.2161e-18   1.1510e-19
 7474.23   1.2301e-18   1.2368e-19
 7477.31   1.1631e-18   1.1560e-19
 7480.38   1.3225e-18   1.1844e-19
 7483.45   1.2893e-18   1.0979e-19
 7486.52   1.2452e-18   1.0943e-19
 7489.60   1.3363e-18   1.0553e-19
 7492.67   1.3044e-18   9.6873e-20
 7495.74   1.2688e-18   8.8832e-20
 7498.81   1.2056e-18   8.7159e-20
 7501.89   1.4002e-18   8.7034e-20
 7504.96   1.2748e-18   8.4497e-20
 7508.03   1.2267e-18   8.3854e-20
 7511.10   1.2090e-18   9.2082e-20
 7514.18   9.6406e-19   1.1345e-19
 7517.25   1.0358e-18   1.1998e-19
 7520.32   1.1738e-18   1.2989e-19
 7523.39   1.0470e-18   1.2746e-19
 7526.47   1.0019e-18   1.2628e-19
 7529.54   1.1819e-18   1.3078e-19
 7532.61   1.1031e-18   1.2162e-19
 7535.68   1.2201e-18   1.0445e-19
 7538.76   1.1903e-18   9.5912e-20
 7541.83   1.2371e-18   9.1959e-20
 7544.90   1.2280e-18   8.7547e-20
 7547.97   1.2222e-18   9.0831e-20
 7551.05   1.2894e-18   9.2608e-20
 7554.12   1.2127e-18   8.9869e-20
 7557.19   1.1346e-18   9.1465e-20
 7560.27   9.6685e-19   1.0231e-19
 7563.34   1.0806e-18   1.1686e-19
 7566.41   1.1380e-18   1.1330e-19
 7569.48   1.1054e-18   1.1004e-19
 7572.56   1.1047e-18   1.1106e-19
 7575.63   9.9323e-19   1.1536e-19
 7578.70   1.0999e-18   1.1935e-19
 7581.77   1.1142e-18   1.0430e-19
 7713.90   1.0329e-18   1.6520e-19
 7716.97   9.8962e-19   1.7832e-19
 7720.04   9.0182e-19   1.6562e-19
 7723.11   1.0821e-18   1.6200e-19
 7726.19   1.0874e-18   1.4028e-19
 7729.26   1.1150e-18   1.1888e-19
 7732.33   1.2021e-18   1.0956e-19
 7735.40   1.3333e-18   1.0601e-19
 7738.48   1.1211e-18   1.1020e-19
 7741.55   7.2817e-19   1.2094e-19
 7744.62   1.0783e-18   1.6776e-19
 7747.69   1.1203e-18   1.6177e-19
 7750.77   1.1653e-18   1.6455e-19
 7753.84   1.3312e-18   1.6921e-19
 7756.91   9.3670e-19   1.6398e-19
 7759.98   8.8179e-19   1.5414e-19
 7763.06   1.0465e-18   1.3086e-19
 7766.13   1.2872e-18   1.2954e-19
 7769.20   1.0063e-18   1.1873e-19
 7772.27   1.1716e-18   1.1692e-19
 7775.35   1.1564e-18   1.1361e-19
 7778.42   1.2486e-18   1.1648e-19
 7781.49   1.1629e-18   1.1710e-19
 7784.56   1.2581e-18   1.4983e-19
 7787.64   1.0529e-18   1.4886e-19
 7790.71   1.1490e-18   1.4220e-19
 7793.78   1.1264e-18   1.3806e-19
 7796.85   9.3862e-19   1.4434e-19
 7799.93   1.0905e-18   1.5291e-19
 7803.00   1.1464e-18   1.5110e-19
 7806.07   1.0770e-18   1.3319e-19
 7809.15   1.1710e-18   1.1993e-19
 7812.22   9.5371e-19   1.5080e-19
 7815.29   1.0313e-18   1.6678e-19
 7818.36   1.1625e-18   1.5429e-19
 7821.44   1.1106e-18   1.4726e-19
 7824.51   1.0878e-18   1.4786e-19
 7827.58   1.2099e-18   1.4956e-19
 7830.65   1.1413e-18   1.4045e-19
 7833.73   1.0500e-18   1.2835e-19
 7836.80   1.2510e-18   1.1766e-19
 7839.87   1.1764e-18   1.2018e-19
 7842.94   9.7120e-19   1.3914e-19
 7846.02   8.7774e-19   1.5957e-19
 7849.09   8.9533e-19   1.7322e-19
 7852.16   9.1571e-19   1.7804e-19
 7855.23   8.7672e-19   1.7732e-19
 7858.31   8.6115e-19   1.8042e-19
 7861.38   7.5415e-19   1.8769e-19
 7864.45   8.4099e-19   1.8234e-19
 7867.52   1.0604e-18   1.6907e-19
 7870.60   1.0064e-18   1.6056e-19
 7873.67   1.0416e-18   1.5828e-19
 7876.74   9.5241e-19   1.5858e-19
 7879.82   8.6977e-19   1.5824e-19
 7882.89   1.0847e-18   1.6366e-19
 7885.96   1.0708e-18   1.4644e-19
 7889.03   1.0938e-18   1.4527e-19
 7892.11   1.1339e-18   1.3413e-19
 7895.18   1.1625e-18   1.2962e-19
 7898.25   9.7561e-19   1.2667e-19
 7901.32   1.0963e-18   1.1991e-19
 7904.40   3.3016e-19   8.3323e-20
 7907.47   8.3268e-19   1.6141e-19
 7910.54   1.3077e-18   1.7752e-19
 7913.61   1.1706e-18   2.0860e-19
 7916.69   1.1168e-18   2.0512e-19
 7919.76   7.5763e-19   2.1632e-19
 7922.83   5.3871e-19   1.5881e-19
 7925.90   7.2154e-19   1.7729e-19
 7928.98   1.1949e-18   1.5363e-19
 7932.05   1.2948e-18   1.4860e-19
 7935.12   1.3033e-18   1.2513e-19
 7938.19   9.5030e-19   1.1929e-19
 7941.27   1.0664e-18   1.3029e-19
 7944.34   1.0875e-18   1.2668e-19
 7947.41   1.2649e-18   1.1788e-19
 7950.48   1.1776e-18   1.1540e-19
 7953.56   6.3459e-19   1.2638e-19
 7956.63   7.0462e-20   4.7254e-20
 7959.70   2.9787e-19   1.1551e-19
 7962.78   6.4843e-19   1.7657e-19
 7965.85   8.6657e-19   1.5540e-19
 7968.92   4.6547e-19   1.7105e-19
 7971.99   7.6604e-19   1.8608e-19
 7975.07   7.5211e-19   1.8337e-19
 7978.14   6.9091e-19   1.4490e-19
 7981.21   9.8269e-19   1.3157e-19
 7984.28   8.5663e-19   1.4742e-19
 7987.36   5.8833e-19   1.4372e-19
 7990.43   8.9359e-19   1.9651e-19
 7993.50   8.5200e-19   1.7146e-19
 7996.57   7.9138e-19   1.6228e-19
 7999.65   8.8650e-19   1.6651e-19
 8002.72   8.1771e-19   1.5142e-19
 8005.79   8.0560e-19   1.3756e-19
 8008.86   9.3525e-19   1.1938e-19
 8011.94   9.7669e-19   1.1687e-19
 8015.01   1.0016e-18   1.2513e-19
 8018.08   5.6630e-19   1.1233e-19
 8021.15   6.6562e-19   1.5398e-19
 8024.23   6.9367e-19   1.5751e-19
 8027.30   7.1287e-19   1.5180e-19
 8030.37   7.8929e-19   1.4593e-19
 8033.44   7.5109e-19   1.3979e-19
 8036.52   8.8322e-19   1.4186e-19
 8039.59   9.4455e-19   1.1073e-19
 8042.66   1.0563e-18   9.8878e-20
 8045.74   1.0554e-18   1.0236e-19
 8048.81   1.0682e-18   1.0468e-19
 8051.88   1.0520e-18   1.0459e-19
 8054.95   1.0019e-18   1.2286e-19
 8058.03   1.0987e-18   1.2707e-19
 8061.10   9.5709e-19   1.2642e-19
 8064.17   1.0802e-18   1.2447e-19
 8067.24   1.1084e-18   1.1613e-19
 8070.32   1.0520e-18   1.1539e-19
 8073.39   1.1687e-18   1.1535e-19
 8076.46   1.0089e-18   9.6180e-20
 8079.53   1.0305e-18   9.2157e-20
 8082.61   1.1056e-18   8.9197e-20
 8085.68   1.0572e-18   9.6345e-20
 8088.75   1.0718e-18   9.4667e-20
 8091.82   1.0678e-18   9.6071e-20
 8094.90   1.2337e-18   1.0157e-19
 8097.97   1.0589e-18   1.0545e-19
 8101.04   1.0826e-18   1.0215e-19
 8104.11   9.3914e-19   1.0258e-19
 8107.19   1.0770e-18   9.9498e-20
 8110.26   1.1030e-18   9.9127e-20
 8113.33   9.2647e-19   9.4354e-20
 8116.41   1.1066e-18   9.0609e-20
 8119.48   1.0736e-18   8.5446e-20
 8122.55   1.1023e-18   8.5870e-20
 8125.62   1.0574e-18   8.4221e-20
 8128.70   1.1597e-18   8.6105e-20
 8131.77   1.0142e-18   8.7123e-20
 8134.84   9.5747e-19   8.8960e-20
 8137.91   9.1428e-19   8.8311e-20
 8140.99   9.9434e-19   9.1551e-20
 8144.06   1.0134e-18   9.3680e-20
 8147.13   1.0456e-18   9.5071e-20
 8150.20   1.0318e-18   9.2356e-20
 8153.28   9.3970e-19   8.8208e-20
 8156.35   9.0184e-19   8.7325e-20
 8159.42   9.5600e-19   8.7111e-20
 8162.49   9.3305e-19   8.0979e-20
 8165.57   9.0529e-19   7.9445e-20
 8168.64   8.9088e-19   8.0858e-20
 8171.71   9.4606e-19   8.0685e-20
 8174.78   9.3530e-19   8.0675e-20
 8177.86   9.1193e-19   8.1520e-20
 8180.93   8.9750e-19   8.0718e-20
