 
TRANSIENT_NAME:     DES15S1mvv 
SNID:               1337649    
OBS_DATE:           2015-12-09
MJD:                57365. 
PHASE:              +1.    
MJD_MAX:            57363.1
TYPE:               1  
SPEC_EVAL:          SNIa
REDSHIFT:           0.2500  
REDSHIFT_ERR:       0.0050  
REDSHIFT_SOURCE:    Z_SN
TELESCOPE:          SALT
INSTRUMENT:         RSS
 
======================================
 
# WAVE  FLUX  FLUX_ERR
 3832.19   1.0969e-19   1.6738e-19
 3835.27   2.1430e-19   1.8174e-19
 3838.35   1.7013e-19   1.6708e-19
 3841.43   2.7213e-19   1.8196e-19
 3844.51   1.9702e-19   1.5292e-19
 3847.59   1.5914e-19   1.5977e-19
 3850.67   3.6725e-19   2.0044e-19
 3853.75   3.2361e-19   1.8179e-19
 3856.84   1.6095e-19   1.6362e-19
 3859.92   1.8531e-19   1.7431e-19
 3863.00   1.7295e-19   1.7401e-19
 3866.08   2.1230e-19   1.6038e-19
 3869.16   6.8511e-20   1.1124e-19
 3872.24   2.7696e-19   1.9829e-19
 3875.32   2.6569e-19   1.7551e-19
 3878.41   2.3931e-19   2.1894e-19
 3881.49   3.9651e-19   2.1029e-19
 3884.57   2.8328e-19   2.2340e-19
 3887.65   2.6238e-19   2.0793e-19
 3890.73   4.2354e-19   2.1489e-19
 3893.81   4.5259e-19   2.0865e-19
 3896.89   5.4111e-19   2.5212e-19
 3899.98   3.0477e-19   2.0339e-19
 3903.06   4.3109e-19   2.1405e-19
 3906.14   5.2950e-19   2.4124e-19
 3909.22   4.0171e-19   2.2697e-19
 3912.30   2.4891e-19   1.9832e-19
 3915.38   1.4041e-19   1.3410e-19
 3918.46   2.5097e-19   1.5697e-19
 3921.54   3.9616e-19   1.9081e-19
 3924.63   4.5624e-19   2.1791e-19
 3927.71   3.9205e-19   2.0073e-19
 3930.79   3.6371e-19   1.9841e-19
 3933.87   2.4986e-19   1.7820e-19
 3936.95   2.9273e-19   1.9212e-19
 3940.03   1.8425e-19   1.5335e-19
 3943.11   3.2077e-19   1.8683e-19
 3946.20   3.4975e-19   1.9445e-19
 3949.28   3.1828e-19   1.7659e-19
 3952.36   3.9670e-19   1.8365e-19
 3955.44   3.3833e-19   1.7575e-19
 3958.52   3.9309e-19   1.8019e-19
 3961.60   3.2807e-19   1.8614e-19
 3964.68   2.0009e-19   1.7311e-19
 3967.76   3.0051e-19   1.9351e-19
 3970.85   2.4542e-19   1.9574e-19
 3973.93   4.1619e-19   2.1181e-19
 3977.01   6.0176e-19   2.3804e-19
 3980.09   3.8730e-19   2.0364e-19
 3983.17   5.1666e-19   2.1730e-19
 3986.25   5.5863e-19   1.9969e-19
 3989.33   3.7435e-19   1.8919e-19
 3992.42   5.5867e-19   2.0409e-19
 3995.50   5.2309e-19   1.8518e-19
 3998.58   7.6159e-20   1.4417e-19
 4001.66   2.5962e-19   1.6190e-19
 4004.74   5.8769e-19   2.2058e-19
 4007.82   4.1142e-19   2.3340e-19
 4010.90   3.2044e-19   1.9019e-19
 4013.99   4.0668e-19   1.9454e-19
 4017.07   3.8590e-19   1.9601e-19
 4020.15   2.4273e-19   1.8584e-19
 4023.23   3.1087e-19   2.1100e-19
 4026.31   6.1531e-19   2.3629e-19
 4029.39   4.5550e-19   1.9165e-19
 4032.47   4.1049e-19   1.9540e-19
 4035.55   1.8397e-19   1.9199e-19
 4038.64   2.3285e-19   1.9378e-19
 4041.72   2.1076e-19   1.9520e-19
 4044.80   3.2085e-19   2.0961e-19
 4047.88   2.8598e-19   2.1473e-19
 4050.96   2.9399e-19   1.8473e-19
 4054.04   2.9803e-19   2.0400e-19
 4057.12  -4.9710e-20   8.1967e-20
 4060.21   4.3433e-19   2.0605e-19
 4063.29   5.1897e-19   2.2238e-19
 4066.37   7.7712e-20   1.2188e-19
 4069.45   2.1188e-19   1.8272e-19
 4072.53   2.7776e-19   1.5351e-19
 4075.61   2.1366e-19   1.8317e-19
 4078.69   3.1882e-19   1.9146e-19
 4081.78   2.6145e-19   1.6485e-19
 4084.86   2.5919e-19   1.8190e-19
 4087.94   4.5306e-19   2.0323e-19
 4091.02   4.3296e-19   2.1812e-19
 4094.10   2.6226e-19   1.7293e-19
 4097.18   4.5942e-19   1.9028e-19
 4100.26   3.1036e-19   1.8111e-19
 4103.34   4.1305e-19   1.8492e-19
 4106.43   4.2046e-19   1.7677e-19
 4109.51   4.6739e-19   2.2103e-19
 4112.59   3.6514e-19   1.8118e-19
 4115.67   5.0646e-19   2.0587e-19
 4118.75   6.2188e-19   2.0355e-19
 4121.83   1.7144e-19   1.5535e-19
 4124.91   3.0117e-19   1.9199e-19
 4128.00   4.4811e-19   1.8732e-19
 4131.08   1.3852e-19   1.4633e-19
 4134.16  -1.9051e-20   5.5089e-20
 4137.24   4.4932e-19   2.1498e-19
 4140.32   4.6705e-19   2.1599e-19
 4143.40   4.3718e-19   1.9025e-19
 4146.48   2.8909e-19   1.7656e-19
 4149.56   2.1947e-19   1.6263e-19
 4152.65   2.3561e-19   1.9254e-19
 4155.73   5.7180e-19   2.1905e-19
 4158.81   3.2935e-19   1.7449e-19
 4161.89   2.6030e-19   1.8449e-19
 4164.97   3.4127e-19   1.8731e-19
 4168.05   3.3750e-19   2.0033e-19
 4171.13   4.7163e-19   2.0429e-19
 4174.22   4.2199e-19   2.0230e-19
 4177.30   3.4889e-19   1.9615e-19
 4180.38   4.2151e-19   1.8100e-19
 4183.46   4.3229e-19   1.9562e-19
 4186.54   2.9360e-19   2.0628e-19
 4189.62   3.8771e-19   1.8435e-19
 4192.70   1.9997e-19   1.2445e-19
 4195.79   2.5024e-19   1.6464e-19
 4198.87   1.6334e-19   1.1293e-19
 4201.95   4.1900e-19   1.9053e-19
 4205.03   4.5093e-19   1.7251e-19
 4208.11   5.8363e-19   1.9130e-19
 4211.19   3.5684e-19   1.7147e-19
 4214.27   3.1314e-19   1.7929e-19
 4217.35   3.5035e-19   1.5602e-19
 4220.44   3.8641e-19   1.7711e-19
 4223.52   3.2967e-19   2.0650e-19
 4226.60   3.8485e-19   1.9710e-19
 4229.68   5.4025e-19   2.0180e-19
 4232.76   5.3540e-19   1.8772e-19
 4235.84   5.4018e-19   1.8274e-19
 4238.92   2.9567e-19   1.6438e-19
 4242.01   5.4189e-19   2.0804e-19
 4245.09   4.5601e-19   1.7350e-19
 4248.17   4.0237e-19   1.8373e-19
 4251.25   4.5336e-19   1.6204e-19
 4254.33   3.5377e-19   1.7435e-19
 4257.41   5.6501e-19   1.7720e-19
 4260.49   6.1750e-19   1.8214e-19
 4263.58   4.0496e-19   1.8549e-19
 4266.66   6.0075e-19   2.0982e-19
 4269.74   3.6944e-19   1.6794e-19
 4272.82   3.9077e-19   1.7715e-19
 4275.90   5.7862e-19   1.7322e-19
 4278.98   5.4839e-19   2.0131e-19
 4282.06   4.0126e-19   1.8055e-19
 4285.14   5.9873e-19   1.6763e-19
 4288.23   3.7225e-19   1.6270e-19
 4291.31   4.8517e-19   1.7043e-19
 4294.39   3.9518e-19   1.9449e-19
 4297.47   2.3303e-19   1.2322e-19
 4300.55   3.2638e-19   1.7695e-19
 4303.63   4.9956e-19   1.9340e-19
 4306.71   4.4884e-19   1.8920e-19
 4309.80   5.6280e-19   1.9820e-19
 4312.88   2.3561e-19   1.5469e-19
 4315.96   3.2404e-19   1.7491e-19
 4319.04   4.1297e-19   1.7102e-19
 4322.12   2.8344e-19   1.6707e-19
 4325.20   3.8187e-19   1.6976e-19
 4328.28   3.1344e-19   1.5457e-19
 4331.37   4.8950e-19   1.6401e-19
 4334.45   5.7250e-19   1.6206e-19
 4337.53   4.8725e-19   1.7939e-19
 4340.61   5.1286e-19   1.7029e-19
 4343.69   3.0896e-19   1.6153e-19
 4346.77   4.0400e-19   1.7357e-19
 4349.85   4.5314e-19   1.5855e-19
 4352.93   4.9306e-19   1.6830e-19
 4356.02   4.2105e-19   1.5784e-19
 4359.10   4.7589e-19   1.6323e-19
 4362.18   5.6082e-19   1.7056e-19
 4365.26   5.4452e-19   1.9110e-19
 4368.34   5.3170e-19   1.7110e-19
 4371.42   4.8195e-19   1.5185e-19
 4374.50   3.4996e-19   1.6736e-19
 4377.59   5.0139e-19   1.7114e-19
 4380.67   5.2072e-19   1.6046e-19
 4383.75   4.7776e-19   1.5894e-19
 4386.83   5.1447e-19   1.9168e-19
 4389.91   4.8615e-19   1.7695e-19
 4392.99   5.2839e-19   1.6426e-19
 4396.07   4.9921e-19   1.5916e-19
 4399.15   4.5419e-19   1.6474e-19
 4402.24   5.0900e-19   1.6714e-19
 4405.32   5.6902e-19   1.6636e-19
 4408.40   4.0172e-19   1.6319e-19
 4411.48   5.2050e-19   1.6798e-19
 4414.56   5.1283e-19   1.6429e-19
 4417.64   6.0304e-19   1.9976e-19
 4420.72   6.3817e-19   1.8810e-19
 4423.81   5.9925e-19   1.9156e-19
 4426.89   4.6462e-19   1.6937e-19
 4429.97   5.0394e-19   1.7083e-19
 4433.05   4.5825e-19   1.6326e-19
 4436.13   6.3167e-19   1.7031e-19
 4439.21   7.3073e-19   1.7243e-19
 4442.29   5.8069e-19   1.7311e-19
 4445.38   5.6117e-19   1.7227e-19
 4448.46   5.5393e-19   1.6108e-19
 4451.54   6.5691e-19   1.5768e-19
 4454.62   7.5976e-19   1.6397e-19
 4457.70   6.2478e-19   1.6215e-19
 4460.78   5.7653e-19   1.5468e-19
 4463.86   5.9308e-19   1.7259e-19
 4466.94   6.1198e-19   1.6408e-19
 4470.03   6.2982e-19   1.6279e-19
 4473.11   6.8012e-19   1.6690e-19
 4476.19   6.8764e-19   1.6483e-19
 4479.27   6.4781e-19   1.6219e-19
 4482.35   6.4686e-19   1.7193e-19
 4485.43   5.6067e-19   1.6388e-19
 4488.51   6.8940e-19   1.8951e-19
 4491.60   6.2528e-19   1.6082e-19
 4494.68   7.5896e-19   1.6244e-19
 4497.76   6.3630e-19   1.7490e-19
 4500.84   7.0196e-19   1.7199e-19
 4503.92   8.8894e-19   1.6260e-19
 4507.00   7.4380e-19   1.6256e-19
 4510.08   7.3122e-19   1.9142e-19
 4513.17   5.9256e-19   1.6861e-19
 4516.25   6.9615e-19   1.6978e-19
 4519.33   6.6855e-19   1.8975e-19
 4522.41   7.7678e-19   1.7134e-19
 4525.49   7.3863e-19   1.6688e-19
 4528.57   6.6793e-19   1.6752e-19
 4531.65   7.8178e-19   1.6145e-19
 4534.73   7.3689e-19   1.6538e-19
 4537.82   8.0871e-19   1.6904e-19
 4540.90   7.6099e-19   1.7376e-19
 4543.98   6.2357e-19   1.8546e-19
 4547.06   5.3131e-19   1.6946e-19
 4550.14   8.3590e-19   1.6629e-19
 4553.22   8.4060e-19   1.6669e-19
 4556.30   7.5143e-19   1.6302e-19
 4559.39   7.7317e-19   1.7446e-19
 4562.47   7.8930e-19   1.8568e-19
 4565.55   6.8540e-19   1.5392e-19
 4568.63   7.7559e-19   1.5678e-19
 4571.71   7.8674e-19   1.6040e-19
 4574.79   9.0893e-19   1.7831e-19
 4577.87   8.9416e-19   1.8444e-19
 4580.96   8.0825e-19   1.7263e-19
 4584.04   6.9578e-19   1.6843e-19
 4587.12   7.2386e-19   1.7603e-19
 4590.20   7.7150e-19   1.7278e-19
 4593.28   8.0248e-19   1.7997e-19
 4596.36   7.6171e-19   1.6381e-19
 4599.44   7.8528e-19   1.7209e-19
 4602.52   7.1025e-19   1.6351e-19
 4605.61   6.0249e-19   1.5155e-19
 4608.69   6.3774e-19   1.5737e-19
 4611.77   6.7050e-19   1.5033e-19
 4614.85   6.6436e-19   1.5399e-19
 4617.93   6.8068e-19   1.5996e-19
 4621.01   6.3303e-19   1.5740e-19
 4624.09   6.1960e-19   1.5775e-19
 4627.18   6.8601e-19   1.5876e-19
 4630.26   8.1293e-19   1.6360e-19
 4633.34   7.4738e-19   1.6087e-19
 4636.42   7.5419e-19   1.5525e-19
 4639.50   7.3009e-19   1.5371e-19
 4642.58   7.5610e-19   1.5288e-19
 4645.66   7.3179e-19   1.5218e-19
 4648.74   7.2196e-19   1.6433e-19
 4651.83   7.4680e-19   1.5972e-19
 4654.91   6.7202e-19   1.5027e-19
 4657.99   6.6273e-19   1.4920e-19
 4661.07   6.9706e-19   1.4488e-19
 4664.15   7.2108e-19   1.5384e-19
 4667.23   6.6091e-19   1.5551e-19
 4670.31   7.0512e-19   1.5271e-19
 4673.40   6.7868e-19   1.5196e-19
 4676.48   7.3047e-19   1.5183e-19
 4679.56   7.4050e-19   1.5040e-19
 4682.64   7.2022e-19   1.5129e-19
 4685.72   6.9109e-19   1.4954e-19
 4688.80   6.2633e-19   1.5735e-19
 4691.88   6.7230e-19   1.5264e-19
 4694.97   7.8903e-19   1.5156e-19
 4698.05   9.6300e-19   1.5360e-19
 4701.13   9.4584e-19   1.5355e-19
 4704.21   8.1168e-19   1.5248e-19
 4707.29   6.8994e-19   1.4687e-19
 4710.37   6.8622e-19   1.4325e-19
 4713.45   7.4232e-19   1.5412e-19
 4716.53   6.8257e-19   1.4858e-19
 4719.62   6.1550e-19   1.4730e-19
 4722.70   6.0301e-19   1.5407e-19
 4725.78   5.9662e-19   1.6345e-19
 4728.86   6.1416e-19   1.5497e-19
 4731.94   6.5556e-19   1.4821e-19
 4735.02   6.7186e-19   1.4468e-19
 4738.10   6.0532e-19   1.4432e-19
 4741.19   6.9418e-19   1.5134e-19
 4744.27   6.6449e-19   1.5637e-19
 4747.35   5.1516e-19   1.4909e-19
 4750.43   5.7382e-19   1.4072e-19
 4753.51   5.9897e-19   1.5423e-19
 4756.59   6.7198e-19   1.5189e-19
 4759.67   5.9578e-19   1.4342e-19
 4762.75   6.1296e-19   1.4055e-19
 4765.84   5.3714e-19   1.3934e-19
 4768.92   5.3002e-19   1.5217e-19
 4772.00   4.7116e-19   1.5130e-19
 4775.08   4.3380e-19   1.3037e-19
 4778.16   6.0420e-19   1.5324e-19
 4781.24   5.5241e-19   1.3648e-19
 4784.32   4.0302e-19   1.3570e-19
 4787.41   4.8484e-19   1.6255e-19
 4790.49   4.2278e-19   1.2592e-19
 4793.57   4.7883e-19   1.3950e-19
 4796.65   4.7190e-19   1.5612e-19
 4799.73   3.4186e-19   1.1513e-19
 4802.81   5.5314e-19   1.3590e-19
 4805.89   4.3605e-19   1.4327e-19
 4808.98   4.7062e-19   1.3717e-19
 4812.06   4.6716e-19   1.3788e-19
 4815.14   5.7970e-19   1.3125e-19
 4818.22   4.4328e-19   1.5030e-19
 4821.30   4.9498e-19   1.5771e-19
 4824.38   4.7869e-19   1.4815e-19
 4827.46   6.6596e-19   1.4657e-19
 4830.54   7.8206e-19   1.4333e-19
 4833.63   5.0012e-19   1.4188e-19
 4836.71   6.2473e-19   1.5043e-19
 4839.79   5.2399e-19   1.3691e-19
 4842.87   6.2315e-19   1.4889e-19
 4845.95   4.7099e-19   1.4249e-19
 4849.03   5.0893e-19   1.2957e-19
 4852.11   5.5377e-19   1.3323e-19
 4855.20   6.2747e-19   1.3944e-19
 4858.28   5.7164e-19   1.2607e-19
 4861.36   6.2055e-19   1.2859e-19
 4864.44   6.4334e-19   1.2504e-19
 4867.52   6.8593e-19   1.2818e-19
 4870.60   6.7343e-19   1.3354e-19
 4873.68   7.5139e-19   1.3736e-19
 4876.77   8.2940e-19   1.3735e-19
 4879.85   6.9721e-19   1.4054e-19
 4882.93   5.5273e-19   1.3373e-19
 4886.01   6.5502e-19   1.3187e-19
 4889.09   6.4382e-19   1.3162e-19
 4892.17   6.8933e-19   1.3421e-19
 4895.25   7.6957e-19   1.3453e-19
 4898.33   6.5410e-19   1.3309e-19
 4901.42   6.6283e-19   1.3431e-19
 4904.50   6.2650e-19   1.3135e-19
 4907.58   7.3648e-19   1.3806e-19
 4910.66   7.7030e-19   1.3669e-19
 4913.74   8.0050e-19   1.3344e-19
 4916.82   6.9942e-19   1.3433e-19
 4919.90   7.6047e-19   1.3383e-19
 4922.99   6.2462e-19   1.3014e-19
 4926.07   6.7338e-19   1.3575e-19
 4929.15   7.5794e-19   1.3824e-19
 4932.23   7.0684e-19   1.3521e-19
 4935.31   6.7544e-19   1.2748e-19
 5101.70   8.3585e-19   1.2704e-19
 5104.79   7.3142e-19   1.2380e-19
 5107.87   6.8728e-19   1.2406e-19
 5110.95   7.5421e-19   1.1841e-19
 5114.03   7.8284e-19   1.2188e-19
 5117.11   7.3389e-19   1.1936e-19
 5120.19   7.4091e-19   1.1532e-19
 5123.27   6.9339e-19   1.1931e-19
 5126.35   7.6528e-19   1.2780e-19
 5129.44   8.0070e-19   1.2397e-19
 5132.52   7.4298e-19   1.2375e-19
 5135.60   7.0308e-19   1.2515e-19
 5138.68   7.8561e-19   1.2803e-19
 5141.76   8.1298e-19   1.2607e-19
 5144.84   8.3947e-19   1.1780e-19
 5147.92   7.6079e-19   1.3006e-19
 5151.01   7.3635e-19   1.2478e-19
 5154.09   7.5737e-19   1.2595e-19
 5157.17   7.7390e-19   1.2854e-19
 5160.25   7.6401e-19   1.1980e-19
 5163.33   7.4697e-19   1.2138e-19
 5166.41   6.6144e-19   1.1776e-19
 5169.49   8.3278e-19   1.2365e-19
 5172.58   7.8780e-19   1.2528e-19
 5175.66   7.3258e-19   1.2167e-19
 5178.74   8.1819e-19   1.2236e-19
 5181.82   9.0970e-19   1.3597e-19
 5184.90   7.4624e-19   1.2766e-19
 5187.98   8.0481e-19   1.3065e-19
 5191.06   7.3413e-19   1.3692e-19
 5194.15   8.7934e-19   1.4917e-19
 5197.23   6.6927e-19   1.3395e-19
 5200.31   8.0558e-19   1.3756e-19
 5203.39   8.2880e-19   1.4149e-19
 5206.47   8.1038e-19   1.3682e-19
 5209.55   7.0208e-19   1.2505e-19
 5212.63   8.2398e-19   1.2802e-19
 5215.71   9.8716e-19   1.2959e-19
 5218.80   8.6754e-19   1.2872e-19
 5221.88   9.2957e-19   1.3137e-19
 5224.96   9.0614e-19   1.3561e-19
 5228.04   7.1805e-19   1.2330e-19
 5231.12   8.3391e-19   1.3181e-19
 5234.20   7.6823e-19   1.2916e-19
 5237.28   7.6375e-19   1.2979e-19
 5240.37   6.5429e-19   1.2280e-19
 5243.45   5.9999e-19   1.1782e-19
 5246.53   6.1202e-19   1.2009e-19
 5249.61   7.3780e-19   1.2537e-19
 5252.69   6.6872e-19   1.1927e-19
 5255.77   6.0364e-19   1.1814e-19
 5258.85   7.7010e-19   1.2036e-19
 5261.94   8.5503e-19   1.2300e-19
 5265.02   8.6677e-19   1.2708e-19
 5268.10   8.0463e-19   1.2626e-19
 5271.18   6.1018e-19   1.1668e-19
 5274.26   6.7036e-19   1.2783e-19
 5277.34   7.4470e-19   1.2307e-19
 5280.42   8.4794e-19   1.1913e-19
 5283.50   7.1077e-19   1.2255e-19
 5286.59   6.4824e-19   1.2020e-19
 5289.67   5.7532e-19   1.1307e-19
 5292.75   6.8617e-19   1.3001e-19
 5295.83   8.0477e-19   1.3108e-19
 5298.91   8.1803e-19   1.2605e-19
 5301.99   6.7639e-19   1.2327e-19
 5305.07   6.6229e-19   1.1995e-19
 5308.16   7.1110e-19   1.2429e-19
 5311.24   8.0035e-19   1.2110e-19
 5314.32   7.4927e-19   1.2379e-19
 5317.40   6.2893e-19   1.2256e-19
 5320.48   6.3309e-19   1.2064e-19
 5323.56   6.4428e-19   1.2315e-19
 5326.64   6.8637e-19   1.2557e-19
 5329.72   6.8380e-19   1.2688e-19
 5332.81   6.6530e-19   1.2525e-19
 5335.89   6.4217e-19   1.4153e-19
 5338.97   7.8634e-19   1.2411e-19
 5342.05   6.8629e-19   1.1553e-19
 5345.13   5.5957e-19   1.1803e-19
 5348.21   7.1039e-19   1.2632e-19
 5351.29   6.7495e-19   1.2162e-19
 5354.38   7.1775e-19   1.2207e-19
 5357.46   6.6787e-19   1.2086e-19
 5360.54   6.2310e-19   1.2121e-19
 5363.62   8.0845e-19   1.2198e-19
 5366.70   6.0104e-19   1.3370e-19
 5369.78   6.5451e-19   1.2452e-19
 5372.86   7.2861e-19   1.2595e-19
 5375.95   5.9987e-19   1.2225e-19
 5379.03   5.6353e-19   1.0589e-19
 5382.11   6.4321e-19   1.2164e-19
 5385.19   5.3248e-19   1.1408e-19
 5388.27   5.6458e-19   1.1337e-19
 5391.35   6.6085e-19   1.1842e-19
 5394.43   6.4463e-19   1.1235e-19
 5397.51   6.1900e-19   1.1435e-19
 5400.60   6.4958e-19   1.2912e-19
 5403.68   6.3951e-19   1.1674e-19
 5406.76   6.3479e-19   1.1434e-19
 5409.84   5.4367e-19   1.1654e-19
 5412.92   6.3101e-19   1.2026e-19
 5416.00   7.2960e-19   1.2170e-19
 5419.08   6.2194e-19   1.1533e-19
 5422.17   5.1879e-19   1.1300e-19
 5425.25   7.4018e-19   1.2653e-19
 5428.33   7.9568e-19   1.2421e-19
 5431.41   6.3841e-19   1.1403e-19
 5434.49   6.4416e-19   1.1144e-19
 5437.57   6.2635e-19   1.1237e-19
 5440.65   6.1866e-19   1.1460e-19
 5443.73   6.3236e-19   1.1554e-19
 5446.82   6.0597e-19   1.1306e-19
 5449.90   6.3660e-19   1.1658e-19
 5452.98   6.0053e-19   1.1480e-19
 5456.06   6.1045e-19   1.1560e-19
 5459.14   5.6161e-19   1.1499e-19
 5462.22   5.1439e-19   1.2279e-19
 5465.30   5.5102e-19   1.2776e-19
 5468.39   5.8738e-19   1.1833e-19
 5471.47   5.5942e-19   1.1652e-19
 5474.55   6.4649e-19   1.1825e-19
 5477.63   6.4364e-19   1.1209e-19
 5480.71   6.5479e-19   1.1052e-19
 5483.79   7.9793e-19   1.2273e-19
 5486.87   6.4759e-19   1.2005e-19
 5489.96   7.7020e-19   1.1289e-19
 5493.04   7.1874e-19   1.1874e-19
 5496.12   6.8874e-19   1.1715e-19
 5499.20   7.6055e-19   1.2566e-19
 5502.28   6.7358e-19   1.2879e-19
 5505.36   6.2145e-19   1.1315e-19
 5508.44   8.6095e-19   1.2236e-19
 5511.52   6.3067e-19   1.1673e-19
 5514.61   7.8433e-19   1.1566e-19
 5517.69   6.8490e-19   1.2040e-19
 5520.77   7.9507e-19   1.2716e-19
 5523.85   8.8005e-19   1.2678e-19
 5526.93   8.4576e-19   1.2894e-19
 5530.01   8.5818e-19   1.2443e-19
 5533.09   8.9822e-19   1.2113e-19
 5536.18   8.5341e-19   1.2528e-19
 5539.26   8.1414e-19   1.2376e-19
 5542.34   8.6354e-19   1.2684e-19
 5545.42   9.3937e-19   1.2781e-19
 5548.50   7.9459e-19   1.2980e-19
 5551.58   8.6270e-19   1.3472e-19
 5554.66   7.8293e-19   1.2867e-19
 5557.75   8.2137e-19   1.3318e-19
 5560.83   6.7414e-19   1.3537e-19
 5594.72   8.1652e-19   1.3804e-19
 5597.80   8.8631e-19   1.4181e-19
 5600.88   9.2100e-19   1.3360e-19
 5603.97   8.2002e-19   1.2526e-19
 5607.05   7.9203e-19   1.2595e-19
 5610.13   9.0926e-19   1.2712e-19
 5613.21   8.1147e-19   1.2468e-19
 5616.29   8.1360e-19   1.3071e-19
 5619.37   7.6195e-19   1.2070e-19
 5622.45   6.5385e-19   1.1694e-19
 5625.54   9.2287e-19   1.2752e-19
 5628.62   8.7030e-19   1.2060e-19
 5631.70   6.9341e-19   1.1566e-19
 5634.78   7.4103e-19   1.2094e-19
 5637.86   7.6922e-19   1.1815e-19
 5640.94   8.3212e-19   1.2198e-19
 5644.02   8.0792e-19   1.2155e-19
 5647.10   7.3833e-19   1.1504e-19
 5650.19   7.7423e-19   1.1424e-19
 5653.27   7.8653e-19   1.1496e-19
 5656.35   8.5541e-19   1.1681e-19
 5659.43   8.9611e-19   1.2077e-19
 5662.51   8.3053e-19   1.1852e-19
 5665.59   8.7122e-19   1.1637e-19
 5668.67   7.0489e-19   1.2119e-19
 5671.76   7.1232e-19   1.1218e-19
 5674.84   6.5655e-19   1.1241e-19
 5677.92   7.1616e-19   1.1302e-19
 5681.00   7.5098e-19   1.1853e-19
 5684.08   7.9126e-19   1.2025e-19
 5687.16   7.7923e-19   1.1613e-19
 5690.24   6.9784e-19   1.1303e-19
 5693.33   7.7223e-19   1.1268e-19
 5696.41   7.0450e-19   1.1193e-19
 5699.49   7.7973e-19   1.1578e-19
 5702.57   8.2973e-19   1.1543e-19
 5705.65   6.8039e-19   1.1099e-19
 5708.73   7.0610e-19   1.1347e-19
 5711.81   8.0128e-19   1.1079e-19
 5714.89   7.4917e-19   1.1332e-19
 5717.98   8.3100e-19   1.1740e-19
 5721.06   7.3095e-19   1.2087e-19
 5724.14   6.0324e-19   1.1152e-19
 5727.22   7.3488e-19   1.1033e-19
 5730.30   7.9257e-19   1.2053e-19
 5733.38   7.1469e-19   1.1350e-19
 5736.46   7.6616e-19   1.1190e-19
 5739.55   7.1308e-19   1.0784e-19
 5742.63   8.4524e-19   1.1388e-19
 5745.71   7.8623e-19   1.1614e-19
 5748.79   7.9599e-19   1.1040e-19
 5751.87   6.9703e-19   1.1012e-19
 5754.95   8.5409e-19   1.1463e-19
 5758.03   7.1821e-19   1.0896e-19
 5761.11   6.2534e-19   1.0808e-19
 5764.20   6.9102e-19   1.0902e-19
 5767.28   7.9622e-19   1.1305e-19
 5770.36   8.0880e-19   1.1129e-19
 5773.44   7.2141e-19   1.0859e-19
 5776.52   8.1366e-19   1.1031e-19
 5779.60   8.3704e-19   1.1262e-19
 5782.68   8.7197e-19   1.1521e-19
 5785.77   7.7412e-19   1.1074e-19
 5788.85   7.8674e-19   1.1128e-19
 5791.93   8.2973e-19   1.1003e-19
 5795.01   7.6635e-19   1.0941e-19
 5798.09   7.5083e-19   1.0777e-19
 5801.17   8.1624e-19   1.1109e-19
 5804.25   7.5905e-19   1.0954e-19
 5807.33   7.3303e-19   1.0903e-19
 5810.42   8.8537e-19   1.1029e-19
 5813.50   7.3640e-19   1.1030e-19
 5816.58   7.8381e-19   1.1449e-19
 5819.66   8.1449e-19   1.1311e-19
 5822.74   7.2338e-19   1.0797e-19
 5825.82   7.8573e-19   1.1085e-19
 5828.90   7.8841e-19   1.1188e-19
 5831.99   8.3285e-19   1.1604e-19
 5835.07   8.2861e-19   1.1411e-19
 5838.15   7.6906e-19   1.1418e-19
 5841.23   7.3702e-19   1.1377e-19
 5844.31   8.0182e-19   1.0742e-19
 5847.39   8.4572e-19   1.0733e-19
 5850.47   7.1457e-19   1.0695e-19
 5853.56   7.6134e-19   1.0852e-19
 5856.64   8.1010e-19   1.1345e-19
 5859.72   7.0566e-19   1.1048e-19
 5862.80   7.9720e-19   1.1703e-19
 5865.88   6.3183e-19   1.1416e-19
 5868.96   7.0758e-19   1.1986e-19
 5872.04   6.5805e-19   1.1514e-19
 5875.12   7.0844e-19   1.2007e-19
 5878.21   7.0893e-19   1.1940e-19
 5881.29   7.3529e-19   1.3656e-19
 5884.37   7.1503e-19   1.3863e-19
 5887.45   7.4326e-19   1.3666e-19
 5890.53   6.9539e-19   1.4080e-19
 5893.61   1.0115e-18   1.4386e-19
 5896.69   7.7273e-19   1.3655e-19
 5899.78   6.2277e-19   1.2683e-19
 5902.86   5.9216e-19   1.2486e-19
 5905.94   7.1617e-19   1.2037e-19
 5909.02   5.8337e-19   1.2178e-19
 5912.10   6.0790e-19   1.1534e-19
 5915.18   7.3872e-19   1.2038e-19
 5918.26   6.1871e-19   1.1627e-19
 5921.35   6.6712e-19   1.2289e-19
 5924.43   6.2094e-19   1.1683e-19
 5927.51   6.5336e-19   1.1783e-19
 5930.59   6.1265e-19   1.0908e-19
 5933.67   5.9149e-19   1.1295e-19
 5936.75   6.5016e-19   1.1793e-19
 5939.83   6.7252e-19   1.1968e-19
 5942.92   7.0537e-19   1.1681e-19
 5946.00   7.3509e-19   1.2236e-19
 5949.08   6.8491e-19   1.1873e-19
 5952.16   6.7037e-19   1.1755e-19
 5955.24   6.2498e-19   1.1240e-19
 5958.32   6.6000e-19   1.1056e-19
 5961.40   6.2970e-19   1.1107e-19
 5964.48   7.3468e-19   1.1502e-19
 5967.57   6.2476e-19   1.0594e-19
 5970.65   5.8525e-19   1.0681e-19
 5973.73   6.6932e-19   1.1302e-19
 5976.81   5.9271e-19   1.1303e-19
 5979.89   5.6156e-19   1.0866e-19
 5982.97   5.7591e-19   1.0891e-19
 5986.05   6.3381e-19   1.0967e-19
 5989.14   6.6686e-19   1.0765e-19
 5992.22   5.9611e-19   1.0222e-19
 5995.30   7.5369e-19   1.1014e-19
 5998.38   6.7183e-19   1.1150e-19
 6001.46   7.7762e-19   1.1533e-19
 6004.54   7.3006e-19   1.0770e-19
 6007.62   6.0306e-19   1.0328e-19
 6010.70   6.3342e-19   1.0450e-19
 6013.79   6.5591e-19   1.0520e-19
 6016.87   6.8291e-19   1.0650e-19
 6019.95   5.5582e-19   1.0023e-19
 6023.03   6.1544e-19   1.0623e-19
 6026.11   7.5926e-19   1.1076e-19
 6029.19   7.2286e-19   1.0781e-19
 6032.27   5.7399e-19   1.0795e-19
 6035.36   6.6043e-19   1.0291e-19
 6038.44   6.7582e-19   1.0333e-19
 6041.52   6.1229e-19   1.0426e-19
 6044.60   6.6197e-19   1.0684e-19
 6047.68   6.8046e-19   1.0239e-19
 6050.76   5.6113e-19   1.0088e-19
 6053.84   5.9278e-19   1.0116e-19
 6056.93   5.4758e-19   1.0163e-19
 6060.01   6.7652e-19   1.0610e-19
 6063.09   6.3362e-19   1.0371e-19
 6066.17   6.6765e-19   1.0034e-19
 6069.25   5.1956e-19   9.9589e-20
 6072.33   5.4034e-19   1.0014e-19
 6075.41   5.2691e-19   9.7892e-20
 6078.49   5.4417e-19   9.6882e-20
 6081.58   5.3071e-19   9.8539e-20
 6084.66   5.4725e-19   9.9531e-20
 6087.74   6.5497e-19   1.0321e-19
 6090.82   7.5645e-19   1.0641e-19
 6093.90   7.5966e-19   1.0915e-19
 6096.98   6.4526e-19   1.0458e-19
 6100.06   5.8458e-19   1.0119e-19
 6103.15   6.2502e-19   1.0291e-19
 6106.23   6.1375e-19   1.0056e-19
 6109.31   6.3092e-19   9.8882e-20
 6112.39   6.3511e-19   1.0289e-19
 6115.47   6.1162e-19   9.9913e-20
 6118.55   7.5979e-19   1.0328e-19
 6121.63   7.1805e-19   1.0330e-19
 6124.71   6.4331e-19   1.0527e-19
 6127.80   7.7343e-19   1.1011e-19
 6130.88   6.0337e-19   1.0430e-19
 6133.96   5.7636e-19   1.0064e-19
 6137.04   5.8818e-19   1.0268e-19
 6140.12   7.5056e-19   1.1707e-19
 6143.20   4.8552e-19   1.0291e-19
 6146.28   5.6425e-19   1.0185e-19
 6149.37   6.4894e-19   1.0395e-19
 6152.45   5.9348e-19   1.0100e-19
 6155.53   5.7895e-19   1.0017e-19
 6158.61   5.2571e-19   1.1193e-19
 6161.69   6.8056e-19   1.0462e-19
 6164.77   3.4375e-19   1.0077e-19
 6167.85   6.7710e-19   1.0513e-19
 6170.94   5.6438e-19   1.0422e-19
 6174.02   6.4081e-19   1.0306e-19
 6177.10   6.9606e-19   1.0633e-19
 6180.18   6.3216e-19   1.0679e-19
 6183.26   6.7024e-19   1.0406e-19
 6186.34   6.2387e-19   1.0198e-19
 6189.42   5.3209e-19   9.5754e-20
 6192.50   5.8825e-19   1.0568e-19
 6195.59   4.8011e-19   9.9547e-20
 6198.67   5.0734e-19   9.8300e-20
 6201.75   5.2681e-19   1.0171e-19
 6204.83   6.0159e-19   1.0574e-19
 6207.91   5.2326e-19   1.0316e-19
 6210.99   5.6387e-19   1.0572e-19
 6214.07   6.4116e-19   1.0691e-19
 6217.16   5.2003e-19   1.0812e-19
 6220.24   5.2164e-19   1.0840e-19
 6223.32   5.1136e-19   1.1423e-19
 6226.40   4.6280e-19   1.1511e-19
 6229.48   4.8533e-19   1.2027e-19
 6232.56   6.1814e-19   1.2706e-19
 6235.64   5.5731e-19   1.1908e-19
 6238.73   5.2933e-19   1.1879e-19
 6241.81   5.1688e-19   1.1984e-19
 6244.89   5.5162e-19   1.2359e-19
 6247.97   6.1821e-19   1.2807e-19
 6251.05   5.7405e-19   1.2593e-19
 6254.13   5.2925e-19   1.2341e-19
 6257.21   5.0832e-19   1.2495e-19
 6260.29   4.7340e-19   1.1976e-19
 6263.38   6.4985e-19   1.2823e-19
 6266.46   6.1692e-19   1.2264e-19
 6269.54   4.9418e-19   1.1188e-19
 6272.62   4.3173e-19   1.0932e-19
 6275.70   6.2727e-19   1.2843e-19
 6278.78   5.7683e-19   1.1392e-19
 6281.86   4.8148e-19   1.1990e-19
 6284.95   6.0627e-19   1.2454e-19
 6318.84   7.0156e-19   1.2651e-19
 6321.92   5.5860e-19   1.1407e-19
 6325.00   5.0819e-19   1.1937e-19
 6328.08   5.2667e-19   1.1243e-19
 6331.17   5.1334e-19   1.1226e-19
 6334.25   5.2632e-19   1.1270e-19
 6337.33   5.8023e-19   1.1470e-19
 6340.41   6.8424e-19   1.1320e-19
 6343.49   7.6417e-19   1.1053e-19
 6346.57   5.5245e-19   1.0891e-19
 6349.65   6.0935e-19   1.2057e-19
 6383.55   6.0414e-19   1.0877e-19
 6386.63   5.6194e-19   1.0400e-19
 6389.71   7.3593e-19   1.0609e-19
 6392.79   6.9022e-19   1.0315e-19
 6395.87   6.1782e-19   9.7646e-20
 6398.96   6.8174e-19   9.9791e-20
 6402.04   6.3569e-19   1.0010e-19
 6405.12   6.1507e-19   9.8685e-20
 6408.20   8.6581e-19   1.0594e-19
 6411.28   7.1470e-19   1.0364e-19
 6414.36   5.7194e-19   1.0060e-19
 6417.44   5.1547e-19   9.8239e-20
 6420.53   7.7947e-19   1.0324e-19
 6423.61   7.2705e-19   9.9420e-20
 6426.69   7.0282e-19   9.8818e-20
 6429.77   6.4389e-19   9.6976e-20
 6432.85   7.3632e-19   9.7785e-20
 6435.93   7.9226e-19   1.0088e-19
 6439.01   8.8364e-19   1.0006e-19
 6442.09   6.0334e-19   9.4422e-20
 6445.18   6.9941e-19   9.6942e-20
 6448.26   6.9520e-19   9.8643e-20
 6451.34   4.4635e-19   9.9711e-20
 6454.42   5.7597e-19   1.0316e-19
 6457.50   6.4806e-19   1.0528e-19
 6460.58   7.4611e-19   1.1331e-19
 6463.66   6.0464e-19   1.0908e-19
 6466.75   6.3637e-19   1.1104e-19
 6469.83   6.2995e-19   1.1013e-19
 6472.91   5.7050e-19   1.1345e-19
 6475.99   5.8456e-19   1.0609e-19
 6479.07   7.6024e-19   1.0390e-19
 6482.15   5.9418e-19   9.7963e-20
 6485.23   5.7634e-19   9.5572e-20
 6488.31   4.6929e-19   9.5669e-20
 6491.40   5.8434e-19   1.1030e-19
 6494.48   5.8324e-19   1.1661e-19
 6497.56   5.5204e-19   1.1327e-19
 6500.64   6.6577e-19   1.1798e-19
 6503.72   6.7450e-19   1.1654e-19
 6506.80   6.3131e-19   1.1446e-19
 6509.88   6.1817e-19   1.0510e-19
 6512.97   6.5594e-19   9.8689e-20
 6516.05   6.5734e-19   9.6803e-20
 6519.13   6.9313e-19   1.0233e-19
 6522.21   6.9169e-19   1.0787e-19
 6525.29   6.8216e-19   1.0977e-19
 6528.37   6.6402e-19   1.1031e-19
 6531.45   7.5190e-19   1.1206e-19
 6534.54   7.0625e-19   1.1223e-19
 6537.62   6.2573e-19   1.0975e-19
 6540.70   6.5334e-19   1.1223e-19
 6543.78   4.9829e-19   1.1053e-19
 6546.86   6.1481e-19   1.0937e-19
 6549.94   5.1567e-19   1.1046e-19
 6553.02   6.6354e-19   1.1471e-19
 6556.10   6.2679e-19   1.1280e-19
 6559.19   7.0771e-19   1.1910e-19
 6562.27   6.4514e-19   1.1584e-19
 6565.35   5.3243e-19   1.0743e-19
 6568.43   6.2435e-19   1.1737e-19
 6571.51   5.8719e-19   1.0911e-19
 6574.59   5.5036e-19   1.0547e-19
 6577.67   6.1548e-19   1.0623e-19
 6580.76   6.3183e-19   1.1203e-19
 6583.84   5.8637e-19   1.0253e-19
 6586.92   4.8078e-19   9.4381e-20
 6590.00   7.6392e-19   1.0164e-19
 6593.08   5.7921e-19   9.5235e-20
 6596.16   7.1104e-19   1.0264e-19
 6599.24   6.2827e-19   9.7639e-20
 6602.33   6.5212e-19   1.0381e-19
 6605.41   5.4176e-19   9.4283e-20
 6608.49   6.7277e-19   9.9096e-20
 6611.57   6.5786e-19   9.6636e-20
 6614.65   4.9563e-19   8.8865e-20
 6617.73   4.9527e-19   8.8994e-20
 6620.81   4.1169e-19   8.6456e-20
 6623.90   5.5231e-19   9.1078e-20
 6626.98   6.0530e-19   9.3855e-20
 6630.06   6.7651e-19   1.0015e-19
 6633.14   6.3629e-19   9.7886e-20
 6636.22   5.4519e-19   9.5531e-20
 6639.30   5.2481e-19   9.7268e-20
 6642.38   5.5033e-19   9.3655e-20
 6645.46   5.6964e-19   8.9914e-20
 6648.55   5.1006e-19   8.8166e-20
 6651.63   5.0647e-19   8.8726e-20
 6654.71   5.6806e-19   9.1875e-20
 6657.79   4.8089e-19   8.8394e-20
 6660.87   5.1327e-19   8.8264e-20
 6663.95   6.0239e-19   9.0002e-20
 6667.03   5.2706e-19   8.6549e-20
 6670.12   4.6127e-19   8.6970e-20
 6673.20   5.1178e-19   8.5038e-20
 6676.28   5.4458e-19   8.6666e-20
 6679.36   5.5658e-19   9.1345e-20
 6682.44   5.1922e-19   8.9793e-20
 6685.52   3.7336e-19   8.3596e-20
 6688.60   4.6650e-19   8.6513e-20
 6691.68   4.6337e-19   8.8220e-20
 6694.77   5.7505e-19   9.0632e-20
 6697.85   4.5216e-19   8.8855e-20
 6700.93   5.5321e-19   9.8535e-20
 6704.01   5.0095e-19   9.2029e-20
 6707.09   5.1943e-19   8.8332e-20
 6710.17   5.4000e-19   8.9301e-20
 6713.25   4.6001e-19   8.8236e-20
 6716.34   5.4640e-19   9.3107e-20
 6719.42   5.8747e-19   8.8747e-20
 6722.50   4.9821e-19   8.4757e-20
 6725.58   5.0194e-19   9.1978e-20
 6728.66   5.0774e-19   9.1032e-20
 6731.74   4.6885e-19   8.4816e-20
 6734.82   5.2192e-19   8.9179e-20
 6737.91   4.8378e-19   8.5471e-20
 6740.99   5.5197e-19   8.6433e-20
 6744.07   6.0188e-19   8.7782e-20
 6747.15   4.6454e-19   8.4766e-20
 6750.23   4.6538e-19   8.5060e-20
 6753.31   4.4936e-19   8.4811e-20
 6756.39   5.0643e-19   8.5180e-20
 6759.47   5.4945e-19   8.4229e-20
 6762.56   4.6408e-19   7.9819e-20
 6765.64   4.6606e-19   7.9607e-20
 6768.72   4.9829e-19   8.4281e-20
 6771.80   4.9428e-19   8.5466e-20
 6774.88   4.6993e-19   8.4322e-20
 6777.96   5.1844e-19   8.5850e-20
 6781.04   5.3758e-19   8.9142e-20
 6784.13   3.8993e-19   9.2756e-20
 6787.21   4.8811e-19   9.5968e-20
 6790.29   4.3796e-19   9.0164e-20
 6793.37   3.3720e-19   8.5505e-20
 6796.45   5.1219e-19   8.7303e-20
 6799.53   5.3819e-19   8.4740e-20
 6802.61   6.5655e-19   8.9757e-20
 6805.69   5.0228e-19   8.7010e-20
 6808.78   4.9922e-19   8.6861e-20
 6811.86   4.2228e-19   8.3121e-20
 6814.94   4.8656e-19   9.1135e-20
 6818.02   6.2796e-19   1.0179e-19
 6821.10   5.1378e-19   1.1004e-19
 6824.18   5.2883e-19   1.2324e-19
 6827.26   3.9691e-19   1.1552e-19
 6830.35   5.7115e-19   1.2372e-19
 6833.43   6.8456e-19   1.3014e-19
 6836.51   5.0388e-19   1.2706e-19
 6839.59   5.4999e-19   1.1712e-19
 6842.67   3.7787e-19   9.9074e-20
 6845.75   4.5088e-19   9.2944e-20
 6848.83   5.6187e-19   9.8493e-20
 6851.92   5.7888e-19   1.0821e-19
 6855.00   4.6098e-19   1.1254e-19
 6858.08   6.1238e-19   1.2331e-19
 6861.16   4.4879e-19   1.1811e-19
 6864.24   5.1636e-19   1.2136e-19
 6867.32   4.3584e-19   1.2100e-19
 6870.40   4.9089e-19   1.1395e-19
 6873.48   3.6879e-19   9.8763e-20
 6876.57   4.1392e-19   9.4835e-20
 6879.65   4.3540e-19   9.5398e-20
 6882.73   4.6637e-19   9.9571e-20
 6885.81   5.8854e-19   1.0305e-19
 6888.89   6.4071e-19   1.0569e-19
 6891.97   5.7306e-19   1.0401e-19
 6895.05   4.3962e-19   1.0047e-19
 6898.14   4.1901e-19   9.2929e-20
 6901.22   4.4788e-19   9.2699e-20
 6904.30   5.4333e-19   1.0497e-19
 6907.38   4.5270e-19   1.0083e-19
 6910.46   4.4669e-19   1.0294e-19
 6913.54   4.9251e-19   1.0979e-19
 6916.62   5.9059e-19   1.1646e-19
 6919.71   5.9680e-19   1.0902e-19
 6922.79   4.7695e-19   1.0704e-19
 6925.87   4.0584e-19   9.8273e-20
 6928.95   4.3926e-19   1.0634e-19
 6932.03   2.9677e-19   9.5941e-20
 6935.11   4.3811e-19   9.3427e-20
 6938.19   4.9556e-19   1.0517e-19
 6941.27   4.9457e-19   1.0854e-19
 6944.36   5.5494e-19   1.1077e-19
 6947.44   4.5876e-19   1.0574e-19
 6950.52   4.5953e-19   1.1238e-19
 6953.60   4.6071e-19   9.9420e-20
 6956.68   5.5149e-19   1.0224e-19
 6959.76   6.6131e-19   9.9087e-20
 6962.84   5.2126e-19   9.2437e-20
 6965.93   6.0133e-19   1.0427e-19
 6969.01   5.7145e-19   1.0132e-19
 6972.09   7.6565e-19   1.1296e-19
 6975.17   6.2798e-19   1.0822e-19
 6978.25   5.2440e-19   1.0416e-19
 6981.33   6.0678e-19   1.0243e-19
 6984.41   5.5730e-19   9.7803e-20
 6987.50   6.2077e-19   9.8262e-20
 6990.58   5.4157e-19   9.0249e-20
 6993.66   5.0285e-19   8.7636e-20
 6996.74   5.3296e-19   8.9752e-20
 6999.82   5.6387e-19   9.2906e-20
 7002.90   5.7140e-19   9.1050e-20
 7005.98   5.8289e-19   8.9565e-20
 7009.06   5.2383e-19   9.1952e-20
 7012.15   4.8963e-19   8.8015e-20
 7015.23   4.3978e-19   8.2687e-20
 7018.31   5.7200e-19   8.9710e-20
 7021.39   5.4610e-19   8.3942e-20
 7024.47   4.9648e-19   8.0043e-20
 7027.55   5.8873e-19   8.1480e-20
 7030.63   3.6190e-19   8.5327e-20
 7033.72   3.1439e-19   8.6417e-20
 7036.80   2.8698e-19   8.7836e-20
 7039.88   2.0426e-19   8.4287e-20
 7042.96   3.8216e-19   1.0941e-19
 7046.04   4.4741e-19   1.0006e-19
 7049.12   3.6042e-19   8.8341e-20
 7052.20   5.0424e-19   8.9173e-20
 7055.28   6.0890e-19   9.2276e-20
 7058.37   6.0368e-19   9.1110e-20
 7061.45   5.6473e-19   9.0523e-20
 7064.53   4.4039e-19   8.3903e-20
 7067.61   4.8337e-19   8.4550e-20
 7070.69   6.4306e-19   9.0656e-20
 7073.77   5.6021e-19   8.8032e-20
 7076.85   4.9222e-19   8.4713e-20
 7079.94   5.4366e-19   8.5905e-20
 7083.02   5.7822e-19   8.8156e-20
 7086.10   7.0513e-19   8.9993e-20
 7089.18   5.0975e-19   9.5028e-20
 7092.26   2.6596e-19   8.1640e-20
 7095.34   9.3294e-20   6.5558e-20
 7098.42   2.3809e-19   8.2448e-20
 7101.51   5.9886e-19   8.5060e-20
 7104.59   6.5352e-19   8.6619e-20
 7107.67   4.7633e-19   8.1642e-20
 7110.75   4.5673e-19   8.5564e-20
 7113.83   5.3339e-19   8.6221e-20
 7116.91   4.9215e-19   8.3028e-20
 7119.99   5.7920e-19   8.4852e-20
 7123.07   4.9146e-19   8.1744e-20
 7126.16   6.0128e-19   9.0556e-20
 7129.24   5.9207e-19   8.9700e-20
 7132.32   5.2686e-19   8.5557e-20
 7135.40   4.9550e-19   8.3452e-20
 7138.48   5.4463e-19   8.6906e-20
 7141.56   5.5464e-19   8.5520e-20
 7144.64   4.6687e-19   8.4647e-20
 7147.73   5.3238e-19   8.7060e-20
 7150.81   5.1430e-19   9.2737e-20
 7153.89   4.4298e-19   8.5595e-20
 7156.97   3.8684e-19   7.9315e-20
 7160.05   4.8224e-19   8.4746e-20
 7163.13   5.0900e-19   8.5865e-20
 7166.21   4.2669e-19   8.3645e-20
 7169.29   5.2101e-19   8.9676e-20
 7172.38   4.6415e-19   8.3175e-20
 7175.46   4.5400e-19   8.1782e-20
 7178.54   3.8295e-19   8.0287e-20
 7181.62   3.4467e-19   8.1660e-20
 7184.70   3.6962e-19   7.6924e-20
 7187.78   4.2231e-19   7.9823e-20
 7190.86   4.4316e-19   7.8072e-20
 7193.95   3.9441e-19   8.0209e-20
 7197.03   3.4500e-19   7.6582e-20
 7200.11   3.9138e-19   8.0932e-20
 7203.19   4.2730e-19   8.1600e-20
 7206.27   4.0757e-19   7.9439e-20
 7209.35   4.9311e-19   8.2249e-20
 7212.43   5.5942e-19   8.7446e-20
 7215.52   3.8165e-19   8.0388e-20
 7218.60   5.0654e-19   8.6367e-20
 7221.68   4.8361e-19   8.8140e-20
 7224.76   5.9247e-19   9.1314e-20
 7227.84   3.7329e-19   1.0549e-19
 7230.92   5.9791e-19   1.3220e-19
 7234.00   7.0053e-19   1.6895e-19
 7237.08   6.1781e-19   1.5189e-19
 7240.17   6.3024e-19   1.6999e-19
 7243.25   3.3133e-19   1.5705e-19
 7246.33   4.3297e-19   1.6042e-19
 7249.41   5.0422e-19   1.4209e-19
 7252.49   5.1057e-19   1.2234e-19
 7255.57   3.8203e-19   1.1381e-19
 7258.65   4.0915e-19   1.0528e-19
 7261.74   3.7615e-19   1.0028e-19
 7264.82   5.6681e-19   1.2053e-19
 7267.90   4.8557e-19   1.2915e-19
 7270.98   6.0755e-19   1.4688e-19
 7274.06   3.2018e-19   1.4005e-19
 7277.14   4.3278e-19   1.6260e-19
 7280.22   6.0307e-19   1.6368e-19
 7283.31   4.6987e-19   1.4958e-19
 7286.39   5.0741e-19   1.3021e-19
 7289.47   4.3198e-19   1.1092e-19
 7292.55   4.4009e-19   1.2195e-19
 7295.63   4.9717e-19   1.1513e-19
 7298.71   4.5238e-19   1.1227e-19
 7301.79   4.0119e-19   1.2053e-19
 7304.88   4.8368e-19   1.3135e-19
 7307.96   5.8077e-19   1.3973e-19
 7311.04   5.5863e-19   1.5000e-19
 7314.12   5.0557e-19   1.3455e-19
 7317.20   4.3508e-19   1.3156e-19
 7320.28   5.2786e-19   1.4617e-19
 7323.36   4.3700e-19   1.3914e-19
 7326.44   4.0435e-19   1.2712e-19
 7329.53   5.4769e-19   1.3820e-19
 7332.61   6.1338e-19   1.4739e-19
 7335.69   5.5171e-19   1.5050e-19
 7338.77   5.2536e-19   1.4257e-19
 7341.85   5.7584e-19   1.3496e-19
 7344.93   6.7449e-19   1.4955e-19
 7348.01   7.7157e-19   1.4038e-19
 7351.10   6.1895e-19   1.3483e-19
 7354.18   5.7004e-19   1.2011e-19
 7357.26   4.9222e-19   1.2191e-19
 7360.34   6.4001e-19   1.3595e-19
 7363.42   6.4588e-19   1.3895e-19
 7366.50   5.0565e-19   1.2524e-19
 7369.58   5.9678e-19   1.3178e-19
 7372.66   5.6405e-19   1.2622e-19
 7375.75   5.7910e-19   1.2286e-19
 7378.83   5.1401e-19   1.1165e-19
 7381.91   5.6489e-19   1.0387e-19
 7384.99   3.8684e-19   1.0342e-19
 7388.07   4.0523e-19   1.0405e-19
 7391.15   5.9418e-19   1.1752e-19
 7394.23   6.4624e-19   1.2763e-19
 7397.32   4.5093e-19   1.2029e-19
 7400.40   4.2439e-19   1.2363e-19
 7403.48   4.4385e-19   1.1470e-19
 7406.56   4.7275e-19   1.0794e-19
 7409.64   4.4874e-19   1.0761e-19
 7412.72   5.1454e-19   1.0051e-19
 7415.80   5.4850e-19   9.3805e-20
 7418.89   5.4524e-19   9.2931e-20
 7421.97   4.6739e-19   9.7634e-20
 7425.05   4.0602e-19   9.4000e-20
 7428.13   5.6138e-19   1.0169e-19
 7431.21   5.8270e-19   1.0712e-19
 7434.29   5.4215e-19   1.0442e-19
 7437.37   5.0866e-19   1.0311e-19
 7440.45   5.1496e-19   1.0381e-19
 7443.54   4.7353e-19   9.8473e-20
 7446.62   4.7587e-19   9.8237e-20
 7449.70   4.7012e-19   9.1823e-20
 7452.78   5.4689e-19   9.3881e-20
 7455.86   5.9810e-19   9.2456e-20
 7458.94   5.7364e-19   9.5886e-20
 7462.02   5.6562e-19   1.0679e-19
 7465.11   5.3303e-19   1.1100e-19
 7468.19   1.3523e-19   6.2470e-20
 7471.27   4.8714e-19   1.1344e-19
 7474.35   5.3618e-19   1.2387e-19
 7477.43   5.7338e-19   1.2980e-19
 7480.51   7.5382e-19   1.2937e-19
 7483.59   6.6977e-19   1.1871e-19
 7486.67   6.3800e-19   1.2341e-19
 7489.76   4.5402e-19   1.0358e-19
 7492.84   6.4697e-19   1.0414e-19
 7495.92   4.3716e-19   9.0360e-20
 7499.00   4.8450e-19   1.0206e-19
 7502.08   4.1940e-19   8.5697e-20
 7505.16   5.2201e-19   9.2082e-20
 7508.24   4.8824e-19   9.5710e-20
 7511.33   5.0771e-19   9.9431e-20
 7514.41   6.1407e-19   1.1964e-19
 7517.49   4.4390e-19   1.2067e-19
 7520.57   5.3056e-19   1.3579e-19
 7523.65   5.2616e-19   1.2553e-19
 7526.73   5.1870e-19   1.3830e-19
 7529.81   5.9266e-19   1.3544e-19
 7532.90   6.2767e-19   1.2006e-19
 7535.98   6.1109e-19   1.0887e-19
 7539.06   4.9858e-19   1.0244e-19
 7542.14   5.7094e-19   9.8171e-20
 7545.22   5.2178e-19   9.5689e-20
 7548.30   5.2938e-19   9.6079e-20
 7551.38   5.7923e-19   9.7884e-20
 7554.46   4.6957e-19   8.9128e-20
 7557.55   5.0023e-19   9.6174e-20
 7560.63   4.5003e-19   1.0202e-19
 7563.71   5.2755e-19   1.1683e-19
 7566.79   6.8051e-19   1.2525e-19
 7569.87   5.6292e-19   1.1453e-19
 7572.95   5.0984e-19   1.1240e-19
 7576.03   5.4743e-19   1.1310e-19
 7579.12   5.1755e-19   1.1025e-19
 7582.20   4.5212e-19   1.0653e-19
 7585.28   3.5333e-19   9.5679e-20
 7588.36   3.2436e-19   9.9683e-20
 7591.44   1.2799e-19   8.5576e-20
 7594.52   2.5427e-19   8.9575e-20
 7597.60   2.8405e-19   8.2802e-20
 7600.69   1.8779e-19   8.7808e-20
 7603.77   5.9858e-20   6.3043e-20
 7606.85   1.2472e-19   7.1074e-20
 7609.93   2.0594e-19   7.0072e-20
 7613.01   2.2271e-19   8.7473e-20
 7616.09   2.4688e-19   8.5816e-20
 7619.17   2.9903e-19   1.0155e-19
 7622.25   2.0766e-19   8.7836e-20
 7625.34   3.7524e-19   9.9988e-20
 7628.42   2.9241e-19   9.6346e-20
 7631.50   2.7106e-19   8.2506e-20
 7634.58   2.8569e-19   8.9179e-20
 7637.66   1.9924e-19   7.8337e-20
 7640.74   3.2992e-19   8.4293e-20
 7643.82   2.7413e-19   7.9195e-20
 7646.91   2.8790e-19   7.9845e-20
 7649.99   3.1887e-19   8.9187e-20
 7653.07   3.5255e-19   9.7052e-20
 7656.15   4.3920e-19   9.7646e-20
 7659.23   4.4612e-19   1.0211e-19
 7662.31   3.7526e-19   9.8495e-20
 7665.39   2.7595e-19   8.7348e-20
 7668.48   3.4984e-19   9.4261e-20
 7671.56   3.6592e-19   9.4995e-20
 7674.64   3.3536e-19   8.6612e-20
 7677.72   3.2474e-19   9.7928e-20
 7680.80   3.0873e-19   1.0117e-19
 7683.88   2.7943e-19   9.6940e-20
 7686.96   3.9641e-19   1.1144e-19
 7690.04   3.4553e-19   1.0042e-19
 7693.13   4.1769e-19   1.0306e-19
 7696.21   3.6781e-19   1.0613e-19
 7699.29   4.0913e-19   1.1481e-19
 7702.37   4.7165e-19   1.2605e-19
 7705.45   6.1744e-19   1.4836e-19
 7708.53   6.5060e-19   1.7691e-19
 7711.61   5.9620e-19   1.9194e-19
 7714.70   5.1254e-19   1.7992e-19
 7717.78   5.8149e-19   1.7934e-19
 7720.86   6.1782e-19   1.7278e-19
 7723.94   5.0519e-19   1.7178e-19
 7727.02   4.3043e-19   1.4863e-19
 7730.10   4.5961e-19   1.4124e-19
 7733.18   3.9077e-19   1.3812e-19
 7736.26   4.8528e-19   1.3092e-19
 7739.35   2.6079e-19   1.1890e-19
 7742.43   5.6434e-19   1.4541e-19
 7745.51   5.4032e-19   1.5861e-19
 7748.59   5.0977e-19   1.6957e-19
 7751.67   6.9730e-19   1.7635e-19
 7754.75   4.4508e-19   1.7150e-19
 7757.83   6.7830e-19   1.9931e-19
 7760.92   5.5512e-19   1.6483e-19
 7764.00   3.3834e-19   1.5550e-19
 7767.08   1.7223e-19   1.1237e-19
 7770.16   2.9494e-19   1.2666e-19
 7773.24   4.1747e-19   1.2514e-19
 7776.32   3.6837e-19   1.2861e-19
 7779.40   2.8318e-19   1.2132e-19
 7782.49   6.0757e-19   1.4436e-19
 7785.57   5.5490e-19   1.4883e-19
 7788.65   8.7650e-19   1.6121e-19
 7791.73   6.6436e-19   1.5637e-19
 7794.81   5.1604e-19   1.4609e-19
 7797.89   7.0298e-19   1.5731e-19
 7800.97   5.5147e-19   1.6068e-19
 7804.05   6.2861e-19   1.4560e-19
 7807.14   5.7686e-19   1.3512e-19
 7810.22   4.9678e-19   1.4663e-19
 7813.30   4.3237e-19   1.4909e-19
 7816.38   4.2269e-19   1.6706e-19
 7819.46   3.3317e-19   1.6110e-19
 7822.54   3.3856e-19   1.7110e-19
 7825.62   3.4083e-19   1.5363e-19
 7828.71   2.2661e-19   1.3200e-19
 7831.79   2.8407e-19   1.3386e-19
 7834.87   4.4778e-19   1.4864e-19
 7837.95   3.3359e-19   1.2331e-19
 7841.03   5.2264e-19   1.3961e-19
 7844.11   5.5659e-19   1.5627e-19
 7847.19   5.8741e-19   1.7293e-19
 7850.27   7.0497e-19   2.0139e-19
 7853.36   6.0975e-19   1.9305e-19
 7856.44   5.6216e-19   1.7797e-19
 7859.52   7.5304e-19   1.9279e-19
 7862.60   8.3874e-19   1.9705e-19
 7865.68   5.7448e-19   1.8077e-19
 7868.76   5.1253e-19   1.8169e-19
 7871.84   5.6046e-19   1.6332e-19
 7874.93   4.3029e-19   1.5806e-19
 7878.01   4.7438e-19   1.7667e-19
 7881.09   8.0067e-19   1.7857e-19
 7884.17   5.2427e-19   1.6539e-19
 7887.25   5.0128e-19   1.7202e-19
 7890.33   5.2325e-19   1.5240e-19
 7893.41   5.1300e-19   1.6335e-19
 7896.50   3.8129e-19   1.2291e-19
 7899.58   5.1926e-19   1.4020e-19
 7902.66   8.4175e-20   6.1921e-20
 7905.74   4.4756e-19   1.4340e-19
 7908.82   6.3644e-19   1.9310e-19
 7911.90   5.0867e-19   1.9093e-19
 7914.98   9.0136e-19   2.0824e-19
 7918.06   7.3739e-19   2.3473e-19
 7921.15   3.7452e-19   1.7020e-19
 7924.23   7.0180e-19   1.9555e-19
 7927.31   4.5537e-19   1.8053e-19
 7930.39   4.0798e-19   1.4841e-19
 7933.47   5.1506e-19   1.4169e-19
 7936.55   6.3502e-19   1.4622e-19
 7939.63   4.4028e-19   1.3100e-19
 7942.72   3.6029e-19   1.2880e-19
 7945.80   3.9735e-19   1.2378e-19
 7948.88   3.8546e-19   1.2121e-19
 7951.96   4.6347e-19   1.2389e-19
 7955.04   5.0359e-19   1.4115e-19
 7958.12   4.9568e-19   1.5330e-19
 7961.20   4.6927e-19   1.5794e-19
 7964.29   4.4828e-19   1.6665e-19
 7967.37   5.4052e-19   1.8103e-19
 7970.45   4.7268e-19   1.6991e-19
 7973.53   5.2181e-19   1.8568e-19
 7976.61   5.7818e-19   1.7821e-19
 7979.69   5.2330e-19   1.4531e-19
 7982.77   5.3751e-19   1.4508e-19
 7985.85   6.5269e-19   1.6113e-19
 7988.94   6.5051e-19   1.6871e-19
 7992.02   6.5954e-19   1.7431e-19
 7995.10   6.6595e-19   1.6801e-19
 7998.18   7.7366e-19   1.7437e-19
 8001.26   5.6439e-19   1.5834e-19
 8004.34   5.9549e-19   1.7226e-19
 8007.42   3.2436e-19   1.3994e-19
 8010.51   2.7003e-19   1.1749e-19
 8013.59   2.3032e-19   1.1735e-19
 8016.67   2.8559e-19   1.2006e-19
 8019.75   3.3552e-19   1.5210e-19
 8022.83   5.4473e-19   1.7903e-19
 8025.91   4.0428e-19   1.4961e-19
 8028.99   3.4852e-19   1.5539e-19
 8032.08   3.0166e-19   1.4268e-19
 8035.16   3.4502e-19   1.3847e-19
 8038.24   3.2841e-19   1.1494e-19
 8041.32   4.9519e-19   1.1110e-19
 8044.40   4.6009e-19   1.1058e-19
 8047.48   5.6061e-19   1.1340e-19
 8050.56   3.1135e-19   1.0203e-19
 8053.64   4.4411e-19   1.2035e-19
 8056.73   6.9547e-19   1.3229e-19
 8059.81   1.5753e-19   8.4510e-20
 8062.89   4.8113e-19   1.3791e-19
 8065.97   2.9988e-19   1.1562e-19
 8069.05   3.7071e-19   1.2777e-19
 8072.13   4.9029e-19   1.4597e-19
 8075.21   3.8314e-19   1.1518e-19
 8078.30   3.8795e-19   9.9604e-20
 8081.38   3.4315e-19   9.3736e-20
 8084.46   3.8637e-19   1.0791e-19
 8087.54   3.9535e-19   1.0469e-19
 8090.62   4.0872e-19   1.0542e-19
 8093.70   3.1971e-19   1.0305e-19
 8096.78   3.2899e-19   1.0967e-19
 8099.87   3.8846e-19   1.1474e-19
 8102.95   4.5024e-19   1.1354e-19
 8106.03   3.2673e-19   1.0347e-19
 8109.11   2.9810e-19   9.8012e-20
 8112.19   3.5678e-19   1.0303e-19
 8115.27   3.4848e-19   1.0126e-19
 8118.35   4.4434e-19   1.0825e-19
 8121.43   3.8473e-19   9.4184e-20
 8124.52   3.2418e-19   9.3781e-20
 8127.60   2.5678e-19   9.5016e-20
 8130.68   2.1718e-19   8.7856e-20
 8133.76   3.1245e-19   9.8377e-20
 8136.84   3.8565e-19   1.0561e-19
 8139.92   3.9895e-19   9.7466e-20
 8143.00   2.9473e-19   9.6568e-20
 8146.09   3.0735e-19   1.0157e-19
 8149.17   3.2176e-19   9.6538e-20
 8152.25   2.7938e-19   9.0177e-20
 8155.33   2.4026e-19   8.9271e-20
 8158.41   2.8531e-19   8.2415e-20
 8161.49   4.1890e-19   8.8297e-20
 8164.57   2.6535e-19   7.8650e-20
 8167.65   2.3400e-19   7.4903e-20
 8170.74   3.0188e-19   8.9404e-20
 8173.82   3.6239e-19   7.9933e-20
 8176.90   3.4367e-19   8.6760e-20
 8179.98   3.2726e-19   8.3941e-20
 8183.06   3.1898e-19   8.3546e-20
 8186.14   3.0616e-19   8.3933e-20
