 
TRANSIENT_NAME:     DES14X2mqz 
SNID:               1310338    
OBS_DATE:           2014-11-30
MJD:                56991. 
PHASE:              +10.   
MJD_MAX:            56977.2
TYPE:               1  
SPEC_EVAL:          SNIa
REDSHIFT:           0.4400  
REDSHIFT_ERR:       0.0050  
REDSHIFT_SOURCE:    Z_SN
TELESCOPE:          VLT
INSTRUMENT:         X-SHOOTER
 
======================================
 
# WAVE  FLUX  FLUX_ERR
 3400.00  -1.6094e-18   9.9999e+04
 3405.00  -1.6094e-18   1.3287e-18
 3410.00  -2.0563e-18   1.3283e-18
 3415.00   1.5917e-18   1.3288e-18
 3420.00  -1.2625e-18   1.4214e-18
 3425.00   1.4997e-18   1.4085e-18
 3430.00   2.5838e-18   1.4771e-18
 3435.00  -4.5452e-18   1.5121e-18
 3440.00  -1.6306e-18   1.3357e-18
 3445.00   3.4355e-18   1.3712e-18
 3450.00  -3.8440e-18   1.5092e-18
 3455.00   1.8993e-18   1.5240e-18
 3460.00   6.9189e-19   1.4266e-18
 3465.00  -9.6807e-20   1.4691e-18
 3470.00   1.1635e-18   1.4836e-18
 3475.00  -9.1667e-20   1.3355e-18
 3480.00  -8.8304e-19   1.4861e-18
 3485.00  -1.7709e-19   1.4115e-18
 3490.00  -3.0909e-18   1.3206e-18
 3495.00  -6.1823e-19   1.2492e-18
 3500.00  -5.1395e-18   1.2684e-18
 3505.00   2.2811e-18   1.2805e-18
 3510.00  -1.6581e-18   1.2576e-18
 3515.00  -2.2212e-18   1.1365e-18
 3520.00   1.6195e-18   1.1430e-18
 3525.00  -1.1197e-18   9.8522e-19
 3530.00   2.5679e-18   1.1251e-18
 3535.00  -3.5458e-18   1.0949e-18
 3540.00  -2.8014e-19   1.0797e-18
 3545.00   5.9991e-19   1.1531e-18
 3550.00  -7.7909e-19   1.0831e-18
 3555.00  -2.2304e-18   1.0419e-18
 3560.00  -6.6058e-19   1.0151e-18
 3565.00  -1.9939e-19   8.8170e-19
 3570.00   4.0703e-20   8.2548e-19
 3575.00  -8.2683e-19   8.9606e-19
 3580.00   1.6678e-19   7.7183e-19
 3585.00  -7.7675e-19   7.8933e-19
 3590.00  -1.6440e-18   9.7056e-19
 3595.00  -2.8841e-18   1.0194e-18
 3600.00   2.3160e-19   1.1062e-18
 3605.00  -8.2780e-19   1.0229e-18
 3610.00  -8.4666e-19   1.0022e-18
 3615.00   5.0374e-19   1.1081e-18
 3620.00  -3.8578e-18   1.0851e-18
 3625.00  -2.0427e-18   1.1916e-18
 3630.00  -2.4173e-18   1.1274e-18
 3635.00  -2.4991e-18   1.1616e-18
 3640.00  -4.2733e-19   1.2357e-18
 3645.00  -8.0001e-19   1.1093e-18
 3650.00   1.4751e-19   1.0655e-18
 3655.00  -9.7401e-21   1.1342e-18
 3660.00  -1.0207e-18   1.1205e-18
 3665.00   9.5789e-19   1.0452e-18
 3670.00   1.7240e-19   1.0008e-18
 3675.00  -1.5786e-19   9.6826e-19
 3680.00   2.0194e-18   9.0151e-19
 3685.00  -1.3896e-18   8.9071e-19
 3690.00   5.8069e-19   8.7721e-19
 3695.00   4.2823e-19   8.4516e-19
 3700.00   1.8119e-18   8.9683e-19
 3705.00  -3.2978e-19   7.7156e-19
 3710.00  -1.1701e-19   7.6846e-19
 3715.00   2.8765e-19   8.6168e-19
 3720.00   2.5644e-19   6.5779e-19
 3725.00   3.9187e-19   7.4941e-19
 3730.00  -7.5795e-19   7.6020e-19
 3735.00  -4.8957e-22   6.3704e-19
 3740.00  -7.1995e-19   7.8559e-19
 3745.00  -2.2519e-19   6.8210e-19
 3750.00   4.3667e-19   6.6740e-19
 3755.00  -9.7381e-19   8.0261e-19
 3760.00   1.0248e-18   7.0829e-19
 3765.00   4.0426e-20   7.3036e-19
 3770.00   6.4361e-19   7.8031e-19
 3775.00   1.7069e-18   8.7142e-19
 3780.00  -6.9321e-19   9.0503e-19
 3785.00   8.7719e-19   9.0224e-19
 3790.00  -2.8043e-19   8.4252e-19
 3795.00   1.8231e-18   8.3502e-19
 3800.00   6.4825e-21   8.1287e-19
 3805.00   5.7119e-20   8.9547e-19
 3810.00  -1.5415e-18   9.0880e-19
 3815.00  -1.2071e-18   8.2051e-19
 3820.00  -7.8805e-19   7.9309e-19
 3825.00   1.2645e-18   7.5967e-19
 3830.00  -4.7904e-20   7.7564e-19
 3835.00  -8.4984e-19   7.4232e-19
 3840.00  -2.1063e-19   7.1315e-19
 3845.00   2.5936e-18   8.1394e-19
 3850.00   2.2646e-18   8.0902e-19
 3855.00   1.9742e-18   7.4047e-19
 3860.00  -6.1395e-20   6.7994e-19
 3865.00   6.6173e-19   7.7158e-19
 3870.00   9.5846e-19   6.6429e-19
 3875.00   3.1742e-18   7.0710e-19
 3880.00   1.3119e-18   6.2459e-19
 3885.00   7.3504e-19   6.0788e-19
 3890.00   1.9810e-18   6.3160e-19
 3895.00   1.9997e-18   6.6136e-19
 3900.00   7.5459e-19   6.5145e-19
 3905.00  -8.4899e-20   6.1913e-19
 3910.00  -5.5449e-20   6.8192e-19
 3915.00   1.3625e-18   6.6071e-19
 3920.00   1.3658e-18   5.9787e-19
 3925.00   6.6224e-19   5.7627e-19
 3930.00  -2.6917e-19   4.4706e-19
 3935.00   6.2202e-19   3.9797e-19
 3940.00  -1.8100e-19   5.3945e-19
 3945.00   6.2370e-19   5.8212e-19
 3950.00   2.6799e-19   6.3203e-19
 3955.00  -3.8768e-19   6.0714e-19
 3960.00   1.3696e-18   5.8553e-19
 3965.00   4.8010e-19   4.9037e-19
 3970.00   9.2554e-19   4.2670e-19
 3975.00   1.0127e-18   5.9099e-19
 3980.00   3.4542e-19   6.6024e-19
 3985.00   2.9177e-19   6.5076e-19
 3990.00   7.1027e-19   6.9428e-19
 3995.00   1.0292e-18   6.8744e-19
 4000.00   1.7583e-18   7.0721e-19
 4005.00   2.6431e-19   6.8134e-19
 4010.00   7.0827e-19   7.3238e-19
 4015.00  -1.0015e-19   7.2816e-19
 4020.00  -3.7213e-19   7.4236e-19
 4025.00   1.6514e-19   7.2934e-19
 4030.00   1.2659e-18   7.0916e-19
 4035.00   2.4256e-19   6.9472e-19
 4040.00  -1.4018e-19   7.3407e-19
 4045.00   1.1877e-18   6.5763e-19
 4050.00   7.6734e-19   7.2344e-19
 4055.00  -6.3351e-19   6.8224e-19
 4060.00   9.7000e-19   6.9018e-19
 4065.00   9.0582e-19   7.0066e-19
 4070.00   1.7444e-19   7.2284e-19
 4075.00  -1.2906e-18   6.9781e-19
 4080.00   1.8106e-18   6.8454e-19
 4085.00   1.0708e-18   6.6871e-19
 4090.00  -6.4525e-19   6.8036e-19
 4095.00   9.8209e-19   6.3877e-19
 4100.00   4.2413e-19   5.6728e-19
 4105.00   1.0460e-18   6.0036e-19
 4110.00   1.8796e-18   6.1395e-19
 4115.00   1.1786e-18   6.3104e-19
 4120.00   3.0945e-18   6.0489e-19
 4125.00   2.1552e-18   6.0886e-19
 4130.00   6.7318e-19   5.8089e-19
 4135.00   6.9492e-20   5.8341e-19
 4140.00   8.2209e-19   6.1265e-19
 4145.00   9.7499e-19   5.6222e-19
 4150.00   1.4027e-18   5.7930e-19
 4155.00   2.0969e-18   5.7550e-19
 4160.00   1.9574e-18   5.9797e-19
 4165.00   1.5914e-18   6.1025e-19
 4170.00   4.3874e-19   5.9900e-19
 4175.00   1.3407e-18   5.8017e-19
 4180.00   1.3636e-18   5.8308e-19
 4185.00   3.1535e-18   5.8046e-19
 4190.00   2.1736e-18   5.7680e-19
 4195.00   1.1011e-18   5.9465e-19
 4200.00   1.6871e-20   5.5189e-19
 4205.00   5.4323e-19   5.9600e-19
 4210.00   2.6614e-18   6.1182e-19
 4215.00   6.5736e-19   5.9305e-19
 4220.00   9.6703e-19   6.1255e-19
 4225.00   9.7654e-19   5.2829e-19
 4230.00   1.7217e-18   6.1113e-19
 4235.00   8.5643e-19   5.7979e-19
 4240.00   1.4703e-18   5.9654e-19
 4245.00   6.0922e-19   6.0644e-19
 4250.00   2.4949e-18   5.9040e-19
 4255.00   3.1908e-20   5.9521e-19
 4260.00   1.7078e-18   5.6913e-19
 4265.00  -5.4855e-19   6.1498e-19
 4270.00   6.6679e-19   5.5676e-19
 4275.00   3.3758e-19   5.8753e-19
 4280.00   3.9531e-19   5.8125e-19
 4285.00   8.0783e-19   5.7133e-19
 4290.00   2.1616e-18   6.0346e-19
 4295.00   2.2040e-18   6.0191e-19
 4300.00   1.1806e-18   5.1658e-19
 4305.00   1.2966e-18   5.1527e-19
 4310.00   2.4513e-18   4.8403e-19
 4315.00   1.7036e-18   5.6781e-19
 4320.00   2.5334e-19   5.8510e-19
 4325.00   1.8971e-18   4.8619e-19
 4330.00   5.0157e-19   5.5215e-19
 4335.00   4.0089e-19   5.3414e-19
 4340.00   2.7231e-18   4.5724e-19
 4345.00   1.3312e-18   5.1438e-19
 4350.00   1.5527e-18   4.9946e-19
 4355.00   9.4951e-19   5.0498e-19
 4360.00   6.9975e-19   5.1210e-19
 4365.00  -8.9334e-19   5.2482e-19
 4370.00   1.0864e-18   5.1042e-19
 4375.00   2.2298e-18   4.8101e-19
 4380.00   1.9166e-18   5.0195e-19
 4385.00   1.5173e-18   4.2732e-19
 4390.00   1.0591e-18   4.7499e-19
 4395.00   1.1303e-18   4.8676e-19
 4400.00  -6.8082e-19   4.9045e-19
 4405.00   1.4776e-18   4.7864e-19
 4410.00   1.5355e-18   5.0869e-19
 4415.00   5.8673e-19   5.0264e-19
 4420.00   1.3089e-18   5.2614e-19
 4425.00   8.0926e-19   5.1423e-19
 4430.00   7.9499e-19   5.2937e-19
 4435.00   1.2828e-18   4.9989e-19
 4440.00   7.9726e-19   5.2330e-19
 4445.00   1.9576e-18   5.1977e-19
 4450.00   9.9489e-19   5.2817e-19
 4455.00   2.5157e-18   5.0359e-19
 4460.00   2.7715e-18   5.0334e-19
 4465.00   7.8725e-19   5.4041e-19
 4470.00   5.0646e-19   5.2447e-19
 4475.00   1.4434e-18   5.4508e-19
 4480.00   5.5137e-19   5.2296e-19
 4485.00   3.7851e-19   5.5503e-19
 4490.00   2.0698e-18   5.3799e-19
 4495.00   1.3132e-18   5.3743e-19
 4500.00  -8.1522e-19   5.5317e-19
 4505.00   1.3344e-18   5.7199e-19
 4510.00   1.5612e-18   5.6005e-19
 4515.00   1.5757e-18   5.5009e-19
 4520.00  -2.1764e-20   5.5930e-19
 4525.00   2.1606e-18   5.5321e-19
 4530.00   5.8938e-20   5.2800e-19
 4535.00   1.8656e-18   5.5324e-19
 4540.00   4.3494e-19   6.3759e-19
 4545.00   2.1831e-18   6.1913e-19
 4550.00  -1.6628e-18   6.0065e-19
 4555.00   2.3519e-18   5.7250e-19
 4560.00   8.3272e-19   5.7555e-19
 4565.00  -4.5782e-18   5.6091e-19
 4570.00   8.9087e-20   5.3559e-19
 4575.00   1.8358e-18   5.4370e-19
 4580.00  -9.5809e-19   5.2121e-19
 4585.00   6.0564e-19   5.0027e-19
 4590.00   4.1711e-19   5.0178e-19
 4595.00   1.9514e-18   4.8933e-19
 4600.00   8.2906e-19   4.7809e-19
 4605.00   8.8507e-19   4.7460e-19
 4610.00   2.5811e-18   4.8145e-19
 4615.00   8.0016e-19   4.6786e-19
 4620.00   1.0126e-18   4.6461e-19
 4625.00   9.8672e-19   4.6203e-19
 4630.00   2.2405e-18   4.6053e-19
 4635.00   1.9834e-18   4.4936e-19
 4640.00   1.1680e-18   4.4197e-19
 4645.00   1.0093e-18   4.3416e-19
 4650.00   1.6253e-18   4.3348e-19
 4655.00   4.8249e-19   4.3802e-19
 4660.00   2.1308e-18   4.5018e-19
 4665.00   6.8020e-19   4.2396e-19
 4670.00   1.5858e-18   4.2759e-19
 4675.00   2.5210e-18   4.4162e-19
 4680.00   1.2109e-18   4.2753e-19
 4685.00   1.8899e-18   4.4299e-19
 4690.00  -4.5754e-19   4.3323e-19
 4695.00   7.2536e-19   4.4324e-19
 4700.00   1.2859e-18   4.3176e-19
 4705.00   6.1768e-19   4.2918e-19
 4710.00   1.4274e-18   4.4203e-19
 4715.00   4.1654e-19   4.4687e-19
 4720.00   1.4090e-18   4.5555e-19
 4725.00   6.8441e-19   4.4589e-19
 4730.00   1.3227e-18   4.3124e-19
 4735.00   6.8314e-19   4.3582e-19
 4740.00   1.2949e-18   4.4468e-19
 4745.00   1.9390e-18   4.4986e-19
 4750.00   1.4744e-18   4.4678e-19
 4755.00   6.4174e-19   4.4088e-19
 4760.00   1.3957e-18   4.5529e-19
 4765.00   1.1238e-18   4.3881e-19
 4770.00   8.7115e-19   4.5139e-19
 4775.00   2.1967e-18   4.6172e-19
 4780.00   1.8665e-18   4.6303e-19
 4785.00   1.3692e-18   4.5012e-19
 4790.00   1.3847e-18   4.5630e-19
 4795.00  -3.7140e-19   4.6916e-19
 4800.00   5.1014e-19   4.5817e-19
 4805.00   1.5689e-18   4.6331e-19
 4810.00   3.2765e-18   4.6459e-19
 4815.00   2.7413e-19   4.7722e-19
 4820.00   4.8355e-19   5.8646e-19
 4825.00   1.3271e-18   5.5708e-19
 4830.00   8.4303e-19   5.4226e-19
 4835.00   1.4363e-18   5.3618e-19
 4840.00   7.6854e-19   5.1245e-19
 4845.00   2.1407e-18   5.0401e-19
 4850.00   1.9174e-18   4.8621e-19
 4855.00   2.8771e-18   4.6007e-19
 4860.00   1.6932e-18   4.0977e-19
 4865.00   2.4538e-18   4.3351e-19
 4870.00   1.7610e-18   4.2356e-19
 4875.00  -1.8038e-19   4.2917e-19
 4880.00   2.8375e-18   4.2811e-19
 4885.00   2.1545e-18   4.1885e-19
 4890.00   1.2066e-18   3.9826e-19
 4895.00   1.3396e-18   4.1849e-19
 4900.00   7.6209e-19   4.0917e-19
 4905.00   2.4526e-18   4.0402e-19
 4910.00   9.1092e-19   3.8654e-19
 4915.00   1.3601e-18   3.9568e-19
 4920.00   2.7753e-18   3.6158e-19
 4925.00   1.3151e-18   3.8086e-19
 4930.00   2.4861e-18   3.8711e-19
 4935.00   2.2542e-18   3.7255e-19
 4940.00   1.4174e-18   3.6757e-19
 4945.00   2.5139e-18   3.7647e-19
 4950.00   1.7349e-18   3.7842e-19
 4955.00   2.1215e-18   3.6443e-19
 4960.00   2.5289e-18   3.6507e-19
 4965.00   2.4015e-18   3.7505e-19
 4970.00   1.9844e-18   3.7562e-19
 4975.00   1.9988e-18   3.7493e-19
 4980.00   1.5969e-18   3.6295e-19
 4985.00   8.2787e-19   3.4900e-19
 4990.00   1.6985e-18   3.7097e-19
 4995.00   2.3100e-18   3.7305e-19
 5000.00   1.5728e-18   3.6554e-19
 5005.00   2.0236e-18   3.6003e-19
 5010.00   1.6026e-18   3.7191e-19
 5015.00   2.0276e-18   3.6466e-19
 5020.00   3.1233e-18   3.7246e-19
 5025.00   2.6690e-18   3.8062e-19
 5030.00   1.8652e-18   3.8486e-19
 5035.00   3.5634e-18   3.8948e-19
 5040.00   3.0574e-18   3.7533e-19
 5045.00   1.8285e-18   4.0488e-19
 5050.00   3.9077e-18   3.9622e-19
 5055.00   2.6142e-18   4.1145e-19
 5060.00   2.9857e-18   3.9108e-19
 5065.00   2.5530e-18   3.8080e-19
 5070.00   2.7627e-18   3.8009e-19
 5075.00   2.6262e-18   3.8186e-19
 5080.00   2.2843e-18   3.7154e-19
 5085.00   4.2648e-18   3.8599e-19
 5090.00   2.8509e-18   3.9444e-19
 5095.00   4.8113e-18   3.9214e-19
 5100.00   3.3644e-18   3.8008e-19
 5105.00   3.1912e-18   3.8815e-19
 5110.00   3.1502e-18   3.8605e-19
 5115.00   2.0115e-18   3.9161e-19
 5120.00   3.5602e-18   3.9610e-19
 5125.00   3.3704e-18   3.8630e-19
 5130.00   4.7150e-18   3.9340e-19
 5135.00   3.3794e-18   3.9795e-19
 5140.00  -8.1452e-19   5.0354e-19
 5145.00   2.5825e-18   4.9770e-19
 5150.00   2.6981e-18   4.8731e-19
 5155.00   3.0060e-18   4.7881e-19
 5160.00   3.0014e-18   4.7046e-19
 5165.00   2.0414e-18   4.2542e-19
 5170.00   3.7428e-18   4.0341e-19
 5175.00   4.4155e-18   4.1056e-19
 5180.00   3.5545e-18   4.2411e-19
 5185.00   3.1096e-18   3.7254e-19
 5190.00   3.6746e-18   4.0465e-19
 5195.00   4.6930e-18   3.9512e-19
 5200.00   3.3651e-18   4.0812e-19
 5205.00   2.1528e-18   3.9174e-19
 5210.00   1.4729e-18   3.7966e-19
 5215.00   3.1835e-18   3.7143e-19
 5220.00   2.3451e-18   3.7850e-19
 5225.00   3.2349e-18   3.5577e-19
 5230.00   3.3719e-18   3.5960e-19
 5235.00   2.3654e-18   3.4723e-19
 5240.00   2.4978e-18   3.6320e-19
 5245.00   2.7186e-18   3.5148e-19
 5250.00   1.8920e-18   3.4451e-19
 5255.00   3.6120e-18   3.5109e-19
 5260.00   3.4550e-18   3.4129e-19
 5265.00   1.9501e-18   3.1363e-19
 5270.00   2.9790e-18   3.1627e-19
 5275.00   3.5302e-18   3.3214e-19
 5280.00   2.7918e-18   3.3005e-19
 5285.00   2.4955e-18   3.2511e-19
 5290.00   2.1412e-18   3.3430e-19
 5295.00   2.0530e-18   3.2825e-19
 5300.00   1.3547e-18   3.2354e-19
 5305.00   2.6035e-18   3.3192e-19
 5310.00   2.1683e-18   3.3220e-19
 5315.00   2.5541e-18   3.2965e-19
 5320.00   2.5589e-18   3.2947e-19
 5325.00   1.2994e-18   3.2047e-19
 5330.00   1.8025e-18   3.2060e-19
 5335.00   1.1214e-18   3.2362e-19
 5340.00   1.3582e-18   3.1767e-19
 5345.00   1.5407e-18   3.2468e-19
 5350.00   1.4475e-18   3.2557e-19
 5355.00   1.2160e-18   3.3072e-19
 5360.00   8.0155e-19   3.2932e-19
 5365.00   1.7549e-18   3.2292e-19
 5370.00   1.7481e-18   3.1792e-19
 5375.00   1.4764e-18   3.3257e-19
 5380.00   1.4264e-18   3.3205e-19
 5385.00   1.0586e-18   3.3232e-19
 5390.00   4.0572e-19   3.3020e-19
 5395.00   9.8776e-19   3.2953e-19
 5400.00   9.5679e-19   3.3439e-19
 5405.00   1.6866e-18   3.2920e-19
 5410.00   2.2186e-18   3.4073e-19
 5415.00   1.3895e-18   3.5090e-19
 5420.00   6.5477e-19   3.5695e-19
 5425.00   1.2790e-18   3.5846e-19
 5430.00   1.4505e-18   3.6413e-19
 5435.00   2.3560e-18   3.7494e-19
 5440.00   2.4572e-18   3.9297e-19
 5445.00   2.2272e-18   3.7408e-19
 5450.00   1.5199e-18   3.6090e-19
 5455.00   1.3888e-18   3.5989e-19
 5460.00   3.3227e-18   3.7862e-19
 5465.00   2.0843e-18   3.7221e-19
 5470.00   2.9777e-18   3.8428e-19
 5475.00   3.7693e-18   3.7816e-19
 5480.00   1.7060e-18   3.8782e-19
 5485.00   2.1071e-18   3.9606e-19
 5490.00   3.9581e-18   3.9916e-19
 5495.00   2.0207e-18   3.9423e-19
 5500.00   3.2293e-18   3.9928e-19
 5505.00   2.5672e-18   5.2999e-19
 5510.00   4.1517e-18   5.4096e-19
 5515.00   3.3545e-18   5.2199e-19
 5520.00   2.7343e-18   5.1922e-19
 5525.00   2.4338e-18   5.1455e-19
 5530.00   3.8438e-18   4.9235e-19
 5535.00   5.0557e-18   4.9570e-19
 5540.00   4.0863e-18   4.9828e-19
 5545.00   5.0783e-18   5.0260e-19
 5550.00   5.0832e-18   4.9956e-19
 5555.00   6.0214e-18   4.9455e-19
 5560.00   3.9557e-18   4.9683e-19
 5565.00   6.1667e-18   5.2133e-19
 5570.00   4.0545e-18   4.9876e-19
 5575.00   4.9822e-18   5.7820e-19
 5580.00   7.5818e-18   5.4835e-19
 5585.00   4.8309e-18   4.8244e-19
 5590.00   5.2280e-18   4.9488e-19
 5595.00   5.7528e-18   4.9062e-19
 5600.00   6.9810e-18   4.9161e-19
 5605.00   6.7582e-18   5.0885e-19
 5610.00   6.5193e-18   5.7560e-19
 5615.00   6.9987e-18   6.5692e-19
 5620.00   6.4438e-18   6.3837e-19
 5625.00   5.5435e-18   6.2653e-19
 5630.00   7.3210e-18   5.9878e-19
 5635.00   6.9186e-18   5.7376e-19
 5640.00   4.5521e-18   5.6484e-19
 5645.00   6.5964e-18   5.5723e-19
 5650.00   6.6594e-18   5.3620e-19
 5655.00   4.4309e-18   5.3697e-19
 5660.00   6.3574e-18   5.0832e-19
 5665.00   6.1501e-18   5.1229e-19
 5670.00   6.8338e-18   5.1737e-19
 5675.00   6.4467e-18   5.1241e-19
 5680.00   5.1320e-18   5.1060e-19
 5685.00   7.1433e-18   5.1369e-19
 5690.00   6.6554e-18   5.2725e-19
 5695.00   5.6987e-18   5.3892e-19
 5700.00   4.9505e-18   5.4899e-19
 5705.00   3.9990e-18   5.7534e-19
 5710.00   4.8393e-18   5.2570e-19
 5715.00   6.1276e-18   5.3959e-19
 5720.00   5.3354e-18   5.4953e-19
 5725.00   4.5107e-18   5.5887e-19
 5730.00   3.2010e-18   5.7291e-19
 5735.00   3.3145e-18   5.9308e-19
 5740.00   5.5466e-18   6.8466e-19
 5745.00   4.1279e-18   5.4790e-19
 5750.00   4.9999e-18   5.3112e-19
 5755.00   3.1764e-18   5.1703e-19
 5760.00   5.3882e-18   5.0600e-19
 5765.00   4.2347e-18   4.9407e-19
 5770.00   5.8809e-18   4.9179e-19
 5775.00   4.5046e-18   4.8008e-19
 5780.00   4.1186e-18   4.6984e-19
 5785.00   3.8885e-18   4.7420e-19
 5790.00   3.9374e-18   4.6692e-19
 5795.00   2.4404e-18   4.5762e-19
 5800.00   3.1624e-18   4.5411e-19
 5805.00   3.5669e-18   4.4879e-19
 5810.00   4.8743e-18   4.5504e-19
 5815.00   3.8420e-18   4.4741e-19
 5820.00   5.0012e-18   4.5080e-19
 5825.00   6.1673e-18   4.5165e-19
 5830.00   5.5114e-18   4.5096e-19
 5835.00   4.2035e-18   4.5284e-19
 5840.00   4.9527e-18   4.5003e-19
 5845.00   4.7280e-18   4.4987e-19
 5850.00   4.9725e-18   4.5475e-19
 5855.00   3.7435e-18   4.5149e-19
 5860.00   5.0988e-18   4.5543e-19
 5865.00   4.7611e-18   4.9327e-19
 5870.00   4.6900e-18   5.0383e-19
 5875.00   5.1354e-18   4.8430e-19
 5880.00   5.0159e-18   4.7843e-19
 5885.00   5.2359e-18   4.8920e-19
 5890.00   2.1563e-18   5.7091e-19
 5895.00   4.2342e-18   5.4600e-19
 5900.00   4.5960e-18   5.1366e-19
 5905.00   4.4627e-18   5.3972e-19
 5910.00   4.3959e-18   5.2874e-19
 5915.00   5.1822e-18   5.2777e-19
 5920.00   3.9880e-18   4.7363e-19
 5925.00   4.8578e-18   4.8701e-19
 5930.00   4.8064e-18   4.6852e-19
 5935.00   3.5180e-18   5.0301e-19
 5940.00   5.1553e-18   4.6205e-19
 5945.00   3.5619e-18   5.3379e-19
 5950.00   5.1417e-18   6.5583e-19
 5955.00   3.8468e-18   6.5820e-19
 5960.00   4.7409e-18   6.0261e-19
 5965.00   6.8093e-18   5.8482e-19
 5970.00   6.4956e-18   5.7469e-19
 5975.00   5.5154e-18   5.6457e-19
 5980.00   4.9354e-18   5.2985e-19
 5985.00   5.5149e-18   5.0710e-19
 5990.00   5.3665e-18   4.9865e-19
 5995.00   5.4559e-18   4.8975e-19
 6000.00   6.6043e-18   4.8667e-19
 6005.00   4.9721e-18   4.8417e-19
 6010.00   5.1958e-18   4.7751e-19
 6015.00   5.9005e-18   4.5021e-19
 6020.00   4.5248e-18   4.3858e-19
 6025.00   5.1587e-18   4.3462e-19
 6030.00   4.2249e-18   4.3191e-19
 6035.00   5.7787e-18   4.3445e-19
 6040.00   4.4410e-18   4.1497e-19
 6045.00   5.1222e-18   4.1244e-19
 6050.00   3.6804e-18   4.0129e-19
 6055.00   4.4360e-18   3.9642e-19
 6060.00   4.7613e-18   3.9623e-19
 6065.00   4.1744e-18   3.9042e-19
 6070.00   4.3895e-18   3.9181e-19
 6075.00   4.7116e-18   3.9276e-19
 6080.00   5.8286e-18   3.8541e-19
 6085.00   4.8852e-18   3.8414e-19
 6090.00   5.0978e-18   3.8771e-19
 6095.00   3.5282e-18   3.8877e-19
 6100.00   4.4294e-18   3.9407e-19
 6105.00   3.9250e-18   4.0311e-19
 6110.00   4.1933e-18   4.0196e-19
 6115.00   2.1037e-18   4.2290e-19
 6120.00   3.7873e-18   4.1158e-19
 6125.00   4.3836e-18   4.2319e-19
 6130.00   3.7701e-18   4.2960e-19
 6135.00   3.4124e-18   4.2886e-19
 6140.00   3.8353e-18   3.9525e-19
 6145.00   4.3233e-18   4.0727e-19
 6150.00   3.6737e-18   3.9971e-19
 6155.00   3.8027e-18   4.0662e-19
 6160.00   4.2682e-18   3.9482e-19
 6165.00   4.8422e-18   3.8446e-19
 6170.00   4.6139e-18   4.9215e-19
 6175.00   3.4701e-18   5.3691e-19
 6180.00   4.1568e-18   5.1055e-19
 6185.00   4.5577e-18   4.9002e-19
 6190.00   3.2479e-18   4.6046e-19
 6195.00   3.4913e-18   4.5538e-19
 6200.00   3.1813e-18   4.3713e-19
 6205.00   3.4829e-18   4.3613e-19
 6210.00   3.0283e-18   4.1124e-19
 6215.00   4.4033e-18   4.0584e-19
 6220.00   4.1882e-18   4.0939e-19
 6225.00   2.5829e-18   3.7949e-19
 6230.00   3.3946e-18   3.6905e-19
 6235.00   3.2451e-18   4.4409e-19
 6240.00   3.2868e-18   3.9004e-19
 6245.00   3.6828e-18   3.6729e-19
 6250.00   3.8323e-18   3.5637e-19
 6255.00   2.7158e-18   3.5012e-19
 6260.00   3.5303e-18   3.8113e-19
 6265.00   2.9475e-18   3.6399e-19
 6270.00   3.8993e-18   3.5089e-19
 6275.00   3.8972e-18   3.4480e-19
 6280.00   2.8018e-18   3.3714e-19
 6285.00   3.3046e-18   3.5163e-19
 6290.00   3.2983e-18   3.5002e-19
 6295.00   3.0312e-18   3.3975e-19
 6300.00   2.8845e-18   4.2759e-19
 6305.00   2.3359e-18   3.6525e-19
 6310.00   2.8792e-18   3.3624e-19
 6315.00   2.6113e-18   3.3240e-19
 6320.00   2.8161e-18   3.5461e-19
 6325.00   2.3517e-18   3.4135e-19
 6330.00   3.6474e-18   3.7995e-19
 6335.00   2.5729e-18   3.4408e-19
 6340.00   3.3397e-18   3.5749e-19
 6345.00   2.2677e-18   3.5810e-19
 6350.00   3.3280e-18   3.8168e-19
 6355.00   3.4853e-18   3.9669e-19
 6360.00   3.3098e-18   3.7543e-19
 6365.00   4.0633e-18   4.2072e-19
 6370.00   2.8526e-18   3.8942e-19
 6375.00   2.8360e-18   4.2317e-19
 6380.00   2.8491e-18   5.3549e-19
 6385.00   3.7410e-18   4.5770e-19
 6390.00   3.0920e-18   3.5091e-19
 6395.00   3.8627e-18   3.4206e-19
 6400.00   3.5060e-18   3.3887e-19
 6405.00   3.9167e-18   3.3965e-19
 6410.00   4.2308e-18   3.7117e-19
 6415.00   4.8535e-18   4.6765e-19
 6420.00   5.1335e-18   4.5879e-19
 6425.00   5.2491e-18   4.3284e-19
 6430.00   7.0996e-19   4.1918e-19
 6435.00   3.6626e-18   3.9890e-19
 6440.00   2.5888e-18   3.9220e-19
 6445.00   4.7835e-18   3.7779e-19
 6450.00   2.7352e-18   3.7470e-19
 6455.00   4.1639e-18   3.6607e-19
 6460.00   4.4951e-18   3.5174e-19
 6465.00   5.0905e-18   3.9387e-19
 6470.00   4.5730e-18   3.6440e-19
 6475.00   2.4877e-18   3.5340e-19
 6480.00   4.5818e-18   3.2938e-19
 6485.00   5.2164e-18   3.1376e-19
 6490.00   5.1392e-18   3.0910e-19
 6495.00   5.4165e-18   3.0211e-19
 6500.00   4.2895e-18   3.3973e-19
 6505.00   6.6008e-18   3.2281e-19
 6510.00   5.9720e-18   2.9997e-19
 6515.00   5.3609e-18   3.0112e-19
 6520.00   5.9092e-18   3.0142e-19
 6525.00   5.7133e-18   3.0252e-19
 6530.00   5.5861e-18   2.9496e-19
 6535.00   6.7507e-18   3.3165e-19
 6540.00   5.3768e-18   2.9647e-19
 6545.00   6.9325e-18   3.1423e-19
 6550.00   6.0452e-18   2.9430e-19
 6555.00   5.9408e-18   3.2167e-19
 6560.00   5.9861e-18   2.8771e-19
 6565.00   5.6097e-18   2.9897e-19
 6570.00   5.6822e-18   3.1167e-19
 6575.00   5.7980e-18   3.1598e-19
 6580.00   6.0971e-18   3.1119e-19
 6585.00   5.7903e-18   3.0460e-19
 6590.00   5.8686e-18   3.0721e-19
 6595.00   5.9492e-18   3.1802e-19
 6600.00   5.5721e-18   3.0990e-19
 6605.00   6.0193e-18   3.3919e-19
 6610.00   5.8941e-18   3.2000e-19
 6615.00   5.6547e-18   3.2350e-19
 6620.00   5.7845e-18   3.2985e-19
 6625.00   6.6932e-18   3.4020e-19
 6630.00   5.1125e-18   3.4514e-19
 6635.00   6.0573e-18   3.1160e-19
 6640.00   5.3310e-18   2.9412e-19
 6645.00   5.2934e-18   2.9202e-19
 6650.00   5.9292e-18   2.9515e-19
 6655.00   4.2205e-18   2.9081e-19
 6660.00   5.3663e-18   2.9527e-19
 6665.00   3.8507e-18   2.9483e-19
 6670.00   5.1251e-18   3.0741e-19
 6675.00   4.3581e-18   3.9176e-19
 6680.00   4.6857e-18   3.8194e-19
 6685.00   4.8821e-18   3.7099e-19
 6690.00   3.8712e-18   3.5678e-19
 6695.00   3.4321e-18   3.4305e-19
 6700.00   3.9068e-18   3.4339e-19
 6705.00   3.2679e-18   3.3121e-19
 6710.00   4.3902e-18   3.2280e-19
 6715.00   3.9587e-18   3.1636e-19
 6720.00   3.9721e-18   3.0596e-19
 6725.00   3.7221e-18   2.9959e-19
 6730.00   4.1124e-18   2.9915e-19
 6735.00   4.0576e-18   2.9169e-19
 6740.00   3.9880e-18   2.8817e-19
 6745.00   4.2754e-18   2.8569e-19
 6750.00   3.8322e-18   2.7744e-19
 6755.00   6.4909e-18   2.7531e-19
 6760.00   4.2640e-18   2.7263e-19
 6765.00   4.4588e-18   2.6777e-19
 6770.00   3.5137e-18   2.6243e-19
 6775.00   3.1058e-18   2.7056e-19
 6780.00   3.8965e-18   2.6018e-19
 6785.00   3.8654e-18   2.5860e-19
 6790.00   3.3368e-18   2.5629e-19
 6795.00   3.8360e-18   2.5322e-19
 6800.00   3.6643e-18   2.5168e-19
 6805.00   1.6607e-18   2.5687e-19
 6810.00   2.6116e-18   2.4887e-19
 6815.00   2.5239e-18   2.5046e-19
 6820.00   2.7803e-18   2.4806e-19
 6825.00   2.5931e-18   2.5957e-19
 6830.00   2.6996e-18   3.2301e-19
 6835.00   2.6174e-18   3.0113e-19
 6840.00   3.0329e-18   2.7457e-19
 6845.00   2.8906e-18   2.5200e-19
 6850.00   2.8501e-18   2.5965e-19
 6855.00   2.3583e-18   2.5513e-19
 6860.00   3.5433e-18   2.6647e-19
 6865.00   2.6504e-18   3.0909e-19
 6870.00   2.2057e-18   2.5185e-19
 6875.00   2.1094e-18   2.4272e-19
 6880.00   3.0713e-18   2.8555e-19
 6885.00   3.6793e-18   2.7074e-19
 6890.00   3.9380e-18   2.9652e-19
 6895.00   3.1706e-18   2.7389e-19
 6900.00   3.2348e-18   3.1079e-19
 6905.00   3.3597e-18   2.8684e-19
 6910.00   3.3300e-18   3.0350e-19
 6915.00   2.6318e-18   2.6217e-19
 6920.00   2.9001e-18   2.4991e-19
 6925.00   2.8373e-18   2.8244e-19
 6930.00   2.9674e-18   2.4897e-19
 6935.00   2.4866e-18   2.4581e-19
 6940.00   2.6378e-18   2.7706e-19
 6945.00   2.9001e-18   2.4621e-19
 6950.00   1.9772e-18   2.8206e-19
 6955.00   2.2071e-18   2.8081e-19
 6960.00   2.0437e-18   3.2223e-19
 6965.00   2.5511e-18   3.1867e-19
 6970.00   1.8216e-18   3.3122e-19
 6975.00   1.9130e-18   2.9258e-19
 6980.00   3.9004e-18   3.2336e-19
 6985.00   2.8136e-18   2.8462e-19
 6990.00   3.3241e-18   2.8120e-19
 6995.00   2.9525e-18   2.7172e-19
 7000.00   3.5090e-18   2.7333e-19
 7005.00   2.3136e-18   2.7132e-19
 7010.00   3.1459e-18   2.7945e-19
 7015.00   2.6963e-18   2.4454e-19
 7020.00   2.8000e-18   2.4319e-19
 7025.00   2.6786e-18   2.3685e-19
 7030.00   3.6563e-18   2.4194e-19
 7035.00   3.4281e-18   2.3484e-19
 7040.00   3.2500e-18   2.4129e-19
 7045.00   3.7841e-18   2.4080e-19
 7050.00   3.8867e-18   2.5978e-19
 7055.00   3.7400e-18   2.3315e-19
 7060.00   3.8314e-18   2.2724e-19
 7065.00   3.3993e-18   2.3533e-19
 7070.00   3.2894e-18   2.2620e-19
 7075.00   3.3945e-18   2.2544e-19
 7080.00   3.0790e-18   2.3647e-19
 7085.00   3.0210e-18   2.2024e-19
 7090.00   3.5131e-18   2.3059e-19
 7095.00   3.0507e-18   2.2512e-19
 7100.00   4.0128e-18   2.1609e-19
 7105.00   3.2531e-18   2.1375e-19
 7110.00   3.3688e-18   2.1469e-19
 7115.00   2.6053e-18   2.1096e-19
 7120.00   2.8311e-18   2.1009e-19
 7125.00   2.4007e-18   2.1547e-19
 7130.00   2.9763e-18   2.1665e-19
 7135.00   3.1809e-18   2.1935e-19
 7140.00   3.5976e-18   2.2033e-19
 7145.00   2.6823e-18   2.3355e-19
 7150.00   2.4242e-18   2.2261e-19
 7155.00   2.1211e-18   2.1826e-19
 7160.00   2.4363e-18   2.2823e-19
 7165.00   1.5178e-18   2.3319e-19
 7170.00   6.9100e-19   2.2515e-19
 7175.00   2.2571e-18   2.2927e-19
 7180.00   1.6405e-18   2.3156e-19
 7185.00   2.1714e-18   2.2219e-19
 7190.00   2.0897e-18   2.2923e-19
 7195.00   2.1771e-18   2.3132e-19
 7200.00   1.0048e-18   2.4190e-19
 7205.00   1.5192e-18   2.3921e-19
 7210.00   3.5401e-18   2.5532e-19
 7215.00   2.2430e-18   2.5543e-19
 7220.00   2.9490e-18   2.1934e-19
 7225.00   2.7511e-18   2.2067e-19
 7230.00   2.4588e-18   2.2277e-19
 7235.00   3.1537e-18   2.2177e-19
 7240.00   2.0084e-18   3.7486e-19
 7245.00   1.6092e-18   2.9861e-19
 7250.00   2.7660e-18   2.2745e-19
 7255.00   2.5603e-18   2.6249e-19
 7260.00   2.9295e-18   2.1936e-19
 7265.00   3.0810e-18   2.7628e-19
 7270.00   2.4765e-18   2.9703e-19
 7275.00   2.4648e-18   3.5562e-19
 7280.00   2.5961e-18   2.7767e-19
 7285.00   2.9645e-18   3.1030e-19
 7290.00   2.7605e-18   2.5789e-19
 7295.00   2.8522e-18   2.7286e-19
 7300.00   2.4562e-18   2.3727e-19
 7305.00   2.8188e-18   2.7430e-19
 7310.00   2.6175e-18   2.4165e-19
 7315.00   2.8363e-18   2.6871e-19
 7320.00   3.0402e-18   2.2339e-19
 7325.00   2.4470e-18   2.2697e-19
 7330.00   3.2802e-18   2.6003e-19
 7335.00   3.1961e-18   2.1593e-19
 7340.00   3.0492e-18   2.5800e-19
 7345.00   3.3944e-18   2.2065e-19
 7350.00   3.2269e-18   2.1951e-19
 7355.00   3.8100e-18   2.1213e-19
 7360.00   2.7683e-18   2.3716e-19
 7365.00   3.4101e-18   2.0992e-19
 7370.00   3.5084e-18   2.4490e-19
 7375.00   3.8556e-18   2.0925e-19
 7380.00   3.6703e-18   2.0216e-19
 7385.00   3.3506e-18   1.9914e-19
 7390.00   3.3659e-18   2.2325e-19
 7395.00   4.3936e-18   2.0642e-19
 7400.00   3.4722e-18   2.2918e-19
 7405.00   3.7579e-18   1.9995e-19
 7410.00   3.9326e-18   1.9801e-19
 7415.00   4.2627e-18   2.0134e-19
 7420.00   3.8422e-18   1.9640e-19
 7425.00   3.9219e-18   1.9809e-19
 7430.00   3.6820e-18   2.1686e-19
 7435.00   3.6144e-18   1.9687e-19
 7440.00   4.3647e-18   2.3233e-19
 7445.00   4.5928e-18   1.9795e-19
 7450.00   4.0029e-18   1.9917e-19
 7455.00   4.7245e-18   2.0089e-19
 7460.00   4.3785e-18   2.1603e-19
 7465.00   4.2634e-18   2.4097e-19
 7470.00   5.2627e-18   2.3862e-19
 7475.00   4.9612e-18   2.3191e-19
 7480.00   5.1974e-18   2.5075e-19
 7485.00   4.3972e-18   2.4090e-19
 7490.00   4.1584e-18   2.1188e-19
 7495.00   4.5140e-18   2.2768e-19
 7500.00   4.5829e-18   2.1800e-19
 7505.00   3.9049e-18   2.1415e-19
 7510.00   3.5384e-18   2.1498e-19
 7515.00   2.5753e-18   2.3530e-19
 7520.00   4.8249e-18   2.4000e-19
 7525.00   4.2410e-18   2.9260e-19
 7530.00   4.4844e-18   2.7101e-19
 7535.00   3.1948e-18   2.4115e-19
 7540.00   3.8878e-18   2.5850e-19
 7545.00   4.4440e-18   2.4602e-19
 7550.00   4.4109e-18   2.2456e-19
 7555.00   3.7235e-18   2.1570e-19
 7560.00   3.5164e-18   2.1577e-19
 7565.00   4.0751e-18   2.0677e-19
 7570.00   3.2797e-18   2.4245e-19
 7575.00   4.0610e-18   2.1694e-19
 7580.00   3.1043e-18   1.9859e-19
 7585.00   3.6533e-18   2.2127e-19
 7590.00   3.9679e-18   1.9932e-19
 7595.00   2.1153e-18   1.6523e-19
 7600.00   8.6518e-19   1.9361e-19
 7605.00   7.3976e-19   1.8424e-19
 7610.00   1.8905e-18   1.9246e-19
 7615.00   2.3042e-18   2.0423e-19
 7620.00   2.7111e-18   2.4903e-19
 7625.00   1.0743e-18   2.0385e-19
 7630.00   1.6534e-18   2.1702e-19
 7635.00   1.1225e-18   1.7799e-19
 7640.00   2.5054e-18   1.8621e-19
 7645.00   1.6150e-18   1.8230e-19
 7650.00   2.0614e-18   1.8550e-19
 7655.00   2.8391e-18   2.0341e-19
 7660.00   2.1755e-18   1.9595e-19
 7665.00   2.9213e-18   1.9488e-19
 7670.00   3.1472e-18   1.8964e-19
 7675.00   2.9773e-18   1.9140e-19
 7680.00   3.3642e-18   1.9776e-19
 7685.00   2.8777e-18   1.9590e-19
 7690.00   3.2608e-18   2.0768e-19
 7695.00   3.1215e-18   1.9201e-19
 7700.00   3.1596e-18   2.1041e-19
 7705.00   3.2498e-18   1.8560e-19
 7710.00   3.2984e-18   2.0340e-19
 7715.00   3.3565e-18   3.4544e-19
 7720.00   3.0329e-18   2.0909e-19
 7725.00   3.9969e-18   2.4345e-19
 7730.00   3.6120e-18   1.8862e-19
 7735.00   2.6685e-18   2.0620e-19
 7740.00   3.4533e-18   1.9233e-19
 7745.00   3.3517e-18   1.8804e-19
 7750.00   3.6829e-18   2.6496e-19
 7755.00   3.4640e-18   1.9568e-19
 7760.00   3.5925e-18   2.1182e-19
 7765.00   3.3510e-18   1.8181e-19
 7770.00   2.0226e-18   2.1002e-19
 7775.00   3.4801e-18   2.7377e-19
 7780.00   2.8461e-18   2.1353e-19
 7785.00   2.9583e-18   1.9469e-19
 7790.00   2.8622e-18   2.0881e-19
 7795.00   3.8406e-18   2.2653e-19
 7800.00   3.1755e-18   1.8418e-19
 7805.00   2.9603e-18   1.8926e-19
 7810.00   2.4762e-18   2.2865e-19
 7815.00   2.8587e-18   2.0423e-19
 7820.00   2.9111e-18   2.4514e-19
 7825.00   2.9594e-18   1.9302e-19
 7830.00   3.0163e-18   1.9768e-19
 7835.00   2.6102e-18   1.9447e-19
 7840.00   3.0540e-18   2.2362e-19
 7845.00   2.8927e-18   1.8927e-19
 7850.00   2.7194e-18   2.5486e-19
 7855.00   3.1203e-18   2.4476e-19
 7860.00   8.5019e-19   2.8258e-19
 7865.00   2.9824e-18   2.0476e-19
 7870.00   2.7049e-18   2.6347e-19
 7875.00   2.3607e-18   2.0053e-19
 7880.00   3.2586e-18   2.9616e-19
 7885.00   3.9772e-18   2.3083e-19
 7890.00   2.8210e-18   2.8639e-19
 7895.00   3.0454e-18   2.3337e-19
 7900.00   2.7723e-18   2.2065e-19
 7905.00   2.4480e-18   2.4480e-19
 7910.00   2.5014e-18   2.5155e-19
 7915.00   3.1150e-18   2.4913e-19
 7920.00   2.7157e-18   2.6680e-19
 7925.00   2.7379e-18   1.8837e-19
 7930.00   3.1206e-18   2.5152e-19
 7935.00   3.1959e-18   1.8993e-19
 7940.00   3.5562e-18   1.8836e-19
 7945.00   3.2189e-18   2.0217e-19
 7950.00   2.7081e-18   2.2233e-19
 7955.00   3.0298e-18   1.8462e-19
 7960.00   3.0265e-18   1.8333e-19
 7965.00   3.3227e-18   2.2588e-19
 7970.00   3.7845e-18   2.2855e-19
 7975.00   2.8656e-18   2.5620e-19
 7980.00   3.4315e-18   2.8868e-19
 7985.00   2.9117e-18   2.2959e-19
 7990.00   3.1076e-18   2.4289e-19
 7995.00   3.1244e-18   2.8371e-19
 8000.00   2.8145e-18   2.3146e-19
 8005.00   2.6667e-18   2.1387e-19
 8010.00   2.6927e-18   2.1085e-19
 8015.00   3.3133e-18   2.5032e-19
 8020.00   2.8382e-18   2.2156e-19
 8025.00   2.6339e-18   2.5442e-19
 8030.00   3.1915e-18   2.4205e-19
 8035.00   3.3628e-18   1.9923e-19
 8040.00   1.8639e-18   2.0039e-19
 8045.00   2.7461e-18   1.8739e-19
 8050.00   2.4399e-18   2.3017e-19
 8055.00   3.0998e-18   1.8772e-19
 8060.00   3.1761e-18   2.1045e-19
 8065.00   2.8552e-18   1.9376e-19
 8070.00   2.3871e-18   1.7516e-19
 8075.00   3.2312e-18   1.8725e-19
 8080.00   2.7158e-18   1.7823e-19
 8085.00   2.7520e-18   1.8909e-19
 8090.00   2.8105e-18   1.6915e-19
 8095.00   2.5993e-18   1.9480e-19
 8100.00   3.0969e-18   1.8494e-19
 8105.00   2.5280e-18   1.8916e-19
 8110.00   3.1156e-18   1.7162e-19
 8115.00   2.4028e-18   1.6452e-19
 8120.00   2.6725e-18   1.6471e-19
 8125.00   2.8463e-18   1.6663e-19
 8130.00   2.9018e-18   1.6941e-19
 8135.00   2.6116e-18   1.6517e-19
 8140.00   2.2534e-18   1.8588e-19
 8145.00   1.4859e-18   1.7857e-19
 8150.00   2.2713e-18   1.6521e-19
 8155.00   3.1758e-18   1.5840e-19
 8160.00   2.2597e-18   1.5599e-19
 8165.00   2.0603e-18   1.5579e-19
 8170.00   2.4593e-18   1.5495e-19
 8175.00   2.6825e-18   1.5904e-19
 8180.00   2.1928e-18   1.5574e-19
 8185.00   2.6465e-18   1.5840e-19
 8190.00   2.5061e-18   1.7126e-19
 8195.00   2.5024e-18   1.7179e-19
 8200.00   2.5257e-18   1.5886e-19
 8205.00   2.6153e-18   1.7015e-19
 8210.00   2.5880e-18   1.6913e-19
 8215.00   2.7264e-18   1.7038e-19
 8220.00   2.6339e-18   1.6687e-19
 8225.00   2.3279e-18   1.6925e-19
 8230.00   1.9727e-18   1.5811e-19
 8235.00   2.7405e-18   1.7206e-19
 8240.00   2.2284e-18   1.8036e-19
 8245.00   2.6307e-18   1.7941e-19
 8250.00   2.5244e-18   1.8529e-19
 8255.00   3.1708e-18   1.8457e-19
 8260.00   2.6272e-18   1.9133e-19
 8265.00   1.3690e-18   1.8909e-19
 8270.00   2.2824e-18   1.8558e-19
 8275.00   2.6846e-18   1.8909e-19
 8280.00   2.1322e-18   3.8204e-19
 8285.00   2.3838e-18   2.5294e-19
 8290.00   2.6607e-18   2.6101e-19
 8295.00   2.8358e-18   2.2528e-19
 8300.00   4.1761e-18   2.6039e-19
 8305.00   2.8132e-18   2.1825e-19
 8310.00   2.0073e-18   2.4612e-19
 8315.00   2.8287e-18   2.0401e-19
 8320.00   2.7876e-18   1.7661e-19
 8325.00   1.9923e-18   1.7057e-19
 8330.00   2.5773e-18   1.6544e-19
 8335.00   2.7939e-18   1.7054e-19
 8340.00   2.9436e-18   1.8276e-19
 8345.00   2.5554e-18   2.5875e-19
 8350.00   2.9020e-18   2.0229e-19
 8355.00   3.3892e-18   1.9817e-19
 8360.00   3.0546e-18   1.8805e-19
 8365.00   3.0627e-18   2.2680e-19
 8370.00   2.9487e-18   1.6794e-19
 8375.00   3.0593e-18   1.7244e-19
 8380.00   2.9642e-18   2.6204e-19
 8385.00   3.1964e-18   2.2673e-19
 8390.00   3.5162e-18   2.1919e-19
 8395.00   3.3611e-18   2.0421e-19
 8400.00   3.7934e-18   2.6355e-19
 8405.00   3.4145e-18   1.9717e-19
 8410.00   3.2243e-18   1.9508e-19
 8415.00   2.6474e-18   2.3332e-19
 8420.00   3.1083e-18   1.9052e-19
 8425.00   3.2728e-18   2.1135e-19
 8430.00   3.9267e-18   2.6639e-19
 8435.00   3.0107e-18   1.9686e-19
 8440.00   3.1347e-18   1.7833e-19
 8445.00   3.4479e-18   2.1228e-19
 8450.00   2.9255e-18   2.0336e-19
 8455.00   3.2700e-18   1.9191e-19
 8460.00   3.6575e-18   1.8020e-19
 8465.00   1.4259e-18   2.2668e-19
 8470.00   3.1549e-18   1.6888e-19
 8475.00   3.5044e-18   1.8480e-19
 8480.00   2.5340e-18   1.7145e-19
 8485.00   3.3939e-18   1.6743e-19
 8490.00   3.6263e-18   1.6554e-19
 8495.00   3.4648e-18   2.1562e-19
 8500.00   2.8457e-18   1.7223e-19
 8505.00   3.4245e-18   2.2066e-19
 8510.00   3.3959e-18   1.6066e-19
 8515.00   3.2526e-18   1.5943e-19
 8520.00   2.7225e-18   1.6651e-19
 8525.00   3.2773e-18   1.5823e-19
 8530.00   2.8981e-18   1.5645e-19
 8535.00   3.2395e-18   1.5498e-19
 8540.00   2.9223e-18   1.8074e-19
 8545.00   2.7456e-18   1.5201e-19
 8550.00   2.8313e-18   2.0436e-19
 8555.00   2.8793e-18   1.5686e-19
 8560.00   2.3468e-18   1.4761e-19
 8565.00   2.5173e-18   1.6181e-19
 8570.00   2.2341e-18   1.6202e-19
 8575.00   2.9748e-18   1.6492e-19
 8580.00   2.7873e-18   1.5423e-19
 8585.00   2.8527e-18   1.5315e-19
 8590.00   3.0087e-18   1.7634e-19
 8595.00   2.7599e-18   1.7176e-19
 8600.00   2.9346e-18   1.5968e-19
 8605.00   2.8414e-18   1.5456e-19
 8610.00   2.6905e-18   1.6473e-19
 8615.00   2.8037e-18   2.0490e-19
 8620.00   2.4453e-18   2.5375e-19
 8625.00   2.1350e-18   2.6926e-19
 8630.00   1.9777e-18   2.8638e-19
 8635.00   2.9845e-18   2.6057e-19
 8640.00   2.4106e-18   2.1966e-19
 8645.00   2.2911e-18   1.7578e-19
 8650.00   2.2995e-18   2.2771e-19
 8655.00   2.3727e-18   2.2969e-19
 8660.00   2.4641e-18   2.1409e-19
 8665.00   2.6094e-18   2.1175e-19
 8670.00   1.2944e-18   2.1634e-19
 8675.00   2.3087e-18   2.0678e-19
 8680.00   2.7057e-18   2.0042e-19
 8685.00   2.5590e-18   1.8282e-19
 8690.00   2.4895e-18   1.7453e-19
 8695.00   1.7600e-18   1.8332e-19
 8700.00   9.7244e-20   2.0160e-19
 8705.00   1.7263e-18   1.8378e-19
 8710.00   1.9339e-18   1.7995e-19
 8715.00   2.1181e-18   1.7344e-19
 8720.00   2.0919e-18   1.7033e-19
 8725.00   2.1889e-18   1.8393e-19
 8730.00   2.0070e-18   1.7421e-19
 8735.00   2.4654e-18   1.8011e-19
 8740.00   1.7980e-18   1.9351e-19
 8745.00   1.6319e-18   1.9054e-19
 8750.00   1.5345e-18   1.9326e-19
 8755.00   7.6689e-19   1.9140e-19
 8760.00   1.1419e-18   4.5745e-19
 8765.00   1.7594e-18   2.2968e-19
 8770.00   9.3275e-19   2.0853e-19
 8775.00   1.3300e-18   2.0388e-19
 8780.00   7.9966e-19   1.9744e-19
 8785.00   1.3325e-18   1.5617e-19
 8790.00   1.1573e-18   2.0443e-19
 8795.00   8.7179e-19   1.5602e-19
 8800.00   8.0262e-19   1.5737e-19
 8805.00   1.0148e-18   1.5163e-19
 8810.00   5.1996e-19   1.7853e-19
 8815.00   9.9141e-19   1.5332e-19
 8820.00   9.5173e-19   1.5522e-19
 8825.00  -9.2334e-20   2.3393e-19
 8830.00   4.1441e-19   2.6692e-19
 8835.00   1.4459e-18   3.9428e-19
 8840.00   2.0740e-18   1.9746e-19
 8845.00   1.8538e-18   2.0918e-19
 8850.00   2.7292e-18   2.3763e-19
 8855.00   1.6155e-18   1.8794e-19
 8860.00   8.2680e-19   1.9346e-19
 8865.00   1.4483e-18   2.2451e-19
 8870.00   1.6946e-18   1.9927e-19
 8875.00   1.7248e-18   1.6884e-19
 8880.00   7.8105e-19   1.6727e-19
 8885.00   2.2047e-18   2.4321e-19
 8890.00   1.8943e-18   1.8871e-19
 8895.00   1.1887e-18   1.8188e-19
 8900.00   1.7446e-18   1.7429e-19
 8905.00   2.5850e-18   2.1328e-19
 8910.00   2.3899e-18   1.8585e-19
 8915.00   1.6991e-18   1.6281e-19
 8920.00   1.6175e-18   2.4266e-19
 8925.00   1.2023e-18   1.7299e-19
 8930.00   2.1066e-18   1.7831e-19
 8935.00   2.1952e-18   1.7114e-19
 8940.00   2.1595e-18   1.6224e-19
 8945.00   2.5532e-18   1.9304e-19
 8950.00   2.2013e-18   1.4952e-19
 8955.00   2.6750e-18   1.5977e-19
 8960.00   8.6643e-19   1.8583e-19
 8965.00   1.8111e-18   1.4670e-19
 8970.00   2.0763e-18   1.6695e-19
 8975.00   2.3236e-18   1.4679e-19
 8980.00   1.7497e-18   1.6894e-19
 8985.00   1.6318e-18   1.5834e-19
 8990.00   1.7491e-18   1.8813e-19
 8995.00   1.8813e-18   1.4861e-19
 9000.00   1.9104e-18   1.9016e-19
 9005.00   1.8092e-18   1.3830e-19
 9010.00   1.9079e-18   1.3312e-19
 9015.00   2.0855e-18   1.3023e-19
 9020.00   2.1088e-18   1.4899e-19
 9025.00   1.9384e-18   1.3433e-19
 9030.00   1.9207e-18   1.5613e-19
 9035.00   2.1937e-18   1.4573e-19
 9040.00   2.1814e-18   1.6846e-19
 9045.00   2.2478e-18   1.5296e-19
 9050.00   1.8759e-18   2.0180e-19
 9055.00   2.1062e-18   1.5389e-19
 9060.00   2.0254e-18   1.4323e-19
 9065.00   2.3349e-18   1.6072e-19
 9070.00   1.6064e-18   1.6043e-19
 9075.00   1.8934e-18   1.5069e-19
 9080.00   2.1568e-18   1.4145e-19
 9085.00   1.8523e-18   1.5154e-19
 9090.00   2.2328e-18   1.5836e-19
 9095.00   1.6168e-18   1.7306e-19
 9100.00   1.9749e-18   1.6290e-19
 9105.00   2.4854e-18   1.7097e-19
 9110.00   2.7440e-18   1.4977e-19
 9115.00   1.9492e-18   1.4864e-19
 9120.00   1.4088e-18   1.4395e-19
 9125.00   2.2283e-18   1.5218e-19
 9130.00   1.7752e-18   1.4751e-19
 9135.00   1.8236e-18   1.5746e-19
 9140.00   2.2842e-18   1.6115e-19
 9145.00   2.2463e-18   1.6360e-19
 9150.00   2.0342e-18   1.8603e-19
 9155.00   1.9548e-18   1.8428e-19
 9160.00   2.2039e-18   2.2759e-19
 9165.00   1.6589e-18   1.6502e-19
 9170.00   2.1491e-18   1.6877e-19
 9175.00   2.0736e-18   1.6591e-19
 9180.00   1.6080e-18   1.7318e-19
 9185.00   1.6579e-18   1.7068e-19
 9190.00   2.0320e-18   1.7443e-19
 9195.00   2.3404e-18   1.7467e-19
 9200.00   2.1028e-18   1.8255e-19
 9205.00   2.0983e-18   1.8376e-19
 9210.00   2.3935e-18   1.8786e-19
 9215.00   1.8206e-18   2.1541e-19
 9220.00   2.2060e-18   1.9546e-19
 9225.00   2.0023e-18   2.5309e-19
 9230.00   9.8461e-19   2.0213e-19
 9235.00   1.8347e-18   1.9821e-19
 9240.00   1.3057e-18   1.9713e-19
 9245.00   2.2346e-18   2.0512e-19
 9250.00   1.5896e-18   2.4708e-19
 9255.00   1.8799e-18   2.2090e-19
 9260.00   6.9984e-19   1.9939e-19
 9265.00   1.4552e-18   2.2282e-19
 9270.00   1.0422e-18   1.6916e-19
 9275.00   1.9736e-18   1.6450e-19
 9280.00   1.2828e-18   1.6014e-19
 9285.00   1.3542e-18   1.8774e-19
 9290.00   1.7561e-18   1.8004e-19
 9295.00   1.3006e-18   2.0075e-19
 9300.00   1.1849e-18   1.6174e-19
 9305.00   7.5312e-19   2.6934e-19
 9310.00   3.6613e-18   4.4974e-19
 9315.00   5.7399e-19   2.8502e-19
 9320.00  -6.3648e-19   2.3936e-19
 9325.00   7.4832e-19   2.6014e-19
 9330.00   1.9206e-18   2.2084e-19
 9335.00   9.9911e-19   2.1357e-19
 9340.00   6.9781e-19   2.4197e-19
 9345.00   6.4651e-19   1.8008e-19
 9350.00   2.5418e-18   3.0495e-19
 9355.00   1.4373e-18   1.9364e-19
 9360.00   9.0935e-19   2.0223e-19
 9365.00   1.2843e-18   1.9866e-19
 9370.00   9.1824e-19   2.1830e-19
 9375.00  -3.0804e-19   6.4691e-19
 9380.00   1.3337e-18   2.2483e-19
 9385.00   4.5770e-19   2.9381e-19
 9390.00   1.5628e-18   2.0253e-19
 9395.00   2.2013e-18   2.3185e-19
 9400.00   2.4657e-19   2.4634e-19
 9405.00   1.6795e-18   2.2401e-19
 9410.00   1.3329e-18   1.7991e-19
 9415.00   1.8111e-18   2.0392e-19
 9420.00   3.2929e-19   3.4859e-19
 9425.00   1.3220e-18   2.0193e-19
 9430.00   1.7792e-18   1.7171e-19
 9435.00   1.9486e-18   2.1599e-19
 9440.00   1.7570e-18   4.4024e-19
 9445.00   9.8826e-19   2.1115e-19
 9450.00   3.1119e-18   2.4956e-19
 9455.00   1.1258e-18   2.0667e-19
 9460.00   3.9661e-19   2.8090e-19
 9465.00   1.6426e-18   1.8200e-19
 9470.00   1.8350e-18   1.8342e-19
 9475.00   5.9113e-19   2.9232e-19
 9480.00   8.5397e-19   2.1983e-19
 9485.00   1.3508e-18   2.0408e-19
 9490.00   2.1189e-18   2.1331e-19
 9495.00   1.2585e-18   1.7303e-19
 9500.00   3.7622e-19   2.0616e-19
 9505.00   1.6959e-18   2.4455e-19
 9510.00   1.5386e-18   1.8833e-19
 9515.00   9.6466e-19   1.9338e-19
 9520.00  -8.2417e-19   3.1423e-19
 9525.00   1.5454e-18   1.8988e-19
 9530.00   1.8869e-18   2.1708e-19
 9535.00   9.6871e-19   2.3311e-19
 9540.00   1.3397e-18   1.7956e-19
 9545.00   8.6191e-19   1.7023e-19
 9550.00   9.0576e-19   2.1867e-19
 9555.00   4.5564e-19   2.0927e-19
 9560.00   3.7299e-20   2.1459e-19
 9565.00   3.9538e-19   2.3895e-19
 9570.00   9.5926e-19   2.6840e-19
 9575.00   1.6092e-18   2.0257e-19
 9580.00   1.1566e-18   1.7195e-19
 9585.00   1.5949e-18   1.8346e-19
 9590.00   7.3854e-19   1.8343e-19
 9595.00   9.8807e-19   1.8467e-19
 9600.00   9.8833e-19   1.8060e-19
 9605.00   3.0741e-19   2.1103e-19
 9610.00   1.1837e-18   2.3619e-19
 9615.00   1.8322e-18   2.1171e-19
 9620.00   7.9617e-19   3.0673e-19
 9625.00   9.9392e-19   2.2970e-19
 9630.00   1.2595e-18   2.4255e-19
 9635.00   1.0240e-18   1.9838e-19
 9640.00   1.0836e-18   1.9979e-19
 9645.00   9.2360e-19   1.8783e-19
 9650.00   1.2109e-18   2.1530e-19
 9655.00   1.1746e-18   2.5579e-19
 9660.00   6.0397e-19   2.7040e-19
 9665.00  -2.4581e-18   2.4926e-19
 9670.00   6.0117e-19   3.6264e-19
 9675.00   8.3814e-19   2.7614e-19
 9680.00   1.4526e-18   4.3944e-19
 9685.00   1.0080e-18   2.9683e-19
 9690.00   1.8939e-18   3.1502e-19
 9695.00   1.7827e-18   2.6744e-19
 9700.00  -1.6462e-19   4.0888e-19
 9705.00   1.9624e-18   2.6137e-19
 9710.00   7.4447e-19   3.1408e-19
 9715.00   2.2968e-18   2.8233e-19
 9720.00   6.6556e-19   5.0033e-19
 9725.00   3.8632e-19   3.0411e-19
 9730.00   1.4143e-18   2.9523e-19
 9735.00   1.9886e-18   4.0622e-19
 9740.00   1.2102e-18   3.4880e-19
 9745.00   8.6500e-19   3.6816e-19
 9750.00   3.2832e-19   2.7011e-19
 9755.00   1.5126e-18   2.9036e-19
 9760.00   8.8591e-19   2.6861e-19
 9765.00   1.9145e-18   2.7697e-19
 9770.00   7.5448e-19   2.8099e-19
 9775.00   5.9958e-19   2.9542e-19
 9780.00   1.1590e-18   3.0623e-19
 9785.00   1.0562e-18   3.3517e-19
 9790.00   2.6962e-19   8.8141e-19
 9795.00   4.2230e-19   4.3015e-19
 9800.00   1.1389e-18   4.7218e-19
 9805.00   1.0251e-18   3.3047e-19
 9810.00   7.8466e-19   4.7477e-19
 9815.00   9.6180e-19   6.0260e-19
 9820.00   2.0005e-18   5.1325e-19
 9825.00   2.8377e-18   5.0119e-19
 9830.00   2.6227e-19   5.2002e-19
 9835.00   4.4660e-19   4.3726e-19
 9840.00   6.4061e-19   4.0635e-19
 9845.00   1.6879e-18   4.9852e-19
 9850.00   1.2752e-18   6.3566e-19
 9855.00   1.1743e-18   4.1802e-19
 9860.00   1.2672e-18   4.1343e-19
 9865.00   6.3921e-19   4.3409e-19
 9870.00  -5.7628e-19   7.7682e-19
 9875.00   1.7984e-18   6.0682e-19
 9880.00  -4.9800e-19   4.1290e-19
 9885.00   9.8731e-19   5.1435e-19
 9890.00  -1.2661e-18   4.7189e-19
 9895.00  -8.2740e-19   7.9130e-19
 9900.00   1.4710e-18   4.6430e-19
 9905.00   7.1439e-19   4.1081e-19
 9910.00   8.0065e-19   5.1558e-19
 9915.00   3.5152e-19   1.0687e-18
 9920.00   7.7395e-19   4.6735e-19
 9925.00   4.5841e-19   3.9589e-19
 9930.00   1.3502e-18   3.9409e-19
 9935.00  -8.2240e-19   4.5655e-19
 9940.00   1.4917e-18   7.4332e-19
 9945.00   2.3971e-18   1.4989e-18
 9950.00   1.6581e-18   8.1495e-19
 9955.00  -1.3320e-18   8.9022e-19
 9960.00  -1.7691e-18   1.1350e-18
 9965.00   2.2877e-19   6.0567e-19
 9970.00  -2.4614e-19   5.9755e-19
 9975.00   1.1795e-18   6.2129e-19
 9980.00   6.9144e-19   5.3143e-19
 9985.00   5.5596e-19   3.9235e-19
 9990.00   2.4409e-18   4.1990e-19
 9995.00   2.4409e-18   9.9999e+04
10000.00   2.4409e-18   9.9999e+04
