 
TRANSIENT_NAME:     DES15C3olc 
SNID:               1345899    
OBS_DATE:           2016-02-05
MJD:                57423. 
PHASE:              +17.   
MJD_MAX:            57405.0
TYPE:               1  
SPEC_EVAL:          SNIa
REDSHIFT:           0.0670  
REDSHIFT_ERR:       0.0005  
REDSHIFT_SOURCE:    Z_GAL
TELESCOPE:          SALT
INSTRUMENT:         RSS
 
======================================
 
# WAVE  FLUX  FLUX_ERR
 3840.18   7.2652e-19   2.1434e-19
 3843.24   8.8500e-19   2.3101e-19
 3846.31   9.2178e-19   2.5816e-19
 3849.37   7.9786e-19   2.2698e-19
 3852.44   9.0932e-19   2.3036e-19
 3855.50   9.3940e-19   2.2033e-19
 3858.56   1.0060e-18   2.2877e-19
 3861.63   1.0236e-18   2.4676e-19
 3864.69   9.7141e-19   2.3579e-19
 3867.76   1.0403e-18   2.3778e-19
 3870.82   1.2021e-18   2.3996e-19
 3873.89   1.3549e-18   2.4189e-19
 3876.95   1.3432e-18   2.5151e-19
 3880.01   1.3197e-18   2.3651e-19
 3883.08   1.4433e-18   2.4343e-19
 3886.14   1.5822e-18   2.6350e-19
 3889.21   1.4079e-18   2.5452e-19
 3892.27   1.5366e-18   2.7237e-19
 3895.34   1.7571e-18   2.7592e-19
 3898.40   1.7452e-18   2.6833e-19
 3901.46   1.5586e-18   2.6214e-19
 3904.53   1.7070e-18   2.6941e-19
 3907.59   1.7173e-18   2.8010e-19
 3910.66   1.6435e-18   2.5500e-19
 3913.72   1.6767e-18   2.5734e-19
 3916.79   1.5460e-18   2.3838e-19
 3919.85   1.4895e-18   2.3066e-19
 3922.91   1.6684e-18   2.3933e-19
 3925.98   1.6566e-18   2.4130e-19
 3929.04   1.5437e-18   2.3185e-19
 3932.11   1.5923e-18   2.3933e-19
 3935.17   1.4178e-18   2.4263e-19
 3938.24   1.5023e-18   2.5356e-19
 3941.30   1.5140e-18   2.5050e-19
 3944.36   1.5274e-18   2.3946e-19
 3947.43   1.7340e-18   2.4392e-19
 3950.49   1.6256e-18   2.3517e-19
 3953.56   1.4506e-18   2.2986e-19
 3956.62   1.4254e-18   2.2649e-19
 3959.69   1.8490e-18   2.2831e-19
 3962.75   2.0749e-18   2.3677e-19
 3965.81   2.1442e-18   2.4160e-19
 3968.88   1.9338e-18   2.4552e-19
 3971.94   2.0156e-18   2.5202e-19
 3975.01   1.9060e-18   2.5635e-19
 3978.07   1.9404e-18   2.6549e-19
 3981.14   1.6408e-18   2.5358e-19
 3984.20   1.5238e-18   2.3558e-19
 3987.27   1.3978e-18   2.3518e-19
 3990.33   1.3944e-18   2.4314e-19
 3993.39   1.4069e-18   2.4996e-19
 3996.46   1.4551e-18   2.4130e-19
 3999.52   1.5663e-18   2.4040e-19
 4002.59   1.6943e-18   2.4472e-19
 4005.65   1.5542e-18   2.3969e-19
 4008.72   1.5306e-18   2.3867e-19
 4011.78   1.5436e-18   2.4366e-19
 4014.84   1.5917e-18   2.4985e-19
 4017.91   1.5518e-18   2.3748e-19
 4020.97   1.5631e-18   2.3077e-19
 4024.04   1.8287e-18   2.3794e-19
 4027.10   1.7169e-18   2.3392e-19
 4030.17   1.5768e-18   2.2641e-19
 4033.23   1.5279e-18   2.3153e-19
 4036.29   1.4488e-18   2.3645e-19
 4039.36   1.5286e-18   2.3461e-19
 4042.42   1.6675e-18   2.3832e-19
 4045.49   1.7037e-18   2.4370e-19
 4048.55   1.7369e-18   2.4194e-19
 4051.62   1.9992e-18   2.4245e-19
 4054.68   2.0210e-18   2.4477e-19
 4057.74   2.0196e-18   2.4562e-19
 4060.81   2.0674e-18   2.4916e-19
 4063.87   2.0586e-18   2.4991e-19
 4066.94   2.2143e-18   2.4934e-19
 4070.00   2.2163e-18   2.4457e-19
 4073.07   2.2858e-18   2.4091e-19
 4076.13   2.2375e-18   2.4294e-19
 4079.19   2.1846e-18   2.4492e-19
 4082.26   2.1718e-18   2.3983e-19
 4085.32   2.2416e-18   2.4599e-19
 4088.39   2.3350e-18   2.5486e-19
 4091.45   2.3808e-18   2.4948e-19
 4094.52   2.4448e-18   2.4701e-19
 4097.58   2.7842e-18   2.5196e-19
 4100.65   3.0621e-18   2.5304e-19
 4103.71   2.9527e-18   2.4766e-19
 4106.77   2.8575e-18   2.4674e-19
 4109.84   2.9811e-18   2.5029e-19
 4112.90   3.2980e-18   2.5705e-19
 4115.97   3.4753e-18   2.5967e-19
 4119.03   3.5958e-18   2.6221e-19
 4122.10   3.6201e-18   2.6350e-19
 4125.16   3.4245e-18   2.6081e-19
 4128.22   3.4135e-18   2.6257e-19
 4131.29   3.6009e-18   2.6607e-19
 4134.35   3.6255e-18   2.6280e-19
 4137.42   3.4672e-18   2.6013e-19
 4140.48   3.5090e-18   2.6109e-19
 4143.55   3.6431e-18   2.6342e-19
 4146.61   3.6487e-18   2.6414e-19
 4149.67   3.5652e-18   2.6364e-19
 4152.74   3.6027e-18   2.6883e-19
 4155.80   3.6257e-18   2.6648e-19
 4158.87   3.7414e-18   2.6750e-19
 4161.93   3.9738e-18   2.6989e-19
 4165.00   3.9364e-18   2.6762e-19
 4168.06   3.8821e-18   2.6965e-19
 4171.12   3.9483e-18   2.6949e-19
 4174.19   3.9940e-18   2.6457e-19
 4177.25   4.1185e-18   2.6333e-19
 4180.32   4.0959e-18   2.6048e-19
 4183.38   3.9595e-18   2.5697e-19
 4186.45   4.1126e-18   2.6275e-19
 4189.51   4.1636e-18   2.5793e-19
 4192.57   3.5929e-18   2.6349e-19
 4195.64   3.2256e-18   2.6035e-19
 4198.70   2.0453e-18   2.2260e-19
 4201.77   1.7753e-18   2.1203e-19
 4204.83   1.7120e-18   2.1533e-19
 4207.90   1.7409e-18   2.1458e-19
 4210.96   3.7751e-18   2.4757e-19
 4214.02   3.7367e-18   2.4666e-19
 4217.09   4.1666e-18   2.5229e-19
 4220.15   3.8693e-18   2.4934e-19
 4223.22   3.7412e-18   2.4861e-19
 4226.28   3.8876e-18   2.4844e-19
 4229.35   3.9421e-18   2.4684e-19
 4232.41   3.6039e-18   2.4109e-19
 4235.48   3.5719e-18   2.4042e-19
 4238.54   3.6122e-18   2.3971e-19
 4241.60   3.5795e-18   2.4095e-19
 4244.67   3.4944e-18   2.4018e-19
 4247.73   3.6448e-18   2.4147e-19
 4250.80   3.7852e-18   2.4140e-19
 4253.86   3.7180e-18   2.3627e-19
 4256.93   3.7056e-18   2.3743e-19
 4259.99   3.6793e-18   2.3421e-19
 4263.05   3.5156e-18   2.3294e-19
 4266.12   3.5312e-18   2.3548e-19
 4269.18   3.5563e-18   2.3507e-19
 4272.25   3.5692e-18   2.3561e-19
 4275.31   3.5740e-18   2.3178e-19
 4278.38   3.5922e-18   2.2980e-19
 4281.44   3.5894e-18   2.3171e-19
 4284.50   3.5689e-18   2.3096e-19
 4287.57   3.4301e-18   2.2391e-19
 4290.63   3.4573e-18   2.2350e-19
 4293.70   3.5305e-18   2.2714e-19
 4296.76   3.5044e-18   2.2360e-19
 4299.83   3.3696e-18   2.2195e-19
 4302.89   3.5018e-18   2.2435e-19
 4305.95   3.6676e-18   2.2515e-19
 4309.02   3.4365e-18   2.2441e-19
 4312.08   3.3570e-18   2.2455e-19
 4315.15   3.2694e-18   2.2220e-19
 4318.21   3.3020e-18   2.2268e-19
 4321.28   3.4524e-18   2.2366e-19
 4324.34   3.4844e-18   2.2014e-19
 4327.40   3.5371e-18   2.2043e-19
 4330.47   3.4026e-18   2.2046e-19
 4333.53   3.3529e-18   2.1942e-19
 4336.60   3.3181e-18   2.1785e-19
 4339.66   3.3409e-18   2.1813e-19
 4342.73   3.2566e-18   2.1931e-19
 4345.79   3.0973e-18   2.1689e-19
 4348.85   2.9565e-18   2.1657e-19
 4351.92   3.1009e-18   2.1994e-19
 4354.98   3.1067e-18   2.1667e-19
 4358.05   3.0570e-18   2.1654e-19
 4361.11   2.9752e-18   2.1202e-19
 4364.18   2.9183e-18   2.1167e-19
 4367.24   2.8700e-18   2.1077e-19
 4370.31   2.8245e-18   2.0724e-19
 4373.37   2.9105e-18   2.0581e-19
 4376.43   2.9422e-18   2.0810e-19
 4379.50   3.0525e-18   2.0913e-19
 4382.56   3.1121e-18   2.0785e-19
 4385.63   3.0616e-18   2.0879e-19
 4388.69   2.8684e-18   2.0481e-19
 4391.76   2.8206e-18   2.0286e-19
 4394.82   2.8886e-18   2.0470e-19
 4397.88   2.8555e-18   2.0940e-19
 4400.95   2.9455e-18   2.1281e-19
 4404.01   3.0040e-18   2.1454e-19
 4407.08   3.1650e-18   2.1646e-19
 4410.14   3.1987e-18   2.1664e-19
 4413.21   3.2687e-18   2.1498e-19
 4416.27   3.2370e-18   2.1690e-19
 4419.33   3.3440e-18   2.1824e-19
 4422.40   3.2340e-18   2.1229e-19
 4425.46   3.0798e-18   2.0877e-19
 4428.53   3.2660e-18   2.1154e-19
 4431.59   3.3403e-18   2.1229e-19
 4434.66   3.3555e-18   2.0961e-19
 4437.72   3.6494e-18   2.1531e-19
 4440.78   3.6110e-18   2.1471e-19
 4443.85   3.4752e-18   2.0808e-19
 4446.91   3.5205e-18   2.0745e-19
 4449.98   3.3192e-18   2.0465e-19
 4453.04   3.3823e-18   2.0717e-19
 4456.11   3.4128e-18   2.0550e-19
 4459.17   3.3066e-18   2.0401e-19
 4462.23   3.2573e-18   2.0263e-19
 4465.30   3.2981e-18   2.0363e-19
 4468.36   3.3370e-18   2.0454e-19
 4471.43   3.3594e-18   2.0433e-19
 4474.49   3.4601e-18   2.0467e-19
 4477.56   3.3585e-18   2.0568e-19
 4480.62   3.2620e-18   2.0416e-19
 4483.68   3.4499e-18   2.0252e-19
 4486.75   3.5205e-18   2.0356e-19
 4489.81   3.7202e-18   2.0037e-19
 4492.88   3.8116e-18   2.0235e-19
 4495.94   3.7180e-18   2.0268e-19
 4499.01   3.4879e-18   1.9982e-19
 4502.07   3.4634e-18   1.9828e-19
 4505.13   3.4350e-18   1.9701e-19
 4508.20   3.3602e-18   1.9952e-19
 4511.26   3.2820e-18   2.0049e-19
 4514.33   3.2976e-18   2.0155e-19
 4517.39   3.4660e-18   2.0209e-19
 4520.46   3.4518e-18   2.0213e-19
 4523.52   3.6814e-18   2.2101e-19
 4526.59   3.6789e-18   2.1656e-19
 4529.65   3.6893e-18   2.2261e-19
 4532.71   3.6640e-18   2.1994e-19
 4535.78   3.6820e-18   2.1711e-19
 4538.84   3.5364e-18   2.1219e-19
 4541.91   3.3287e-18   2.0164e-19
 4544.97   3.3399e-18   1.9826e-19
 4548.04   3.4865e-18   1.9891e-19
 4551.10   3.5479e-18   2.0111e-19
 4554.16   3.3645e-18   1.9946e-19
 4557.23   3.3719e-18   1.9833e-19
 4560.29   3.4952e-18   1.9850e-19
 4563.36   3.5486e-18   1.9874e-19
 4566.42   3.7019e-18   2.0176e-19
 4569.49   3.7874e-18   2.0408e-19
 4572.55   3.6211e-18   2.0293e-19
 4575.61   3.5449e-18   2.0036e-19
 4578.68   3.6704e-18   1.9903e-19
 4581.74   3.7025e-18   2.0036e-19
 4584.81   3.6778e-18   1.9996e-19
 4587.87   3.5915e-18   1.9869e-19
 4590.94   3.5213e-18   1.9705e-19
 4594.00   3.5229e-18   1.9613e-19
 4597.06   3.5826e-18   1.9582e-19
 4600.13   3.5599e-18   1.9425e-19
 4603.19   3.4387e-18   1.9404e-19
 4606.26   3.5100e-18   1.9655e-19
 4609.32   3.4342e-18   1.9388e-19
 4612.39   3.2860e-18   1.9080e-19
 4615.45   3.2447e-18   1.9106e-19
 4618.51   3.3041e-18   1.9097e-19
 4621.58   3.3373e-18   1.9070e-19
 4624.64   3.2585e-18   1.8934e-19
 4627.71   3.2128e-18   1.8714e-19
 4630.77   3.1247e-18   1.8586e-19
 4633.84   2.9430e-18   1.8325e-19
 4636.90   2.8858e-18   1.8214e-19
 4639.96   2.9623e-18   1.8366e-19
 4643.03   2.9850e-18   1.8305e-19
 4646.09   2.9773e-18   1.8234e-19
 4649.16   2.9803e-18   1.8217e-19
 4652.22   2.8666e-18   1.8113e-19
 4655.29   2.8070e-18   1.7978e-19
 4658.35   2.8473e-18   1.8009e-19
 4661.42   2.6836e-18   1.7911e-19
 4664.48   2.6357e-18   1.8060e-19
 4667.54   2.6018e-18   1.7982e-19
 4670.61   2.3840e-18   1.7597e-19
 4673.67   2.2933e-18   1.7298e-19
 4676.74   2.4131e-18   1.7494e-19
 4679.80   2.5016e-18   1.7535e-19
 4682.87   2.4918e-18   1.7369e-19
 4685.93   2.5588e-18   1.7404e-19
 4688.99   2.4182e-18   1.7450e-19
 4692.06   2.4042e-18   1.7379e-19
 4695.12   2.4667e-18   1.7158e-19
 4698.19   2.5013e-18   1.7304e-19
 4701.25   2.4004e-18   1.7232e-19
 4704.32   2.4478e-18   1.7125e-19
 4707.38   2.4779e-18   1.7219e-19
 4710.44   2.4869e-18   1.6995e-19
 4713.51   2.5645e-18   1.7093e-19
 4716.57   2.5189e-18   1.7161e-19
 4719.64   2.5961e-18   1.7044e-19
 4722.70   2.6548e-18   1.6999e-19
 4725.77   2.6805e-18   1.6952e-19
 4728.83   2.7137e-18   1.7178e-19
 4731.89   2.7420e-18   1.7236e-19
 4734.96   2.6569e-18   1.7003e-19
 4738.02   2.6100e-18   1.6870e-19
 4741.09   2.5625e-18   1.6810e-19
 4744.15   2.6361e-18   1.6892e-19
 4747.22   2.6804e-18   1.6846e-19
 4750.28   2.6557e-18   1.6736e-19
 4753.34   2.6018e-18   1.6778e-19
 4756.41   2.5536e-18   1.6945e-19
 4759.47   2.5111e-18   1.6820e-19
 4762.54   2.6560e-18   1.6896e-19
 4765.60   2.7786e-18   1.6997e-19
 4768.67   2.9243e-18   1.7250e-19
 4771.73   2.8075e-18   1.6893e-19
 4774.79   2.7282e-18   1.6778e-19
 4777.86   2.9049e-18   1.7233e-19
 4780.92   2.7658e-18   1.6949e-19
 4783.99   3.0161e-18   1.7245e-19
 4787.05   3.0451e-18   1.7186e-19
 4790.12   3.0574e-18   1.7077e-19
 4793.18   3.1374e-18   1.7161e-19
 4796.25   3.0572e-18   1.7233e-19
 4799.31   3.1264e-18   1.7208e-19
 4802.37   3.2657e-18   1.7554e-19
 4805.44   3.3648e-18   1.7518e-19
 4808.50   3.5922e-18   1.7677e-19
 4811.57   3.4264e-18   1.7557e-19
 4814.63   3.5687e-18   1.8020e-19
 4817.70   3.5555e-18   1.7778e-19
 4820.76   3.4852e-18   1.7655e-19
 4823.82   3.7627e-18   1.8114e-19
 4826.89   3.6914e-18   1.8009e-19
 4829.95   3.8145e-18   1.8097e-19
 4833.02   3.8533e-18   1.8393e-19
 4836.08   4.2653e-18   1.8377e-19
 4839.15   4.6707e-18   1.8598e-19
 4842.21   4.7848e-18   1.8593e-19
 4845.27   4.8055e-18   1.8563e-19
 4848.34   4.8391e-18   1.8493e-19
 4851.40   4.9019e-18   1.8649e-19
 4854.47   4.9617e-18   1.9170e-19
 4857.53   4.8930e-18   1.8778e-19
 4860.60   4.9898e-18   1.8868e-19
 4863.66   5.1213e-18   1.8994e-19
 4866.72   5.4737e-18   1.9254e-19
 4869.79   5.3114e-18   1.9291e-19
 4872.85   5.4339e-18   1.9175e-19
 4875.92   5.3150e-18   1.9180e-19
 4878.98   5.5139e-18   1.9203e-19
 4882.05   5.8673e-18   1.9581e-19
 4885.11   5.6409e-18   1.9648e-19
 4888.17   5.7354e-18   1.9454e-19
 4891.24   5.7364e-18   1.9421e-19
 4894.30   5.7229e-18   1.9597e-19
 4897.37   5.8109e-18   1.9574e-19
 4900.43   5.8804e-18   1.9576e-19
 4903.50   5.8153e-18   1.9398e-19
 4906.56   5.8316e-18   1.9471e-19
 4909.62   6.0817e-18   1.9702e-19
 4912.69   5.7860e-18   1.9318e-19
 4915.75   5.8093e-18   1.9192e-19
 4918.82   5.6998e-18   1.9216e-19
 4921.88   5.9259e-18   1.9487e-19
 4924.95   5.7692e-18   1.9286e-19
 4928.01   5.8532e-18   1.9337e-19
 4931.08   5.5967e-18   1.9076e-19
 4934.14   5.5867e-18   1.8983e-19
 4937.20   5.4296e-18   1.8792e-19
 4940.27   4.7465e-18   1.7380e-19
 5102.68   2.9447e-18   1.4620e-19
 5105.74   3.1393e-18   1.5178e-19
 5108.81   3.1394e-18   1.5270e-19
 5111.87   3.1762e-18   1.5285e-19
 5114.93   3.1035e-18   1.5111e-19
 5118.00   3.1084e-18   1.5082e-19
 5121.06   3.2042e-18   1.5191e-19
 5124.13   3.3952e-18   1.5103e-19
 5127.19   3.3785e-18   1.5103e-19
 5130.26   3.2691e-18   1.4937e-19
 5133.32   3.2288e-18   1.4907e-19
 5136.38   3.3611e-18   1.5055e-19
 5139.45   3.3531e-18   1.5484e-19
 5142.51   3.2225e-18   1.5416e-19
 5145.58   3.2030e-18   1.5337e-19
 5148.64   3.0914e-18   1.5137e-19
 5151.71   3.1101e-18   1.5082e-19
 5154.77   3.2972e-18   1.5275e-19
 5157.83   3.1899e-18   1.5087e-19
 5160.90   2.9754e-18   1.4884e-19
 5163.96   3.0996e-18   1.5125e-19
 5167.03   3.2321e-18   1.5171e-19
 5170.09   3.1088e-18   1.5042e-19
 5173.16   3.0813e-18   1.4900e-19
 5176.22   3.1592e-18   1.4974e-19
 5179.29   3.2141e-18   1.5214e-19
 5182.35   3.2984e-18   1.5448e-19
 5185.41   3.4491e-18   1.5705e-19
 5188.48   3.5129e-18   1.6247e-19
 5191.54   3.6105e-18   1.7160e-19
 5194.61   3.6055e-18   1.7277e-19
 5197.67   3.4196e-18   1.6971e-19
 5200.74   3.5953e-18   1.7179e-19
 5203.80   3.6908e-18   1.7148e-19
 5206.86   3.7081e-18   1.6955e-19
 5209.93   3.7203e-18   1.6346e-19
 5212.99   3.9278e-18   1.6262e-19
 5216.06   3.9876e-18   1.6165e-19
 5219.12   3.9659e-18   1.5999e-19
 5222.19   3.9208e-18   1.6015e-19
 5225.25   4.0796e-18   1.6127e-19
 5228.31   4.0801e-18   1.6306e-19
 5231.38   4.2254e-18   1.6261e-19
 5234.44   4.4400e-18   1.6462e-19
 5237.51   4.2543e-18   1.6367e-19
 5240.57   4.3851e-18   1.6386e-19
 5243.64   4.5750e-18   1.6711e-19
 5246.70   4.5423e-18   1.6520e-19
 5249.76   4.5898e-18   1.6544e-19
 5252.83   4.6518e-18   1.6698e-19
 5255.89   4.7321e-18   1.6623e-19
 5258.96   4.6615e-18   1.6515e-19
 5262.02   4.3780e-18   1.6306e-19
 5265.09   4.4390e-18   1.6457e-19
 5268.15   4.6096e-18   1.6317e-19
 5271.21   4.5308e-18   1.6314e-19
 5274.28   4.4475e-18   1.6235e-19
 5277.34   4.3182e-18   1.6029e-19
 5280.41   4.2728e-18   1.6134e-19
 5283.47   3.9332e-18   1.5863e-19
 5286.54   4.1362e-18   1.5853e-19
 5289.60   4.0371e-18   1.5683e-19
 5292.66   4.0198e-18   1.5773e-19
 5295.73   3.9009e-18   1.5617e-19
 5298.79   3.9293e-18   1.5574e-19
 5301.86   3.8705e-18   1.5730e-19
 5304.92   4.0231e-18   1.5945e-19
 5307.99   3.7823e-18   1.5532e-19
 5311.05   3.4079e-18   1.5256e-19
 5314.12   3.7177e-18   1.5529e-19
 5317.18   3.5265e-18   1.5118e-19
 5320.24   3.4836e-18   1.5266e-19
 5323.31   3.4549e-18   1.5209e-19
 5326.37   3.3938e-18   1.5157e-19
 5329.44   3.5249e-18   1.5153e-19
 5332.50   3.5732e-18   1.5356e-19
 5335.57   3.5561e-18   1.5224e-19
 5338.63   3.4687e-18   1.5062e-19
 5341.69   3.5982e-18   1.5226e-19
 5344.76   3.5302e-18   1.5047e-19
 5347.82   3.3884e-18   1.4854e-19
 5350.89   3.4442e-18   1.5050e-19
 5353.95   3.2896e-18   1.4718e-19
 5357.02   3.1883e-18   1.4656e-19
 5360.08   3.1595e-18   1.4721e-19
 5363.14   3.2392e-18   1.4737e-19
 5366.21   3.2593e-18   1.4693e-19
 5369.27   3.2588e-18   1.4715e-19
 5372.34   3.1333e-18   1.4536e-19
 5375.40   3.2643e-18   1.4696e-19
 5378.47   3.3073e-18   1.4739e-19
 5381.53   3.2172e-18   1.4644e-19
 5384.59   3.2098e-18   1.4739e-19
 5387.66   3.2745e-18   1.4602e-19
 5390.72   3.1640e-18   1.4387e-19
 5393.79   3.0904e-18   1.4313e-19
 5396.85   3.3036e-18   1.4521e-19
 5399.92   3.4241e-18   1.4622e-19
 5402.98   3.1954e-18   1.4365e-19
 5406.04   3.0683e-18   1.4302e-19
 5409.11   3.1744e-18   1.4446e-19
 5412.17   3.1392e-18   1.4389e-19
 5415.24   3.0062e-18   1.4352e-19
 5418.30   3.1231e-18   1.4498e-19
 5421.37   3.2471e-18   1.4562e-19
 5424.43   3.0291e-18   1.4287e-19
 5427.49   3.0048e-18   1.4296e-19
 5430.56   2.9777e-18   1.4327e-19
 5433.62   3.0265e-18   1.4365e-19
 5436.69   2.9674e-18   1.4140e-19
 5439.75   3.0016e-18   1.4105e-19
 5442.82   3.0580e-18   1.4207e-19
 5445.88   3.0135e-18   1.4298e-19
 5448.94   3.1144e-18   1.4455e-19
 5452.01   3.2419e-18   1.4618e-19
 5455.07   3.1547e-18   1.4466e-19
 5458.14   2.9990e-18   1.4222e-19
 5461.20   2.9108e-18   1.4162e-19
 5464.27   3.0347e-18   1.4322e-19
 5467.33   2.9791e-18   1.4218e-19
 5470.40   3.1679e-18   1.4481e-19
 5473.46   3.1816e-18   1.4548e-19
 5476.52   3.2348e-18   1.4465e-19
 5479.59   3.1433e-18   1.4280e-19
 5482.65   3.1862e-18   1.4487e-19
 5485.72   3.2530e-18   1.4474e-19
 5488.78   3.2051e-18   1.4424e-19
 5491.85   3.1803e-18   1.4407e-19
 5494.91   3.4017e-18   1.4673e-19
 5497.97   3.3614e-18   1.4503e-19
 5501.04   3.4139e-18   1.4608e-19
 5504.10   3.5374e-18   1.4818e-19
 5507.17   3.5373e-18   1.4790e-19
 5510.23   3.4704e-18   1.4694e-19
 5513.30   3.6301e-18   1.4928e-19
 5516.36   3.6727e-18   1.5121e-19
 5519.42   3.7187e-18   1.5025e-19
 5522.49   3.6756e-18   1.4996e-19
 5525.55   4.0265e-18   1.5412e-19
 5528.62   3.9723e-18   1.5322e-19
 5531.68   3.8811e-18   1.5287e-19
 5534.75   4.1627e-18   1.5900e-19
 5537.81   4.1906e-18   1.5888e-19
 5540.87   4.1562e-18   1.5728e-19
 5543.94   4.2290e-18   1.5995e-19
 5547.00   4.3389e-18   1.6166e-19
 5550.07   4.5421e-18   1.6401e-19
 5553.13   4.3958e-18   1.6359e-19
 5556.20   4.8638e-18   1.6991e-19
 5559.26   4.5105e-18   1.6694e-19
 5562.32   4.7415e-18   1.7751e-19
 5596.03   5.6599e-18   1.7684e-19
 5599.10   5.7517e-18   1.7720e-19
 5602.16   5.6711e-18   1.7237e-19
 5605.23   5.4653e-18   1.7028e-19
 5608.29   5.6971e-18   1.6958e-19
 5611.35   5.6557e-18   1.7081e-19
 5614.42   5.5260e-18   1.6776e-19
 5617.48   5.7568e-18   1.6883e-19
 5620.55   5.8486e-18   1.6817e-19
 5623.61   5.8212e-18   1.6722e-19
 5626.68   5.8189e-18   1.6800e-19
 5629.74   5.8412e-18   1.6817e-19
 5632.80   5.7706e-18   1.6671e-19
 5635.87   5.8195e-18   1.6703e-19
 5638.93   5.8427e-18   1.6745e-19
 5642.00   5.9390e-18   1.6756e-19
 5645.06   5.7287e-18   1.6554e-19
 5648.13   5.7437e-18   1.6564e-19
 5651.19   5.8190e-18   1.6583e-19
 5654.25   5.7563e-18   1.6428e-19
 5657.32   5.6804e-18   1.6377e-19
 5660.38   5.6586e-18   1.6295e-19
 5663.45   5.6809e-18   1.6279e-19
 5666.51   5.6622e-18   1.6358e-19
 5669.58   5.6805e-18   1.6349e-19
 5672.64   5.6348e-18   1.6374e-19
 5675.70   5.6265e-18   1.6390e-19
 5678.77   5.5615e-18   1.6349e-19
 5681.83   5.4743e-18   1.6315e-19
 5684.90   5.5135e-18   1.6250e-19
 5687.96   5.3268e-18   1.6062e-19
 5691.03   5.3677e-18   1.6224e-19
 5694.09   5.4647e-18   1.6317e-19
 5697.15   5.3601e-18   1.6051e-19
 5700.22   5.2919e-18   1.5872e-19
 5703.28   5.4543e-18   1.5980e-19
 5706.35   5.4808e-18   1.6004e-19
 5709.41   5.5299e-18   1.6113e-19
 5712.48   5.4495e-18   1.5995e-19
 5715.54   5.4065e-18   1.5930e-19
 5718.60   5.4131e-18   1.5990e-19
 5721.67   5.4710e-18   1.5977e-19
 5724.73   5.4831e-18   1.6018e-19
 5727.80   5.4371e-18   1.5839e-19
 5730.86   5.4353e-18   1.5881e-19
 5733.93   5.3657e-18   1.5811e-19
 5736.99   5.3806e-18   1.5787e-19
 5740.06   5.3795e-18   1.5789e-19
 5743.12   5.4383e-18   1.5847e-19
 5746.18   5.4724e-18   1.5869e-19
 5749.25   5.4949e-18   1.5967e-19
 5752.31   5.3345e-18   1.5669e-19
 5755.38   5.5872e-18   1.5870e-19
 5758.44   5.5016e-18   1.5831e-19
 5761.51   5.5622e-18   1.5997e-19
 5764.57   5.6535e-18   1.6020e-19
 5767.63   5.6104e-18   1.5932e-19
 5770.70   5.7690e-18   1.6086e-19
 5773.76   5.6902e-18   1.5941e-19
 5776.83   5.5555e-18   1.5788e-19
 5779.89   5.6629e-18   1.5928e-19
 5782.96   5.6554e-18   1.5842e-19
 5786.02   5.7414e-18   1.6079e-19
 5789.08   5.7485e-18   1.6065e-19
 5792.15   5.7519e-18   1.6005e-19
 5795.21   5.4869e-18   1.5793e-19
 5798.28   5.4719e-18   1.5720e-19
 5801.34   5.4967e-18   1.5688e-19
 5804.41   5.7859e-18   1.5962e-19
 5807.47   5.7173e-18   1.5847e-19
 5810.53   5.8275e-18   1.5931e-19
 5813.60   5.5244e-18   1.5730e-19
 5816.66   5.8010e-18   1.6087e-19
 5819.73   5.7455e-18   1.5934e-19
 5822.79   5.5623e-18   1.5744e-19
 5825.86   5.3823e-18   1.5550e-19
 5828.92   5.5763e-18   1.5748e-19
 5831.98   5.5981e-18   1.5912e-19
 5835.05   5.4179e-18   1.5692e-19
 5838.11   5.4164e-18   1.5665e-19
 5841.18   5.3977e-18   1.5643e-19
 5844.24   5.5610e-18   1.5714e-19
 5847.31   5.3762e-18   1.5689e-19
 5850.37   5.2208e-18   1.5478e-19
 5853.44   5.1409e-18   1.5417e-19
 5856.50   5.3328e-18   1.5927e-19
 5859.56   5.3223e-18   1.6164e-19
 5862.63   5.2733e-18   1.6254e-19
 5865.69   5.2666e-18   1.6386e-19
 5868.76   5.4286e-18   1.6562e-19
 5871.82   5.2687e-18   1.6393e-19
 5874.89   5.0722e-18   1.6163e-19
 5877.95   5.0118e-18   1.6358e-19
 5881.01   4.9848e-18   1.6832e-19
 5884.08   4.9502e-18   1.7360e-19
 5887.14   4.7200e-18   1.7482e-19
 5890.21   4.7102e-18   1.7660e-19
 5893.27   4.8583e-18   1.7800e-19
 5896.34   4.6204e-18   1.7468e-19
 5899.40   4.4998e-18   1.6732e-19
 5902.46   4.5797e-18   1.6074e-19
 5905.53   4.5347e-18   1.5830e-19
 5908.59   4.5711e-18   1.5794e-19
 5911.66   4.5954e-18   1.5668e-19
 5914.72   4.6162e-18   1.5796e-19
 5917.79   4.5255e-18   1.5724e-19
 5920.85   4.4624e-18   1.5710e-19
 5923.91   4.4800e-18   1.5726e-19
 5926.98   4.4074e-18   1.5588e-19
 5930.04   4.2239e-18   1.5328e-19
 5933.11   4.1132e-18   1.5065e-19
 5936.17   4.2593e-18   1.5157e-19
 5939.24   4.1909e-18   1.5173e-19
 5942.30   4.0601e-18   1.5080e-19
 5945.36   3.9949e-18   1.4967e-19
 5948.43   3.9826e-18   1.4927e-19
 5951.49   3.9352e-18   1.4823e-19
 5954.56   4.0639e-18   1.4958e-19
 5957.62   3.9531e-18   1.4675e-19
 5960.69   3.9337e-18   1.4629e-19
 5963.75   3.6429e-18   1.4244e-19
 5966.81   3.9250e-18   1.4557e-19
 5969.88   3.9034e-18   1.4502e-19
 5972.94   3.7473e-18   1.4273e-19
 5976.01   3.7026e-18   1.4301e-19
 5979.07   3.6418e-18   1.4214e-19
 5982.14   3.6732e-18   1.4145e-19
 5985.20   3.6430e-18   1.3975e-19
 5988.27   3.4746e-18   1.3724e-19
 5991.33   3.4087e-18   1.3461e-19
 5994.39   3.7838e-18   1.4007e-19
 5997.46   3.5046e-18   1.3808e-19
 6000.52   3.4890e-18   1.3774e-19
 6003.59   3.5268e-18   1.3767e-19
 6006.65   3.2981e-18   1.3415e-19
 6009.72   3.4107e-18   1.3538e-19
 6012.78   3.5700e-18   1.3720e-19
 6015.84   3.2863e-18   1.3252e-19
 6018.91   3.5208e-18   1.3494e-19
 6021.97   3.5255e-18   1.3532e-19
 6025.04   3.4564e-18   1.3535e-19
 6028.10   3.3472e-18   1.3407e-19
 6031.17   3.1991e-18   1.3176e-19
 6034.23   3.0745e-18   1.3014e-19
 6037.29   3.2098e-18   1.3251e-19
 6040.36   2.9648e-18   1.2948e-19
 6043.42   3.1940e-18   1.3011e-19
 6046.49   3.0994e-18   1.2963e-19
 6049.55   3.1856e-18   1.2986e-19
 6052.62   3.1453e-18   1.2991e-19
 6055.68   2.9187e-18   1.2744e-19
 6058.74   3.0889e-18   1.2954e-19
 6061.81   3.0086e-18   1.2848e-19
 6064.87   2.9586e-18   1.2772e-19
 6067.94   2.9396e-18   1.2671e-19
 6071.00   2.9125e-18   1.2708e-19
 6074.07   2.9190e-18   1.2665e-19
 6077.13   2.9299e-18   1.2582e-19
 6080.19   2.8818e-18   1.2457e-19
 6083.26   2.8914e-18   1.2542e-19
 6086.32   2.8800e-18   1.2518e-19
 6089.39   2.8000e-18   1.2458e-19
 6092.45   2.9513e-18   1.2599e-19
 6095.52   2.9732e-18   1.2668e-19
 6098.58   3.0441e-18   1.2719e-19
 6101.65   3.0939e-18   1.2950e-19
 6104.71   3.0030e-18   1.2762e-19
 6107.77   2.9911e-18   1.2657e-19
 6110.84   2.9147e-18   1.2581e-19
 6113.90   2.9405e-18   1.2540e-19
 6116.97   3.0063e-18   1.2640e-19
 6120.03   3.0660e-18   1.2727e-19
 6123.10   3.0656e-18   1.2721e-19
 6126.16   3.0798e-18   1.2684e-19
 6129.22   3.1077e-18   1.2936e-19
 6132.29   3.1362e-18   1.3101e-19
 6135.35   3.2254e-18   1.3235e-19
 6138.42   3.1815e-18   1.3226e-19
 6141.48   3.1316e-18   1.3248e-19
 6144.55   3.2343e-18   1.3243e-19
 6147.61   3.4440e-18   1.3456e-19
 6150.67   3.3629e-18   1.3223e-19
 6153.74   3.4987e-18   1.3244e-19
 6156.80   3.5453e-18   1.3225e-19
 6159.87   3.5346e-18   1.3252e-19
 6162.93   3.7496e-18   1.3667e-19
 6166.00   3.6593e-18   1.3598e-19
 6169.06   3.6834e-18   1.3595e-19
 6172.12   3.7302e-18   1.3696e-19
 6175.19   3.7634e-18   1.3763e-19
 6178.25   3.9366e-18   1.3784e-19
 6181.32   3.8144e-18   1.3606e-19
 6184.38   4.0626e-18   1.3767e-19
 6187.45   4.2145e-18   1.3825e-19
 6190.51   4.0071e-18   1.3583e-19
 6193.57   4.1358e-18   1.3900e-19
 6196.64   4.2988e-18   1.4051e-19
 6199.70   4.3816e-18   1.4107e-19
 6202.77   4.3231e-18   1.4165e-19
 6205.83   4.7737e-18   1.4673e-19
 6208.90   4.6958e-18   1.4421e-19
 6211.96   4.7095e-18   1.4535e-19
 6215.02   4.7051e-18   1.4556e-19
 6218.09   4.8265e-18   1.4675e-19
 6221.15   4.7655e-18   1.4668e-19
 6224.22   4.7925e-18   1.5156e-19
 6227.28   5.1194e-18   1.5944e-19
 6230.35   5.0440e-18   1.6009e-19
 6233.41   5.0713e-18   1.6105e-19
 6236.47   5.1917e-18   1.6332e-19
 6239.54   5.3859e-18   1.6484e-19
 6242.60   5.0996e-18   1.6039e-19
 6245.67   5.0317e-18   1.5762e-19
 6248.73   5.3297e-18   1.6308e-19
 6251.80   5.2266e-18   1.6244e-19
 6254.86   5.2457e-18   1.6190e-19
 6257.93   5.0943e-18   1.6148e-19
 6260.99   4.9526e-18   1.5997e-19
 6264.05   5.0827e-18   1.6173e-19
 6267.12   5.1676e-18   1.6132e-19
 6270.18   5.1582e-18   1.5694e-19
 6273.25   5.0289e-18   1.5465e-19
 6276.31   4.9749e-18   1.5723e-19
 6279.38   5.0271e-18   1.6161e-19
 6282.44   5.0100e-18   1.6565e-19
 6285.50   2.7404e-18   1.7644e-19
 6319.21   5.0599e-18   1.5440e-19
 6322.28   4.9358e-18   1.5231e-19
 6325.34   4.8578e-18   1.5079e-19
 6328.40   4.8625e-18   1.5080e-19
 6331.47   4.7152e-18   1.4947e-19
 6334.53   4.5984e-18   1.4937e-19
 6337.60   4.4726e-18   1.4794e-19
 6340.66   4.4445e-18   1.4477e-19
 6343.73   4.4293e-18   1.4489e-19
 6346.79   4.4032e-18   1.4862e-19
 6383.56   4.2301e-18   1.4059e-19
 6386.63   4.0125e-18   1.3757e-19
 6389.69   3.8701e-18   1.3457e-19
 6392.75   3.9448e-18   1.3304e-19
 6395.82   3.9122e-18   1.3155e-19
 6398.88   3.5791e-18   1.2691e-19
 6401.95   3.7740e-18   1.2913e-19
 6405.01   3.8814e-18   1.2984e-19
 6408.08   3.8818e-18   1.3063e-19
 6411.14   3.5781e-18   1.2693e-19
 6414.21   3.5315e-18   1.2669e-19
 6417.27   3.6512e-18   1.2840e-19
 6420.33   3.5864e-18   1.2745e-19
 6423.40   3.5209e-18   1.2578e-19
 6426.46   3.5021e-18   1.2631e-19
 6429.53   3.5448e-18   1.2630e-19
 6432.59   3.4461e-18   1.2419e-19
 6435.66   3.4787e-18   1.2382e-19
 6438.72   3.3253e-18   1.2283e-19
 6441.78   3.2727e-18   1.2219e-19
 6444.85   3.2410e-18   1.2275e-19
 6447.91   3.1941e-18   1.2177e-19
 6450.98   3.1917e-18   1.2349e-19
 6454.04   3.2676e-18   1.2798e-19
 6457.11   3.0656e-18   1.2904e-19
 6460.17   3.0010e-18   1.3134e-19
 6463.23   3.0032e-18   1.3299e-19
 6466.30   2.8946e-18   1.3340e-19
 6469.36   2.8460e-18   1.3314e-19
 6472.43   2.8149e-18   1.3112e-19
 6475.49   2.7275e-18   1.2593e-19
 6478.56   2.5853e-18   1.2059e-19
 6481.62   2.5861e-18   1.1850e-19
 6484.68   2.5564e-18   1.1876e-19
 6487.75   2.5277e-18   1.2318e-19
 6490.81   2.5995e-18   1.2878e-19
 6493.88   2.5717e-18   1.3076e-19
 6496.94   2.5063e-18   1.3088e-19
 6500.01   2.3808e-18   1.2943e-19
 6503.07   2.3408e-18   1.2880e-19
 6506.13   2.3614e-18   1.2622e-19
 6509.20   2.2494e-18   1.1984e-19
 6512.26   2.1625e-18   1.1624e-19
 6515.33   2.3477e-18   1.1733e-19
 6518.39   2.2981e-18   1.1673e-19
 6521.46   2.2579e-18   1.2027e-19
 6524.52   2.1759e-18   1.2218e-19
 6527.58   2.1724e-18   1.2331e-19
 6530.65   2.0763e-18   1.2257e-19
 6533.71   2.0364e-18   1.2110e-19
 6536.78   2.0639e-18   1.2237e-19
 6539.84   2.0646e-18   1.2320e-19
 6542.91   2.0740e-18   1.2298e-19
 6545.97   2.1202e-18   1.2419e-19
 6549.04   2.3962e-18   1.2865e-19
 6552.10   2.6093e-18   1.3465e-19
 6555.16   2.5529e-18   1.3824e-19
 6558.23   2.2324e-18   1.3516e-19
 6561.29   2.1620e-18   1.3275e-19
 6564.36   2.1221e-18   1.2813e-19
 6567.42   2.2640e-18   1.3046e-19
 6570.49   2.2356e-18   1.2711e-19
 6573.55   2.3907e-18   1.2330e-19
 6576.61   2.3352e-18   1.1932e-19
 6579.68   2.2890e-18   1.1941e-19
 6582.74   2.1860e-18   1.1608e-19
 6585.81   2.3260e-18   1.1568e-19
 6588.87   2.4180e-18   1.1376e-19
 6591.94   2.3200e-18   1.1281e-19
 6595.00   2.2766e-18   1.1479e-19
 6598.06   2.4715e-18   1.1594e-19
 6601.13   2.5330e-18   1.1769e-19
 6604.19   2.5664e-18   1.1705e-19
 6607.26   2.5180e-18   1.1599e-19
 6610.32   2.5664e-18   1.1454e-19
 6613.39   2.6603e-18   1.1318e-19
 6616.45   2.6842e-18   1.1192e-19
 6619.51   2.6830e-18   1.1272e-19
 6622.58   2.7558e-18   1.1410e-19
 6625.64   2.7876e-18   1.1514e-19
 6628.71   2.7771e-18   1.1555e-19
 6631.77   2.7724e-18   1.1495e-19
 6634.84   2.8281e-18   1.1601e-19
 6637.90   2.9506e-18   1.1567e-19
 6640.96   2.9487e-18   1.1533e-19
 6644.03   3.0325e-18   1.1496e-19
 6647.09   3.0522e-18   1.1383e-19
 6650.16   2.9330e-18   1.1221e-19
 6653.22   2.8243e-18   1.1206e-19
 6656.29   2.8554e-18   1.1247e-19
 6659.35   2.8885e-18   1.1236e-19
 6662.42   2.9681e-18   1.1361e-19
 6665.48   3.0562e-18   1.1442e-19
 6668.54   3.0304e-18   1.1349e-19
 6671.61   3.0920e-18   1.1391e-19
 6674.67   3.1884e-18   1.1485e-19
 6677.74   3.1510e-18   1.1385e-19
 6680.80   3.2388e-18   1.1444e-19
 6683.87   3.2922e-18   1.1596e-19
 6686.93   3.2688e-18   1.1598e-19
 6689.99   3.1989e-18   1.1529e-19
 6693.06   3.2725e-18   1.1668e-19
 6696.12   3.2372e-18   1.1652e-19
 6699.19   3.3427e-18   1.1808e-19
 6702.25   3.2720e-18   1.1734e-19
 6705.32   3.3459e-18   1.1862e-19
 6708.38   3.4531e-18   1.1944e-19
 6711.44   3.5156e-18   1.1979e-19
 6714.51   3.4198e-18   1.1867e-19
 6717.57   3.3752e-18   1.1862e-19
 6720.64   3.4267e-18   1.1848e-19
 6723.70   3.5530e-18   1.1924e-19
 6726.77   3.7117e-18   1.2054e-19
 6729.83   3.6657e-18   1.1956e-19
 6732.89   3.5786e-18   1.1849e-19
 6735.96   3.6204e-18   1.1845e-19
 6739.02   3.5913e-18   1.1821e-19
 6742.09   3.7690e-18   1.2002e-19
 6745.15   3.7917e-18   1.1997e-19
 6748.22   3.7361e-18   1.1932e-19
 6751.28   3.8393e-18   1.1975e-19
 6754.34   3.9944e-18   1.2059e-19
 6757.41   3.8180e-18   1.1880e-19
 6760.47   3.8443e-18   1.1912e-19
 6763.54   3.8168e-18   1.1778e-19
 6766.60   3.9414e-18   1.1944e-19
 6769.67   3.7538e-18   1.1706e-19
 6772.73   3.8510e-18   1.1923e-19
 6775.79   3.8696e-18   1.1900e-19
 6778.86   3.7090e-18   1.1696e-19
 6781.92   3.9078e-18   1.1957e-19
 6784.99   3.9390e-18   1.1968e-19
 6788.05   3.9740e-18   1.2085e-19
 6791.12   3.9116e-18   1.1976e-19
 6794.18   3.9297e-18   1.2014e-19
 6797.25   3.9429e-18   1.1990e-19
 6800.31   3.9202e-18   1.1980e-19
 6803.37   3.8650e-18   1.1877e-19
 6806.44   3.9011e-18   1.1905e-19
 6809.50   3.9014e-18   1.1998e-19
 6812.57   3.9621e-18   1.2113e-19
 6815.63   3.9783e-18   1.2685e-19
 6818.70   4.0343e-18   1.3646e-19
 6821.76   4.0402e-18   1.4297e-19
 6824.82   4.0085e-18   1.4839e-19
 6827.89   3.9932e-18   1.5073e-19
 6830.95   4.0187e-18   1.5347e-19
 6834.02   3.9291e-18   1.5280e-19
 6837.08   3.8973e-18   1.4683e-19
 6840.15   3.9601e-18   1.4018e-19
 6843.21   4.0524e-18   1.3404e-19
 6846.27   3.9699e-18   1.2745e-19
 6849.34   3.9975e-18   1.2825e-19
 6852.40   4.0593e-18   1.3917e-19
 6855.47   4.0917e-18   1.4762e-19
 6858.53   3.8360e-18   1.4693e-19
 6861.60   3.5980e-18   1.4524e-19
 6864.66   3.5559e-18   1.4540e-19
 6867.72   3.4416e-18   1.4538e-19
 6870.79   3.4451e-18   1.3986e-19
 6873.85   3.2929e-18   1.2724e-19
 6876.92   3.3502e-18   1.2362e-19
 6879.98   3.4642e-18   1.2447e-19
 6883.05   3.4348e-18   1.2391e-19
 6886.11   3.3675e-18   1.2398e-19
 6889.17   3.5548e-18   1.2613e-19
 6892.24   3.7162e-18   1.2897e-19
 6895.30   3.7226e-18   1.2826e-19
 6898.37   3.7041e-18   1.2630e-19
 6901.43   3.6332e-18   1.2706e-19
 6904.50   3.7924e-18   1.3056e-19
 6907.56   3.7778e-18   1.3020e-19
 6910.62   3.8496e-18   1.3292e-19
 6913.69   3.8431e-18   1.3880e-19
 6916.75   3.7134e-18   1.3862e-19
 6919.82   3.8452e-18   1.3928e-19
 6922.88   3.7330e-18   1.3354e-19
 6925.95   3.8778e-18   1.3580e-19
 6929.01   3.8844e-18   1.3602e-19
 6932.08   3.9041e-18   1.3352e-19
 6935.14   3.7947e-18   1.2717e-19
 6938.20   4.0097e-18   1.3800e-19
 6941.27   3.9403e-18   1.4008e-19
 6944.33   3.8778e-18   1.3992e-19
 6947.40   3.7841e-18   1.3717e-19
 6950.46   3.8966e-18   1.3519e-19
 6953.53   3.7687e-18   1.3290e-19
 6956.59   3.5859e-18   1.2893e-19
 6959.65   3.6299e-18   1.2386e-19
 6962.72   3.8707e-18   1.2464e-19
 6965.78   3.8592e-18   1.2708e-19
 6968.85   3.9127e-18   1.3335e-19
 6971.91   3.8364e-18   1.3241e-19
 6974.98   3.7751e-18   1.3113e-19
 6978.04   3.7617e-18   1.2978e-19
 6981.10   3.8297e-18   1.2824e-19
 6984.17   3.6601e-18   1.2416e-19
 6987.23   3.8539e-18   1.2142e-19
 6990.30   4.2514e-18   1.2132e-19
 6993.36   4.5398e-18   1.2397e-19
 6996.43   4.5570e-18   1.2414e-19
 6999.49   4.6515e-18   1.2632e-19
 7002.55   4.6532e-18   1.2774e-19
 7005.62   4.4072e-18   1.2583e-19
 7008.68   4.0619e-18   1.2275e-19
 7011.75   3.7937e-18   1.1959e-19
 7014.81   3.7107e-18   1.1821e-19
 7017.88   3.6685e-18   1.1719e-19
 7020.94   3.6516e-18   1.1536e-19
 7024.00   3.5761e-18   1.1333e-19
 7027.07   3.5015e-18   1.1211e-19
 7030.13   3.4731e-18   1.1259e-19
 7033.20   3.4728e-18   1.1404e-19
 7036.26   3.4294e-18   1.1550e-19
 7039.33   3.1222e-18   1.1404e-19
 7042.39   3.2471e-18   1.1712e-19
 7045.46   3.2828e-18   1.1787e-19
 7048.52   3.1397e-18   1.1610e-19
 7051.58   3.0984e-18   1.1574e-19
 7054.65   3.0278e-18   1.1450e-19
 7057.71   3.0289e-18   1.1282e-19
 7060.78   3.0217e-18   1.1198e-19
 7063.84   2.9091e-18   1.1033e-19
 7066.91   3.2368e-18   1.1523e-19
 7069.97   2.7943e-18   1.1124e-19
 7073.03   2.9341e-18   1.1162e-19
 7076.10   2.9898e-18   1.1207e-19
 7079.16   2.9205e-18   1.1128e-19
 7082.23   2.8041e-18   1.1096e-19
 7085.29   2.7165e-18   1.0862e-19
 7088.36   2.7649e-18   1.0846e-19
 7091.42   2.6959e-18   1.0751e-19
 7094.48   2.9059e-18   1.0938e-19
 7097.55   2.6959e-18   1.0539e-19
 7100.61   2.6521e-18   1.0435e-19
 7103.68   2.7725e-18   1.0636e-19
 7106.74   2.6911e-18   1.0627e-19
 7109.81   2.6374e-18   1.0490e-19
 7112.87   2.6022e-18   1.0413e-19
 7115.93   2.6031e-18   1.0486e-19
 7119.00   2.5693e-18   1.0423e-19
 7122.06   2.5554e-18   1.0515e-19
 7125.13   2.5076e-18   1.0433e-19
 7128.19   2.4704e-18   1.0351e-19
 7131.26   2.4051e-18   1.0416e-19
 7134.32   2.4114e-18   1.0549e-19
 7137.38   2.5288e-18   1.0674e-19
 7140.45   2.4726e-18   1.0641e-19
 7143.51   2.4991e-18   1.0648e-19
 7146.58   2.3468e-18   1.0520e-19
 7149.64   2.2936e-18   1.0473e-19
 7152.71   2.3153e-18   1.0489e-19
 7155.77   2.3443e-18   1.0316e-19
 7158.83   2.4020e-18   1.0334e-19
 7161.90   2.3409e-18   1.0291e-19
 7164.96   2.2454e-18   1.0206e-19
 7168.03   2.1992e-18   1.0132e-19
 7171.09   2.2781e-18   1.0202e-19
 7174.16   2.1561e-18   1.0003e-19
 7177.22   1.9331e-18   9.6983e-20
 7180.28   1.9846e-18   9.7289e-20
 7183.35   2.0234e-18   9.7831e-20
 7186.41   2.0070e-18   9.6851e-20
 7189.48   1.9535e-18   9.6276e-20
 7192.54   1.8755e-18   9.5541e-20
 7195.61   1.8192e-18   9.4340e-20
 7198.67   1.7845e-18   9.3735e-20
 7201.73   1.8049e-18   9.4948e-20
 7204.80   1.8403e-18   9.5667e-20
 7207.86   1.9189e-18   9.6501e-20
 7210.93   1.9000e-18   9.7358e-20
 7213.99   1.9963e-18   9.9319e-20
 7217.06   2.0932e-18   1.0150e-19
 7220.12   1.8875e-18   9.9320e-20
 7223.19   1.7388e-18   1.0033e-19
 7226.25   1.7326e-18   1.0721e-19
 7229.31   1.8789e-18   1.2722e-19
 7232.38   1.9191e-18   1.4685e-19
 7235.44   1.8906e-18   1.5968e-19
 7238.51   1.6564e-18   1.6116e-19
 7241.57   1.9577e-18   1.6897e-19
 7244.64   1.8780e-18   1.6951e-19
 7247.70   1.5216e-18   1.5829e-19
 7250.76   1.7306e-18   1.4363e-19
 7253.83   1.6628e-18   1.2602e-19
 7256.89   2.0011e-18   1.1833e-19
 7259.96   1.7393e-18   1.1346e-19
 7263.02   1.7563e-18   1.1787e-19
 7266.09   1.7307e-18   1.4072e-19
 7269.15   1.6159e-18   1.5154e-19
 7272.21   1.6591e-18   1.5528e-19
 7275.28   1.6245e-18   1.6857e-19
 7278.34   1.7150e-18   1.6638e-19
 7281.41   1.9892e-18   1.6883e-19
 7284.47   1.5851e-18   1.5114e-19
 7287.54   1.8988e-18   1.3794e-19
 7290.60   1.8628e-18   1.3186e-19
 7293.66   1.7640e-18   1.2890e-19
 7296.73   1.8493e-18   1.2296e-19
 7299.79   1.7757e-18   1.2191e-19
 7302.86   1.8225e-18   1.2911e-19
 7305.92   1.7411e-18   1.4540e-19
 7308.99   1.7327e-18   1.5054e-19
 7312.05   1.6715e-18   1.5101e-19
 7315.11   1.7000e-18   1.4700e-19
 7318.18   1.5935e-18   1.4842e-19
 7321.24   1.7763e-18   1.5534e-19
 7324.31   1.8775e-18   1.4668e-19
 7327.37   1.7957e-18   1.3425e-19
 7330.44   1.9844e-18   1.5109e-19
 7333.50   1.9430e-18   1.6161e-19
 7336.56   1.8285e-18   1.5830e-19
 7339.63   1.9516e-18   1.5594e-19
 7342.69   1.8373e-18   1.5091e-19
 7345.76   1.7586e-18   1.5179e-19
 7348.82   1.8474e-18   1.4817e-19
 7351.89   1.8783e-18   1.3263e-19
 7354.95   1.7725e-18   1.2351e-19
 7358.02   1.8204e-18   1.3364e-19
 7361.08   1.9342e-18   1.4722e-19
 7364.14   1.8706e-18   1.4638e-19
 7367.21   1.7733e-18   1.4254e-19
 7370.27   1.8784e-18   1.3991e-19
 7373.34   1.9120e-18   1.3726e-19
 7376.40   1.7659e-18   1.2883e-19
 7379.47   1.7602e-18   1.1552e-19
 7382.53   1.8759e-18   1.1377e-19
 7385.59   1.9119e-18   1.1341e-19
 7388.66   2.1467e-18   1.1866e-19
 7391.72   2.1644e-18   1.2942e-19
 7394.79   1.9892e-18   1.3092e-19
 7397.85   2.1112e-18   1.3478e-19
 7400.92   1.8970e-18   1.3028e-19
 7403.98   2.0991e-18   1.2979e-19
 7407.04   1.9991e-18   1.2501e-19
 7410.11   1.9038e-18   1.1704e-19
 7413.17   2.0553e-18   1.0696e-19
 7416.24   2.0210e-18   1.0527e-19
 7419.30   1.8218e-18   1.0496e-19
 7422.37   1.9000e-18   1.0791e-19
 7425.43   1.8149e-18   1.0800e-19
 7428.49   1.8089e-18   1.1200e-19
 7431.56   1.7723e-18   1.1680e-19
 7434.62   1.9537e-18   1.1778e-19
 7437.69   1.7601e-18   1.1438e-19
 7440.75   1.7612e-18   1.1271e-19
 7443.82   1.9595e-18   1.1252e-19
 7446.88   1.9049e-18   1.0868e-19
 7449.94   1.8984e-18   1.0229e-19
 7453.01   1.8321e-18   1.0267e-19
 7456.07   1.8937e-18   1.0697e-19
 7459.14   1.7930e-18   1.1058e-19
 7462.20   1.8750e-18   1.1646e-19
 7465.27   1.8963e-18   1.2314e-19
 7468.33   2.0488e-18   1.2879e-19
 7471.40   1.9375e-18   1.3184e-19
 7474.46   1.7478e-18   1.3324e-19
 7477.52   1.8771e-18   1.3521e-19
 7480.59   1.8442e-18   1.3293e-19
 7483.65   1.9835e-18   1.3119e-19
 7486.72   1.8847e-18   1.2647e-19
 7489.78   1.7387e-18   1.1936e-19
 7492.85   1.9269e-18   1.1274e-19
 7495.91   1.8467e-18   1.0599e-19
 7498.97   1.8191e-18   1.0426e-19
 7502.04   1.8755e-18   1.0298e-19
 7505.10   1.8000e-18   1.0048e-19
 7508.17   1.8733e-18   1.0327e-19
 7511.23   1.8791e-18   1.1173e-19
 7514.30   1.8516e-18   1.2843e-19
 7517.36   1.8146e-18   1.3849e-19
 7520.42   1.7073e-18   1.4207e-19
 7523.49   1.7560e-18   1.4580e-19
 7526.55   1.8832e-18   1.4819e-19
 7529.62   1.9280e-18   1.4647e-19
 7532.68   1.8910e-18   1.3768e-19
 7535.75   1.8471e-18   1.2141e-19
 7538.81   1.8115e-18   1.1189e-19
 7541.87   1.8185e-18   1.0772e-19
 7544.94   1.8291e-18   1.0798e-19
 7548.00   1.8098e-18   1.0930e-19
 7551.07   1.7485e-18   1.0941e-19
 7554.13   1.8663e-18   1.0977e-19
 7557.20   1.8074e-18   1.1018e-19
 7560.26   1.8978e-18   1.2059e-19
 7563.32   2.0169e-18   1.3389e-19
 7566.39   1.8518e-18   1.3305e-19
 7569.45   1.8739e-18   1.3213e-19
 7572.52   1.7607e-18   1.2897e-19
 7575.58   1.8700e-18   1.3319e-19
 7578.65   1.9181e-18   1.3219e-19
 7581.71   1.8655e-18   1.2257e-19
 7584.77   1.8383e-18   1.1288e-19
 7673.64   1.7686e-18   1.0532e-19
 7676.70   1.7474e-18   1.0401e-19
 7679.77   1.7063e-18   1.0677e-19
 7682.83   1.6945e-18   1.1005e-19
 7685.90   1.7681e-18   1.1250e-19
 7688.96   1.9450e-18   1.1586e-19
 7692.03   1.9332e-18   1.1800e-19
 7695.09   1.9168e-18   1.1818e-19
 7698.15   1.9518e-18   1.1884e-19
 7701.22   1.7602e-18   1.2654e-19
 7704.28   1.7730e-18   1.4919e-19
 7707.35   1.8438e-18   1.7331e-19
 7710.41   1.6364e-18   1.8211e-19
 7713.48   1.6657e-18   1.9042e-19
 7716.54   1.7941e-18   1.9517e-19
 7719.60   1.8750e-18   1.9649e-19
 7722.67   1.9033e-18   1.8765e-19
 7725.73   1.9179e-18   1.6926e-19
 7728.80   1.8975e-18   1.4330e-19
 7731.86   2.0450e-18   1.3460e-19
 7734.93   2.0496e-18   1.2865e-19
 7737.99   2.0844e-18   1.2981e-19
 7741.06   1.8369e-18   1.5544e-19
 7744.12   1.8794e-18   1.7369e-19
 7747.18   2.1221e-18   1.7965e-19
 7750.25   1.9295e-18   1.8404e-19
 7753.31   1.8840e-18   1.9159e-19
 7756.38   1.8452e-18   1.9087e-19
 7759.44   1.7151e-18   1.8172e-19
 7762.51   1.8985e-18   1.5620e-19
 7765.57   1.9893e-18   1.4999e-19
 7768.63   1.9409e-18   1.5014e-19
 7771.70   2.1848e-18   1.4485e-19
 7774.76   2.0508e-18   1.3947e-19
 7777.83   2.0067e-18   1.4062e-19
 7780.89   1.9386e-18   1.4371e-19
 7783.96   1.9473e-18   1.5826e-19
 7787.02   2.1482e-18   1.7669e-19
 7790.08   2.2961e-18   1.7665e-19
 7793.15   2.2263e-18   1.6961e-19
 7796.21   2.0913e-18   1.7108e-19
 7799.28   2.2637e-18   1.7660e-19
 7802.34   2.1824e-18   1.7566e-19
 7805.41   1.8776e-18   1.5516e-19
 7808.47   2.0396e-18   1.4267e-19
 7811.53   1.8933e-18   1.5703e-19
 7814.60   1.9505e-18   1.8176e-19
 7817.66   1.9285e-18   1.8414e-19
 7820.73   1.7439e-18   1.7297e-19
 7823.79   1.9926e-18   1.7426e-19
 7826.86   2.1298e-18   1.7220e-19
 7829.92   2.0772e-18   1.7102e-19
 7832.98   1.8839e-18   1.5785e-19
 7836.05   1.9143e-18   1.3752e-19
 7839.11   2.0703e-18   1.3875e-19
 7842.18   1.9931e-18   1.4868e-19
 7845.24   2.0009e-18   1.7216e-19
 7848.31   2.0324e-18   1.8534e-19
 7851.37   1.9981e-18   1.9701e-19
 7854.44   2.2200e-18   1.9631e-19
 7857.50   2.0725e-18   2.0062e-19
 7860.56   1.9526e-18   2.0467e-19
 7863.63   2.0641e-18   2.0173e-19
 7866.69   1.9885e-18   1.8825e-19
 7869.76   1.8872e-18   1.8052e-19
 7872.82   1.9443e-18   1.7753e-19
 7875.89   1.8641e-18   1.7614e-19
 7878.95   1.7162e-18   1.7528e-19
 7882.01   1.8103e-18   1.7264e-19
 7885.08   1.8972e-18   1.6899e-19
 7888.14   1.9202e-18   1.6801e-19
 7891.21   1.8955e-18   1.6326e-19
 7894.27   2.1650e-18   1.5705e-19
 7897.34   2.0124e-18   1.5063e-19
 7900.40   1.7831e-18   1.4177e-19
 7903.46   1.8644e-18   1.5043e-19
 7906.53   1.9578e-18   1.8016e-19
 7909.59   2.1876e-18   1.9640e-19
 7912.66   2.2168e-18   2.1332e-19
 7915.72   2.3445e-18   2.2448e-19
 7918.79   1.8760e-18   2.1465e-19
 7921.85   2.0564e-18   2.2010e-19
 7924.91   1.8999e-18   2.0399e-19
 7927.98   1.7230e-18   1.7635e-19
 7931.04   1.8793e-18   1.6920e-19
 7934.11   2.1062e-18   1.5140e-19
 7937.17   2.0822e-18   1.4761e-19
 7940.24   1.8200e-18   1.4694e-19
 7943.30   2.1380e-18   1.4834e-19
 7946.36   2.0685e-18   1.3995e-19
 7949.43   2.1678e-18   1.3578e-19
 7952.49   2.0004e-18   1.3767e-19
 7955.56   1.9801e-18   1.5726e-19
 7958.62   2.2549e-18   1.7912e-19
 7961.69   2.3046e-18   1.8546e-19
 7964.75   2.1374e-18   1.8010e-19
 7967.81   1.9274e-18   1.7789e-19
 7970.88   1.9014e-18   1.8333e-19
 7973.94   2.0162e-18   2.0056e-19
 7977.01   1.8248e-18   1.7281e-19
 7980.07   1.8775e-18   1.4905e-19
 7983.14   1.8471e-18   1.5908e-19
 7986.20   1.3396e-18   1.7775e-19
 7989.27   1.7036e-18   2.0173e-19
 7992.33   1.6349e-18   1.8862e-19
 7995.39   1.6989e-18   1.7933e-19
 7998.46   1.6996e-18   1.8173e-19
 8001.52   1.4533e-18   1.7374e-19
 8004.59   1.8643e-18   1.7404e-19
 8007.65   1.6464e-18   1.3947e-19
 8010.72   1.7557e-18   1.3499e-19
 8013.78   1.8042e-18   1.3823e-19
 8016.84   1.7346e-18   1.4928e-19
 8019.91   1.9307e-18   1.7218e-19
 8022.97   1.9219e-18   1.8103e-19
 8026.04   1.8832e-18   1.7235e-19
 8029.10   1.7127e-18   1.6382e-19
 8032.17   1.8335e-18   1.6568e-19
 8035.23   1.8015e-18   1.6061e-19
 8038.29   1.6466e-18   1.4090e-19
 8041.36   1.5136e-18   1.1845e-19
 8044.42   1.5931e-18   1.1709e-19
 8047.49   1.7121e-18   1.2074e-19
 8050.55   1.7687e-18   1.2348e-19
 8053.62   1.8029e-18   1.3147e-19
 8056.68   1.8131e-18   1.4134e-19
 8059.74   1.7744e-18   1.4528e-19
 8062.81   1.7199e-18   1.4351e-19
 8065.87   1.7638e-18   1.3956e-19
 8068.94   1.7164e-18   1.3715e-19
 8072.00   1.6918e-18   1.3387e-19
 8075.07   1.8275e-18   1.2580e-19
 8078.13   1.7371e-18   1.1313e-19
 8081.19   1.6797e-18   1.1012e-19
 8084.26   1.6277e-18   1.1097e-19
 8087.32   1.5985e-18   1.1300e-19
 8090.39   1.6428e-18   1.1462e-19
 8093.45   1.8016e-18   1.1771e-19
 8096.52   1.7874e-18   1.2097e-19
 8099.58   1.7588e-18   1.2291e-19
 8102.64   1.7293e-18   1.2279e-19
 8105.71   1.7312e-18   1.2272e-19
 8108.77   1.7461e-18   1.1859e-19
 8111.84   1.8301e-18   1.1960e-19
 8114.90   1.7636e-18   1.1701e-19
 8117.97   1.7716e-18   1.0940e-19
 8121.03   1.7342e-18   1.0655e-19
 8124.09   1.8675e-18   1.0829e-19
 8127.16   1.9245e-18   1.0909e-19
 8130.22   1.6961e-18   1.0804e-19
 8133.29   1.6920e-18   1.0947e-19
 8136.35   1.6422e-18   1.0875e-19
 8139.42   1.5055e-18   1.0707e-19
 8142.48   1.5818e-18   1.1164e-19
 8145.54   1.6566e-18   1.1277e-19
 8148.61   1.5477e-18   1.0963e-19
 8151.67   1.4576e-18   1.0754e-19
 8154.74   1.6432e-18   1.0719e-19
 8157.80   1.6657e-18   1.0689e-19
 8160.87   1.7412e-18   1.0605e-19
 8163.93   1.3017e-18   9.8381e-20
 8167.00   1.5434e-18   1.0114e-19
 8170.06   1.4393e-18   9.9837e-20
 8173.12   1.4733e-18   1.0108e-19
 8176.19   1.5484e-18   1.0062e-19
 8179.25   1.5656e-18   1.0140e-19
 8182.32   1.5158e-18   1.0129e-19
 8185.38   1.6944e-18   1.0405e-19
