 
TRANSIENT_NAME:     DES13X1kae 
SNID:               1255502    
OBS_DATE:           2013-10-29
MJD:                56594. 
PHASE:              +1.    
MJD_MAX:            56593.0
TYPE:               1  
SPEC_EVAL:          SNIa
REDSHIFT:           0.1490  
REDSHIFT_ERR:       0.0005  
REDSHIFT_SOURCE:    Z_GAL
TELESCOPE:          SALT
INSTRUMENT:         RSS
 
======================================
 
# WAVE  FLUX  FLUX_ERR
 1837.09       0.0000      25.3290
 1840.11      12.3520      25.8600
 1843.14      37.6190      26.5020
 2569.29      40.8630      26.5220
 2572.32       8.6900      25.9430
 2575.34      11.6420      25.9540
 2578.37       4.2980      25.7220
 2581.40       3.6550      25.8550
 2584.42      10.1990      25.9420
 3670.68      21.7990      26.8620
 3673.71      39.3490      27.2070
 3776.58      17.6720      27.6260
 3779.61      31.4120      28.1840
 3818.95      65.4550      30.3960
 3821.97      42.3410      30.6810
 3825.00      51.6460      31.2040
 3828.02     119.4440      32.4390
 3831.05     168.1650      33.5810
 3834.07     147.6630      33.7080
 3837.10     205.3680      35.0530
 3840.12     203.9400      35.3840
 3843.15     190.3730      35.4940
 3846.18     278.2080      36.8130
 3849.20     203.2940      35.9370
 3852.23     239.2650      36.8690
 3855.25     267.2600      37.3940
 3858.28     271.4360      37.4880
 3861.31     349.7100      38.6330
 3864.33     330.1260      38.4310
 3867.36     361.9600      38.9820
 3870.38     290.4620      38.2150
 3873.41     366.2130      39.3630
 3876.44     449.1000      40.3410
 3879.46     432.6560      40.2020
 3882.49     456.8170      40.5970
 3885.51     550.8510      41.7460
 3888.54     470.6000      41.0860
 3891.56     531.6760      41.9750
 3894.59     563.1390      42.4000
 3897.62     535.6870      42.5230
 3900.64     529.0350      42.9350
 3903.67     552.8410      43.6110
 3906.69     588.2570      44.7110
 3909.72     588.5440      45.3860
 3912.75     618.0200      46.1490
 3915.77     587.3690      46.1220
 3918.80     635.5080      46.7370
 3921.82     575.5010      46.1500
 3924.85     676.8230      47.2500
 3927.87     631.5000      46.4940
 3930.90     664.6690      46.5510
 3933.93     679.2000      46.4730
 3936.95     780.2130      47.3360
 3939.98     805.6680      47.7470
 3943.00     834.1470      48.4150
 3946.03     789.5120      48.1790
 3949.05     831.7970      48.8580
 3952.08     804.9120      48.8300
 3955.11     848.0530      49.3820
 3958.13     906.1000      49.9990
 3961.16     927.6900      50.1100
 3964.18     939.3370      50.0390
 3967.21     931.2140      49.8620
 3970.24     998.4280      50.3730
 3973.26    1055.7090      50.8840
 3976.29    1008.8190      50.4090
 3979.31    1040.5909      51.0230
 3982.34    1038.1250      51.4540
 3985.36    1131.6230      52.8240
 3988.39    1207.2250      53.8260
 3991.42    1179.3719      53.8550
 3994.44    1199.6610      54.4880
 3997.47    1126.7970      54.0620
 4000.49    1194.5400      54.9000
 4003.52    1208.2430      55.1870
 4006.54    1236.7729      55.6860
 4009.57    1276.9500      56.3830
 4012.60    1304.0909      57.0950
 4015.62    1269.4570      57.1390
 4018.65    1335.7450      57.9050
 4021.68    1294.0430      57.7850
 4024.70    1338.4480      58.1430
 4027.73    1422.4399      58.9260
 4030.75    1478.2910      59.3970
 4033.78    1527.4370      59.6650
 4036.80    1526.3120      59.9610
 4039.83    1452.7240      59.5190
 4042.85    1466.5580      59.8270
 4045.88    1462.6670      60.1710
 4048.91    1523.6550      61.0430
 4051.93    1563.9919      61.5110
 4054.96    1564.7870      61.6890
 4057.98    1481.6949      61.1760
 4061.01    1539.0590      62.1190
 4064.04    1669.3790      63.2600
 4067.06    1717.3960      63.8140
 4070.09    1788.3990      64.3930
 4073.11    1781.7400      64.6220
 4076.14    1795.7760      64.9940
 4079.17    1885.8860      65.9560
 4082.19    1953.9709      66.4380
 4085.22    1915.8420      66.1020
 4088.24    1872.8110      65.5790
 4091.27    1913.1230      65.8630
 4094.29    2017.4771      66.3910
 4097.32    1981.1240      66.0560
 4100.35    1992.8220      65.9270
 4103.37    2082.8950      66.3000
 4106.40    2019.7750      65.7200
 4109.42    2069.2471      66.1370
 4112.45    2144.5410      66.5320
 4115.48    2141.8921      66.3960
 4118.50    2124.2649      66.6570
 4121.53    2193.0500      67.2590
 4124.55    2262.5381      67.9240
 4127.58    2340.2439      68.8700
 4130.60    2470.7419      70.0240
 4133.63    2420.8740      69.9100
 4136.66    2331.5049      69.5600
 4139.68    2394.4419      70.1130
 4142.71    2469.1550      70.6070
 4145.73    2489.7410      70.7470
 4148.76    2508.9590      70.8750
 4151.79    2510.2329      71.0970
 4154.81    2538.0569      71.5310
 4157.84    2511.1130      71.4200
 4160.86    2538.6211      71.8690
 4163.89    2626.2329      72.9500
 4166.91    2606.4209      73.1190
 4169.94    2531.5559      73.0500
 4172.97    2474.9299      72.9590
 4175.99    2530.3049      73.6310
 4179.02    2624.3340      74.4160
 4182.04    2568.8970      73.9120
 4185.07    2547.0730      73.3720
 4188.10    2498.4741      72.7100
 4191.12    2421.3730      71.7790
 4194.15    2367.8479      71.1740
 4197.17    2386.7849      71.0570
 4200.20    2393.7061      70.9670
 4203.22    2415.2759      70.7990
 4206.25    2405.4490      70.7070
 4209.28    2266.4331      69.7280
 4212.30    2193.2561      69.0830
 4215.33    2245.1580      69.4250
 4218.35    2152.9270      68.8520
 4221.38    2071.3689      68.0950
 4224.40    2031.9750      67.7720
 4227.43    1941.3160      66.9390
 4230.46    1908.6250      66.6670
 4233.48    1958.5420      66.9980
 4236.51    2018.1479      67.4870
 4239.53    1940.6710      67.1030
 4242.56    1910.8390      66.8850
 4245.59    1849.6980      66.5690
 4248.61    1799.9070      66.4010
 4251.64    1842.7570      66.9310
 4254.66    1844.1630      67.0860
 4257.69    1849.8929      67.4040
 4260.71    1842.3730      67.6490
 4263.74    1788.1130      67.5670
 4266.77    1725.8450      67.0720
 4269.79    1744.0750      67.1620
 4272.82    1704.2130      66.9180
 4275.84    1679.5740      66.6340
 4278.87    1701.7200      66.7390
 4281.90    1757.7600      67.2280
 4284.92    1820.8350      67.7890
 4287.95    1846.3040      67.8850
 4290.97    1886.9670      68.1190
 4294.00    1997.4561      68.7270
 4297.02    2042.8000      68.8880
 4300.05    2028.0370      68.7530
 4303.08    2075.0581      68.9990
 4306.10    2039.5790      68.8400
 4309.13    2001.0861      68.6690
 4312.15    2025.8920      69.1330
 4315.18    2033.6490      69.4760
 4318.21    2130.1050      70.2770
 4321.23    2273.9121      71.4000
 4324.26    2174.7461      71.1620
 4327.28    2217.9939      71.5500
 4330.31    2318.2710      72.3180
 4333.33    2296.7319      72.0830
 4336.36    2275.2100      71.8580
 4339.39    2246.9009      71.5570
 4342.41    2179.8369      71.0410
 4345.44    2206.9641      71.2090
 4348.46    2256.9719      71.5510
 4351.49    2186.0669      71.1240
 4354.52    2193.9221      71.2570
 4357.54    2056.1970      70.5070
 4360.57    2107.8850      70.9670
 4363.59    1983.8199      70.3280
 4366.62    1966.5640      70.4860
 4369.65    1983.6490      70.5430
 4372.67    2023.6350      70.8870
 4375.70    2061.2520      71.2780
 4378.72    2092.8169      71.3100
 4381.75    1966.9600      70.4170
 4384.77    2051.7070      71.2540
 4387.80    2062.6250      71.1740
 4390.83    2046.4730      71.0610
 4393.85    1955.9590      70.5780
 4396.88    2023.4230      71.3400
 4399.90    2133.6670      72.2290
 4402.93    2204.2661      72.9870
 4405.96    2111.5779      72.8940
 4408.98    2115.8989      73.5520
 4412.01    2183.9109      74.5800
 4415.03    2422.6631      76.6830
 4418.06    2434.9380      77.2080
 4421.08    2318.5320      76.7380
 4424.11    2615.5281      78.7220
 4427.13    2591.4609      78.5700
 4430.16    2673.1560      79.1040
 4433.19    2765.6670      79.6350
 4436.21    2858.4270      80.0290
 4439.24    2872.6340      79.8670
 4442.26    2882.8120      79.8980
 4445.29    2929.5190      80.0820
 4448.32    3273.4390      81.8990
 4451.34    3320.6880      81.9950
 4454.37    3336.6750      81.9650
 4457.39    3259.0249      81.4370
 4460.42    3381.7019      82.0690
 4463.44    3342.7461      81.5970
 4466.47    3280.0100      81.1030
 4469.50    3435.2141      81.9180
 4472.52    3425.7791      81.9020
 4475.55    3526.8301      82.6370
 4478.57    3488.4031      82.4430
 4481.60    3406.9541      82.0470
 4484.63    3607.5740      83.4010
 4487.65    3442.6699      82.5260
 4490.68    3479.7720      82.8790
 4493.70    3633.1350      83.8810
 4496.73    3654.3669      84.0500
 4499.75    3567.2871      83.6500
 4502.78    3651.0811      84.3080
 4505.81    3699.1760      84.7310
 4508.83    3552.5049      83.9700
 4511.86    3759.0530      85.2920
 4514.88    3636.3550      84.7060
 4517.91    3755.4719      85.4330
 4520.94    3734.4519      85.4740
 4523.96    3717.1379      85.5640
 4526.99    3653.0359      85.2710
 4530.01    3878.0039      86.5540
 4533.04    3950.6489      87.2380
 4536.06    3949.3840      87.6320
 4539.09    4132.1411      88.9070
 4542.12    4109.3320      88.9630
 4545.14    4331.5000      90.3270
 4548.17    4177.7339      89.5730
 4551.19    4320.0669      90.3050
 4554.22    4068.4810      88.9670
 4557.25    3890.1541      88.0360
 4560.27    3953.8301      88.1380
 4563.30    3842.0120      87.3630
 4566.32    3802.0171      86.9530
 4569.35    3698.5950      86.2370
 4572.38    3700.9871      86.3530
 4575.40    3786.1101      86.9650
 4578.43    3793.8379      86.9890
 4581.45    3816.9641      87.0920
 4584.48    3852.7720      87.4370
 4587.50    3948.3999      87.9480
 4590.53    3746.4180      86.8080
 4593.56    3837.8220      87.4630
 4596.58    3963.9270      88.2310
 4599.61    3923.4541      87.8520
 4602.63    3977.8311      88.1780
 4605.66    4002.8579      88.1850
 4608.69    4126.4111      88.7060
 4611.71    4204.3760      89.0580
 4614.74    4164.6660      88.9030
 4617.76    4029.5161      88.2500
 4620.79    4153.1001      89.0990
 4623.81    4303.0972      89.9900
 4626.84    4355.5859      90.2610
 4629.87    4418.1040      90.6230
 4632.89    4428.9268      90.7030
 4635.92    4450.0122      90.7560
 4638.94    4345.7109      90.2500
 4641.97    4293.1450      89.9770
 4645.00    4527.5010      91.1090
 4648.02    4701.0010      91.9730
 4651.05    4534.7358      91.2480
 4654.07    4561.9341      91.4700
 4657.10    4677.1021      92.1320
 4660.12    4820.9028      93.1350
 4663.15    4858.4302      93.5450
 4666.18    4629.3052      92.4790
 4669.20    4545.5952      92.2220
 4672.23    4413.0439      91.7830
 4675.25    4617.9229      93.0140
 4678.28    4652.2871      93.0520
 4681.31    4836.1299      94.1200
 4684.33    4647.5952      93.3110
 4687.36    4657.2070      93.3960
 4690.38    4716.5620      93.6600
 4693.41    4752.1460      93.7520
 4696.43    4750.9351      93.6290
 4699.46    4604.9741      92.7810
 4702.49    4619.7129      92.8040
 4705.51    4681.7432      93.0250
 4708.54    4570.0171      92.3580
 4711.56    4541.2051      92.1160
 4714.59    4438.3779      91.6440
 4717.62    4450.2920      91.7540
 4720.64    4416.5132      91.6960
 4723.67    4375.7632      91.5280
 4726.69    4438.6240      91.9290
 4729.72    4358.0552      91.3080
 4732.74    4353.5361      91.3000
 4735.77    4407.1841      91.4900
 4738.80    4285.7329      90.6920
 4741.82    4286.3491      90.7010
 4744.85    4268.1191      90.5570
 4747.87    4280.7461      90.6570
 4750.90    4310.2422      90.7940
 4753.92    4151.3599      89.8770
 4756.95    4093.9041      89.5230
 4759.98    4241.2520      90.3200
 4763.00    4222.3140      90.2160
 4766.03    4304.6099      90.6760
 4769.05    4342.2212      90.9970
 4772.08    4302.4229      90.7920
 4775.11    4280.4121      90.8970
 4778.13    4440.8960      91.7390
 4781.16    4406.6299      91.6570
 4784.18    4406.0649      91.6770
 4787.21    4531.0029      92.3730
 4790.23    4546.1230      92.5300
 4793.26    4452.4790      92.0710
 4796.29    4449.4868      92.1170
 4799.31    4387.1201      91.9330
 4802.34    4332.1660      91.7620
 4805.36    4272.2881      91.5810
 4808.39    4405.2300      92.2230
 4811.42    4369.1211      92.2760
 4814.44    4285.8911      92.1050
 4817.47    4275.6401      92.1450
 4820.49    4164.9321      91.8230
 4823.52    4099.8350      91.7070
 4826.54    4140.9570      92.1570
 4829.57    4095.4480      92.3330
 4832.60    4002.5500      92.1100
 4835.62    4064.1121      92.4860
 4838.65    4037.3701      92.3460
 4841.67    3922.3169      91.7720
 4844.70    3750.9680      90.7860
 4847.73    3811.4509      90.9880
 4850.75    3805.4980      90.6610
 4853.78    3707.1260      89.7760
 4856.80    3629.3840      88.9920
 4859.83    3531.8000      88.1240
 4862.85    3532.5791      87.8470
 4865.88    3549.9719      87.6150
 4868.91    3466.1990      87.1040
 4871.93    3432.8899      86.6880
 4874.96    3440.9861      86.6270
 4877.98    3447.9661      86.9060
 4881.01    3534.2939      87.5900
 4884.04    3378.8259      86.8360
 4887.06    3279.4370      86.4820
 4890.09    3295.8430      86.8740
 4893.11    3261.9751      86.6810
 4896.14    3144.8711      86.2240
 4899.17    3234.4500      86.7740
 4902.19    3260.1970      86.8410
 4905.22    3087.7661      85.7460
 4908.24    3036.5320      85.5380
 4911.27    3159.3999      86.1780
 4914.29    3144.1069      86.0310
 4917.32    3019.7261      85.2020
 4920.35    2925.5020      84.5690
 4923.37    2920.9709      84.4720
 4926.40    2925.9651      84.5040
 4929.42    2979.7161      84.7930
 4932.45    3000.1760      84.8410
 4935.48    2838.4880      83.9370
 5129.13    4474.0972      94.5260
 5132.15    4581.4170      95.1570
 5135.18    4524.2578      95.0470
 5138.21    4680.0532      96.0850
 5141.23    4755.9868      96.5900
 5144.26    4663.0259      96.2130
 5147.28    4500.4868      95.7950
 5150.31    4681.8521      96.9180
 5153.33    4576.0010      96.5050
 5156.36    4601.7710      96.7020
 5159.39    4464.0659      95.8860
 5162.41    4049.4131      93.6470
 5165.44    3498.5481      90.4180
 5168.46    3644.2461      90.8240
 5171.49    3821.3979      91.6780
 5174.52    3999.6509      92.6280
 5177.54    4374.7061      94.6060
 5180.57    4585.7690      95.6490
 5183.59    4504.7100      95.0890
 5186.62    4589.7690      95.7110
 5189.65    4841.0010      97.6110
 5192.67    4784.0918      97.8410
 5195.70    4761.5820      98.5570
 5198.72    4621.4321      98.7900
 5201.75    4522.1460      98.9230
 5204.77    4560.6230      99.5000
 5207.80    4666.9370     100.2360
 5210.83    4593.8462      99.5740
 5213.85    4335.2798      97.8930
 5216.88    4556.0830      98.6150
 5219.90    4479.8359      97.7400
 5222.93    4452.1650      97.3430
 5225.96    4398.6582      96.9980
 5228.98    4452.6372      97.2010
 5232.01    4828.3291      99.2070
 5235.03    4626.3848      98.1570
 5238.06    4530.0098      97.9250
 5241.08    4383.2241      97.2210
 5244.11    4520.1509      98.0080
 5247.14    4494.6362      97.9720
 5250.16    4570.9639      98.4720
 5253.19    4629.7568      98.9220
 5256.21    4525.7808      98.2340
 5259.24    4782.7612      99.3400
 5262.27    4730.3979      98.8320
 5265.29    4897.7280      99.6850
 5268.32    4624.3062      98.2770
 5271.34    4934.1382      99.5950
 5274.37    4584.2202      97.7230
 5277.40    4770.3159      98.5780
 5280.42    4786.8130      98.7410
 5283.45    4721.8218      98.5890
 5286.47    4848.9580      99.3180
 5289.50    4894.8032      99.7220
 5292.52    4841.1812      99.6670
 5295.55    4954.7949     100.3710
 5298.58    4859.8999     100.1330
 5301.60    4865.6011     100.2820
 5304.63    4832.3960     100.1580
 5307.65    4751.6060     100.0070
 5310.68    4647.5771      99.8640
 5313.71    4775.1509     100.5500
 5316.73    4839.1401     100.9660
 5319.76    4789.1499     100.9640
 5322.78    4766.7842     100.6710
 5325.81    4626.6611     100.0570
 5328.83    4637.6548     100.1750
 5331.86    4615.3291     100.2040
 5334.89    4629.8281     100.3640
 5337.91    4672.1870     100.4550
 5340.94    4624.6860     100.1600
 5343.96    4531.4502      99.8450
 5346.99    4428.4429      99.2210
 5350.02    4472.8760      99.6960
 5353.04    4301.7930      98.8680
 5356.07    4432.4219      99.4020
 5359.09    4316.6309      98.8580
 5362.12    4555.0430      99.8770
 5365.14    4432.8540      99.2940
 5368.17    4373.5581      99.0010
 5371.20    4411.4102      99.1720
 5374.22    4293.5610      98.6380
 5377.25    4547.7300      99.8390
 5380.27    4369.2612      99.1510
 5383.30    4508.4141      99.7280
 5386.33    4340.6768      98.9150
 5389.35    4417.8071      99.3630
 5392.38    4363.5200      98.9890
 5395.40    4288.6392      98.7700
 5398.43    4246.0029      98.4990
 5401.45    4255.4551      98.5070
 5404.48    4389.4150      99.1010
 5407.51    4402.3921      99.0840
 5410.53    4394.1182      99.0530
 5413.56    4525.8589      99.7020
 5416.58    4372.2061      99.0110
 5419.61    4373.9819      99.1610
 5422.63    4346.4648      99.2180
 5425.66    4180.9619      98.5120
 5428.69    4468.5220     100.0440
 5431.71    4242.6382      99.1090
 5434.74    4178.6450      98.8500
 5437.76    4277.6592      99.4460
 5440.79    4227.7969      99.2280
 5443.82    4143.1089      98.9960
 5446.84    4113.0620      99.0760
 5449.87    4170.7842      99.5960
 5452.89    4172.6118      99.6050
 5455.92    4036.6570      99.3050
 5458.94    4007.2219      98.8200
 5461.97    4009.5920      98.9040
 5465.00    4047.5010      99.3640
 5468.02    4097.9780      99.6940
 5471.05    3907.7080      98.8260
 5474.07    4192.7119     100.3430
 5477.10    4194.7920     100.4480
 5480.13    4021.8960      99.5790
 5483.15    4087.3799      99.9480
 5486.18    4368.9849     101.5510
 5489.20    4069.9441     100.1840
 5492.23    4239.8799     101.3250
 5495.25    4435.5400     102.3280
 5498.28    4430.3101     102.4520
 5501.31    4408.0430     102.8180
 5504.33    4387.9990     102.8920
 5507.36    4372.4868     102.7930
 5510.38    4469.1250     103.6450
 5513.41    4354.0400     103.0900
 5516.44    4311.0269     103.1610
 5519.46    4259.4648     102.9920
 5522.49    4172.6499     102.6470
 5525.51    4293.1968     103.3420
 5528.54    4217.2139     103.2910
 5531.56    4188.7520     103.2400
 5534.59    4196.0449     103.5740
 5537.62    4047.3130     103.1790
 5540.64    4242.5859     104.6050
 5543.67    4139.5039     104.8580
 5546.69    3996.9131     104.7290
 5549.72    3986.8721     105.3920
 5552.75    4024.9131     106.2360
 5555.77    4089.3081     107.1080
 5613.26    3389.0000     104.6440
 5616.29    3614.6211     105.2300
 5619.31    3643.7209     104.5900
 5622.34    3777.5110     104.9250
 5625.37    3859.3059     104.9610
 5628.39    3718.5049     103.9510
 5631.42    3649.9131     103.3640
 5634.44    3657.8240     103.1840
 5637.47    3954.9451     104.2290
 5640.50    4096.9282     104.7760
 5643.52    3936.8750     103.9540
 5646.55    3905.7490     103.7580
 5649.57    3846.1460     103.2860
 5652.60    3717.0110     102.5270
 5655.62    3787.9619     102.7390
 5658.65    3718.0449     102.2650
 5661.68    3738.3979     102.1760
 5664.70    3811.4810     102.5380
 5667.73    3896.5791     102.6730
 5670.75    3778.8020     102.1560
 5673.78    3682.1680     102.0970
 5676.81    3616.0410     101.8810
 5679.83    3662.2329     102.0860
 5682.86    3691.7461     102.2430
 5685.88    3600.9089     102.0480
 5688.91    3408.0239     101.2840
 5691.94    3680.2771     102.4370
 5694.96    3811.6130     103.3550
 5697.99    3478.3811     101.4830
 5701.01    3423.7009     101.4990
 5704.04    3520.4719     102.0650
 5707.06    3573.8181     102.1590
 5710.09    3555.3501     101.9240
 5713.12    3548.2949     101.8700
 5716.14    3609.4829     102.1040
 5719.17    3472.8711     101.4390
 5722.19    3376.8850     100.9780
 5725.22    3403.6941     101.2950
 5728.25    3262.4971     100.5030
 5731.27    3298.6321     100.7040
 5734.30    3501.5081     101.8820
 5737.32    3486.9680     101.4940
 5740.35    3422.4121     100.9260
 5743.37    3365.8330     100.6510
 5746.40    3452.8811     100.9220
 5749.43    3721.4629     102.1390
 5752.45    3435.0281     100.7400
 5755.48    3455.8621     100.5630
 5758.50    3483.1089     100.8800
 5761.53    3584.0869     101.4510
 5764.56    3525.2729     101.0920
 5767.58    3444.3669     100.7870
 5770.61    3452.7561     100.8560
 5773.63    3528.3020     101.0750
 5776.66    3652.2371     101.7210
 5779.68    3625.5820     101.7180
 5782.71    3723.5020     102.2190
 5785.74    3858.8169     102.8440
 5788.76    3691.9670     101.8740
 5791.79    3188.3091      99.1810
 5794.81    3040.9370      98.4870
 5797.84    2843.7361      97.7590
 5800.87    3313.4751     100.1050
 5803.89    3811.0891     102.9480
 5806.92    3882.7900     103.3090
 5809.94    3947.8779     103.6950
 5812.97    4008.6470     104.0940
 5815.99    4025.2839     104.2010
 5819.02    4140.5088     105.0100
 5822.05    4176.6538     105.2490
 5825.07    4251.6299     105.7810
 5828.10    4384.0928     106.4660
 5831.12    4307.1860     106.1270
 5834.15    4179.2808     105.5030
 5837.17    4356.9810     106.3320
 5840.20    4425.9429     106.7240
 5843.23    4362.7559     106.4050
 5846.25    4267.9072     106.0430
 5849.28    4230.8350     106.0090
 5852.31    4487.1201     107.0880
 5855.33    4516.6270     107.2760
 5858.36    4452.7842     107.5780
 5861.38    4468.5869     108.7990
 5864.41    4429.4360     109.9870
 5867.43    4396.9229     111.7510
 5870.46    4425.3369     113.0440
 5873.48    4560.9302     114.5470
 5876.51    4693.6748     115.7110
 5879.54    4873.7178     118.0370
 5882.56    5152.2388     123.3250
 5885.59    5034.5679     131.8950
 5888.62    5261.1060     142.5110
 5891.64    5325.7300     151.5730
 5894.67    4986.9751     157.2200
 5897.69    4684.5942     159.7450
 5900.72    4405.6450     159.1210
 5903.74    3862.9551     154.2210
 5906.77    3281.5510     144.4620
 5909.80    3397.3999     133.4430
 5912.82    3808.2180     124.4340
 5915.85    3922.0039     118.1360
 5918.87    4255.0962     115.5970
 5921.90    4402.3511     115.5640
 5924.92    4444.9551     115.6760
 5927.95    4350.0229     115.5840
 5930.98    4294.3032     115.3420
 5934.00    4269.1001     115.0760
 5937.03    4234.3062     114.3700
 5940.05    4128.8521     113.5050
 5943.08    4156.9028     113.4340
 5946.11    4250.1680     113.6390
 5949.13    4179.1489     112.8990
 5952.16    4069.9819     112.4390
 5955.18    4170.9829     112.5960
 5958.21    4208.7178     112.5920
 5961.23    4196.2642     112.5090
 5964.26    4137.1660     112.0170
 5967.29    4108.2432     111.3210
 5970.31    4205.2148     111.3030
 5973.34    4385.5811     111.7810
 5976.36    4430.9189     111.9380
 5979.39    4427.1558     111.9890
 5982.42    4280.7622     111.3620
 5985.44    4234.1240     110.7090
 5988.47    4255.9932     110.4590
 5991.49    4222.5342     109.6350
 5994.52    4127.4800     108.5880
 5997.54    4229.0269     108.3650
 6000.57    4190.6860     108.3060
 6003.60    4116.8350     107.8790
 6006.62    3929.3020     107.2300
 6009.65    4001.5049     107.2650
 6012.67    4178.7310     107.6410
 6015.70    4151.8491     107.0790
 6018.73    3978.0029     105.9490
 6021.75    3885.0149     104.9030
 6024.78    3982.9971     104.9000
 6027.80    3858.5071     104.3010
 6030.83    3653.3640     103.3840
 6033.85    3588.2310     103.4110
 6036.88    3564.7209     103.1330
 6039.91    3580.5410     102.9790
 6042.93    3511.9890     102.5590
 6045.96    3402.0569     101.8350
 6048.98    3543.3669     102.1770
 6052.01    3615.3501     102.0800
 6055.04    3496.1680     101.4590
 6058.06    3520.0901     101.5770
 6061.09    3484.5920     101.3200
 6064.11    3479.4050     101.4480
 6067.14    3437.5229     101.1960
 6070.17    3390.1379     101.0340
 6073.19    3431.4900     101.0580
 6076.22    3416.7090     100.8920
 6079.24    3513.5969     101.3120
 6082.27    3608.8569     101.4090
 6085.29    3530.9470     100.8620
 6088.32    3421.3049     100.5400
 6091.35    3561.3301     100.9270
 6094.37    3536.8611     101.0550
 6097.40    3482.2649     100.7530
 6100.42    3463.8701     100.7990
 6103.45    3419.1770     100.7900
 6106.48    3503.7400     101.1600
 6109.50    3540.7419     101.3730
 6112.53    3458.2800     100.9970
 6115.55    3344.4299     100.3710
 6118.58    3442.8149     100.3980
 6121.60    3495.1211     100.6110
 6124.63    3434.2959     100.4080
 6127.66    3543.3120     100.6970
 6130.68    3655.6521     101.3280
 6133.71    3557.4319     101.1840
 6136.73    3565.1860     101.8160
 6139.76    3665.3799     102.8110
 6142.79    3750.4751     103.8800
 6145.81    3833.0249     104.5310
 6148.84    3711.7710     104.2090
 6151.86    3707.2471     104.1330
 6154.89    3668.6841     103.6300
 6157.92    3762.5911     103.3860
 6160.94    3901.2920     103.4580
 6163.97    3789.7319     102.8000
 6166.99    3776.7710     103.0080
 6170.02    3693.7129     103.1300
 6173.04    3614.1941     103.1990
 6176.07    3477.1941     102.9250
 6179.10    3571.9961     103.4430
 6182.12    3762.1809     104.6060
 6185.15    3741.8650     104.5200
 6188.17    3796.9709     104.3470
 6191.20    3753.9919     103.7050
 6194.23    3850.7161     103.9390
 6197.25    3912.7109     104.3270
 6200.28    3791.0410     104.2150
 6203.30    3729.9280     104.2850
 6206.33    3714.1431     104.5440
 6209.35    3704.6550     104.5850
 6212.38    3777.1550     105.3830
 6215.41    3753.5959     105.4580
 6218.43    3712.6599     105.4560
 6221.46    3717.5640     105.6690
 6224.48    3696.7839     105.5300
 6227.51    3699.4980     106.5360
 6230.54    3784.4260     109.1300
 6233.56    3761.1440     112.0190
 6236.59    3934.6311     115.1790
 6239.61    3764.5540     116.0860
 6242.64    3713.9299     116.5190
 6245.66    3567.7380     116.3070
 6248.69    3576.0930     116.2560
 6251.72    3434.6841     114.8240
 6254.74    3417.9460     113.8680
 6257.77    3542.0750     114.0830
 6260.79    3566.3110     114.3040
 6263.82    3510.0281     114.2620
 6266.85    3442.5400     114.3810
 6269.87    3321.6179     114.3260
 6272.90    3400.5181     113.6190
 6275.92    3345.8081     111.6100
 6278.95    3244.6531     109.3310
 6318.28    2540.0161     137.9570
 6321.31    3136.5969     122.0840
 6324.34    3598.9819     115.8770
 6327.36    3664.3359     114.3070
 6330.39    3633.0320     114.2860
 6333.41    3793.5471     115.0350
 6336.44    3853.3770     114.6370
 6339.46    3758.5239     113.3640
 6342.49    3954.5940     113.1460
 6381.83    4150.8672     118.2280
 6384.85    4033.2070     111.6710
 6387.88    4309.6030     110.3860
 6390.90    4485.9409     110.6450
 6393.93    4352.9268     109.5910
 6396.96    4323.5181     108.8870
 6399.98    4230.5479     107.6190
 6403.01    4361.1230     107.1680
 6406.03    4458.5498     106.5580
 6409.06    4481.0781     106.3730
 6412.09    4517.4448     106.3740
 6415.11    4569.7290     106.7030
 6418.14    4439.5488     106.6140
 6421.16    4655.7412     107.6340
 6424.19    4560.9248     107.2500
 6427.21    4576.4238     107.1980
 6430.24    4338.7100     105.8710
 6433.27    4353.4580     105.4880
 6436.29    4364.7681     105.2160
 6439.32    4354.9292     104.9820
 6442.34    4326.3042     104.4740
 6445.37    4366.9819     104.7250
 6448.40    4299.0928     104.4320
 6451.42    4341.7832     105.0180
 6454.45    4639.8672     106.8740
 6457.47    4603.2319     107.5140
 6460.50    4602.5210     109.4140
 6463.52    4597.0811     111.5420
 6466.55    4558.3408     113.6180
 6469.58    4657.0361     115.7040
 6472.60    4339.9131     115.3530
 6475.63    4241.9629     115.0120
 6478.65    4381.7671     115.1070
 6481.68    4300.6792     112.9240
 6484.71    4303.0059     110.5750
 6487.73    4363.4341     108.4470
 6490.76    4318.4189     107.3080
 6493.78    4367.0610     108.4080
 6496.81    4456.1299     111.2200
 6499.83    4472.1450     113.7190
 6502.86    4525.4458     115.3560
 6505.89    4236.3999     115.0290
 6508.91    4371.7061     115.8580
 6511.94    4217.3521     114.5530
 6514.96    4046.2981     111.9470
 6517.99    4040.9761     109.3020
 6521.02    3961.9761     106.9520
 6524.04    4247.8809     107.6420
 6527.07    4366.0718     108.9380
 6530.09    4352.3672     110.6030
 6533.12    4192.0488     111.6990
 6536.15    4261.6089     112.6650
 6539.17    4139.5571     112.7320
 6542.20    4109.7988     113.0080
 6545.22    3987.3030     113.0580
 6548.25    4164.9502     113.9620
 6551.27    4027.3110     113.6510
 6554.30    4271.8960     114.6850
 6557.33    4279.3960     115.1280
 6560.35    3990.9021     113.7660
 6563.38    3749.1101     112.1070
 6566.40    3173.4080     109.2210
 6569.43    3377.5149     109.1530
 6572.46    3648.8301     109.3850
 6575.48    4187.6489     111.5700
 6578.51    4212.2612     112.2630
 6581.53    4199.0352     111.9010
 6584.56    4147.5469     110.7860
 6587.58    4011.5400     109.4390
 6590.61    4066.0200     108.6200
 6593.64    4065.3911     107.1470
 6596.66    3948.0320     105.1050
 6599.69    4055.1870     105.2880
 6602.71    4102.4712     106.1230
 6605.74    4032.4351     106.3440
 6608.77    4032.1709     106.5890
 6611.79    3832.9270     105.0330
 6614.82    3900.5601     104.5680
 6617.84    4065.8840     104.6200
 6620.87    3880.4761     102.7930
 6623.90    3878.4470     101.5810
 6626.92    3934.6389     101.8400
 6629.95    4064.9260     102.8630
 6632.97    3865.0969     102.3340
 6636.00    3969.8779     102.8230
 6639.02    4007.9771     103.2810
 6642.05    4067.1589     103.5430
 6645.08    4090.8291     103.4520
 6648.10    4011.7500     102.5670
 6651.13    3936.2900     101.4800
 6654.15    3960.5620     101.3140
 6657.18    3994.9761     101.1860
 6660.21    3942.7129     101.4540
 6663.23    4180.7290     102.7390
 6666.26    4088.2920     102.4730
 6669.28    4244.5239     103.5350
 6672.31    4084.0190     102.7050
 6675.33    4172.1890     103.1330
 6678.36    4284.2642     103.6030
 6681.39    4054.8579     102.3730
 6684.41    4084.9451     102.4510
 6687.44    4121.9399     102.5090
 6690.46    4155.9219     102.6300
 6693.49    4229.1641     103.2720
 6696.52    4250.0439     103.7540
 6699.54    4174.8550     103.6760
 6702.57    4034.7100     103.2250
 6705.59    4252.4150     104.2510
 6708.62    4145.3989     103.5550
 6711.64    4096.4751     103.2630
 6714.67    4133.4121     103.1750
 6717.70    4154.1758     103.0830
 6720.72    4162.2231     102.5520
 6723.75    4092.4771     101.8690
 6726.77    4194.3540     102.2370
 6729.80    4050.8950     101.4020
 6732.83    4112.9072     101.5800
 6735.85    3980.3210     100.9000
 6738.88    4104.9331     101.7210
 6741.90    4096.1162     101.6140
 6744.93    3988.1831     101.1000
 6747.95    3976.2700     101.0480
 6750.98    4052.3850     101.4600
 6754.01    4043.4209     101.2890
 6757.03    3973.5540     100.8070
 6760.06    3907.6509     100.4300
 6763.08    4031.4561     100.9780
 6766.11    4039.0720     100.5920
 6769.13    4239.3252     101.3600
 6772.16    4011.2271     100.3040
 6775.19    3924.7920     100.0350
 6778.21    3972.9700     100.2130
 6781.24    3849.6541      99.7060
 6784.27    4076.6460     100.9630
 6787.29    3854.8450      99.6450
 6790.32    3895.0830      99.7870
 6793.34    4045.8521     100.6370
 6796.37    4045.3359     100.8510
 6799.39    4043.2791     100.9900
 6802.42    4059.7671     101.1280
 6805.45    3933.4299     100.2570
 6808.47    4027.7610     100.8690
 6811.50    3996.0120     100.5850
 6814.52    4061.9070     101.1000
 6817.55    4007.1189     101.2510
 6820.58    4271.3931     104.1320
 6823.60    4264.7339     107.4990
 6826.63    4446.9932     114.3190
 6829.65    4463.1592     121.0390
 6832.68    4039.2581     124.6410
 6835.70    4037.6030     128.1440
 6838.73    4141.8018     130.0730
 6841.76    3986.0249     129.5780
 6844.78    3861.9270     126.5380
 6847.81    3762.1570     120.6220
 6850.83    3582.1489     113.1710
 6853.86    4049.4089     110.4790
 6856.88    4275.7529     110.8210
 6859.91    4119.3369     113.8350
 6862.94    4108.2930     119.1880
 6865.96    4014.1980     122.4870
 6868.99    3547.2051     121.9240
 6872.01    3520.8530     122.0920
 6875.04    3208.5291     120.5660
 6878.07    2999.3611     117.5280
 6881.09    2914.3420     111.9770
 6884.12    3004.3340     106.1560
 6887.14    3140.9570     104.1510
 6890.17    3407.2219     105.3670
 6893.19    3526.1460     106.4290
 6896.22    3496.0811     106.8290
 6899.25    3402.5500     106.6740
 6902.27    3498.9360     107.2540
 6905.30    3414.7200     106.6180
 6908.32    3224.7849     105.6670
 6911.35    3634.5310     108.4410
 6914.38    3592.9790     109.7410
 6917.40    3654.2849     111.5030
 6920.43    3532.7881     113.0990
 6923.45    3742.0791     116.3640
 6926.48    3585.4041     116.5390
 6929.50    3613.6521     115.6080
 6932.53    3562.7310     113.9240
 6935.56    3483.7920     113.3560
 6938.58    3571.9939     113.3290
 6941.61    3500.5879     111.9020
 6944.63    3631.7161     112.7550
 6947.66    3855.3120     116.3810
 6950.69    3650.6880     118.5060
 6953.71    3578.6809     118.8290
 6956.74    3447.5271     117.0600
 6959.76    3537.0010     115.5530
 6962.79    3469.2959     113.4310
 6965.81    3382.2229     110.0930
 6968.84    3364.2400     107.0100
 6971.87    3413.1860     106.0950
 6974.89    3448.3440     107.9150
 6977.92    3470.4121     110.5350
 6980.94    3225.4221     110.8490
 6983.97    3358.2410     111.1930
 6987.00    3151.8811     109.1100
 6990.02    2880.4250     106.3640
 6993.05    3008.7759     104.6380
 6996.07    3127.2480     102.3350
 6999.10    2811.1321      98.3750
 7002.13    2766.2419      97.6930
 7005.15    2777.0779      98.2940
 7008.18    2768.7129      99.3970
 7011.20    2896.0339     100.9650
 7014.23    2583.7710     100.1470
 7017.25    2750.3960     100.5060
 7020.28    2557.2361      98.7580
 7023.31    2549.5930      97.5500
 7026.33    2414.0190      95.5160
 7029.36    2429.5569      94.1110
 7032.38    2331.9419      92.2910
 7035.41    2391.4519      91.8800
 7038.44    2369.5569      92.0370
 7041.46    2423.4541      93.4970
 7044.49    2467.0471      95.1490
 7047.51    2355.1780      96.5340
 7050.54    2369.0330      97.8510
 7053.56    2530.9050      99.3780
 7056.59    2442.7991      99.1400
 7059.62    2471.9771      99.1680
 7062.64    2313.5149      97.9090
 7065.67    2568.1509      98.2860
 7068.69    2327.3579      96.3580
 7071.72    2434.6609      96.1890
 7074.75    2442.7119      95.9970
 7077.77    2408.8250      95.9310
 7080.80    2291.9939      95.8360
 7083.82    2376.2881      96.3060
 7086.85    2513.4509      97.1080
 7089.88    2647.1831      97.6100
 7092.90    2530.7581      97.1290
 7095.93    2436.3181      96.1430
 7098.95    2663.0901      96.6370
 7101.98    2672.8101      95.9530
 7105.00    2545.0601      94.3500
 7108.03    2648.9641      94.3800
 7111.06    2678.6111      93.9640
 7114.08    2756.9839      94.0430
 7117.11    2773.1001      94.1900
 7120.13    2733.4719      93.9500
 7123.16    2737.7500      93.9870
 7126.19    2888.7749      95.2620
 7129.21    2811.1731      95.0900
 7132.24    2945.5090      96.1440
 7135.26    2879.1941      96.3780
 7138.29    2925.3181      96.9760
 7141.31    2918.0959      97.7280
 7144.34    2997.2500      98.9880
 7147.37    3122.9519      99.9590
 7150.39    2887.3711      98.9960
 7153.42    2908.8320      99.0730
 7156.44    3054.4441      99.7150
 7159.47    3073.0750      99.8190
 7162.50    2967.6350      99.0080
 7165.52    3036.0190      99.0860
 7168.55    3025.0391      98.6880
 7171.57    2888.9080      98.0550
 7174.60    2901.8491      98.4060
 7177.62    3077.4260      99.3980
 7180.65    2877.3379      98.2900
 7183.68    2763.6790      97.5640
 7186.70    2681.5220      96.7390
 7189.73    2840.5681      97.3340
 7192.75    2913.6760      97.2370
 7195.78    2802.7839      96.4010
 7198.81    2906.2361      96.4310
 7201.83    3043.8730      96.7700
 7204.86    2997.0359      96.4750
 7207.88    3046.9741      96.6710
 7210.91    3062.0959      96.6490
 7213.94    3192.6860      97.5240
 7216.96    3043.9761      97.0660
 7219.99    3083.7329      97.5640
 7223.01    2976.6951      97.6650
 7226.04    3114.6919      99.3280
 7229.06    3115.7981     100.4330
 7232.09    3298.3770     104.6340
 7235.12    3407.2109     112.7670
 7238.14    3734.7380     126.5690
 7241.17    3786.8879     140.4860
 7244.19    3483.3950     150.5110
 7247.22    3379.8049     156.7470
 7250.25    3501.2639     160.1960
 7253.27    2936.0120     158.7890
 7256.30    2682.2749     153.8970
 7259.32    2560.4470     143.3720
 7262.35    2404.2109     129.6170
 7265.37    2837.3101     120.0950
 7268.40    3285.2419     118.0870
 7271.43    3555.3760     123.3550
 7274.45    3322.7930     132.2510
 7277.48    3365.2290     142.6040
 7280.50    3506.1069     150.1350
 7283.53    3317.2151     154.1150
 7286.56    3176.1909     156.7100
 7289.58    2824.6479     154.3110
 7292.61    2535.3120     147.6930
 7295.63    2399.9331     136.8620
 7298.66    2453.6370     127.5060
 7301.68    2659.9561     123.6490
 7304.71    2868.3259     121.3940
 7307.74    2961.0210     121.0800
 7310.76    3154.0969     125.1750
 7313.79    3254.7219     132.0870
 7316.81    3045.5061     137.6800
 7319.84    3002.2729     140.3870
 7322.87    3037.6289     140.0540
 7325.89    3079.8540     140.6640
 7328.92    2935.7461     141.5030
 7331.94    2899.9590     140.7160
 7334.97    3032.0879     137.5600
 7338.00    2975.6421     137.6800
 7341.02    3028.6780     144.1220
 7344.05    3276.3340     149.0700
 7347.07    2755.9790     146.4690
 7350.10    2775.9099     143.6900
 7353.12    2727.1890     142.0320
 7356.15    2762.3730     140.0410
 7359.18    2363.3081     132.6040
 7362.20    2630.3240     126.6980
 7365.23    3191.1021     128.5860
 7368.25    3430.0659     136.0830
 7371.28    3143.1780     140.3330
 7374.31    2896.6389     140.4640
 7377.33    3033.8230     137.9130
 7380.36    2842.7710     133.5410
 7383.38    2637.1990     128.8810
 7386.41    2545.7620     122.5540
 7389.43    2692.5601     115.3930
 7392.46    2819.8779     111.4330
 7395.49    2955.0471     113.7550
 7398.51    2980.4971     118.1970
 7401.54    3166.0081     124.2400
 7404.56    2803.0740     126.5410
 7407.59    2839.4431     126.8510
 7410.62    2923.7390     124.6840
 7413.64    2898.9419     121.1580
 7416.67    2504.1819     115.9370
 7419.69    2439.0911     110.0880
 7422.72    2555.5239     104.1970
 7425.74    2531.4260     100.8010
 7428.77    2811.9460     102.8140
 7431.80    2799.3391     104.7590
 7434.82    3007.2190     108.3020
 7437.85    3132.4021     111.6740
 7440.87    2987.9370     113.4580
 7443.90    2620.3130     112.5390
 7446.92    2643.7729     111.3900
 7449.95    2789.4500     110.2430
 7452.98    2735.4380     107.7580
 7456.00    2501.3110     103.5960
 7459.03    2671.5139     101.3230
 7462.05    2714.2539     100.7940
 7465.08    2590.4600     101.9370
 7468.11    2828.8899     106.3520
 7471.13    2753.4961     110.0780
 7474.16    2733.1851     114.0440
 7477.18    2753.3579     117.8970
 7480.21    2750.3359     121.5200
 7483.23    2808.4280     124.1630
 7486.26    2762.0901     124.3800
 7489.29    2553.1709     121.6940
 7492.31    2515.1890     118.4870
 7495.34    2457.6541     115.0490
 7498.37    2399.1560     110.7070
 7501.39    2474.7891     106.4480
 7504.42    2309.5820     101.3080
 7507.44    2510.1240      99.8210
 7510.47    2521.0911      98.1890
 7513.49    2615.7939      98.2610
 7516.52    2749.9980     100.6180
 7519.55    2931.8621     106.6180
 7522.57    3083.8550     115.6250
 7525.60    3279.3201     123.6930
 7528.62    3037.6240     127.7840
 7531.65    2822.7820     129.6840
 7534.67    2947.9810     131.1810
 7537.70    2961.3511     129.8280
 7540.73    2937.8350     125.4210
 7543.75    2755.3269     117.2730
 7546.78    2999.7900     110.1900
 7549.80    3235.1951     106.3440
 7552.83    3295.8391     104.9750
 7555.86    3042.7100     104.0550
 7558.88    3041.1001     104.7770
 7561.91    2933.7241     104.9190
 7564.93    2843.7671     105.5740
 7567.96    3070.2251     110.1330
 7570.98    3185.3760     115.7990
 7574.01    3069.6990     119.0320
 7577.04    3049.6780     120.0090
 7580.06    2935.4099     119.4310
 7583.09    2633.3550     118.3500
 7586.11    2362.1460     117.1480
 7589.14    2436.1890     114.2950
 7592.17    2185.9419     107.9190
 7595.19    2205.7610     103.6150
 7598.22    1831.4600     100.5870
 7601.24    1516.2770      98.3850
 7604.27    1212.7930      94.0160
 7607.29    1275.1021      90.9130
 7610.32    1290.9910      88.8110
 7613.35    1183.3160      87.4060
 7616.37    1022.3280      86.8350
 7619.40    1220.5490      87.9890
 7622.42    1413.6290      90.3870
 7625.45    1451.0660      92.8600
 7628.48    1603.5861      96.3690
 7631.50    1509.6140      97.7970
 7634.53    1415.0320      97.4880
 7637.55    1313.0430      95.3320
 7640.58    1377.2560      93.5160
 7643.60    1421.8690      91.8840
 7646.63    1456.3199      90.2660
 7649.66    1484.9500      88.6640
 7652.68    1505.6281      88.6240
 7655.71    1678.8120      90.9290
 7658.73    1730.2050      93.0890
 7661.76    1887.6530      96.6140
 7664.79    2054.0591      99.3850
 7667.81    2031.0840     100.2470
 7670.84    1968.7590      99.7840
 7673.86    2195.3359     100.1340
 7676.89    2254.6299      99.8650
 7679.92    2070.6250      98.1090
 7682.94    2052.0339      97.0140
 7685.97    2183.1819      97.4770
 7688.99    2281.9861      98.9930
 7692.02    2394.4670     101.0080
 7695.04    2412.7900     102.8120
 7698.07    2318.3091     104.1360
 7701.10    2367.2290     105.8720
 7704.12    2446.0010     108.4470
 7707.15    2673.6721     113.9900
 7710.17    2983.4099     125.7050
 7713.20    3231.5740     141.7860
 7716.23    3282.3030     157.5430
 7719.25    3039.9260     167.7020
 7722.28    2947.2581     173.6860
 7725.30    2558.3201     175.3140
 7728.33    2395.9919     174.0490
 7731.35    2055.7791     166.5320
 7734.38    1690.6720     151.9990
 7737.41    1942.2380     136.4900
 7740.43    2247.2830     125.1700
 7743.46    2583.0181     121.9700
 7746.48    2902.2720     127.0720
 7749.51    3057.3799     137.7490
 7752.54    3098.2151     149.3300
 7755.56    2693.7500     157.6820
 7758.59    2551.3359     162.3020
 7761.61    2563.8220     165.8490
 7764.64    2232.8611     165.0330
 7767.67    1758.2540     158.2010
 7770.69    1939.2090     147.4240
 7773.72    1829.9490     135.4600
 7776.74    2175.9260     129.8330
 7779.77    2131.7451     127.1470
 7782.79    2107.9590     125.0140
 7785.82    2529.9719     126.8580
 7788.85    2817.3511     131.6900
 7791.87    2743.5510     138.0010
 7794.90    2849.5491     145.4250
 7797.92    2610.8220     148.8310
 7800.95    2430.8069     149.2020
 7803.98    2419.1331     148.9520
 7807.00     676.8030     149.8010
 7810.03     243.5210     148.5870
 7813.05     204.4880     144.1290
 7816.08    2241.1580     139.7930
 7819.10    2487.3091     142.0430
 7822.13    2579.6580     151.0720
 7825.16    2326.1411     157.1080
 7828.18    2218.1890     157.7750
 7831.21    1892.9690     154.1130
 7834.23    1700.6230     150.4030
 7837.26    1765.4120     147.5210
 7840.29    1727.9020     141.0410
 7843.31    1802.1200     132.2720
 7846.34    2395.2371     129.4980
 7849.36    2778.2671     136.6300
 7852.39    3066.2400     149.6710
 7855.42    2960.2871     162.1570
 7858.44    2785.2190     170.8580
 7861.47    3015.5840     176.0650
 7864.49    2933.2891     177.9640
 7867.52    2619.0640     178.4630
 7870.54    2254.7600     176.1110
 7873.57    1805.1169     169.1710
 7876.60    1664.1801     160.8820
 7879.62    1979.4240     155.2800
 7882.65    2383.4961     154.1840
 7885.67    2702.5271     155.0490
 7888.70    2443.4670     154.5630
 7891.73    2410.6431     153.6310
 7894.75    2115.9099     150.8810
 7897.78    1988.0330     147.2790
 7900.80    2233.0640     143.5860
 7903.83    2327.6819     138.6940
 7906.85    2079.3630     135.3440
 7909.88    2346.7639     137.2060
 7912.91    2500.9709     144.2110
 7915.93    2835.7151     156.1600
 7918.96    2714.4319     167.7290
 7921.98    2781.9800     176.4230
 7925.01    2694.5081     181.2580
 7928.04    2281.3110     182.2810
 7931.06    2225.9839     178.0980
 7934.09    1602.8650     167.3810
 7937.11    1463.2729     153.6840
 7940.14    2059.5801     142.9260
 7943.16    2212.4519     134.9420
 7946.19    2108.5359     129.3800
 7949.22    2076.9851     126.4370
 7952.24    2194.8701     124.6630
 7955.27    2249.0901     122.2240
 7958.29    2430.7129     123.0160
 7961.32    2892.9319     129.3350
 7964.35    3069.6760     138.4260
 7967.37    2681.6289     145.4520
 7970.40    2462.9771     149.1040
 7973.42    2590.8110     151.0990
 7976.45    2656.8950     153.4500
 7979.48    2661.1389     155.7850
 7982.50    2313.2339     153.6780
 7985.53    2210.2600     147.5780
 7988.55    2475.9431     142.7810
 7991.58    2772.0920     145.2680
 7994.60    2786.0020     152.9880
 7997.63    2409.6331     157.3310
 8000.65    1879.0229     155.9790
 8003.68    2143.9221     153.3680
 8006.71    2386.8279     151.3710
 8009.73    1989.6660     146.6190
 8012.76    1518.3730     137.9290
 8015.79    1826.3790     129.2850
 8018.81    2406.5530     124.2640
 8021.84    2624.2019     126.3030
 8024.86    2715.5291     133.6510
 8027.89    2728.5271     141.9800
 8030.91    2782.2129     147.5780
 8033.94    2361.5229     147.4660
 8036.97    2156.0940     143.8110
 8039.99    2075.4490     139.0280
 8043.02    1264.4720     130.2630
 8046.04    1009.3910     120.6220
 8049.07    1934.5940     114.5380
 8052.10    2668.3521     110.5260
 8055.12    2679.9351     109.9560
 8058.15    2381.9060     111.2600
 8061.17    2306.4939     114.8440
 8064.20    2300.8369     119.5670
 8067.22    2205.0540     122.2190
 8070.25    1852.5590     121.7210
 8073.28    1703.1750     118.9010
 8076.30    1595.6420     115.4200
 8079.33    1601.6050     112.0120
 8082.35    1605.5660     107.3370
 8085.38    1616.8960     101.8730
 8088.40    1818.2340      98.3630
 8091.43    1995.7910      98.0590
 8094.46    1979.7970      98.4840
 8097.48    2091.1570     100.5200
 8100.51    2196.8340     103.0140
 8103.53    2082.8921     104.6730
 8106.56    2020.2200     106.0470
 8109.59    2100.3501     107.2740
 8112.61    2082.7251     106.6960
 8115.64    2046.7710     105.1130
 8118.66    1994.6610     102.7220
 8121.69    1822.8580      99.4370
 8124.71    1926.8149      96.6370
 8127.74    1998.9530      94.2000
 8130.77    1958.4150      92.8520
 8133.79    1953.7900      92.6860
 8136.82    1923.7400      92.9410
 8139.85    1947.7350      94.0270
 8142.87    2005.3230      95.7760
 8145.90    2051.6841      97.1830
 8148.92    1854.1420      97.1440
 8151.95    1671.6370      96.8360
 8154.97    1821.5811      97.2640
 8158.00    1835.9821      96.6470
 8161.03    1840.8920      95.4170
 8164.05    2016.6490      94.5010
 8167.08    1967.4470      92.5590
 8170.10    1948.8030      90.8430
 8173.13    1906.9800      89.3860
 8176.15    1792.3950      88.2510
 8179.18    1742.0110      87.7350
 8182.21    1751.0560      87.9750
 8387.96    2043.5150     123.7770
 8390.99    1989.0310     125.4500
 8394.02    2159.2190     131.0220
 8397.04    2077.2810     139.6150
 8400.07    1362.2791     148.0070
 8403.09     896.5040     154.8610
 8406.12     957.2210     160.4740
 8409.14    1495.1130     164.4880
 8412.17    1964.7581     166.4850
 8415.20    2051.1841     165.5490
 8418.22    1815.5430     160.0280
 8421.25    1697.4280     151.4580
 8424.27    1710.4960     144.8330
 8427.30    2000.4020     146.1010
 8430.33    2193.4341     155.4620
 8433.35    2256.7070     166.0400
 8436.38    2417.2849     173.1870
 8439.40    2527.1599     175.7050
 8442.43    2605.0391     173.8740
 8445.46    2440.1450     168.6570
 8448.48    1919.6860     159.4960
 8451.51    1546.8051     147.0900
 8454.53    1428.8260     134.4910
 8457.56    1729.2300     126.9520
 8460.58    2046.7330     128.3320
 8463.61    2123.7949     136.0620
 8466.64    1956.1050     145.2010
 8469.66    1760.8030     152.0830
 8472.69    1713.5200     155.5770
 8475.71    1707.7010     155.2900
 8478.74    1649.1110     151.4430
 8481.77    1442.4041     144.3660
 8484.79     977.5470     133.6180
 8487.82     748.4460     120.4860
 8490.84     808.5650     108.7130
 8493.87    1059.7170     102.6230
 8496.89    1385.5240     103.8980
 8499.92    1732.2860     109.9360
 8502.95    1942.6500     117.4920
 8505.97    2030.7620     125.1270
 8509.00    2010.8640     130.6570
 8512.02    1911.2810     133.4340
 8515.05    1680.9780     132.7030
 8518.08    1339.9150     128.6590
 8521.10    1008.5480     122.5410
 8524.13     899.3250     114.9330
 8527.15     877.9500     105.7240
 8530.18    1044.3510      96.7150
 8533.21    1265.8110      90.7500
 8536.23    1277.3800      88.9100
 8539.26    1289.5820      89.8540
 8542.28    1357.9800      92.2380
 8545.31    1544.4210      96.3080
 8548.33    1731.0811     100.9340
 8551.36    1508.0490     103.8060
 8554.39    1395.1240     105.9760
 8557.41    1298.2750     106.9340
 8560.44    1092.6930     105.3880
 8563.46     991.0750     102.7890
 8566.49     865.3130      99.0490
 8569.51     720.1250      94.1120
 8572.54     900.9020      90.2700
 8575.57    1114.6801      87.3800
 8578.59    1217.2080      85.3970
 8581.62    1255.0850      84.9280
 8584.64    1227.2581      85.4540
 8587.67    1267.3910      86.7150
 8590.70    1306.2830      88.2530
 8593.72    1359.7760      90.1620
 8596.75    1359.8630      91.9900
 8599.77    1340.3010      93.7250
 8602.80    1421.8640      95.6210
 8605.83    1409.2469      96.5030
 8608.85    1352.2531      96.6900
 8611.88    1396.3960      97.3450
 8614.90    1595.2010      99.3200
 8617.93    1773.1100     102.6340
 8620.96    1892.7180     107.7970
 8623.98    1887.8070     114.7390
 8627.01    2062.4031     124.0810
 8630.03    2050.0359     133.4970
 8633.06    1822.8929     141.6640
 8636.08    1504.0530     147.8930
 8639.11    1400.2380     152.1730
 8642.14    1094.5020     152.9870
 8645.16     668.0940     150.5430
 8648.19     847.6450     148.0620
 8651.21     869.4360     144.4520
 8654.24     907.5570     141.6090
 8657.26    1055.1410     141.1120
 8660.29    1474.3630     143.8620
 8663.32    2072.0801     148.9710
 8666.34    2076.8159     153.0610
 8669.37    1829.3690     155.7550
 8672.39    1521.8690     156.6850
 8675.42    1289.8870     155.7510
 8678.45     960.8630     152.0410
 8681.47     727.5250     146.5520
 8684.50     872.7950     141.0700
 8687.52     803.4140     134.1510
 8690.55     857.1600     127.0940
 8693.58     994.2390     120.3430
 8696.60     967.6560     113.5130
 8699.63     936.2520     107.6570
 8702.65     908.3000     102.9500
 8705.68     923.3350      99.5160
 8708.70     950.9770      96.9470
 8711.73    1055.3090      95.0390
 8714.76    1161.7939      93.4530
 8717.78    1111.1281      91.7710
 8720.81    1051.9590      90.0790
 8723.83    1099.0940      88.9630
 8726.86    1039.5350      87.3780
 8729.88     958.9770      85.8560
 8732.91     971.4640      84.9480
 8735.94     995.9510      84.6550
 8738.96    1047.5170      84.8560
 8741.99    1015.2280      84.7180
 8745.01    1040.5490      85.1380
 8748.04    1106.2830      86.1050
 8751.07    1116.9500      87.3750
 8754.09    1208.8101      89.9290
 8757.12    1370.6550      95.6330
 8760.14    1576.0601     105.5660
 8763.17    1732.4460     120.0410
 8766.20    1777.7130     136.5070
 8769.22    1875.4449     153.3550
 8772.25    1976.6541     169.0930
 8775.27    2436.9861     183.9640
 8778.30    2562.9800     195.8210
 8878.15    1186.5820     125.8040
 8881.18    1984.3550     131.4250
 8884.20    3381.3140     140.6550
 8887.23    4716.4668     151.4220
 8890.25    5576.2480     161.7230
 8893.28    5926.1348     169.4940
 8896.31    5986.3462     175.2030
 8899.33    5705.4429     178.9330
 8902.36    5164.6050     179.4150
 9005.24    2546.6421     127.2420
 9008.26    2214.5210     131.1910
 9011.29    2051.6819     133.5640
 9014.32    2035.8660     134.6110
 9017.34    1645.1930     132.0540
 9020.37    1674.2061     128.0320
 9023.39    2256.9861     123.7210
 9026.42    2086.1140     114.9310
 9029.45     952.8540     100.9350
 9032.47     832.1850      91.6320
 9035.50     789.4810      84.6070
 9038.52     989.2620      82.0140
 9041.55    1038.4000      83.2780
 9044.57    1089.6021      86.1850
 9047.60    1152.8101      90.2000
 9050.63    1342.4561      95.3060
 9053.65    1552.3311     100.8960
 9056.68    1629.7450     105.4030
 9059.70    1591.5630     107.9260
 9062.73    1517.6990     108.6480
 9065.75    1219.8110     106.9530
 9068.78     861.0270     102.9870
 9071.81     651.8770      97.8850
 9074.83     655.2870      93.0630
 9077.86     807.4050      89.0650
 9080.88     849.9780      84.7910
 9083.91     718.8460      80.3780
 9086.94     705.4750      77.8250
 9089.96     687.2170      76.7340
 9092.99     601.4690      75.8640
 9096.01     562.0320      75.4130
 9099.04     644.0760      76.5690
 9102.07     868.0790      78.9090
 9105.09    1019.7410      82.0220
 9108.12    1181.4470      85.4760
 9111.14    1177.7010      87.7160
 9114.17    1082.6560      88.5440
 9117.19     934.1470      87.9410
 9120.22     675.4200      85.4800
 9123.25     457.6460      82.0800
 9126.27     462.0260      78.9920
 9129.30     563.8010      76.2920
 9132.32     676.5250      73.9440
 9135.35     731.8240      71.8410
 9138.38     821.8180      70.5320
 9141.40     895.1700      70.1120
 9144.43     908.9030      70.1470
 9147.45     915.0360      70.3840
 9150.48     887.7330      70.4590
 9153.50     873.3800      70.6740
 9156.53     905.6910      71.4910
 9159.56     900.7490      72.7060
 9162.58     877.4700      74.2500
 9165.61     915.8100      76.4850
 9168.63     895.5450      78.4340
 9171.66     841.6250      79.4960
 9174.68     803.9320      79.9980
 9177.71     673.3530      79.3620
 9180.74     625.3890      78.0640
 9183.76     673.2830      76.4540
 9186.79     718.9920      74.4710
 9189.82     738.6670      72.4590
 9192.84     708.3790      70.3610
 9195.87     653.2940      68.7700
 9198.89     633.4400      67.9110
 9201.92     633.8040      67.6190
 9204.94     659.3970      67.7240
 9207.97     734.2440      68.1180
 9211.00     893.4740      68.6980
 9214.02    1003.7990      69.1510
 9217.05    1003.8500      69.2830
 9220.07     982.0850      69.7500
 9223.10     971.4410      70.6620
 9226.12     908.0670      71.5780
 9229.15     790.1570      72.7510
 9232.18     762.2180      74.1930
 9235.20     754.1240      75.4460
 9238.23     690.9960      75.6770
 9241.25     712.6210      75.7180
 9244.28     775.2960      75.4300
 9247.31     815.1110      74.6710
 9250.33     762.2400      73.2440
 9253.36     628.4780      71.4360
 9256.38     542.3880      70.3020
 9259.41     480.1600      69.6570
 9262.43     510.3010      69.6520
 9265.46     609.9510      70.4340
 9268.49     706.6590      71.1410
 9271.51     782.2700      71.6080
 9274.54     965.0230      72.4810
 9277.56    1004.1520      72.3720
 9280.59     962.9950      71.8460
 9283.62     833.2350      70.8140
 9286.64     651.5240      69.6140
 9289.67     532.2710      69.0500
 9292.69     401.6610      68.8210
 9295.72     368.7560      69.7700
 9298.75     477.2370      71.7470
 9301.77     677.0420      74.4150
 9304.80    1106.0510      79.5700
 9307.82    2022.3781      89.3070
 9310.85    3440.8069     103.7550
 9313.88    4805.0361     120.6830
 9316.90    5810.8218     137.4760
 9386.50   10643.3096     160.0260
 9389.52   11146.4297     171.9820
 9392.55   10121.6602     178.8350
 9431.88    1260.1410     103.6210
 9434.91    1648.6040     106.5470
 9437.93    1701.6429     108.4080
 9440.96    1496.4060     110.2270
 9443.99    1263.2750     112.7070
 9447.01    1420.0430     117.5860
 9571.07    1167.8850      90.4010
 9574.10    1571.4780      98.1530
 9577.12    1988.9410     105.3570
 9622.51     856.3500      71.0810
 9625.54    1016.8550      74.4870
 9628.56     921.7900      76.2550
 9670.92     482.9710      61.2330
 9673.95     640.1510      63.7800
 9676.98     821.2700      67.1850
 9680.00     991.2640      70.8860
 9683.03    1093.1670      74.5820
 9686.05    1147.8400      78.2680
 9689.08    1015.8340      81.5680
 9692.11     754.6340      84.0890
 9695.13     435.5010      85.8630
 9698.16     188.0570      86.9480
 9701.18      68.5080      88.0310
 9704.21      99.8530      89.9030
 9707.24     244.7490      91.7060
 9710.26     360.4810      92.4280
 9713.29     455.3600      92.2540
 9801.04    1086.6000      74.1530
 9804.06    1218.5050      82.7900
 9807.09    1283.3750      91.5170
10031.00    1748.6250      90.8060
10034.03    2647.9241     101.2240
10037.05    2645.8721     105.6510
10091.52     425.9080      68.4320
10094.54     452.2080      70.4290
10097.57     678.0590      73.3010
10100.60     968.4270      76.3650
10188.35     288.0080      69.6770
10191.37      31.9570      70.4610
10194.40      43.9970      72.5820
10197.42     217.5780      75.0610
10300.30    1102.3510      59.9470
10303.33    1511.3320      66.1520
10306.35    1864.6820      71.9280
10378.97     166.6980      46.0610
10382.00     121.5030      46.0630
10385.03     151.4900      46.8520
10388.05     264.6910      48.5790
10391.08     352.8910      50.1020
10394.10     428.0170      51.2960
10496.98     231.8380      44.0230
10602.89      66.8460      32.1840
10605.91      83.0480      32.4110
10608.94      88.5800      32.4970
10611.96     102.5340      32.8070
10614.99      70.3310      32.6400
10618.02      15.3340      31.8920
10660.38      22.2290      30.1740
10663.41      26.5890      30.3400
10666.43      21.7640      30.2250
10669.46      18.0570      30.0530
10723.92      93.7040      31.3860
10726.95     112.3370      31.8080
10729.97     113.5460      32.0970
10733.00      96.7480      32.0560
10736.03     102.1970      32.2910
10739.05     103.0300      32.5600
10742.08      95.3110      32.8540
10745.10      73.4590      32.7740
10748.13      29.9570      32.2910
10751.15      15.1730      32.4000
10754.18       6.2960      32.3790
10757.21      35.9040      32.8860
10760.23      56.8750      33.4520
10763.26      18.9800      33.0530
10766.28      10.9580      32.9980
10769.31       3.8370      32.9840
10772.33      23.9380      33.3610
10775.36      72.1310      34.0600
10778.39      63.2140      33.9160
10781.41      37.8230      33.6820
10784.44      19.6230      33.5630
10844.96      15.8500      28.7180
10847.98      39.1300      29.1000
10851.01      82.2980      30.0650
10854.03      83.3980      30.3250
10857.06     113.6780      31.0420
10860.08     180.6190      32.4940
10941.78      40.6250      28.6840
10944.81      48.9430      28.7890
10947.83      44.4990      28.7100
10950.86      29.6350      28.6630
10953.89      18.1430      28.5650
10956.91      22.4860      28.7300
10959.94      44.5060      29.3300
10962.96      39.1820      29.6140
10965.99      39.5020      29.8950
10969.02      13.2490      29.6500
10972.04      10.1940      29.5630
10975.07       6.3060      29.5070
10978.09      28.2920      29.7210
10981.12      27.2480      29.6240
10984.14      19.8880      29.1370
10987.17      18.2090      28.7710
10990.20      23.3490      28.7530
10993.22      39.8070      28.9820
10996.25      65.9030      29.3950
10999.27      79.4290      29.5170
11002.30      68.5610      29.2200
11005.33      56.8060      29.1790
11053.74      43.9310      27.2880
11056.77      22.5450      26.9860
