 
TRANSIENT_NAME:     DES15X3kqv 
SNID:               1317666    
OBS_DATE:           2015-10-05
MJD:                57300. 
PHASE:              -1.    
MJD_MAX:            57301.5
TYPE:               1  
SPEC_EVAL:          SNIa
REDSHIFT:           0.1421  
REDSHIFT_ERR:       0.0005  
REDSHIFT_SOURCE:    Z_GAL
TELESCOPE:          SALT
INSTRUMENT:         RSS
 
======================================
 
# WAVE  FLUX  FLUX_ERR
 3863.80   4.1089e-19   3.2740e-19
 3866.80   2.2451e-19   1.9404e-19
 3869.80   5.8171e-19   3.2829e-19
 3872.80   5.6450e-19   3.1511e-19
 3875.80   1.3861e-19   1.7917e-19
 3878.80   5.9728e-20   1.2177e-19
 3881.80   2.9300e-19   2.7832e-19
 3884.80   5.6429e-19   3.4284e-19
 3887.80   8.5144e-19   3.3550e-19
 3890.80   9.5394e-19   3.1736e-19
 3893.80   8.3512e-19   3.8018e-19
 3896.80   3.9836e-19   2.9691e-19
 3899.80   6.8673e-19   4.0556e-19
 3902.80   9.2923e-19   3.4624e-19
 3905.81   9.6948e-19   3.4695e-19
 3908.81   8.0292e-19   3.7478e-19
 3911.81   7.9500e-19   4.0366e-19
 3914.81   3.2941e-19   3.1040e-19
 3917.81   4.8296e-19   2.3849e-19
 3926.81   3.8640e-19   2.6553e-19
 3929.81   7.8803e-19   4.1565e-19
 3932.81   9.2857e-19   3.1273e-19
 3935.81   7.6626e-19   3.1061e-19
 3938.81   6.8117e-19   3.5062e-19
 3941.81   8.3176e-19   3.1466e-19
 3944.81   9.2330e-19   3.4680e-19
 3947.81   1.1570e-18   3.3775e-19
 3950.81   8.5471e-19   3.3850e-19
 3953.81   9.0924e-19   3.2798e-19
 3956.82   8.8761e-19   3.4409e-19
 3959.82   8.9648e-19   3.3185e-19
 3962.82   5.5741e-19   3.0681e-19
 3965.82   9.1254e-19   3.3800e-19
 3968.82   1.0656e-18   3.3127e-19
 3971.82   6.5300e-19   2.9441e-19
 3974.82   6.6814e-19   2.8679e-19
 3977.82   1.4059e-18   4.5079e-19
 3980.82   1.0496e-18   3.3549e-19
 3983.82   1.1339e-18   3.7691e-19
 3986.82   1.2243e-18   4.1181e-19
 3989.82   1.3331e-18   3.8115e-19
 3992.82   1.2012e-18   3.7031e-19
 3995.82   1.2823e-18   3.9670e-19
 3998.82   1.2469e-18   3.8633e-19
 4001.82   1.2770e-18   4.1081e-19
 4004.82   1.1296e-18   3.5455e-19
 4007.83   1.0589e-18   3.8508e-19
 4010.83   1.3250e-18   4.0099e-19
 4013.83   1.5685e-18   4.2230e-19
 4016.83   1.2116e-18   3.8477e-19
 4019.83   1.0800e-18   3.7466e-19
 4022.83   1.3889e-18   4.0487e-19
 4025.83   1.5917e-18   4.7106e-19
 4028.83   1.2856e-18   4.7583e-19
 4031.83   1.3360e-18   3.9764e-19
 4034.83   1.7212e-18   3.7253e-19
 4037.83   1.4819e-18   4.3339e-19
 4040.83   1.2736e-18   3.9097e-19
 4043.83   1.6577e-18   4.0783e-19
 4046.83   1.1631e-18   3.5090e-19
 4049.83   1.1516e-18   4.3357e-19
 4052.83   1.3440e-18   3.9463e-19
 4055.83   1.5552e-18   4.2556e-19
 4058.84   1.4307e-18   3.8463e-19
 4061.84   1.5199e-18   3.7444e-19
 4064.84   1.7336e-18   4.3723e-19
 4067.84   1.5524e-18   4.1149e-19
 4070.84   1.6309e-18   4.3470e-19
 4073.84   1.5917e-18   3.6601e-19
 4076.84   1.5381e-18   3.7856e-19
 4079.84   1.5385e-18   3.9809e-19
 4082.84   1.8329e-18   4.1086e-19
 4085.84   1.5547e-18   4.5006e-19
 4088.84   1.6782e-18   4.3696e-19
 4091.84   1.6370e-18   4.2383e-19
 4094.84   1.6572e-18   4.3406e-19
 4097.84   1.8030e-18   4.5240e-19
 4100.84   1.6593e-18   4.1788e-19
 4103.84   1.2982e-18   3.6151e-19
 4106.84   1.7542e-18   4.0823e-19
 4109.85   1.6416e-18   4.1498e-19
 4112.85   1.6776e-18   4.2235e-19
 4115.85   1.5952e-18   3.9309e-19
 4118.85   1.5447e-18   3.9587e-19
 4121.85   1.3677e-18   4.2954e-19
 4124.85   1.6944e-18   5.0842e-19
 4127.85   1.8024e-18   4.5371e-19
 4130.85   1.7464e-18   3.8782e-19
 4133.85   1.7413e-18   3.8032e-19
 4136.85   1.5821e-18   3.6891e-19
 4139.85   1.6497e-18   3.7032e-19
 4142.85   1.6482e-18   3.6205e-19
 4145.85   1.5536e-18   3.6944e-19
 4148.85   1.8861e-18   4.2561e-19
 4151.85   2.0183e-18   4.4989e-19
 4154.85   1.6378e-18   3.9640e-19
 4157.85   1.5595e-18   3.9986e-19
 4160.86   1.7047e-18   3.8546e-19
 4163.86   1.5628e-18   3.7876e-19
 4166.86   1.4204e-18   3.5075e-19
 4169.86   1.4690e-18   3.5643e-19
 4172.86   1.6261e-18   4.0720e-19
 4175.86   1.7415e-18   3.7477e-19
 4178.86   1.7367e-18   3.5806e-19
 4181.86   1.5365e-18   3.9580e-19
 4184.86   1.5830e-18   3.9315e-19
 4187.86   1.6482e-18   3.5618e-19
 4190.86   1.3401e-18   3.3892e-19
 4193.86   1.4266e-18   3.5808e-19
 4196.86   1.4755e-18   3.4393e-19
 4199.86   1.3772e-18   3.3616e-19
 4202.86   1.2997e-18   3.5219e-19
 4205.86   1.2490e-18   3.8358e-19
 4208.86   1.1522e-18   3.9501e-19
 4211.87   1.1677e-18   3.4647e-19
 4214.87   1.2302e-18   3.4850e-19
 4217.87   8.7926e-19   3.1688e-19
 4220.87   9.4648e-19   2.9488e-19
 4223.87   9.9062e-19   3.1998e-19
 4226.87   1.0196e-18   3.7495e-19
 4229.87   8.4708e-19   3.5993e-19
 4232.87   1.1275e-18   3.7853e-19
 4235.87   1.5348e-18   3.7051e-19
 4238.87   1.5690e-18   3.3936e-19
 4241.87   1.3696e-18   3.3930e-19
 4244.87   1.3130e-18   3.0213e-19
 4247.87   1.2579e-18   2.9535e-19
 4250.87   1.3151e-18   2.9588e-19
 4253.87   1.5362e-18   3.1792e-19
 4256.87   1.5978e-18   3.1165e-19
 4259.88   1.4479e-18   3.0747e-19
 4262.88   1.5703e-18   3.2657e-19
 4265.88   1.4514e-18   3.1401e-19
 4268.88   1.1765e-18   3.1024e-19
 4271.88   8.8085e-19   3.0906e-19
 4274.88   7.6289e-19   3.0971e-19
 4277.88   8.4677e-19   3.0030e-19
 4280.88   9.1443e-19   2.9033e-19
 4283.88   9.8625e-19   3.0475e-19
 4286.88   8.4773e-19   2.8814e-19
 4289.88   7.6885e-19   3.0400e-19
 4292.88   1.0556e-18   2.9066e-19
 4295.88   1.0171e-18   2.9776e-19
 4298.88   9.7319e-19   2.7753e-19
 4301.88   9.5392e-19   2.7665e-19
 4304.88   7.5026e-19   3.1854e-19
 4307.88   7.7757e-19   2.7539e-19
 4310.89   8.2584e-19   3.0093e-19
 4313.89   7.5981e-19   2.9594e-19
 4316.89   9.1413e-19   3.4380e-19
 4319.89   1.3044e-18   3.5226e-19
 4322.89   1.1081e-18   3.2307e-19
 4325.89   9.3926e-19   3.3462e-19
 4328.89   1.2332e-18   3.0717e-19
 4331.89   1.1334e-18   3.1357e-19
 4334.89   9.5661e-19   2.9111e-19
 4337.89   1.0099e-18   3.6232e-19
 4340.89   9.2045e-19   3.1985e-19
 4343.89   8.0475e-19   2.9561e-19
 4346.89   8.5991e-19   3.0032e-19
 4349.89   9.9350e-19   3.1515e-19
 4352.89   9.9131e-19   3.3993e-19
 4355.89   9.0121e-19   3.4742e-19
 4358.89   6.5895e-19   2.5556e-19
 4361.90   8.3919e-19   3.0514e-19
 4364.90   5.0512e-19   2.5535e-19
 4367.90   1.8774e-19   1.8722e-19
 4370.90   8.5862e-19   3.1297e-19
 4373.90   1.4821e-18   3.3368e-19
 4376.90   1.5170e-18   3.1038e-19
 4379.90   1.3171e-18   3.1217e-19
 4382.90   1.0916e-18   2.8881e-19
 4385.90   1.2595e-18   2.8894e-19
 4388.90   1.1770e-18   2.9213e-19
 4391.90   1.2698e-18   2.7834e-19
 4394.90   1.5519e-18   3.0333e-19
 4397.90   1.7080e-18   3.7105e-19
 4400.90   1.6472e-18   3.2030e-19
 4403.90   1.8050e-18   2.9806e-19
 4406.90   1.7450e-18   3.1614e-19
 4409.90   1.5663e-18   2.9810e-19
 4412.91   1.5621e-18   3.0236e-19
 4415.91   1.9759e-18   3.0787e-19
 4418.91   2.0626e-18   3.1435e-19
 4421.91   1.9992e-18   3.0094e-19
 4424.91   2.0256e-18   2.8711e-19
 4427.91   2.1291e-18   3.0236e-19
 4430.91   2.1225e-18   3.0164e-19
 4433.91   2.1963e-18   3.3110e-19
 4436.91   2.1131e-18   3.1995e-19
 4439.91   1.8402e-18   2.9594e-19
 4442.91   2.1272e-18   3.0601e-19
 4445.91   1.9327e-18   3.1070e-19
 4448.91   2.1030e-18   3.0754e-19
 4451.91   2.0127e-18   3.3042e-19
 4454.91   2.3551e-18   2.9743e-19
 4457.91   2.3291e-18   3.0239e-19
 4460.91   2.0230e-18   3.0323e-19
 4463.92   2.1488e-18   3.2901e-19
 4466.92   2.0712e-18   2.9873e-19
 4469.92   2.4663e-18   3.0353e-19
 4472.92   2.2948e-18   2.9938e-19
 4475.92   2.5164e-18   2.9126e-19
 4478.92   2.4441e-18   2.9756e-19
 4481.92   2.2808e-18   2.9336e-19
 4484.92   2.1059e-18   2.9462e-19
 4487.92   2.1144e-18   2.9457e-19
 4490.92   2.4522e-18   2.9779e-19
 4493.92   2.3470e-18   2.9874e-19
 4496.92   2.3255e-18   3.0666e-19
 4499.92   2.5198e-18   3.1890e-19
 4502.92   2.5036e-18   3.1266e-19
 4505.92   2.5398e-18   3.2114e-19
 4508.92   2.4416e-18   3.2029e-19
 4511.92   2.6350e-18   3.0401e-19
 4514.93   2.5729e-18   2.9130e-19
 4517.93   2.5212e-18   2.9916e-19
 4520.93   2.7103e-18   3.0976e-19
 4523.93   2.3972e-18   2.9194e-19
 4526.93   2.3517e-18   3.5530e-19
 4529.93   2.2023e-18   3.1021e-19
 4532.93   1.9836e-18   3.2182e-19
 4535.93   2.1689e-18   3.4837e-19
 4538.93   2.1751e-18   3.3638e-19
 4541.93   2.1673e-18   3.1934e-19
 4544.93   1.8072e-18   3.2224e-19
 4547.93   1.7689e-18   3.3629e-19
 4550.93   2.1428e-18   2.8878e-19
 4553.93   1.9126e-18   2.9169e-19
 4556.93   2.0707e-18   2.8406e-19
 4559.93   2.1142e-18   2.8020e-19
 4562.93   2.1045e-18   2.9355e-19
 4565.94   2.0678e-18   2.9594e-19
 4568.94   2.0141e-18   2.7438e-19
 4571.94   2.0448e-18   2.7238e-19
 4574.94   2.1733e-18   2.7653e-19
 4577.94   2.2226e-18   2.7809e-19
 4580.94   2.0211e-18   2.6957e-19
 4583.94   2.0748e-18   2.6978e-19
 4586.94   2.2422e-18   2.6918e-19
 4589.94   2.4745e-18   2.8147e-19
 4592.94   2.3466e-18   2.8204e-19
 4595.94   2.2188e-18   2.6358e-19
 4598.94   2.2760e-18   2.6691e-19
 4601.94   2.2073e-18   2.7852e-19
 4604.94   2.1547e-18   2.7653e-19
 4607.94   2.4657e-18   2.7610e-19
 4610.94   2.5485e-18   2.8585e-19
 4613.94   2.4540e-18   2.8476e-19
 4616.95   2.4242e-18   2.7937e-19
 4619.95   2.4577e-18   2.9166e-19
 4622.95   2.6075e-18   2.9206e-19
 4625.95   2.3845e-18   2.7449e-19
 4628.95   2.2628e-18   2.6538e-19
 4631.95   2.0053e-18   2.5802e-19
 4634.95   2.1891e-18   2.6981e-19
 4637.95   2.2859e-18   2.7387e-19
 4640.95   2.5766e-18   2.7764e-19
 4643.95   2.6927e-18   2.7656e-19
 4646.95   2.7665e-18   2.7779e-19
 4649.95   2.6654e-18   2.8005e-19
 4652.95   2.6456e-18   2.6870e-19
 4655.95   2.7596e-18   2.6549e-19
 4658.95   2.5810e-18   2.6339e-19
 4661.95   2.6428e-18   2.7237e-19
 4664.95   2.7304e-18   2.7946e-19
 4667.96   2.4667e-18   2.7233e-19
 4670.96   2.5705e-18   2.7338e-19
 4673.96   2.5216e-18   2.7021e-19
 4676.96   2.5444e-18   2.6692e-19
 4679.96   2.6526e-18   2.6050e-19
 4682.96   2.4945e-18   2.6491e-19
 4685.96   2.4764e-18   2.6562e-19
 4688.96   2.6574e-18   2.5706e-19
 4691.96   2.5895e-18   2.6104e-19
 4694.96   2.6689e-18   2.6793e-19
 4697.96   2.4814e-18   2.6248e-19
 4700.96   2.4573e-18   2.5396e-19
 4703.96   2.4568e-18   2.5957e-19
 4706.96   2.4917e-18   2.6270e-19
 4709.96   2.4206e-18   2.5346e-19
 4712.96   2.4187e-18   2.4998e-19
 4715.96   2.4535e-18   2.5025e-19
 4718.97   2.4545e-18   2.5566e-19
 4721.97   2.3892e-18   2.6595e-19
 4724.97   2.5392e-18   2.5307e-19
 4727.97   2.4469e-18   2.4664e-19
 4730.97   2.2797e-18   2.4568e-19
 4733.97   2.5055e-18   2.5301e-19
 4736.97   2.4717e-18   2.5672e-19
 4739.97   2.3005e-18   2.4963e-19
 4742.97   2.5045e-18   2.4739e-19
 4745.97   2.3849e-18   2.4807e-19
 4748.97   2.2795e-18   2.5417e-19
 4751.97   2.3544e-18   2.4622e-19
 4754.97   2.3222e-18   2.4228e-19
 4757.97   2.3994e-18   2.4595e-19
 4760.97   2.4589e-18   2.4290e-19
 4763.97   2.1815e-18   2.4078e-19
 4766.97   2.3440e-18   2.4509e-19
 4769.98   2.2956e-18   2.3915e-19
 4772.98   2.0437e-18   2.4182e-19
 4775.98   2.2591e-18   2.4831e-19
 4778.98   2.2803e-18   2.4611e-19
 4781.98   2.1157e-18   2.5017e-19
 4784.98   2.1603e-18   2.3788e-19
 4787.98   2.1784e-18   2.3047e-19
 4790.98   2.1031e-18   2.4133e-19
 4793.98   2.0879e-18   2.4408e-19
 4796.98   2.1290e-18   2.3756e-19
 4799.98   2.0529e-18   2.3161e-19
 4802.98   1.8109e-18   2.3473e-19
 4805.98   2.1005e-18   2.4021e-19
 4808.98   2.1440e-18   2.4020e-19
 4811.98   2.2173e-18   2.4291e-19
 4814.98   1.7001e-18   2.3626e-19
 4817.98   1.8109e-18   2.2906e-19
 4820.99   1.9422e-18   2.3017e-19
 4823.99   1.9931e-18   2.3349e-19
 4826.99   1.9525e-18   2.3567e-19
 4829.99   1.7415e-18   2.2873e-19
 4832.99   1.2277e-18   2.1527e-19
 4835.99   1.5047e-18   2.1883e-19
 4838.99   1.1450e-18   2.1534e-19
 4841.99   1.0663e-18   2.0864e-19
 4844.99   1.3022e-18   2.0543e-19
 4847.99   1.7172e-18   2.1047e-19
 4850.99   1.6257e-18   2.0467e-19
 4853.99   2.0586e-18   2.1609e-19
 4856.99   1.7461e-18   2.1321e-19
 4859.99   2.0565e-18   2.3288e-19
 4862.99   1.6934e-18   2.2087e-19
 4865.99   1.8512e-18   2.1106e-19
 4868.99   1.5892e-18   2.1391e-19
 4872.00   1.5748e-18   2.0973e-19
 4875.00   1.4788e-18   2.1441e-19
 4878.00   1.8010e-18   2.2071e-19
 4881.00   1.8169e-18   2.1758e-19
 4884.00   1.7328e-18   2.1836e-19
 4887.00   1.8010e-18   2.1895e-19
 4890.00   1.5367e-18   2.3665e-19
 4893.00   1.6296e-18   2.1763e-19
 4896.00   1.7023e-18   2.1765e-19
 4899.00   1.7442e-18   2.0555e-19
 4902.00   1.6050e-18   2.0812e-19
 4905.00   1.4342e-18   2.0879e-19
 4908.00   1.5575e-18   2.0819e-19
 4911.00   1.6057e-18   2.2936e-19
 4914.00   1.5687e-18   2.1966e-19
 4917.00   1.4320e-18   2.1114e-19
 4920.00   1.4496e-18   2.1228e-19
 4923.01   1.5462e-18   2.2380e-19
 4926.01   1.6700e-18   2.1133e-19
 4929.01   1.4969e-18   2.0790e-19
 4932.01   1.3612e-18   1.9594e-19
 5094.04   1.5395e-18   1.8298e-19
 5097.04   1.6467e-18   1.9330e-19
 5100.04   1.8555e-18   1.9144e-19
 5103.04   1.8183e-18   1.9160e-19
 5106.04   1.9400e-18   1.8668e-19
 5109.04   1.9749e-18   1.8640e-19
 5112.04   2.0222e-18   1.8911e-19
 5115.04   1.9913e-18   1.8955e-19
 5118.04   1.8264e-18   1.8991e-19
 5121.04   1.9692e-18   1.9283e-19
 5124.04   2.0137e-18   1.9363e-19
 5127.05   2.0844e-18   1.9139e-19
 5130.05   1.9939e-18   1.9156e-19
 5133.05   1.9295e-18   1.8754e-19
 5136.05   1.8505e-18   1.8160e-19
 5139.05   1.9841e-18   1.8754e-19
 5142.05   2.0162e-18   1.8728e-19
 5145.05   2.0194e-18   1.8766e-19
 5148.05   1.8784e-18   1.8528e-19
 5151.05   2.0321e-18   1.8933e-19
 5154.05   2.2811e-18   1.9198e-19
 5157.05   2.2673e-18   1.9139e-19
 5160.05   2.1941e-18   1.8435e-19
 5163.05   2.0972e-18   1.8144e-19
 5166.05   1.9446e-18   1.7860e-19
 5169.05   2.1092e-18   1.8407e-19
 5172.05   2.1610e-18   1.8568e-19
 5175.06   2.0219e-18   1.8293e-19
 5178.06   2.0401e-18   1.8316e-19
 5181.06   1.9954e-18   1.8222e-19
 5184.06   1.9570e-18   1.8178e-19
 5187.06   1.9893e-18   1.8274e-19
 5190.06   2.0601e-18   1.9205e-19
 5193.06   2.0246e-18   1.8858e-19
 5196.06   2.0640e-18   1.8980e-19
 5199.06   1.9045e-18   1.8206e-19
 5202.06   2.3378e-18   1.8991e-19
 5205.06   2.0999e-18   1.8519e-19
 5208.06   2.2479e-18   1.9309e-19
 5211.06   2.1528e-18   1.9272e-19
 5214.06   2.0509e-18   1.8213e-19
 5217.06   1.9606e-18   1.8023e-19
 5220.06   2.0951e-18   1.8717e-19
 5223.06   1.9558e-18   1.8369e-19
 5226.06   2.0273e-18   1.8744e-19
 5229.07   1.9947e-18   1.8645e-19
 5232.07   1.8841e-18   1.9234e-19
 5235.07   2.1172e-18   1.8977e-19
 5238.07   2.1257e-18   1.8986e-19
 5241.07   1.9814e-18   1.8457e-19
 5244.07   2.1131e-18   1.8861e-19
 5247.07   2.4209e-18   1.8925e-19
 5250.07   2.1440e-18   1.8159e-19
 5253.07   2.3199e-18   1.8297e-19
 5256.07   2.1973e-18   1.8277e-19
 5259.07   2.2390e-18   1.8604e-19
 5262.07   2.1756e-18   1.7906e-19
 5265.07   2.1184e-18   1.8064e-19
 5268.07   1.9919e-18   1.7522e-19
 5271.07   2.0078e-18   1.8101e-19
 5274.07   2.1741e-18   1.8202e-19
 5277.08   1.9470e-18   1.8055e-19
 5280.08   2.0199e-18   1.8091e-19
 5283.08   2.0126e-18   1.8421e-19
 5286.08   1.9341e-18   1.8679e-19
 5289.08   1.8485e-18   1.7639e-19
 5292.08   1.9538e-18   1.7997e-19
 5295.08   1.9052e-18   1.8058e-19
 5298.08   1.7590e-18   1.8391e-19
 5301.08   1.8814e-18   1.7938e-19
 5304.08   1.8423e-18   1.8078e-19
 5307.08   1.8948e-18   1.7786e-19
 5310.08   1.9170e-18   1.7778e-19
 5313.08   1.8424e-18   1.8061e-19
 5316.08   1.8058e-18   1.7346e-19
 5319.08   1.8610e-18   1.7563e-19
 5322.08   1.9500e-18   1.8020e-19
 5325.08   1.8873e-18   1.7725e-19
 5328.08   1.8328e-18   2.0119e-19
 5337.09   1.6202e-18   1.9876e-19
 5340.09   1.7504e-18   1.7901e-19
 5343.09   1.8916e-18   1.7837e-19
 5346.09   1.9651e-18   1.8064e-19
 5349.09   1.9171e-18   1.8283e-19
 5352.09   1.9471e-18   1.7804e-19
 5355.09   1.7655e-18   1.7743e-19
 5358.09   1.6318e-18   1.7601e-19
 5361.09   1.8233e-18   1.7537e-19
 5364.09   1.9911e-18   1.7278e-19
 5367.09   1.9813e-18   1.7621e-19
 5370.09   2.0539e-18   1.7467e-19
 5373.09   1.9398e-18   1.7359e-19
 5376.09   1.9684e-18   1.7518e-19
 5379.10   2.0662e-18   1.7786e-19
 5382.10   2.1112e-18   1.7609e-19
 5385.10   1.9470e-18   1.7487e-19
 5388.10   1.7737e-18   1.7407e-19
 5391.10   1.8245e-18   1.7171e-19
 5394.10   1.8500e-18   1.7159e-19
 5397.10   1.9630e-18   1.7465e-19
 5400.10   1.8951e-18   1.7613e-19
 5403.10   1.8064e-18   1.7162e-19
 5406.10   1.8381e-18   1.7030e-19
 5409.10   1.7957e-18   1.7037e-19
 5412.10   1.7024e-18   1.7203e-19
 5415.10   1.8160e-18   1.7307e-19
 5418.10   1.9173e-18   1.7257e-19
 5421.10   1.7549e-18   1.6816e-19
 5424.10   1.6393e-18   1.6848e-19
 5427.10   1.7650e-18   1.7273e-19
 5430.10   1.7548e-18   1.7630e-19
 5433.11   1.6007e-18   1.7091e-19
 5436.11   1.7836e-18   1.7045e-19
 5439.11   1.8129e-18   1.6848e-19
 5442.11   1.6432e-18   1.6679e-19
 5445.11   1.6091e-18   1.7355e-19
 5448.11   1.7176e-18   1.7209e-19
 5451.11   1.9348e-18   1.7330e-19
 5454.11   1.9706e-18   1.7242e-19
 5457.11   1.9318e-18   1.7049e-19
 5460.11   1.9197e-18   1.7303e-19
 5463.11   1.8063e-18   1.7275e-19
 5466.11   1.8080e-18   1.6942e-19
 5469.11   1.8385e-18   1.6939e-19
 5472.11   1.8413e-18   1.6661e-19
 5475.11   1.8804e-18   1.6622e-19
 5478.11   1.9568e-18   1.6915e-19
 5481.12   1.8867e-18   1.6931e-19
 5484.12   1.8498e-18   1.7014e-19
 5487.12   1.8350e-18   1.7286e-19
 5490.12   1.7295e-18   1.6988e-19
 5493.12   1.6953e-18   1.6941e-19
 5496.12   1.7174e-18   1.6868e-19
 5499.12   1.6877e-18   1.7185e-19
 5502.12   1.7493e-18   1.6768e-19
 5505.12   1.6389e-18   1.6820e-19
 5508.12   1.6452e-18   1.6616e-19
 5511.12   1.6498e-18   1.6557e-19
 5514.12   1.7945e-18   1.6892e-19
 5517.12   1.6324e-18   1.6495e-19
 5520.12   1.6889e-18   1.6919e-19
 5523.12   1.6684e-18   1.6837e-19
 5526.12   1.6600e-18   1.6641e-19
 5529.12   1.5291e-18   1.6862e-19
 5532.13   1.5478e-18   1.6704e-19
 5535.13   1.5630e-18   1.6715e-19
 5538.13   1.6783e-18   1.7320e-19
 5541.13   1.5375e-18   1.6637e-19
 5544.13   1.5490e-18   1.6922e-19
 5547.13   1.6404e-18   1.7175e-19
 5550.13   1.5921e-18   1.7064e-19
 5553.13   1.5658e-18   1.7107e-19
 5556.13   1.4534e-18   1.7783e-19
 5559.13   1.1713e-18   2.0304e-19
 5562.13   9.0563e-19   2.5332e-19
 5595.14   2.0012e-18   1.7100e-19
 5598.14   1.6045e-18   1.6780e-19
 5601.14   1.7551e-18   1.7172e-19
 5604.14   1.6054e-18   1.6087e-19
 5607.14   1.7127e-18   1.6899e-19
 5610.14   1.5980e-18   1.6630e-19
 5613.14   1.7165e-18   1.6402e-19
 5616.14   1.7545e-18   1.6675e-19
 5619.14   1.7276e-18   1.6181e-19
 5622.14   1.7656e-18   1.6354e-19
 5625.14   1.7141e-18   1.6546e-19
 5628.14   1.7179e-18   1.6335e-19
 5631.14   1.9169e-18   1.6624e-19
 5634.15   1.7698e-18   1.6163e-19
 5637.15   1.7963e-18   1.6330e-19
 5640.15   1.6964e-18   1.6205e-19
 5643.15   1.9980e-18   1.6060e-19
 5646.15   1.6232e-18   1.5536e-19
 5649.15   1.6604e-18   1.6245e-19
 5652.15   1.7100e-18   1.6045e-19
 5655.15   1.7863e-18   1.5895e-19
 5658.15   1.7541e-18   1.5871e-19
 5661.15   1.6020e-18   1.6192e-19
 5664.15   1.8926e-18   1.6409e-19
 5667.15   1.7113e-18   1.6190e-19
 5670.15   1.7076e-18   1.6328e-19
 5673.15   1.7186e-18   1.6250e-19
 5676.15   1.8682e-18   1.6235e-19
 5679.15   1.5556e-18   1.6244e-19
 5682.15   1.4527e-18   1.5909e-19
 5685.16   1.6292e-18   1.5803e-19
 5688.16   1.5374e-18   1.5895e-19
 5691.16   1.6161e-18   1.5918e-19
 5694.16   1.5396e-18   1.5679e-19
 5697.16   1.8717e-18   1.5839e-19
 5700.16   1.7257e-18   1.5663e-19
 5703.16   1.6733e-18   1.5668e-19
 5706.16   1.9058e-18   1.6015e-19
 5709.16   1.7601e-18   1.5604e-19
 5712.16   1.7568e-18   1.5951e-19
 5715.16   1.9920e-18   1.6243e-19
 5718.16   1.7887e-18   1.5693e-19
 5721.16   1.6552e-18   1.5655e-19
 5724.16   1.6823e-18   1.5554e-19
 5727.16   1.7074e-18   1.6249e-19
 5730.16   1.7145e-18   1.5710e-19
 5733.17   1.7204e-18   1.5880e-19
 5736.17   1.6552e-18   1.5694e-19
 5739.17   1.7739e-18   1.5934e-19
 5742.17   1.5512e-18   1.5219e-19
 5745.17   1.5847e-18   1.5454e-19
 5748.17   1.6201e-18   1.5774e-19
 5751.17   1.6026e-18   1.5162e-19
 5754.17   1.7632e-18   1.5469e-19
 5757.17   2.0647e-18   1.5812e-19
 5760.17   1.8060e-18   1.5554e-19
 5763.17   1.6577e-18   1.5404e-19
 5766.17   1.7032e-18   1.5584e-19
 5769.17   1.6231e-18   1.5354e-19
 5772.17   1.6253e-18   1.5184e-19
 5775.17   1.7419e-18   1.5526e-19
 5778.17   1.8595e-18   1.5468e-19
 5781.17   1.8449e-18   1.5018e-19
 5784.17   1.7706e-18   1.5333e-19
 5787.18   1.8366e-18   1.5682e-19
 5790.18   1.8610e-18   1.5629e-19
 5793.18   1.9534e-18   1.5580e-19
 5796.18   1.8329e-18   1.5504e-19
 5799.18   1.6927e-18   1.5252e-19
 5802.18   1.6993e-18   1.5207e-19
 5805.18   1.7986e-18   1.5609e-19
 5808.18   1.8316e-18   1.5430e-19
 5811.18   1.7046e-18   1.5181e-19
 5814.18   1.6708e-18   1.5452e-19
 5817.18   1.8430e-18   1.5366e-19
 5820.18   1.8806e-18   1.5441e-19
 5823.18   1.8192e-18   1.5336e-19
 5826.18   1.7581e-18   1.5382e-19
 5829.18   1.7618e-18   1.5301e-19
 5832.18   1.9314e-18   1.5518e-19
 5835.19   1.9577e-18   1.5513e-19
 5838.19   1.9917e-18   1.5332e-19
 5841.19   2.0698e-18   1.5343e-19
 5844.19   1.9173e-18   1.5311e-19
 5847.19   1.8928e-18   1.5452e-19
 5850.19   1.9281e-18   1.6045e-19
 5853.19   1.9321e-18   1.5876e-19
 5856.19   2.0064e-18   1.5986e-19
 5859.19   1.9641e-18   1.6030e-19
 5862.19   2.0274e-18   1.6175e-19
 5865.19   1.8721e-18   1.6378e-19
 5868.19   1.6902e-18   1.6419e-19
 5871.19   1.8216e-18   1.7167e-19
 5874.19   1.8661e-18   1.8630e-19
 5877.19   1.6991e-18   1.9812e-19
 5880.19   1.7104e-18   2.1167e-19
 5883.19   1.8241e-18   2.1364e-19
 5886.19   1.7027e-18   2.1268e-19
 5889.20   1.6829e-18   2.1523e-19
 5892.20   1.7547e-18   2.1115e-19
 5895.20   1.7356e-18   1.9250e-19
 5898.20   1.6108e-18   1.7819e-19
 5901.20   1.5986e-18   1.6628e-19
 5904.20   1.6904e-18   1.5755e-19
 5907.20   1.8176e-18   1.6052e-19
 5910.20   1.7788e-18   1.5923e-19
 5913.20   1.6766e-18   1.5712e-19
 5916.20   1.5965e-18   1.5511e-19
 5919.20   1.7345e-18   1.5552e-19
 5922.20   1.8371e-18   1.5616e-19
 5925.20   1.8208e-18   1.5873e-19
 5928.20   1.8570e-18   1.6208e-19
 5931.20   1.8654e-18   1.5823e-19
 5934.20   1.8367e-18   1.5659e-19
 5937.21   2.0088e-18   1.5862e-19
 5940.21   2.0032e-18   1.5975e-19
 5943.21   1.9466e-18   1.5819e-19
 5946.21   1.7585e-18   1.5590e-19
 5949.21   1.6512e-18   1.5406e-19
 5952.21   1.8067e-18   1.5534e-19
 5955.21   1.7680e-18   1.5186e-19
 5958.21   1.6817e-18   1.5188e-19
 5961.21   1.8265e-18   1.5334e-19
 5964.21   1.9222e-18   1.5540e-19
 5967.21   1.7090e-18   1.5355e-19
 5970.21   1.6734e-18   1.5095e-19
 5973.21   1.5198e-18   1.4741e-19
 5976.21   1.5429e-18   1.5072e-19
 5979.21   1.5753e-18   1.5287e-19
 5982.21   1.5614e-18   1.4797e-19
 5985.21   1.5555e-18   1.4451e-19
 5988.21   1.5400e-18   1.4461e-19
 5991.22   1.5895e-18   1.4682e-19
 5994.22   1.5022e-18   1.4371e-19
 5997.22   1.6488e-18   1.4864e-19
 6000.22   1.5195e-18   1.4812e-19
 6003.22   1.3671e-18   1.4550e-19
 6006.22   1.2074e-18   1.4545e-19
 6009.22   1.4241e-18   1.4142e-19
 6012.22   1.4813e-18   1.4080e-19
 6015.22   1.6501e-18   1.4580e-19
 6018.22   1.4461e-18   1.4205e-19
 6021.22   1.4834e-18   1.4353e-19
 6024.22   1.3169e-18   1.3673e-19
 6027.22   1.4956e-18   1.3986e-19
 6030.22   1.7436e-18   1.4186e-19
 6033.22   1.4940e-18   1.4019e-19
 6036.22   1.4115e-18   1.4023e-19
 6039.23   1.3546e-18   1.4016e-19
 6042.23   1.4761e-18   1.4112e-19
 6045.23   1.3894e-18   1.3893e-19
 6048.23   1.4944e-18   1.3932e-19
 6051.23   1.4558e-18   1.4020e-19
 6054.23   1.4764e-18   1.3896e-19
 6057.23   1.6842e-18   1.4271e-19
 6060.23   1.4704e-18   1.3691e-19
 6063.23   1.5496e-18   1.3945e-19
 6066.23   1.7880e-18   1.4405e-19
 6069.23   1.3799e-18   1.3860e-19
 6072.23   1.7072e-18   1.4281e-19
 6075.23   1.5256e-18   1.3695e-19
 6078.23   1.5388e-18   1.3771e-19
 6081.23   1.3979e-18   1.4550e-19
 6084.23   1.3001e-18   1.3520e-19
 6087.23   1.5369e-18   1.3942e-19
 6090.23   1.3836e-18   1.4156e-19
 6093.24   1.3358e-18   1.4381e-19
 6096.24   1.5364e-18   1.4492e-19
 6099.24   1.6973e-18   1.3637e-19
 6102.24   1.6581e-18   1.4035e-19
 6105.24   1.5089e-18   1.5185e-19
 6108.24   1.5283e-18   1.4011e-19
 6111.24   1.4201e-18   1.4023e-19
 6114.24   1.5063e-18   1.3998e-19
 6117.24   1.6475e-18   1.3629e-19
 6120.24   1.6362e-18   1.3892e-19
 6123.24   1.6892e-18   1.3711e-19
 6126.24   1.7801e-18   1.3945e-19
 6129.24   1.6508e-18   1.3542e-19
 6132.24   1.5977e-18   1.3588e-19
 6135.24   1.5955e-18   1.3603e-19
 6138.24   1.7651e-18   1.3721e-19
 6141.25   1.5960e-18   1.3505e-19
 6144.25   1.5472e-18   1.3575e-19
 6147.25   1.4623e-18   1.3256e-19
 6150.25   1.5354e-18   1.3384e-19
 6153.25   1.5300e-18   1.3469e-19
 6156.25   1.5129e-18   1.3394e-19
 6159.25   1.4952e-18   1.3387e-19
 6162.25   1.4077e-18   1.3362e-19
 6165.25   1.4952e-18   1.3452e-19
 6168.25   1.5615e-18   1.3658e-19
 6171.25   1.6805e-18   1.3712e-19
 6174.25   1.6664e-18   1.3725e-19
 6177.25   1.5851e-18   1.3459e-19
 6180.25   1.5942e-18   1.3315e-19
 6183.25   1.6022e-18   1.3228e-19
 6186.25   1.6085e-18   1.3409e-19
 6189.25   1.4261e-18   1.3218e-19
 6192.26   1.6156e-18   1.3447e-19
 6195.26   1.6222e-18   1.3702e-19
 6198.26   1.4964e-18   1.3360e-19
 6201.26   1.4661e-18   1.3282e-19
 6204.26   1.5993e-18   1.3615e-19
 6207.26   1.3964e-18   1.3544e-19
 6210.26   1.5779e-18   1.3830e-19
 6213.26   1.4915e-18   1.3457e-19
 6216.26   1.3844e-18   1.3503e-19
 6219.26   1.3869e-18   1.3752e-19
 6222.26   1.3581e-18   1.4162e-19
 6225.26   1.4537e-18   1.4455e-19
 6228.26   1.5557e-18   1.4784e-19
 6231.26   1.5567e-18   1.5035e-19
 6234.26   1.3957e-18   1.4525e-19
 6237.26   1.2788e-18   1.4337e-19
 6240.26   1.3152e-18   1.4247e-19
 6243.27   1.2233e-18   1.4172e-19
 6246.27   1.3754e-18   1.4372e-19
 6249.27   1.5297e-18   1.4642e-19
 6252.27   1.5409e-18   1.4528e-19
 6255.27   1.5797e-18   1.4377e-19
 6258.27   1.5098e-18   1.4290e-19
 6261.27   1.4043e-18   1.4092e-19
 6264.27   1.5561e-18   1.4154e-19
 6267.27   1.5744e-18   1.3912e-19
 6270.27   1.5763e-18   1.3914e-19
 6273.27   1.6240e-18   1.4334e-19
 6276.27   1.5206e-18   1.4131e-19
 6279.27   1.5097e-18   1.4341e-19
 6282.27   1.3211e-18   1.5453e-19
 6285.27   1.1687e-18   1.7231e-19
 6318.28   1.7381e-18   1.3983e-19
 6321.28   1.8098e-18   1.4131e-19
 6324.28   1.8656e-18   1.4114e-19
 6327.28   1.8729e-18   1.3954e-19
 6330.28   1.9274e-18   1.4155e-19
 6333.28   1.7924e-18   1.3803e-19
 6336.28   1.8259e-18   1.3411e-19
 6339.28   1.8782e-18   1.3534e-19
 6342.28   1.8896e-18   1.3794e-19
 6345.29   1.9219e-18   1.4173e-19
 6348.29   2.0324e-18   1.5082e-19
 6381.29   1.8072e-18   1.3410e-19
 6384.29   1.7518e-18   1.3020e-19
 6387.29   1.8987e-18   1.3041e-19
 6390.29   1.8337e-18   1.2886e-19
 6393.29   1.8222e-18   1.2547e-19
 6396.30   1.8274e-18   1.2622e-19
 6399.30   1.6801e-18   1.2643e-19
 6402.30   1.7705e-18   1.2684e-19
 6405.30   1.8489e-18   1.2677e-19
 6408.30   1.8255e-18   1.2668e-19
 6411.30   1.7220e-18   1.2553e-19
 6414.30   1.7648e-18   1.2618e-19
 6417.30   1.8241e-18   1.2850e-19
 6420.30   1.9276e-18   1.2921e-19
 6423.30   1.8306e-18   1.2736e-19
 6426.30   1.8894e-18   1.2559e-19
 6429.30   1.9174e-18   1.2649e-19
 6432.30   1.9478e-18   1.2552e-19
 6435.30   1.9497e-18   1.2400e-19
 6438.30   1.7578e-18   1.2424e-19
 6441.30   1.9995e-18   1.2781e-19
 6444.30   1.7994e-18   1.2645e-19
 6447.31   1.8985e-18   1.2922e-19
 6450.31   1.9815e-18   1.3223e-19
 6453.31   1.8201e-18   1.3380e-19
 6456.31   1.8914e-18   1.3733e-19
 6459.31   1.7211e-18   1.3425e-19
 6462.31   1.7868e-18   1.3820e-19
 6465.31   1.8979e-18   1.4013e-19
 6468.31   1.8886e-18   1.3379e-19
 6471.31   1.9292e-18   1.3169e-19
 6474.31   1.7199e-18   1.2716e-19
 6477.31   1.8950e-18   1.2672e-19
 6480.31   2.0155e-18   1.3058e-19
 6483.31   1.7997e-18   1.3002e-19
 6486.31   1.6862e-18   1.3114e-19
 6489.31   2.1372e-18   1.4018e-19
 6492.31   2.0086e-18   1.3545e-19
 6495.31   1.9461e-18   1.3809e-19
 6498.32   1.8621e-18   1.3362e-19
 6501.32   2.0105e-18   1.3596e-19
 6504.32   1.8585e-18   1.3236e-19
 6507.32   1.7810e-18   1.2621e-19
 6510.32   1.7482e-18   1.2492e-19
 6513.32   1.8025e-18   1.2669e-19
 6516.32   1.8808e-18   1.2785e-19
 6519.32   1.7497e-18   1.3273e-19
 6522.32   1.8691e-18   1.3370e-19
 6525.32   1.6421e-18   1.2903e-19
 6528.32   1.6813e-18   1.3161e-19
 6531.32   1.7794e-18   1.3543e-19
 6534.32   1.8190e-18   1.3132e-19
 6537.32   1.6748e-18   1.3409e-19
 6540.32   1.6591e-18   1.3452e-19
 6543.32   1.8510e-18   1.3437e-19
 6546.32   1.8050e-18   1.3531e-19
 6549.33   1.6403e-18   1.3026e-19
 6552.33   1.6933e-18   1.3304e-19
 6555.33   1.6696e-18   1.2811e-19
 6558.33   1.8231e-18   1.2653e-19
 6561.33   1.8648e-18   1.3179e-19
 6564.33   1.6911e-18   1.3041e-19
 6567.33   1.7203e-18   1.2853e-19
 6570.33   1.5154e-18   1.2568e-19
 6573.33   1.6134e-18   1.2601e-19
 6576.33   1.6979e-18   1.2539e-19
 6579.33   1.6410e-18   1.2630e-19
 6582.33   1.7989e-18   1.2341e-19
 6585.33   1.6049e-18   1.2116e-19
 6588.33   1.6675e-18   1.2286e-19
 6591.33   1.7164e-18   1.2319e-19
 6594.33   1.6786e-18   1.2037e-19
 6597.33   1.6266e-18   1.1998e-19
 6600.34   1.7774e-18   1.2322e-19
 6603.34   1.7310e-18   1.2407e-19
 6606.34   1.6565e-18   1.2008e-19
 6609.34   1.6420e-18   1.1724e-19
 6612.34   1.7531e-18   1.1980e-19
 6615.34   1.6875e-18   1.1814e-19
 6618.34   1.7485e-18   1.1594e-19
 6621.34   1.7007e-18   1.1467e-19
 6624.34   1.7975e-18   1.1592e-19
 6627.34   1.7845e-18   1.1604e-19
 6630.34   1.6897e-18   1.1634e-19
 6633.34   1.7872e-18   1.1584e-19
 6636.34   1.8545e-18   1.1803e-19
 6639.34   1.6959e-18   1.1691e-19
 6642.34   1.6337e-18   1.1428e-19
 6645.34   1.4533e-18   1.1291e-19
 6648.34   1.5075e-18   1.1177e-19
 6651.35   1.6176e-18   1.1410e-19
 6654.35   1.5724e-18   1.1334e-19
 6657.35   1.5380e-18   1.1212e-19
 6660.35   1.5739e-18   1.1487e-19
 6663.35   1.6135e-18   1.1604e-19
 6666.35   1.6946e-18   1.1580e-19
 6669.35   1.5930e-18   1.1355e-19
 6672.35   1.7012e-18   1.1516e-19
 6675.35   1.7219e-18   1.1449e-19
 6678.35   1.5823e-18   1.1383e-19
 6681.35   1.6816e-18   1.1705e-19
 6684.35   1.6556e-18   1.1758e-19
 6687.35   1.8034e-18   1.1929e-19
 6690.35   1.6857e-18   1.1553e-19
 6693.35   1.6706e-18   1.1434e-19
 6696.35   1.7174e-18   1.1430e-19
 6699.35   1.7021e-18   1.1497e-19
 6702.36   1.6965e-18   1.1608e-19
 6705.36   1.7219e-18   1.1571e-19
 6708.36   1.6089e-18   1.1294e-19
 6711.36   1.6233e-18   1.1379e-19
 6714.36   1.6762e-18   1.1313e-19
 6717.36   1.7124e-18   1.1308e-19
 6720.36   1.6899e-18   1.1282e-19
 6723.36   1.5606e-18   1.1083e-19
 6726.36   1.4829e-18   1.0951e-19
 6729.36   1.5121e-18   1.1118e-19
 6732.36   1.5833e-18   1.1131e-19
 6735.36   1.5758e-18   1.1035e-19
 6738.36   1.5318e-18   1.1087e-19
 6741.36   1.6216e-18   1.1149e-19
 6744.36   1.7784e-18   1.1240e-19
 6747.36   1.8253e-18   1.1283e-19
 6750.36   1.7953e-18   1.1185e-19
 6753.37   1.8206e-18   1.1253e-19
 6756.37   1.7748e-18   1.1190e-19
 6759.37   1.7215e-18   1.1078e-19
 6762.37   1.7332e-18   1.1065e-19
 6765.37   1.6477e-18   1.1079e-19
 6768.37   1.6863e-18   1.1055e-19
 6771.37   1.6931e-18   1.0951e-19
 6774.37   1.6492e-18   1.0951e-19
 6777.37   1.7062e-18   1.0949e-19
 6780.37   1.7279e-18   1.0888e-19
 6783.37   1.7847e-18   1.1082e-19
 6786.37   1.7475e-18   1.1086e-19
 6789.37   1.6663e-18   1.1072e-19
 6792.37   1.6815e-18   1.1190e-19
 6795.37   1.6384e-18   1.1004e-19
 6798.37   1.6014e-18   1.0875e-19
 6801.38   1.6190e-18   1.1001e-19
 6804.38   1.6468e-18   1.1285e-19
 6807.38   1.6268e-18   1.1301e-19
 6810.38   1.6182e-18   1.1364e-19
 6813.38   1.6143e-18   1.1941e-19
 6816.38   1.6697e-18   1.2887e-19
 6819.38   1.7873e-18   1.3832e-19
 6822.38   1.6108e-18   1.3776e-19
 6825.38   1.5706e-18   1.3472e-19
 6828.38   1.7037e-18   1.3811e-19
 6831.38   1.6918e-18   1.3580e-19
 6834.38   1.5666e-18   1.2828e-19
 6837.38   1.6456e-18   1.2387e-19
 6840.38   1.6028e-18   1.1759e-19
 6843.38   1.5218e-18   1.1417e-19
 6846.38   1.5942e-18   1.1949e-19
 6849.38   1.5431e-18   1.2486e-19
 6852.38   1.5776e-18   1.2924e-19
 6855.39   1.6246e-18   1.3311e-19
 6858.39   1.4853e-18   1.3030e-19
 6861.39   1.3283e-18   1.2785e-19
 6864.39   1.3413e-18   1.2846e-19
 6867.39   1.3434e-18   1.2360e-19
 6870.39   1.2291e-18   1.1230e-19
 6873.39   1.3801e-18   1.1272e-19
 6876.39   1.4065e-18   1.1256e-19
 6879.39   1.3219e-18   1.1125e-19
 6882.39   1.1770e-18   1.1145e-19
 6885.39   1.3087e-18   1.1292e-19
 6888.39   1.5002e-18   1.1725e-19
 6891.39   1.3604e-18   1.1210e-19
 6894.39   1.3369e-18   1.1088e-19
 6897.39   1.2433e-18   1.1017e-19
 6900.39   1.3500e-18   1.1281e-19
 6903.40   1.4093e-18   1.1170e-19
 6906.40   1.3860e-18   1.1549e-19
 6909.40   1.4135e-18   1.1933e-19
 6912.40   1.3422e-18   1.2012e-19
 6915.40   1.3834e-18   1.2302e-19
 6918.40   1.2365e-18   1.1671e-19
 6921.40   1.2072e-18   1.1745e-19
 6924.40   1.2095e-18   1.1850e-19
 6927.40   1.1587e-18   1.1563e-19
 6930.40   1.2414e-18   1.1344e-19
 6933.40   1.1355e-18   1.1833e-19
 6936.40   1.1785e-18   1.2075e-19
 6939.40   1.1650e-18   1.2169e-19
 6942.40   1.1491e-18   1.2142e-19
 6945.40   1.0525e-18   1.2039e-19
 6948.40   9.8873e-19   1.1562e-19
 6951.40   1.1372e-18   1.1856e-19
 6954.41   1.0041e-18   1.1093e-19
 6957.41   1.0171e-18   1.0884e-19
 6960.41   1.1743e-18   1.1449e-19
 6963.41   9.3816e-19   1.1335e-19
 6966.41   1.0021e-18   1.1656e-19
 6969.41   8.1565e-19   1.1442e-19
 6972.41   9.6537e-19   1.1393e-19
 6975.41   8.9093e-19   1.1083e-19
 6978.41   1.0524e-18   1.1320e-19
 6981.41   9.8252e-19   1.0893e-19
 6984.41   9.2454e-19   1.0173e-19
 6987.41   1.0574e-18   1.0370e-19
 6990.41   9.1539e-19   1.0329e-19
 6993.41   9.6416e-19   1.0421e-19
 6996.41   9.1037e-19   1.0708e-19
 6999.41   1.0503e-18   1.0988e-19
 7002.41   9.8356e-19   1.0830e-19
 7005.42   1.0324e-18   1.0744e-19
 7008.42   9.5353e-19   1.0429e-19
 7011.42   9.0270e-19   1.0193e-19
 7014.42   1.0367e-18   1.0454e-19
 7017.42   8.8235e-19   1.0125e-19
 7020.42   9.4129e-19   1.0100e-19
 7023.42   1.0022e-18   1.0199e-19
 7026.42   1.0345e-18   1.0608e-19
 7029.42   1.0362e-18   1.0699e-19
 7032.42   8.8950e-19   1.0380e-19
 7035.42   9.7616e-19   1.0586e-19
 7038.42   1.0011e-18   1.0737e-19
 7041.42   1.0335e-18   1.0641e-19
 7044.42   1.0507e-18   1.0781e-19
 7047.42   1.0429e-18   1.0640e-19
 7050.42   1.1812e-18   1.0964e-19
 7053.42   1.2031e-18   1.0736e-19
 7056.43   1.1518e-18   1.0748e-19
 7059.43   1.0982e-18   1.0324e-19
 7062.43   1.0918e-18   1.0388e-19
 7065.43   1.1114e-18   1.0584e-19
 7068.43   1.2774e-18   1.0892e-19
 7071.43   1.1010e-18   1.0415e-19
 7074.43   1.2815e-18   1.0782e-19
 7077.43   1.2718e-18   1.0389e-19
 7080.43   1.2129e-18   1.0628e-19
 7083.43   1.1412e-18   1.0208e-19
 7086.43   1.2269e-18   1.0255e-19
 7089.43   1.2240e-18   1.0242e-19
 7092.43   1.2199e-18   1.0300e-19
 7095.43   1.3499e-18   1.0585e-19
 7098.43   1.2536e-18   1.0110e-19
 7101.43   1.3249e-18   1.0235e-19
 7104.43   1.3569e-18   1.0295e-19
 7107.44   1.2800e-18   1.0231e-19
 7110.44   1.2592e-18   9.9828e-20
 7113.44   1.3924e-18   1.0231e-19
 7116.44   1.4137e-18   1.0351e-19
 7119.44   1.4355e-18   1.0455e-19
 7122.44   1.3852e-18   1.0296e-19
 7125.44   1.3472e-18   1.0430e-19
 7128.44   1.3641e-18   1.0672e-19
 7131.44   1.3483e-18   1.0540e-19
 7134.44   1.5000e-18   1.0714e-19
 7137.44   1.4758e-18   1.0785e-19
 7140.44   1.4029e-18   1.0563e-19
 7143.44   1.3770e-18   1.0528e-19
 7146.44   1.3710e-18   1.0551e-19
 7149.44   1.3551e-18   1.0444e-19
 7152.44   1.4230e-18   1.0401e-19
 7155.44   1.5796e-18   1.0637e-19
 7158.45   1.4906e-18   1.0573e-19
 7161.45   1.4496e-18   1.0494e-19
 7164.45   1.5202e-18   1.0485e-19
 7167.45   1.4741e-18   1.0496e-19
 7170.45   1.5044e-18   1.0603e-19
 7173.45   1.0797e-18   1.0591e-19
 7176.45   1.0821e-18   1.0456e-19
 7179.45   1.1488e-18   1.0842e-19
 7182.45   1.0976e-18   1.0112e-19
 7185.45   1.5311e-18   1.0208e-19
 7188.45   1.4644e-18   1.0077e-19
 7191.45   1.5559e-18   1.0170e-19
 7194.45   1.5530e-18   1.0274e-19
 7197.45   1.4327e-18   1.0282e-19
 7200.45   1.3865e-18   1.0103e-19
 7203.45   1.4978e-18   1.0336e-19
 7206.45   1.5616e-18   1.0601e-19
 7209.46   1.4964e-18   1.0514e-19
 7212.46   1.4858e-18   1.0190e-19
 7215.46   1.5774e-18   1.0284e-19
 7218.46   1.5418e-18   1.0390e-19
 7221.46   1.4435e-18   1.0659e-19
 7224.46   1.2839e-18   1.1817e-19
 7227.46   1.2571e-18   1.3933e-19
 7230.46   1.1547e-18   1.5254e-19
 7233.46   1.3807e-18   1.6535e-19
 7236.46   1.2986e-18   1.6007e-19
 7239.46   1.4131e-18   1.6526e-19
 7242.46   1.3966e-18   1.6418e-19
 7245.46   1.2967e-18   1.5739e-19
 7248.46   1.2072e-18   1.3951e-19
 7251.46   1.3927e-18   1.2541e-19
 7254.46   1.5182e-18   1.2193e-19
 7257.46   1.5425e-18   1.2186e-19
 7260.47   1.4532e-18   1.3269e-19
 7263.47   1.4480e-18   1.4793e-19
 7266.47   1.3370e-18   1.5063e-19
 7269.47   1.3092e-18   1.5356e-19
 7272.47   1.4612e-18   1.6472e-19
 7275.47   1.4426e-18   1.6417e-19
 7278.47   1.5125e-18   1.5778e-19
 7281.47   1.4400e-18   1.4553e-19
 7284.47   1.3688e-18   1.3330e-19
 7287.47   1.4301e-18   1.3054e-19
 7290.47   1.5190e-18   1.2710e-19
 7293.47   1.3156e-18   1.2496e-19
 7296.47   1.2697e-18   1.2357e-19
 7299.47   1.3782e-18   1.3451e-19
 7302.47   1.3119e-18   1.4351e-19
 7305.47   1.1859e-18   1.4303e-19
 7308.47   1.1594e-18   1.4440e-19
 7311.48   1.3166e-18   1.4308e-19
 7314.48   1.4216e-18   1.4786e-19
 7317.48   1.3554e-18   1.5056e-19
 7320.48   1.2107e-18   1.4072e-19
 7323.48   1.3194e-18   1.3604e-19
 7326.48   1.3432e-18   1.4427e-19
 7329.48   1.4048e-18   1.5480e-19
 7332.48   1.3890e-18   1.5462e-19
 7335.48   1.3588e-18   1.5216e-19
 7338.48   1.2982e-18   1.4746e-19
 7341.48   1.2651e-18   1.4556e-19
 7344.48   1.2275e-18   1.4389e-19
 7347.48   1.3768e-18   1.3410e-19
 7350.48   1.3263e-18   1.2373e-19
 7353.48   1.2451e-18   1.3251e-19
 7356.48   1.3198e-18   1.4571e-19
 7359.48   1.3001e-18   1.4948e-19
 7362.49   1.4425e-18   1.4875e-19
 7365.49   1.4014e-18   1.4009e-19
 7368.49   1.3504e-18   1.3615e-19
 7371.49   1.3721e-18   1.3608e-19
 7374.49   1.2735e-18   1.2600e-19
 7377.49   1.2344e-18   1.1832e-19
 7380.49   1.3179e-18   1.1647e-19
 7383.49   1.3617e-18   1.1763e-19
 7386.49   1.3186e-18   1.2288e-19
 7389.49   1.2684e-18   1.2926e-19
 7392.49   1.3103e-18   1.3177e-19
 7395.49   1.2944e-18   1.3054e-19
 7398.49   1.4316e-18   1.2956e-19
 7401.49   1.4669e-18   1.2683e-19
 7404.49   1.2482e-18   1.2263e-19
 7407.49   1.2588e-18   1.1621e-19
 7410.49   1.3539e-18   1.0774e-19
 7413.50   1.3792e-18   1.0749e-19
 7416.50   1.1385e-18   1.0613e-19
 7419.50   1.1920e-18   1.0688e-19
 7422.50   1.2802e-18   1.1248e-19
 7425.50   1.3248e-18   1.1935e-19
 7428.50   1.3400e-18   1.1891e-19
 7431.50   1.3977e-18   1.1984e-19
 7434.50   1.4049e-18   1.2077e-19
 7437.50   1.2927e-18   1.1404e-19
 7440.50   1.3173e-18   1.1293e-19
 7443.50   1.3118e-18   1.1070e-19
 7446.50   1.3112e-18   1.0638e-19
 7449.50   1.3672e-18   1.0754e-19
 7452.50   1.3171e-18   1.0918e-19
 7455.50   1.2805e-18   1.1058e-19
 7458.50   1.3410e-18   1.1638e-19
 7461.50   1.3698e-18   1.2202e-19
 7464.51   1.3076e-18   1.2354e-19
 7467.51   1.4053e-18   1.3094e-19
 7470.51   1.3946e-18   1.3461e-19
 7473.51   1.3347e-18   1.3190e-19
 7476.51   1.3912e-18   1.2827e-19
 7479.51   1.5670e-18   1.2859e-19
 7482.51   1.5487e-18   1.2486e-19
 7485.51   1.6723e-18   1.2230e-19
 7488.51   1.7786e-18   1.1616e-19
 7491.51   1.9520e-18   1.1311e-19
 7494.51   2.0151e-18   1.1142e-19
 7497.51   2.0945e-18   1.1173e-19
 7500.51   1.9392e-18   1.0918e-19
 7503.51   1.6276e-18   1.0703e-19
 7506.51   1.3948e-18   1.0840e-19
 7509.51   1.2510e-18   1.1789e-19
 7512.51   1.3503e-18   1.2919e-19
 7515.52   1.3755e-18   1.3531e-19
 7518.52   1.6145e-18   1.3800e-19
 7521.52   1.5879e-18   1.3560e-19
 7524.52   1.5030e-18   1.3592e-19
 7527.52   1.3651e-18   1.3218e-19
 7530.52   1.2390e-18   1.2456e-19
 7533.52   1.3580e-18   1.1836e-19
 7536.52   1.2829e-18   1.1056e-19
 7539.52   1.1940e-18   1.0555e-19
 7542.52   1.1688e-18   1.0660e-19
 7545.52   1.0586e-18   1.0853e-19
 7548.52   1.2130e-18   1.1018e-19
 7551.52   1.2422e-18   1.0708e-19
 7554.52   1.3824e-18   1.1353e-19
 7557.52   1.1943e-18   1.1857e-19
 7560.52   1.1880e-18   1.2685e-19
 7563.52   1.1316e-18   1.2558e-19
 7566.53   1.0609e-18   1.2249e-19
 7569.53   1.1218e-18   1.2311e-19
 7572.53   1.0549e-18   1.2280e-19
 7575.53   1.0166e-18   1.2091e-19
 7578.53   1.1332e-18   1.1807e-19
 7581.53   1.1197e-18   1.0823e-19
 7584.53   1.1438e-18   1.0999e-19
 7587.53   1.0713e-18   1.0845e-19
 7659.54   1.1352e-18   1.0680e-19
 7662.54   1.1055e-18   1.0394e-19
 7665.54   1.2655e-18   1.0926e-19
 7668.55   1.2665e-18   1.0579e-19
 7671.55   1.2513e-18   1.0372e-19
 7674.55   1.2752e-18   1.0521e-19
 7677.55   1.2108e-18   1.0697e-19
 7680.55   1.2245e-18   1.1052e-19
 7683.55   1.3488e-18   1.1212e-19
 7686.55   1.2989e-18   1.1332e-19
 7689.55   1.1078e-18   1.1014e-19
 7692.55   1.2761e-18   1.1591e-19
 7695.55   1.0675e-18   1.2042e-19
 7698.55   8.8658e-19   1.2460e-19
 7701.55   8.8084e-19   1.5224e-19
 7704.55   1.0733e-18   1.8119e-19
 7707.55   1.3620e-18   1.8157e-19
 7710.55   1.0198e-18   1.8167e-19
 7713.55   1.4756e-18   1.9087e-19
 7716.56   1.0241e-18   1.8148e-19
 7719.56   8.3471e-19   1.6223e-19
 7722.56   1.0341e-18   1.5263e-19
 7725.56   1.0542e-18   1.3624e-19
 7728.56   9.8452e-19   1.2338e-19
 7731.56   1.0357e-18   1.2627e-19
 7734.56   9.2329e-19   1.2027e-19
 7737.56   1.1610e-18   1.6105e-19
 7740.56   9.3565e-19   1.6398e-19
 7743.56   1.1097e-18   1.7431e-19
 7746.56   8.3662e-19   1.7215e-19
 7749.56   1.3603e-18   1.7864e-19
 7752.56   9.7369e-19   1.6317e-19
 7755.56   1.0559e-18   1.7771e-19
 7758.56   7.9587e-19   1.4996e-19
 7761.56   1.0612e-18   1.4681e-19
 7764.56   1.0144e-18   1.3780e-19
 7767.56   9.9424e-19   1.3440e-19
 7770.57   1.2096e-18   1.3752e-19
 7773.57   1.1468e-18   1.4107e-19
 7776.57   1.0622e-18   1.3809e-19
 7779.57   9.9420e-19   1.4765e-19
 7782.57   1.0669e-18   1.7139e-19
 7785.57   1.0696e-18   1.6103e-19
 7788.57   9.1218e-19   1.6221e-19
 7791.57   8.0617e-19   1.5487e-19
 7794.57   7.0205e-19   1.5053e-19
 7797.57   8.7990e-19   1.7366e-19
 7800.57   8.6047e-19   1.4932e-19
 7803.57   9.0021e-19   1.4222e-19
 7806.57   8.1378e-19   1.4329e-19
 7809.57   1.3267e-18   1.7592e-19
 7812.57   1.3051e-18   1.7370e-19
 7815.57   1.1540e-18   1.6428e-19
 7818.58   1.0175e-18   1.6183e-19
 7821.58   1.2128e-18   1.6579e-19
 7824.58   1.1030e-18   1.5987e-19
 7827.58   7.2976e-19   1.4451e-19
 7830.58   1.2012e-18   1.4493e-19
 7833.58   1.0019e-18   1.3296e-19
 7836.58   1.1165e-18   1.4071e-19
 7839.58   8.2969e-19   1.6535e-19
 7842.58   1.0625e-18   1.8703e-19
 7845.58   9.1708e-19   1.8072e-19
 7848.58   6.8442e-19   1.7679e-19
 7851.58   5.6957e-19   1.5511e-19
 7854.58   1.0038e-18   1.7728e-19
 7857.58   9.1167e-19   1.8032e-19
 7860.58   6.1509e-19   1.4806e-19
 7863.58   1.0119e-18   1.8189e-19
 7866.58   9.9016e-19   1.6810e-19
 7869.58   1.0778e-18   1.6581e-19
 7872.59   1.0846e-18   1.6293e-19
 7875.59   1.0596e-18   1.6678e-19
 7878.59   8.3658e-19   1.7186e-19
 7881.59   1.0606e-18   1.6389e-19
 7884.59   6.1626e-19   1.4070e-19
 7887.59   7.1982e-19   1.7194e-19
 7890.59   4.7530e-19   1.4135e-19
 7893.59   5.1735e-19   1.4505e-19
 7896.59   4.0900e-19   1.2181e-19
 7899.59   5.2007e-19   1.4023e-19
 7902.59   4.4051e-19   1.6497e-19
 7905.59   1.0118e-18   1.9371e-19
 7908.59   8.4156e-19   2.0028e-19
 7911.59   9.6804e-19   2.0093e-19
 7914.59   9.4199e-19   2.1400e-19
 7917.59   8.1606e-19   1.9575e-19
 7920.60   4.7916e-19   1.6557e-19
 7923.60   1.0346e-18   1.7836e-19
 7926.60   8.8771e-19   1.5867e-19
 7929.60   9.3943e-19   1.4647e-19
 7932.60   1.1415e-18   1.4525e-19
 7935.60   7.9453e-19   1.3177e-19
 7938.60   8.4229e-19   1.3570e-19
 7941.60   1.1221e-18   1.3412e-19
 7944.60   9.8058e-19   1.3194e-19
 7947.60   9.9558e-19   1.3464e-19
 7950.60   7.5037e-19   1.4053e-19
 7953.60   3.9426e-19   1.2468e-19
 7956.60   5.8142e-19   1.3934e-19
 7959.60   8.2722e-19   1.6020e-19
 7962.60   8.1755e-19   1.6025e-19
 7965.60   7.6338e-19   1.6563e-19
 7968.60   6.8607e-19   1.6522e-19
 7971.60   7.0441e-19   1.4470e-19
 7974.61   1.0849e-18   1.5213e-19
 7977.61   1.2148e-18   1.4985e-19
 7980.61   1.1768e-18   1.6751e-19
 7983.61   1.2496e-18   1.7854e-19
 7986.61   1.5105e-18   1.7974e-19
 7989.61   1.3941e-18   1.7330e-19
 7992.61   1.3087e-18   1.6937e-19
 7995.61   1.3419e-18   1.6488e-19
 7998.61   1.0955e-18   1.6171e-19
 8001.61   8.2552e-19   1.4211e-19
 8004.61   9.7972e-19   1.3839e-19
 8007.61   9.8597e-19   1.3826e-19
 8010.61   9.3571e-19   1.3813e-19
 8013.61   9.8594e-19   1.6504e-19
 8016.61   9.6874e-19   1.9075e-19
 8019.61   1.0127e-18   1.6262e-19
 8022.62   8.2870e-19   1.5986e-19
 8025.62   8.1839e-19   1.5430e-19
 8028.62   1.0335e-18   1.6177e-19
 8031.62   8.9249e-19   1.5155e-19
 8034.62   9.0491e-19   1.2569e-19
 8037.62   9.6325e-19   1.2528e-19
 8040.62   1.2101e-18   1.2623e-19
 8043.62   1.1382e-18   1.2535e-19
 8046.62   9.5636e-19   1.2673e-19
 8049.62   1.0481e-18   1.3845e-19
 8052.62   1.1391e-18   1.4458e-19
 8055.62   1.1947e-18   1.4435e-19
 8058.62   1.0542e-18   1.4815e-19
 8061.62   1.1235e-18   1.3302e-19
 8064.62   1.2855e-18   1.3370e-19
 8067.62   1.1911e-18   1.3465e-19
 8070.62   9.5514e-19   1.2025e-19
 8073.62   1.0385e-18   1.1743e-19
 8076.63   1.1753e-18   1.1825e-19
 8079.63   1.1267e-18   1.1366e-19
 8082.63   1.1130e-18   1.1748e-19
 8085.63   1.1748e-18   1.1823e-19
 8088.63   1.0753e-18   1.1937e-19
 8091.63   9.9714e-19   1.2097e-19
 8094.63   1.0661e-18   1.2907e-19
 8097.63   1.1849e-18   1.2850e-19
 8100.63   9.7609e-19   1.2181e-19
 8103.63   1.0765e-18   1.2101e-19
 8106.63   9.8299e-19   1.2099e-19
 8109.63   9.8104e-19   1.1831e-19
 8112.63   1.0005e-18   1.1107e-19
 8115.63   9.5151e-19   1.0727e-19
 8118.63   1.0296e-18   1.1010e-19
 8121.63   1.0992e-18   1.0930e-19
 8124.64   9.9951e-19   1.0815e-19
 8127.64   1.0481e-18   1.1457e-19
 8130.64   1.0279e-18   1.1362e-19
 8133.64   8.6312e-19   1.1145e-19
 8136.64   9.7281e-19   1.1511e-19
 8139.64   9.7663e-19   1.1545e-19
 8142.64   9.9774e-19   1.1508e-19
 8145.64   8.1760e-19   1.0905e-19
 8148.64   9.7680e-19   1.1023e-19
 8151.64   9.7155e-19   1.0917e-19
