 
TRANSIENT_NAME:     DES14E2u   
SNID:               1291090    
OBS_DATE:           2014-09-01
MJD:                56901. 
PHASE:              -3.    
MJD_MAX:            56905.0
TYPE:               1  
SPEC_EVAL:          SNIa
REDSHIFT:           0.2923  
REDSHIFT_ERR:       0.0005  
REDSHIFT_SOURCE:    Z_GAL
TELESCOPE:          VLT
INSTRUMENT:         X-SHOOTER
 
======================================
 
# WAVE  FLUX  FLUX_ERR
 3400.00   1.3475e-18   9.9999e+04
 3405.00   1.3475e-18   1.1997e-17
 3410.00   1.4682e-17   1.1894e-17
 3415.00   2.3523e-17   1.2386e-17
 3420.00   1.6160e-17   1.2784e-17
 3425.00   2.2708e-17   1.3149e-17
 3430.00   5.0676e-17   1.3725e-17
 3435.00   1.6261e-17   1.4051e-17
 3440.00   3.1822e-17   1.4322e-17
 3445.00  -9.2241e-18   1.4567e-17
 3450.00   3.6457e-17   1.5563e-17
 3455.00   3.0524e-17   1.6082e-17
 3460.00   1.5302e-17   1.5854e-17
 3465.00   2.6295e-17   1.5886e-17
 3470.00   3.0224e-17   1.5698e-17
 3475.00   2.7894e-17   1.5312e-17
 3480.00   2.6472e-17   1.5581e-17
 3485.00   3.6909e-18   1.4799e-17
 3490.00   2.8399e-17   1.4013e-17
 3495.00   1.7951e-17   1.2907e-17
 3500.00   8.0674e-18   1.2175e-17
 3505.00   3.6044e-17   1.1733e-17
 3510.00   5.6882e-17   1.1606e-17
 3515.00   4.6566e-17   1.0732e-17
 3520.00   4.2343e-17   1.0039e-17
 3525.00   4.6514e-17   9.6783e-18
 3530.00   3.7599e-17   9.4137e-18
 3535.00   2.0248e-17   8.9417e-18
 3540.00   3.6048e-17   9.3766e-18
 3545.00   3.7538e-17   9.8827e-18
 3550.00   3.7938e-17   9.4368e-18
 3555.00   4.1516e-17   9.4349e-18
 3560.00   3.5731e-17   8.9966e-18
 3565.00   5.4492e-17   8.8067e-18
 3570.00   4.3167e-17   8.5220e-18
 3575.00   4.5065e-17   8.5668e-18
 3580.00   5.4228e-17   8.5431e-18
 3585.00   5.7247e-17   8.8855e-18
 3590.00   3.8825e-17   8.9787e-18
 3595.00   4.7202e-17   9.2783e-18
 3600.00   6.9099e-17   9.6678e-18
 3605.00   5.5823e-17   9.8919e-18
 3610.00   5.4145e-17   1.0238e-17
 3615.00   5.2233e-17   1.1014e-17
 3620.00   4.5340e-17   1.1375e-17
 3625.00   6.0112e-17   1.1859e-17
 3630.00   8.1531e-17   1.2040e-17
 3635.00   6.7805e-17   1.2307e-17
 3640.00   6.8690e-17   1.1964e-17
 3645.00   5.6911e-17   1.1467e-17
 3650.00   8.6677e-17   1.0992e-17
 3655.00   6.1247e-17   1.0344e-17
 3660.00   7.8207e-17   1.0050e-17
 3665.00   7.2752e-17   9.4828e-18
 3670.00   7.7746e-17   8.7268e-18
 3675.00   8.7537e-17   8.3242e-18
 3680.00   8.0428e-17   7.7553e-18
 3685.00   6.9078e-17   7.2887e-18
 3690.00   8.0534e-17   7.0303e-18
 3695.00   7.6317e-17   6.7400e-18
 3700.00   7.2450e-17   6.8839e-18
 3705.00   8.4599e-17   6.6467e-18
 3710.00   7.0774e-17   6.2991e-18
 3715.00   9.1123e-17   6.2657e-18
 3720.00   7.4347e-17   5.8559e-18
 3725.00   9.0433e-17   5.9778e-18
 3730.00   8.9104e-17   6.2353e-18
 3735.00   8.3707e-17   6.3014e-18
 3740.00   7.6724e-17   6.6775e-18
 3745.00   8.2688e-17   6.3214e-18
 3750.00   1.0003e-16   6.1976e-18
 3755.00   1.0482e-16   6.5316e-18
 3760.00   9.5884e-17   6.5131e-18
 3765.00   8.5037e-17   6.3860e-18
 3770.00   9.3823e-17   6.6239e-18
 3775.00   1.0244e-16   7.0354e-18
 3780.00   1.1096e-16   7.1684e-18
 3785.00   1.0959e-16   7.4226e-18
 3790.00   1.1708e-16   7.5779e-18
 3795.00   1.1212e-16   7.7532e-18
 3800.00   1.1596e-16   7.8340e-18
 3805.00   1.1302e-16   7.9838e-18
 3810.00   1.1504e-16   8.1754e-18
 3815.00   1.1006e-16   8.2278e-18
 3820.00   1.1211e-16   8.1317e-18
 3825.00   1.0771e-16   7.9190e-18
 3830.00   9.8490e-17   8.1900e-18
 3835.00   1.1027e-16   7.7722e-18
 3840.00   9.8528e-17   7.4884e-18
 3845.00   1.1140e-16   7.3333e-18
 3850.00   8.8262e-17   6.8502e-18
 3855.00   7.6135e-17   6.5326e-18
 3860.00   9.4478e-17   6.4712e-18
 3865.00   1.0913e-16   6.2324e-18
 3870.00   9.5603e-17   5.7336e-18
 3875.00   8.6198e-17   5.5707e-18
 3880.00   9.7104e-17   5.3117e-18
 3885.00   9.7642e-17   5.1664e-18
 3890.00   1.1045e-16   5.1107e-18
 3895.00   1.1278e-16   5.0372e-18
 3900.00   1.0877e-16   4.9894e-18
 3905.00   1.0055e-16   5.0526e-18
 3910.00   1.1307e-16   5.1011e-18
 3915.00   1.1307e-16   4.9122e-18
 3920.00   1.1434e-16   4.7614e-18
 3925.00   1.1458e-16   4.6688e-18
 3930.00   1.0481e-16   4.4772e-18
 3935.00   1.0742e-16   4.4079e-18
 3940.00   1.1151e-16   4.7158e-18
 3945.00   1.1735e-16   4.8368e-18
 3950.00   1.1850e-16   4.8924e-18
 3955.00   1.2053e-16   4.8054e-18
 3960.00   1.2108e-16   4.8503e-18
 3965.00   1.2312e-16   4.8090e-18
 3970.00   1.1814e-16   4.7148e-18
 3975.00   1.2409e-16   5.1126e-18
 3980.00   1.2463e-16   5.3817e-18
 3985.00   1.1794e-16   5.3588e-18
 3990.00   1.2086e-16   5.5190e-18
 3995.00   1.2235e-16   5.5765e-18
 4000.00   1.2172e-16   5.6968e-18
 4005.00   1.1918e-16   5.7765e-18
 4010.00   1.1952e-16   6.0475e-18
 4015.00   1.2457e-16   6.0479e-18
 4020.00   1.1527e-16   6.0173e-18
 4025.00   1.1944e-16   6.0136e-18
 4030.00   1.1042e-16   5.9282e-18
 4035.00   1.0895e-16   5.8949e-18
 4040.00   1.1809e-16   5.9438e-18
 4045.00   1.0756e-16   5.8471e-18
 4050.00   1.0172e-16   5.7301e-18
 4055.00   1.0365e-16   5.5419e-18
 4060.00   1.0859e-16   5.5515e-18
 4065.00   9.8749e-17   5.6790e-18
 4070.00   1.0778e-16   5.5208e-18
 4075.00   9.4033e-17   5.4053e-18
 4080.00   9.8948e-17   5.0738e-18
 4085.00   9.9563e-17   4.8926e-18
 4090.00   9.2289e-17   4.7401e-18
 4095.00   1.0753e-16   4.6526e-18
 4100.00   1.0508e-16   4.4622e-18
 4105.00   1.0387e-16   4.3739e-18
 4110.00   8.8462e-17   4.2772e-18
 4115.00   9.4503e-17   4.2583e-18
 4120.00   9.7211e-17   4.2117e-18
 4125.00   9.7663e-17   4.2628e-18
 4130.00   8.5358e-17   4.1538e-18
 4135.00   9.2542e-17   4.2070e-18
 4140.00   8.3196e-17   4.2680e-18
 4145.00   8.8010e-17   4.0097e-18
 4150.00   9.0851e-17   3.9873e-18
 4155.00   8.0304e-17   4.0921e-18
 4160.00   8.6136e-17   4.1732e-18
 4165.00   9.2737e-17   4.2961e-18
 4170.00   8.2723e-17   4.3478e-18
 4175.00   8.8660e-17   4.2401e-18
 4180.00   8.0529e-17   4.2747e-18
 4185.00   8.1688e-17   4.2466e-18
 4190.00   8.3591e-17   4.2908e-18
 4195.00   8.8473e-17   4.3696e-18
 4200.00   7.8710e-17   4.2630e-18
 4205.00   9.5337e-17   4.5578e-18
 4210.00   7.9802e-17   4.5345e-18
 4215.00   9.2519e-17   4.6021e-18
 4220.00   8.8936e-17   4.6380e-18
 4225.00   7.8972e-17   4.5615e-18
 4230.00   8.4777e-17   4.7614e-18
 4235.00   8.7952e-17   4.7531e-18
 4240.00   9.0335e-17   4.7872e-18
 4245.00   1.0026e-16   4.9335e-18
 4250.00   8.5562e-17   4.8721e-18
 4255.00   9.6308e-17   4.9560e-18
 4260.00   1.0307e-16   4.9289e-18
 4265.00   1.0248e-16   4.9783e-18
 4270.00   1.0922e-16   4.9384e-18
 4275.00   1.0890e-16   4.8638e-18
 4280.00   1.0670e-16   4.7608e-18
 4285.00   1.2094e-16   4.7156e-18
 4290.00   1.0526e-16   4.8579e-18
 4295.00   1.1222e-16   4.7529e-18
 4300.00   1.1360e-16   4.4694e-18
 4305.00   1.1319e-16   4.3621e-18
 4310.00   1.1210e-16   4.2678e-18
 4315.00   1.0071e-16   4.2811e-18
 4320.00   1.1944e-16   4.2739e-18
 4325.00   1.1391e-16   4.0113e-18
 4330.00   1.1475e-16   3.9505e-18
 4335.00   1.2366e-16   3.9533e-18
 4340.00   1.2519e-16   3.7450e-18
 4345.00   1.0732e-16   3.7459e-18
 4350.00   1.1496e-16   3.7679e-18
 4355.00   1.1227e-16   3.6739e-18
 4360.00   1.1534e-16   3.7393e-18
 4365.00   1.2105e-16   3.6838e-18
 4370.00   1.1604e-16   3.6366e-18
 4375.00   1.1436e-16   3.6186e-18
 4380.00   1.1952e-16   3.6444e-18
 4385.00   1.2399e-16   3.5892e-18
 4390.00   1.2104e-16   3.6087e-18
 4395.00   1.2563e-16   3.6693e-18
 4400.00   1.3331e-16   3.7325e-18
 4405.00   1.3822e-16   3.8399e-18
 4410.00   1.2951e-16   3.9052e-18
 4415.00   1.3542e-16   3.9245e-18
 4420.00   1.3268e-16   3.9797e-18
 4425.00   1.3861e-16   3.9601e-18
 4430.00   1.4232e-16   3.9988e-18
 4435.00   1.4013e-16   3.9978e-18
 4440.00   1.4492e-16   4.1076e-18
 4445.00   1.3990e-16   4.1140e-18
 4450.00   1.3695e-16   4.1841e-18
 4455.00   1.4125e-16   4.1610e-18
 4460.00   1.4817e-16   4.2266e-18
 4465.00   1.4390e-16   4.3075e-18
 4470.00   1.4604e-16   4.3245e-18
 4475.00   1.5091e-16   4.4608e-18
 4480.00   1.3405e-16   4.3800e-18
 4485.00   1.5101e-16   4.5173e-18
 4490.00   1.3828e-16   4.4763e-18
 4495.00   1.5018e-16   4.5916e-18
 4500.00   1.5067e-16   4.6015e-18
 4505.00   1.3437e-16   4.6021e-18
 4510.00   1.3666e-16   4.6038e-18
 4515.00   1.3913e-16   4.6034e-18
 4520.00   1.3744e-16   4.6075e-18
 4525.00   1.4372e-16   4.5993e-18
 4530.00   1.3191e-16   4.5544e-18
 4535.00   1.4317e-16   4.6836e-18
 4540.00   1.4379e-16   5.0394e-18
 4545.00   1.4640e-16   4.8942e-18
 4550.00   1.4662e-16   4.6871e-18
 4555.00   1.4219e-16   4.5193e-18
 4560.00   1.4986e-16   4.4456e-18
 4565.00   1.5396e-16   4.2585e-18
 4570.00   1.4447e-16   4.1309e-18
 4575.00   1.5138e-16   4.0765e-18
 4580.00   1.4463e-16   4.0187e-18
 4585.00   1.5399e-16   3.9000e-18
 4590.00   1.5033e-16   3.8347e-18
 4595.00   1.4969e-16   3.7167e-18
 4600.00   1.4492e-16   3.7634e-18
 4605.00   1.5246e-16   3.6552e-18
 4610.00   1.4134e-16   3.5925e-18
 4615.00   1.4495e-16   3.5123e-18
 4620.00   1.4729e-16   3.5086e-18
 4625.00   1.4342e-16   3.5067e-18
 4630.00   1.4064e-16   3.4375e-18
 4635.00   1.4311e-16   3.4056e-18
 4640.00   1.4591e-16   3.3665e-18
 4645.00   1.4663e-16   3.3405e-18
 4650.00   1.4283e-16   3.3141e-18
 4655.00   1.3808e-16   3.3536e-18
 4660.00   1.3530e-16   3.3763e-18
 4665.00   1.2992e-16   3.2788e-18
 4670.00   1.2495e-16   3.2734e-18
 4675.00   1.1412e-16   3.2694e-18
 4680.00   1.1660e-16   3.2539e-18
 4685.00   1.1779e-16   3.2900e-18
 4690.00   1.1405e-16   3.2465e-18
 4695.00   1.0832e-16   3.2608e-18
 4700.00   1.0386e-16   3.2282e-18
 4705.00   1.0545e-16   3.2655e-18
 4710.00   9.4676e-17   3.2913e-18
 4715.00   9.3654e-17   3.3022e-18
 4720.00   8.9058e-17   3.3289e-18
 4725.00   9.1763e-17   3.3255e-18
 4730.00   8.9643e-17   3.2898e-18
 4735.00   9.4347e-17   3.3699e-18
 4740.00   8.4479e-17   3.3962e-18
 4745.00   8.4091e-17   3.4188e-18
 4750.00   8.4531e-17   3.4226e-18
 4755.00   7.9412e-17   3.4355e-18
 4760.00   8.0168e-17   3.5182e-18
 4765.00   7.9694e-17   3.4992e-18
 4770.00   7.4569e-17   3.5635e-18
 4775.00   8.3144e-17   3.6092e-18
 4780.00   8.2316e-17   3.6376e-18
 4785.00   8.1489e-17   3.6344e-18
 4790.00   8.7005e-17   3.6529e-18
 4795.00   9.7727e-17   3.7562e-18
 4800.00   9.8651e-17   3.7428e-18
 4805.00   1.0308e-16   3.7941e-18
 4810.00   9.3496e-17   3.7665e-18
 4815.00   1.4511e-16   4.1967e-18
 4820.00   1.4645e-16   5.0100e-18
 4825.00   9.4607e-17   4.2859e-18
 4830.00   9.8613e-17   4.2032e-18
 4835.00   1.0094e-16   4.0997e-18
 4840.00   9.3778e-17   3.9152e-18
 4845.00   8.2487e-17   3.7600e-18
 4850.00   8.4954e-17   3.6437e-18
 4855.00   9.0230e-17   3.5051e-18
 4860.00   8.9719e-17   3.4148e-18
 4865.00   8.7708e-17   3.3044e-18
 4870.00   8.7265e-17   3.2520e-18
 4875.00   8.1429e-17   3.1478e-18
 4880.00   8.4344e-17   3.1874e-18
 4885.00   9.2031e-17   3.1534e-18
 4890.00   9.3828e-17   3.0789e-18
 4895.00   9.1594e-17   3.0569e-18
 4900.00   9.5237e-17   2.9977e-18
 4905.00   9.4492e-17   2.9507e-18
 4910.00   8.9979e-17   2.9043e-18
 4915.00   1.0931e-16   2.9397e-18
 4920.00   1.0692e-16   2.8706e-18
 4925.00   1.1820e-16   2.9291e-18
 4930.00   1.1641e-16   2.9204e-18
 4935.00   1.1464e-16   2.8754e-18
 4940.00   1.2479e-16   2.8926e-18
 4945.00   1.2637e-16   2.9034e-18
 4950.00   1.3197e-16   2.9156e-18
 4955.00   1.3640e-16   2.9105e-18
 4960.00   1.3390e-16   2.9142e-18
 4965.00   1.4958e-16   2.9923e-18
 4970.00   1.5088e-16   3.0020e-18
 4975.00   1.5110e-16   3.0216e-18
 4980.00   1.3959e-16   3.0086e-18
 4985.00   1.5467e-16   2.9854e-18
 4990.00   1.6385e-16   3.0682e-18
 4995.00   1.5616e-16   3.0775e-18
 5000.00   1.5727e-16   3.0830e-18
 5005.00   1.6329e-16   3.1079e-18
 5010.00   1.6180e-16   3.1431e-18
 5015.00   1.5434e-16   3.1127e-18
 5020.00   1.5838e-16   3.1654e-18
 5025.00   1.6126e-16   3.2102e-18
 5030.00   1.5550e-16   3.2687e-18
 5035.00   1.6325e-16   3.2466e-18
 5040.00   1.6363e-16   3.3144e-18
 5045.00   1.6784e-16   3.4354e-18
 5050.00   1.6982e-16   3.4757e-18
 5055.00   1.7353e-16   3.5389e-18
 5060.00   1.7549e-16   3.4712e-18
 5065.00   1.7103e-16   3.3927e-18
 5070.00   1.6642e-16   3.4127e-18
 5075.00   1.6506e-16   3.4499e-18
 5080.00   1.6627e-16   3.4022e-18
 5085.00   1.6307e-16   3.4421e-18
 5090.00   1.6935e-16   3.5146e-18
 5095.00   1.6917e-16   3.5250e-18
 5100.00   1.5694e-16   3.4759e-18
 5105.00   1.7173e-16   3.5830e-18
 5110.00   1.6957e-16   3.5691e-18
 5115.00   1.6895e-16   3.5907e-18
 5120.00   1.6783e-16   3.6147e-18
 5125.00   1.5871e-16   3.5700e-18
 5130.00   1.6202e-16   3.6398e-18
 5135.00   1.6622e-16   3.6625e-18
 5140.00   1.7492e-16   4.5512e-18
 5145.00   1.6768e-16   4.5457e-18
 5150.00   1.8068e-16   4.4111e-18
 5155.00   1.8007e-16   4.3276e-18
 5160.00   1.7788e-16   4.2160e-18
 5165.00   1.7680e-16   4.0330e-18
 5170.00   1.8831e-16   3.9438e-18
 5175.00   1.7887e-16   3.8834e-18
 5180.00   1.8678e-16   3.8070e-18
 5185.00   1.8089e-16   3.6711e-18
 5190.00   1.8496e-16   3.6680e-18
 5195.00   1.8272e-16   3.5902e-18
 5200.00   1.8637e-16   3.7250e-18
 5205.00   1.8798e-16   3.4621e-18
 5210.00   1.9047e-16   3.4040e-18
 5215.00   1.8025e-16   3.3112e-18
 5220.00   1.8542e-16   3.3066e-18
 5225.00   1.7748e-16   3.2542e-18
 5230.00   1.8092e-16   3.2020e-18
 5235.00   1.7400e-16   3.1083e-18
 5240.00   1.7200e-16   3.1379e-18
 5245.00   1.7632e-16   3.0393e-18
 5250.00   1.6936e-16   3.0079e-18
 5255.00   1.7084e-16   3.0333e-18
 5260.00   1.6727e-16   2.9330e-18
 5265.00   1.6227e-16   2.8330e-18
 5270.00   1.5556e-16   2.8251e-18
 5275.00   1.5465e-16   2.8660e-18
 5280.00   1.5493e-16   2.8129e-18
 5285.00   1.4958e-16   2.7908e-18
 5290.00   1.4753e-16   2.7790e-18
 5295.00   1.4797e-16   2.7660e-18
 5300.00   1.4704e-16   2.7933e-18
 5305.00   1.4377e-16   2.7665e-18
 5310.00   1.4298e-16   2.7839e-18
 5315.00   1.5009e-16   2.8049e-18
 5320.00   1.4994e-16   2.8201e-18
 5325.00   1.4636e-16   2.8060e-18
 5330.00   1.5888e-16   2.8340e-18
 5335.00   1.5181e-16   2.8189e-18
 5340.00   1.5329e-16   2.8055e-18
 5345.00   1.5510e-16   2.8645e-18
 5350.00   1.4877e-16   2.8336e-18
 5355.00   1.4627e-16   2.8332e-18
 5360.00   1.5202e-16   2.8656e-18
 5365.00   1.3916e-16   2.8404e-18
 5370.00   1.4159e-16   2.8764e-18
 5375.00   1.3623e-16   2.8681e-18
 5380.00   1.3367e-16   2.8622e-18
 5385.00   1.3435e-16   2.9188e-18
 5390.00   1.3113e-16   2.9003e-18
 5395.00   1.2531e-16   2.9271e-18
 5400.00   1.2584e-16   2.9243e-18
 5405.00   1.2498e-16   2.9335e-18
 5410.00   1.2545e-16   3.0023e-18
 5415.00   1.2652e-16   3.0781e-18
 5420.00   1.2496e-16   3.1168e-18
 5425.00   1.2209e-16   3.1423e-18
 5430.00   1.2360e-16   3.2430e-18
 5435.00   1.2237e-16   3.2986e-18
 5440.00   1.1955e-16   3.4267e-18
 5445.00   1.2282e-16   3.4012e-18
 5450.00   1.1765e-16   3.2422e-18
 5455.00   1.1575e-16   3.2821e-18
 5460.00   1.1229e-16   3.4143e-18
 5465.00   1.0973e-16   3.4414e-18
 5470.00   1.0323e-16   3.5179e-18
 5475.00   1.0485e-16   3.6013e-18
 5480.00   1.0354e-16   3.6471e-18
 5485.00   1.0296e-16   3.7152e-18
 5490.00   1.0652e-16   3.7757e-18
 5495.00   9.6219e-17   3.7529e-18
 5500.00   9.7961e-17   3.7817e-18
 5505.00   1.0039e-16   4.9132e-18
 5510.00   9.2882e-17   4.8966e-18
 5515.00   9.5319e-17   4.7426e-18
 5520.00   9.4832e-17   4.6482e-18
 5525.00   9.9014e-17   4.4841e-18
 5530.00   9.6952e-17   4.4010e-18
 5535.00   9.8778e-17   4.3667e-18
 5540.00   9.9061e-17   4.3497e-18
 5545.00   1.0540e-16   4.3726e-18
 5550.00   1.0054e-16   4.3251e-18
 5555.00   1.0527e-16   4.2908e-18
 5560.00   1.0963e-16   4.3560e-18
 5565.00   1.0167e-16   4.5240e-18
 5570.00   1.1126e-16   4.4666e-18
 5575.00   1.0923e-16   5.4415e-18
 5580.00   1.0352e-16   5.0966e-18
 5585.00   1.1237e-16   4.4711e-18
 5590.00   1.1183e-16   4.5618e-18
 5595.00   1.0212e-16   4.4943e-18
 5600.00   1.0038e-16   4.5622e-18
 5605.00   9.7955e-17   4.5800e-18
 5610.00   1.0626e-16   5.2415e-18
 5615.00   6.9072e-17   5.7806e-18
 5620.00   8.7568e-17   5.4712e-18
 5625.00   1.0127e-16   5.4770e-18
 5630.00   9.1574e-17   5.1010e-18
 5635.00   8.9789e-17   4.9818e-18
 5640.00   8.4616e-17   4.7742e-18
 5645.00   9.0077e-17   4.6953e-18
 5650.00   7.8243e-17   4.5277e-18
 5655.00   8.3248e-17   4.3947e-18
 5660.00   7.7834e-17   4.2953e-18
 5665.00   8.5266e-17   4.2861e-18
 5670.00   7.6379e-17   4.2636e-18
 5675.00   8.5560e-17   4.2372e-18
 5680.00   7.7232e-17   4.2491e-18
 5685.00   8.8721e-17   4.3192e-18
 5690.00   7.7616e-17   4.4986e-18
 5695.00   8.1686e-17   4.5042e-18
 5700.00   9.0004e-17   4.6574e-18
 5705.00   8.4755e-17   4.8023e-18
 5710.00   1.0390e-16   4.6807e-18
 5715.00   8.7293e-17   4.6952e-18
 5720.00   9.3432e-17   4.8955e-18
 5725.00   9.0449e-17   4.9822e-18
 5730.00   1.0169e-16   5.1673e-18
 5735.00   1.0068e-16   5.4361e-18
 5740.00   8.9692e-17   6.6255e-18
 5745.00   1.0628e-16   5.5030e-18
 5750.00   1.1811e-16   5.2727e-18
 5755.00   2.0319e-16   5.0941e-18
 5760.00   8.3639e-17   4.9031e-18
 5765.00   1.0937e-16   4.8528e-18
 5770.00   1.0817e-16   4.7091e-18
 5775.00   1.0703e-16   4.5825e-18
 5780.00   1.0983e-16   4.5233e-18
 5785.00   1.0402e-16   4.4261e-18
 5790.00   1.0052e-16   4.3381e-18
 5795.00   1.0766e-16   4.3048e-18
 5800.00   9.7503e-17   4.2123e-18
 5805.00   1.0355e-16   4.1600e-18
 5810.00   9.7330e-17   4.0816e-18
 5815.00   9.8027e-17   4.0493e-18
 5820.00   9.4965e-17   3.9979e-18
 5825.00   9.9042e-17   3.9680e-18
 5830.00   9.8115e-17   3.9157e-18
 5835.00   8.1280e-17   3.8966e-18
 5840.00   8.9591e-17   3.8816e-18
 5845.00   9.0945e-17   3.8989e-18
 5850.00   9.2476e-17   3.9728e-18
 5855.00   1.0294e-16   3.9810e-18
 5860.00   1.0296e-16   3.9967e-18
 5865.00   1.0315e-16   4.2407e-18
 5870.00   9.7177e-17   4.2838e-18
 5875.00   9.4702e-17   4.2216e-18
 5880.00   9.9684e-17   4.2762e-18
 5885.00   1.0780e-16   4.3803e-18
 5890.00   9.1492e-17   5.1469e-18
 5895.00   1.0491e-16   4.9714e-18
 5900.00   9.6238e-17   4.5704e-18
 5905.00   9.5857e-17   4.7781e-18
 5910.00   8.6251e-17   4.7166e-18
 5915.00   8.9388e-17   4.7187e-18
 5920.00   9.2934e-17   4.3841e-18
 5925.00   8.6514e-17   4.3845e-18
 5930.00   7.7195e-17   4.2557e-18
 5935.00   8.3656e-17   4.4656e-18
 5940.00   8.7691e-17   4.2031e-18
 5945.00   9.0503e-17   4.8638e-18
 5950.00   8.5929e-17   5.9588e-18
 5955.00   8.2888e-17   5.8204e-18
 5960.00   7.8136e-17   5.3516e-18
 5965.00   8.9232e-17   5.1159e-18
 5970.00   9.5850e-17   4.9301e-18
 5975.00   7.8851e-17   4.8275e-18
 5980.00   8.3353e-17   4.5445e-18
 5985.00   8.4107e-17   4.3793e-18
 5990.00   8.1595e-17   4.2540e-18
 5995.00   8.8056e-17   4.1897e-18
 6000.00   8.0868e-17   4.1005e-18
 6005.00   8.4258e-17   4.1094e-18
 6010.00   9.1548e-17   4.0634e-18
 6015.00   8.7994e-17   3.8886e-18
 6020.00   8.0389e-17   3.7777e-18
 6025.00   8.2830e-17   3.7526e-18
 6030.00   7.5615e-17   3.7108e-18
 6035.00   8.4999e-17   3.6683e-18
 6040.00   8.1728e-17   3.5705e-18
 6045.00   7.7319e-17   3.4774e-18
 6050.00   7.8164e-17   3.4326e-18
 6055.00   6.6772e-17   3.4115e-18
 6060.00   7.6592e-17   3.3235e-18
 6065.00   7.7932e-17   3.3335e-18
 6070.00   7.9299e-17   3.2851e-18
 6075.00   7.1573e-17   3.2353e-18
 6080.00   7.5028e-17   3.1939e-18
 6085.00   7.1806e-17   3.2137e-18
 6090.00   6.5607e-17   3.2195e-18
 6095.00   8.0267e-17   3.2929e-18
 6100.00   7.5228e-17   3.2828e-18
 6105.00   6.8967e-17   3.3664e-18
 6110.00   7.2771e-17   3.3988e-18
 6115.00   7.3325e-17   3.4826e-18
 6120.00   8.4214e-17   3.5772e-18
 6125.00   7.4579e-17   3.6303e-18
 6130.00   7.7766e-17   3.7387e-18
 6135.00   7.1829e-17   3.7312e-18
 6140.00   7.5330e-17   3.5019e-18
 6145.00   7.8450e-17   3.5914e-18
 6150.00   7.3246e-17   3.5339e-18
 6155.00   7.6157e-17   3.5139e-18
 6160.00   7.3031e-17   3.5055e-18
 6165.00   8.1022e-17   3.4852e-18
 6170.00   6.7601e-17   4.4214e-18
 6175.00   5.7560e-17   4.7559e-18
 6180.00   6.9805e-17   4.5716e-18
 6185.00   6.4572e-17   4.3262e-18
 6190.00   7.2180e-17   4.1186e-18
 6195.00   6.6955e-17   3.9651e-18
 6200.00   6.7350e-17   3.8195e-18
 6205.00   6.7098e-17   3.7581e-18
 6210.00   5.9686e-17   3.4864e-18
 6215.00   6.5280e-17   3.4347e-18
 6220.00   7.3779e-17   3.4497e-18
 6225.00   6.1161e-17   3.2189e-18
 6230.00   6.3626e-17   3.1305e-18
 6235.00   6.1527e-17   3.6124e-18
 6240.00   7.2721e-17   3.2357e-18
 6245.00   5.9438e-17   3.0977e-18
 6250.00   5.9967e-17   2.9276e-18
 6255.00   5.1378e-17   2.9484e-18
 6260.00   6.1318e-17   3.1416e-18
 6265.00   5.9456e-17   2.9822e-18
 6270.00   6.7254e-17   2.8971e-18
 6275.00   6.8489e-17   2.8742e-18
 6280.00   7.7556e-17   2.9495e-18
 6285.00   7.4224e-17   3.0056e-18
 6290.00   5.9231e-17   2.8738e-18
 6295.00   6.4981e-17   2.8485e-18
 6300.00   5.6205e-17   3.5851e-18
 6305.00   5.5643e-17   3.0729e-18
 6310.00   4.4159e-17   2.8163e-18
 6315.00   6.6325e-17   2.8245e-18
 6320.00   5.7250e-17   2.9859e-18
 6325.00   6.3915e-17   2.9117e-18
 6330.00   6.2004e-17   3.2002e-18
 6335.00   5.9717e-17   2.9419e-18
 6340.00   6.5143e-17   3.0674e-18
 6345.00   5.5816e-17   3.0858e-18
 6350.00   6.6828e-17   3.2393e-18
 6355.00   5.4709e-17   3.3257e-18
 6360.00   5.8534e-17   3.2193e-18
 6365.00   6.0131e-17   3.7081e-18
 6370.00   9.0923e-17   3.3344e-18
 6375.00   5.2048e-17   3.1841e-18
 6380.00   5.3775e-17   3.0523e-18
 6385.00   5.0219e-17   3.1606e-18
 6390.00   5.1387e-17   2.9826e-18
 6395.00   4.9227e-17   2.9856e-18
 6400.00   4.8665e-17   3.1777e-18
 6405.00   5.9607e-17   3.2188e-18
 6410.00   6.2427e-17   3.3815e-18
 6415.00   5.0659e-17   4.0177e-18
 6420.00   5.5889e-17   3.8946e-18
 6425.00   5.6686e-17   3.6733e-18
 6430.00   5.3876e-17   3.4863e-18
 6435.00   5.5469e-17   3.3964e-18
 6440.00   4.9412e-17   3.2229e-18
 6445.00   6.0201e-17   3.1736e-18
 6450.00   5.8992e-17   3.1027e-18
 6455.00   5.4422e-17   2.9809e-18
 6460.00   5.7731e-17   2.9149e-18
 6465.00   6.2479e-17   3.2209e-18
 6470.00   8.4980e-17   3.2431e-18
 6475.00   5.4869e-17   2.7369e-18
 6480.00   6.0445e-17   2.7027e-18
 6485.00   6.5726e-17   2.5953e-18
 6490.00   6.4556e-17   2.5682e-18
 6495.00   5.8786e-17   2.5312e-18
 6500.00   7.0382e-17   2.7965e-18
 6505.00   6.8493e-17   2.6249e-18
 6510.00   6.8805e-17   2.4582e-18
 6515.00   6.8857e-17   2.4719e-18
 6520.00   6.2648e-17   2.4630e-18
 6525.00   6.5361e-17   2.4756e-18
 6530.00   7.3102e-17   2.4390e-18
 6535.00   6.5939e-17   2.5960e-18
 6540.00   7.0033e-17   2.4364e-18
 6545.00   7.0598e-17   2.5547e-18
 6550.00   7.1190e-17   2.4377e-18
 6555.00   7.2668e-17   2.6997e-18
 6560.00   7.2375e-17   2.4787e-18
 6565.00   6.7952e-17   2.5585e-18
 6570.00   6.8134e-17   2.5868e-18
 6575.00   7.3985e-17   2.6347e-18
 6580.00   7.3818e-17   2.5890e-18
 6585.00   6.9145e-17   2.5502e-18
 6590.00   6.6843e-17   2.6167e-18
 6595.00   7.2930e-17   2.6764e-18
 6600.00   6.8017e-17   2.7163e-18
 6605.00   7.1825e-17   2.8328e-18
 6610.00   6.6746e-17   2.7197e-18
 6615.00   7.2293e-17   2.7540e-18
 6620.00   7.0613e-17   2.8260e-18
 6625.00   7.1590e-17   2.8843e-18
 6630.00   7.0213e-17   2.9283e-18
 6635.00   6.8938e-17   2.6785e-18
 6640.00   7.1537e-17   2.5826e-18
 6645.00   7.3344e-17   2.5584e-18
 6650.00   6.3699e-17   2.5811e-18
 6655.00   6.7793e-17   2.5717e-18
 6660.00   6.5338e-17   2.5826e-18
 6665.00   6.4506e-17   2.5768e-18
 6670.00   7.6464e-17   2.7078e-18
 6675.00   6.8082e-17   3.4629e-18
 6680.00   8.2003e-17   3.3364e-18
 6685.00   6.1557e-17   3.1948e-18
 6690.00   6.6629e-17   3.1216e-18
 6695.00   6.2469e-17   2.9843e-18
 6700.00   5.4236e-17   2.9265e-18
 6705.00   6.1815e-17   2.8589e-18
 6710.00   5.8551e-17   2.7446e-18
 6715.00   5.6183e-17   2.6985e-18
 6720.00   5.9667e-17   2.6077e-18
 6725.00   5.5651e-17   2.5409e-18
 6730.00   5.1028e-17   2.4907e-18
 6735.00   5.3847e-17   2.4469e-18
 6740.00   4.9607e-17   2.4017e-18
 6745.00   5.2828e-17   2.3763e-18
 6750.00   4.8728e-17   2.3173e-18
 6755.00   5.3238e-17   2.2979e-18
 6760.00   5.3833e-17   2.2749e-18
 6765.00   4.7065e-17   2.2228e-18
 6770.00   5.1455e-17   2.1999e-18
 6775.00   5.0881e-17   2.1609e-18
 6780.00   5.1194e-17   2.1488e-18
 6785.00   5.1606e-17   2.1641e-18
 6790.00   5.1980e-17   2.1511e-18
 6795.00   4.9877e-17   2.1073e-18
 6800.00   4.7977e-17   2.0876e-18
 6805.00   5.0290e-17   2.0820e-18
 6810.00   5.2662e-17   2.0904e-18
 6815.00   5.0621e-17   2.0776e-18
 6820.00   4.6788e-17   2.0816e-18
 6825.00   5.0312e-17   2.1755e-18
 6830.00   4.9567e-17   2.6161e-18
 6835.00   5.1723e-17   2.4867e-18
 6840.00   5.2757e-17   2.2964e-18
 6845.00   5.0899e-17   2.1269e-18
 6850.00   4.5977e-17   2.1893e-18
 6855.00   5.2123e-17   2.1812e-18
 6860.00   5.3072e-17   2.2641e-18
 6865.00   5.1478e-17   2.6610e-18
 6870.00   3.4008e-17   2.2270e-18
 6875.00   3.0837e-17   2.2526e-18
 6880.00   4.8331e-17   2.4525e-18
 6885.00   4.7998e-17   2.3789e-18
 6890.00   5.0623e-17   2.6003e-18
 6895.00   4.5600e-17   2.4373e-18
 6900.00   4.3977e-17   2.7259e-18
 6905.00   4.9491e-17   2.5603e-18
 6910.00   4.5684e-17   2.8515e-18
 6915.00   4.8666e-17   2.3801e-18
 6920.00   4.9381e-17   2.2780e-18
 6925.00   4.5033e-17   2.5343e-18
 6930.00   5.4612e-17   2.2561e-18
 6935.00   5.2880e-17   2.2304e-18
 6940.00   4.2583e-17   2.4766e-18
 6945.00   5.3386e-17   2.2229e-18
 6950.00   5.3992e-17   2.5381e-18
 6955.00   4.9907e-17   2.5253e-18
 6960.00   4.8808e-17   2.9595e-18
 6965.00   4.3422e-17   2.7890e-18
 6970.00   4.8437e-17   2.8589e-18
 6975.00   5.1649e-17   2.5764e-18
 6980.00   4.6639e-17   2.7862e-18
 6985.00   3.8409e-17   2.5193e-18
 6990.00   4.6895e-17   2.3640e-18
 6995.00   4.2645e-17   2.3347e-18
 7000.00   4.7667e-17   2.2733e-18
 7005.00   4.6831e-17   2.3033e-18
 7010.00   4.8940e-17   2.3525e-18
 7015.00   4.9340e-17   2.1195e-18
 7020.00   4.7246e-17   2.0968e-18
 7025.00   4.6938e-17   2.1480e-18
 7030.00   3.8447e-17   2.1739e-18
 7035.00   4.7940e-17   2.0182e-18
 7040.00   5.5965e-17   2.0494e-18
 7045.00   4.7087e-17   2.0156e-18
 7050.00   5.1823e-17   2.1284e-18
 7055.00   5.4371e-17   1.9828e-18
 7060.00   5.4794e-17   1.9493e-18
 7065.00   5.3131e-17   1.9745e-18
 7070.00   5.6046e-17   1.9386e-18
 7075.00   5.1644e-17   1.9339e-18
 7080.00   5.3726e-17   1.9333e-18
 7085.00   5.4993e-17   1.8896e-18
 7090.00   5.7324e-17   1.9518e-18
 7095.00   5.6289e-17   1.8538e-18
 7100.00   5.3870e-17   1.8334e-18
 7105.00   5.5654e-17   1.8393e-18
 7110.00   5.7348e-17   1.8619e-18
 7115.00   6.1823e-17   1.8439e-18
 7120.00   5.3773e-17   1.8736e-18
 7125.00   5.5647e-17   1.8661e-18
 7130.00   5.7887e-17   1.8759e-18
 7135.00   5.5009e-17   1.9185e-18
 7140.00   5.6612e-17   1.8919e-18
 7145.00   5.9805e-17   1.9932e-18
 7150.00   5.7483e-17   1.9290e-18
 7155.00   6.3551e-17   1.9415e-18
 7160.00   6.0038e-17   1.9999e-18
 7165.00   5.2717e-17   1.9951e-18
 7170.00   5.4851e-17   2.0022e-18
 7175.00   5.3763e-17   2.0456e-18
 7180.00   5.1958e-17   2.0568e-18
 7185.00   5.6230e-17   2.0400e-18
 7190.00   5.0061e-17   2.0802e-18
 7195.00   5.2724e-17   2.1028e-18
 7200.00   5.7231e-17   2.1798e-18
 7205.00   5.1129e-17   2.1921e-18
 7210.00   5.7386e-17   2.2848e-18
 7215.00   5.2855e-17   2.3219e-18
 7220.00   5.5930e-17   2.0116e-18
 7225.00   5.2203e-17   2.0151e-18
 7230.00   5.3521e-17   2.0770e-18
 7235.00   5.0510e-17   2.0158e-18
 7240.00   5.3934e-17   3.1295e-18
 7245.00   5.1371e-17   2.6138e-18
 7250.00   5.5501e-17   2.0831e-18
 7255.00   5.0291e-17   2.2646e-18
 7260.00   5.0967e-17   1.9971e-18
 7265.00   5.5218e-17   2.4908e-18
 7270.00   5.6280e-17   2.6773e-18
 7275.00   5.2290e-17   3.2025e-18
 7280.00   5.3718e-17   2.4875e-18
 7285.00   5.0909e-17   2.7577e-18
 7290.00   4.7103e-17   2.3018e-18
 7295.00   5.5711e-17   2.4402e-18
 7300.00   5.4344e-17   2.1393e-18
 7305.00   5.3127e-17   2.4287e-18
 7310.00   5.7722e-17   2.1571e-18
 7315.00   5.3020e-17   2.3972e-18
 7320.00   5.5277e-17   1.9915e-18
 7325.00   5.8383e-17   1.9695e-18
 7330.00   5.5467e-17   2.2676e-18
 7335.00   5.2781e-17   1.8957e-18
 7340.00   5.7107e-17   2.2706e-18
 7345.00   5.4849e-17   1.9114e-18
 7350.00   5.3236e-17   1.9001e-18
 7355.00   5.6658e-17   1.8498e-18
 7360.00   5.4535e-17   2.0835e-18
 7365.00   5.7644e-17   1.8381e-18
 7370.00   5.3842e-17   2.1364e-18
 7375.00   5.5238e-17   1.8118e-18
 7380.00   5.2620e-17   1.7610e-18
 7385.00   5.2143e-17   1.7345e-18
 7390.00   5.2734e-17   1.9240e-18
 7395.00   5.5436e-17   1.7776e-18
 7400.00   5.4737e-17   2.0024e-18
 7405.00   5.5895e-17   1.7519e-18
 7410.00   5.4626e-17   1.7145e-18
 7415.00   5.5232e-17   1.7345e-18
 7420.00   5.4750e-17   1.7121e-18
 7425.00   5.3036e-17   1.7089e-18
 7430.00   6.0476e-17   1.8864e-18
 7435.00   5.6999e-17   1.7184e-18
 7440.00   5.8696e-17   1.9912e-18
 7445.00   5.3539e-17   1.7089e-18
 7450.00   5.4405e-17   1.7709e-18
 7455.00   5.3729e-17   1.7315e-18
 7460.00   5.5287e-17   1.8197e-18
 7465.00   5.8254e-17   2.0101e-18
 7470.00   4.9857e-17   1.9662e-18
 7475.00   6.0189e-17   1.9878e-18
 7480.00   5.3523e-17   2.0936e-18
 7485.00   5.1837e-17   2.0635e-18
 7490.00   5.4678e-17   1.8434e-18
 7495.00   4.9925e-17   1.9632e-18
 7500.00   4.8779e-17   1.8829e-18
 7505.00   4.8539e-17   1.8810e-18
 7510.00   4.9794e-17   1.9014e-18
 7515.00   5.7997e-17   2.0566e-18
 7520.00   5.6795e-17   2.0739e-18
 7525.00   5.2272e-17   2.5410e-18
 7530.00   5.5697e-17   2.3672e-18
 7535.00   5.4915e-17   2.0925e-18
 7540.00   4.6341e-17   2.2438e-18
 7545.00   4.9800e-17   2.1661e-18
 7550.00   5.2361e-17   2.0243e-18
 7555.00   4.9767e-17   1.9361e-18
 7560.00   5.0220e-17   1.9294e-18
 7565.00   5.0254e-17   1.8557e-18
 7570.00   5.1882e-17   2.1829e-18
 7575.00   4.9239e-17   1.9249e-18
 7580.00   4.7975e-17   1.8202e-18
 7585.00   4.6984e-17   2.0083e-18
 7590.00   4.1792e-17   1.7842e-18
 7595.00   3.1678e-17   1.6242e-18
 7600.00   1.6133e-17   1.9256e-18
 7605.00   1.5281e-17   1.8552e-18
 7610.00   1.7971e-17   1.8858e-18
 7615.00   2.4548e-17   1.9351e-18
 7620.00   3.5730e-17   2.2664e-18
 7625.00   2.5670e-17   1.8644e-18
 7630.00   2.7529e-17   2.0440e-18
 7635.00   4.3225e-17   1.7479e-18
 7640.00   3.1862e-17   1.7569e-18
 7645.00   3.1542e-17   1.7394e-18
 7650.00   3.7268e-17   1.7520e-18
 7655.00   3.4317e-17   1.8807e-18
 7660.00   4.4834e-17   1.8413e-18
 7665.00   4.5525e-17   1.7857e-18
 7670.00   4.9544e-17   1.7318e-18
 7675.00   4.9083e-17   1.7182e-18
 7680.00   4.2841e-17   1.7308e-18
 7685.00   4.7684e-17   1.7424e-18
 7690.00   4.9844e-17   1.7968e-18
 7695.00   5.1382e-17   1.7189e-18
 7700.00   4.7486e-17   1.8319e-18
 7705.00   4.9596e-17   1.6365e-18
 7710.00   5.1378e-17   1.8148e-18
 7715.00   4.9387e-17   2.8541e-18
 7720.00   4.9561e-17   1.8218e-18
 7725.00   4.9827e-17   2.1050e-18
 7730.00   4.7675e-17   1.6350e-18
 7735.00   4.9813e-17   1.7573e-18
 7740.00   4.4109e-17   1.6374e-18
 7745.00   5.0361e-17   1.6313e-18
 7750.00   4.9836e-17   2.2593e-18
 7755.00   4.5407e-17   1.6746e-18
 7760.00   4.3824e-17   1.8492e-18
 7765.00   4.2033e-17   1.5713e-18
 7770.00   4.4056e-17   1.6420e-18
 7775.00   4.3274e-17   1.8169e-18
 7780.00   4.4776e-17   1.8491e-18
 7785.00   3.9824e-17   1.6553e-18
 7790.00   3.7396e-17   1.7510e-18
 7795.00   3.8462e-17   1.9645e-18
 7800.00   3.8363e-17   1.5956e-18
 7805.00   3.6462e-17   1.6203e-18
 7810.00   3.7648e-17   1.9489e-18
 7815.00   3.4381e-17   1.6927e-18
 7820.00   3.5972e-17   2.1032e-18
 7825.00   3.4584e-17   1.6462e-18
 7830.00   3.7520e-17   1.6819e-18
 7835.00   3.4597e-17   1.6623e-18
 7840.00   3.5178e-17   1.9419e-18
 7845.00   2.6201e-17   1.6539e-18
 7850.00   3.0449e-17   2.0722e-18
 7855.00   2.7542e-17   2.1184e-18
 7860.00   2.8220e-17   2.2604e-18
 7865.00   2.9666e-17   1.7808e-18
 7870.00   2.5774e-17   2.2832e-18
 7875.00   2.9269e-17   1.7485e-18
 7880.00   2.9662e-17   2.5022e-18
 7885.00   3.1180e-17   1.9271e-18
 7890.00   3.4087e-17   2.4087e-18
 7895.00   2.9985e-17   1.9711e-18
 7900.00   4.6457e-17   1.9366e-18
 7905.00   3.5695e-17   2.0212e-18
 7910.00   3.8338e-17   2.1904e-18
 7915.00   3.5277e-17   2.1913e-18
 7920.00   3.3141e-17   2.2502e-18
 7925.00   3.5519e-17   1.6566e-18
 7930.00   3.0855e-17   2.1350e-18
 7935.00   3.7001e-17   1.6802e-18
 7940.00   3.5795e-17   1.6478e-18
 7945.00   3.6587e-17   1.7344e-18
 7950.00   3.9750e-17   1.9207e-18
 7955.00   3.6761e-17   1.6212e-18
 7960.00   3.5462e-17   1.6160e-18
 7965.00   3.5626e-17   2.0403e-18
 7970.00   3.3764e-17   1.9534e-18
 7975.00   3.2181e-17   2.2391e-18
 7980.00   3.5811e-17   2.5428e-18
 7985.00   3.9366e-17   2.0252e-18
 7990.00   3.6533e-17   2.1185e-18
 7995.00   3.6161e-17   2.4472e-18
 8000.00   3.4059e-17   2.0218e-18
 8005.00   3.7798e-17   1.8817e-18
 8010.00   3.7046e-17   1.8453e-18
 8015.00   4.1411e-17   2.2073e-18
 8020.00   4.4456e-17   1.9249e-18
 8025.00   3.9787e-17   2.2830e-18
 8030.00   4.2093e-17   2.0259e-18
 8035.00   3.7050e-17   1.7474e-18
 8040.00   3.7040e-17   1.7073e-18
 8045.00   4.1688e-17   1.6697e-18
 8050.00   4.1890e-17   1.9675e-18
 8055.00   3.8894e-17   1.6664e-18
 8060.00   4.2366e-17   1.8658e-18
 8065.00   4.3119e-17   1.7146e-18
 8070.00   3.9852e-17   1.5759e-18
 8075.00   3.6662e-17   1.6433e-18
 8080.00   3.7957e-17   1.5886e-18
 8085.00   4.0095e-17   1.6523e-18
 8090.00   3.6290e-17   1.5221e-18
 8095.00   4.0050e-17   1.7039e-18
 8100.00   4.2598e-17   1.6523e-18
 8105.00   4.1755e-17   1.6658e-18
 8110.00   4.0749e-17   1.5289e-18
 8115.00   3.6011e-17   1.4862e-18
 8120.00   4.0807e-17   1.4775e-18
 8125.00   3.7882e-17   1.4930e-18
 8130.00   3.8318e-17   1.4994e-18
 8135.00   3.8339e-17   1.4819e-18
 8140.00   4.0252e-17   1.6015e-18
 8145.00   3.9296e-17   1.5836e-18
 8150.00   3.7065e-17   1.4524e-18
 8155.00   3.6192e-17   1.4211e-18
 8160.00   3.0609e-17   1.4507e-18
 8165.00   3.2844e-17   1.4025e-18
 8170.00   3.9638e-17   1.4224e-18
 8175.00   3.6239e-17   1.4137e-18
 8180.00   3.7487e-17   1.4147e-18
 8185.00   3.5876e-17   1.4401e-18
 8190.00   3.6381e-17   1.5007e-18
 8195.00   3.4863e-17   1.5265e-18
 8200.00   3.2006e-17   1.4356e-18
 8205.00   4.3390e-17   1.5214e-18
 8210.00   3.7132e-17   1.5142e-18
 8215.00   3.3792e-17   1.5120e-18
 8220.00   3.1714e-17   1.5465e-18
 8225.00   3.4172e-17   1.5231e-18
 8230.00   3.2735e-17   1.4546e-18
 8235.00   3.3534e-17   1.5456e-18
 8240.00   3.5588e-17   1.6168e-18
 8245.00   3.6133e-17   1.6096e-18
 8250.00   3.6297e-17   1.6990e-18
 8255.00   3.7677e-17   1.6483e-18
 8260.00   3.5744e-17   1.6412e-18
 8265.00   3.8055e-17   1.6609e-18
 8270.00   3.4424e-17   1.6831e-18
 8275.00   3.3622e-17   1.7041e-18
 8280.00   4.0068e-17   3.1366e-18
 8285.00   3.8655e-17   2.2079e-18
 8290.00   3.5057e-17   2.3558e-18
 8295.00   3.7048e-17   2.0977e-18
 8300.00   3.5975e-17   2.3568e-18
 8305.00   3.8539e-17   2.0041e-18
 8310.00   3.8503e-17   2.2627e-18
 8315.00   3.4087e-17   1.8856e-18
 8320.00   4.9282e-17   1.6062e-18
 8325.00   3.5556e-17   1.5575e-18
 8330.00   3.5292e-17   1.5941e-18
 8335.00   3.3855e-17   1.5636e-18
 8340.00   3.2343e-17   1.6710e-18
 8345.00   3.4011e-17   2.3256e-18
 8350.00   3.0115e-17   1.8463e-18
 8355.00   2.9371e-17   1.8054e-18
 8360.00   3.2832e-17   1.6746e-18
 8365.00   3.9139e-17   1.9868e-18
 8370.00   3.3719e-17   1.5360e-18
 8375.00   3.3909e-17   1.5574e-18
 8380.00   3.3496e-17   2.3197e-18
 8385.00   2.8509e-17   2.0119e-18
 8390.00   3.0816e-17   1.9160e-18
 8395.00   2.8981e-17   1.8131e-18
 8400.00   2.8941e-17   2.3677e-18
 8405.00   3.3235e-17   1.7437e-18
 8410.00   2.6408e-17   1.7430e-18
 8415.00   3.1010e-17   2.1169e-18
 8420.00   3.1634e-17   1.6720e-18
 8425.00   3.0876e-17   1.7719e-18
 8430.00   3.5832e-17   2.2956e-18
 8435.00   3.3893e-17   1.7079e-18
 8440.00   2.3679e-17   1.5609e-18
 8445.00   2.8540e-17   1.5784e-18
 8450.00   3.0499e-17   1.7634e-18
 8455.00   3.0517e-17   1.6387e-18
 8460.00   3.1275e-17   1.5288e-18
 8465.00   3.4633e-17   2.0146e-18
 8470.00   3.1178e-17   1.4811e-18
 8475.00   2.7922e-17   1.5638e-18
 8480.00   9.1930e-17   1.8378e-18
 8485.00   2.1494e-17   1.5153e-18
 8490.00   2.8768e-17   1.4264e-18
 8495.00   2.4965e-17   1.7926e-18
 8500.00   2.3480e-17   1.4571e-18
 8505.00   3.4489e-17   1.9602e-18
 8510.00   3.6144e-17   1.4961e-18
 8515.00   3.0289e-17   1.3859e-18
 8520.00   3.0174e-17   1.4255e-18
 8525.00   3.0704e-17   1.3912e-18
 8530.00   3.0409e-17   1.3772e-18
 8535.00   3.0980e-17   1.3537e-18
 8540.00   2.6310e-17   1.5960e-18
 8545.00   2.6720e-17   1.3477e-18
 8550.00   3.0454e-17   1.7585e-18
 8555.00   2.9234e-17   1.3763e-18
 8560.00   2.5612e-17   1.3341e-18
 8565.00   2.7428e-17   1.3578e-18
 8570.00   2.8527e-17   1.3796e-18
 8575.00   2.5275e-17   1.4040e-18
 8580.00   2.7924e-17   1.3337e-18
 8585.00   2.7712e-17   1.3645e-18
 8590.00   2.6468e-17   1.5001e-18
 8595.00   2.7287e-17   1.5092e-18
 8600.00   2.3328e-17   1.4635e-18
 8605.00   3.1065e-17   1.3669e-18
 8610.00   3.1143e-17   1.4651e-18
 8615.00   2.6289e-17   1.7426e-18
 8620.00   3.3367e-17   2.2072e-18
 8625.00   3.2454e-17   2.3896e-18
 8630.00   3.0779e-17   2.4985e-18
 8635.00   2.2500e-17   2.2097e-18
 8640.00   2.3477e-17   1.8320e-18
 8645.00   2.6409e-17   1.5246e-18
 8650.00   2.6574e-17   1.9787e-18
 8655.00   2.1580e-17   1.9755e-18
 8660.00   2.5815e-17   1.9356e-18
 8665.00   2.5261e-17   1.9111e-18
 8670.00   2.1324e-17   1.8904e-18
 8675.00   2.4508e-17   1.8108e-18
 8680.00   4.4341e-17   1.8883e-18
 8685.00   2.0121e-17   1.5928e-18
 8690.00   2.6724e-17   1.5550e-18
 8695.00   2.9458e-17   1.5841e-18
 8700.00   3.6090e-17   1.7193e-18
 8705.00   2.5912e-17   1.6159e-18
 8710.00   2.2313e-17   1.5642e-18
 8715.00   2.2437e-17   1.5006e-18
 8720.00   2.3958e-17   1.5240e-18
 8725.00   2.6090e-17   1.6109e-18
 8730.00   2.2961e-17   1.5590e-18
 8735.00   2.3135e-17   1.6237e-18
 8740.00   2.4996e-17   1.6880e-18
 8745.00   2.4892e-17   1.7018e-18
 8750.00   2.5452e-17   1.7350e-18
 8755.00   2.4459e-17   1.7264e-18
 8760.00   2.0038e-17   3.5944e-18
 8765.00   2.4419e-17   1.9831e-18
 8770.00   2.5226e-17   1.7993e-18
 8775.00   2.7918e-17   1.8626e-18
 8780.00   2.7203e-17   1.7904e-18
 8785.00   2.7796e-17   1.4366e-18
 8790.00   2.2994e-17   1.8415e-18
 8795.00   2.6287e-17   1.4337e-18
 8800.00   2.7150e-17   1.4467e-18
 8805.00   2.3443e-17   1.4062e-18
 8810.00   1.8386e-17   1.5811e-18
 8815.00   2.5652e-17   1.4357e-18
 8820.00   2.2882e-17   1.4448e-18
 8825.00   2.0850e-17   2.1929e-18
 8830.00   2.5765e-17   2.1119e-18
 8835.00   1.6816e-17   3.2391e-18
 8840.00   2.5649e-17   1.7650e-18
 8845.00   2.5961e-17   1.8657e-18
 8850.00   1.4643e-17   2.1560e-18
 8855.00   2.5351e-17   1.6862e-18
 8860.00   2.4529e-17   1.7555e-18
 8865.00   1.9007e-17   1.9668e-18
 8870.00   2.6484e-17   1.7854e-18
 8875.00   2.2035e-17   1.5416e-18
 8880.00   1.9982e-17   1.5310e-18
 8885.00   2.4943e-17   2.2031e-18
 8890.00   1.9963e-17   1.6210e-18
 8895.00   2.3040e-17   1.5965e-18
 8900.00   2.2986e-17   1.5857e-18
 8905.00   2.0946e-17   1.8426e-18
 8910.00   2.0922e-17   1.5899e-18
 8915.00   2.0242e-17   1.4392e-18
 8920.00   2.0295e-17   2.1334e-18
 8925.00   2.2086e-17   1.4964e-18
 8930.00   1.7788e-17   1.5530e-18
 8935.00   2.4632e-17   1.4631e-18
 8940.00   2.3271e-17   1.4197e-18
 8945.00   2.1887e-17   1.7066e-18
 8950.00   2.0099e-17   1.3275e-18
 8955.00   1.9323e-17   1.5170e-18
 8960.00   2.3942e-17   1.6158e-18
 8965.00   1.5935e-17   1.2734e-18
 8970.00   2.0155e-17   1.4140e-18
 8975.00   2.0450e-17   1.2839e-18
 8980.00   1.9987e-17   1.4055e-18
 8985.00   1.9936e-17   1.3635e-18
 8990.00   1.7616e-17   1.6052e-18
 8995.00   2.2601e-17   1.3339e-18
 9000.00   2.0121e-17   1.7659e-18
 9005.00   1.6541e-17   1.2189e-18
 9010.00   1.6449e-17   1.1738e-18
 9015.00   1.8264e-17   1.1643e-18
 9020.00   1.8416e-17   1.2829e-18
 9025.00   1.7109e-17   1.1833e-18
 9030.00   2.3015e-17   1.3194e-18
 9035.00   1.9253e-17   1.2769e-18
 9040.00   2.1589e-17   1.4422e-18
 9045.00   2.1228e-17   1.3192e-18
 9050.00   2.4819e-17   1.7317e-18
 9055.00   2.2265e-17   1.3307e-18
 9060.00   2.1093e-17   1.2693e-18
 9065.00   2.0642e-17   1.3586e-18
 9070.00   1.8330e-17   1.3745e-18
 9075.00   2.1014e-17   1.2870e-18
 9080.00   1.7100e-17   1.2564e-18
 9085.00   2.2686e-17   1.3358e-18
 9090.00   2.3654e-17   1.4038e-18
 9095.00   1.3985e-17   1.4626e-18
 9100.00   1.9825e-17   1.4426e-18
 9105.00   2.2650e-17   1.4996e-18
 9110.00   2.4375e-17   1.3505e-18
 9115.00   1.7998e-17   1.3534e-18
 9120.00   2.0042e-17   1.3463e-18
 9125.00   2.1727e-17   1.3946e-18
 9130.00   2.0869e-17   1.3782e-18
 9135.00   2.0635e-17   1.4312e-18
 9140.00   2.1147e-17   1.4574e-18
 9145.00   2.4803e-17   1.4799e-18
 9150.00   1.9360e-17   1.6502e-18
 9155.00   1.8876e-17   1.6209e-18
 9160.00   2.2018e-17   1.9549e-18
 9165.00   2.1424e-17   1.5858e-18
 9170.00   2.1418e-17   1.5702e-18
 9175.00   1.3589e-17   1.5364e-18
 9180.00   2.2889e-17   1.6472e-18
 9185.00   1.9929e-17   1.6080e-18
 9190.00   1.7029e-17   1.6377e-18
 9195.00   2.0097e-17   1.6471e-18
 9200.00   2.2855e-17   1.7064e-18
 9205.00   2.6605e-17   1.7458e-18
 9210.00   2.1677e-17   1.7599e-18
 9215.00   2.0410e-17   1.9815e-18
 9220.00   1.7873e-17   1.8534e-18
 9225.00   2.2288e-17   2.2202e-18
 9230.00   1.6478e-17   1.8757e-18
 9235.00   1.6962e-17   1.8935e-18
 9240.00   1.8882e-17   1.9103e-18
 9245.00   2.1172e-17   1.9927e-18
 9250.00   2.2788e-17   2.2163e-18
 9255.00   2.2024e-17   2.1244e-18
 9260.00   2.2481e-17   1.6560e-18
 9265.00   2.1524e-17   1.6775e-18
 9270.00   2.1031e-17   1.6257e-18
 9275.00   2.1534e-17   1.6216e-18
 9280.00   1.7857e-17   1.5893e-18
 9285.00   2.2430e-17   1.7832e-18
 9290.00   2.1989e-17   1.7086e-18
 9295.00   1.6051e-17   1.8594e-18
 9300.00   1.3348e-17   1.5842e-18
 9305.00   1.2450e-17   2.3824e-18
 9310.00   1.9973e-17   3.4814e-18
 9315.00   1.3161e-17   2.5236e-18
 9320.00   1.7743e-17   2.1439e-18
 9325.00   2.4325e-17   2.3352e-18
 9330.00   1.9050e-17   2.0441e-18
 9335.00   1.8507e-17   2.1013e-18
 9340.00   1.0218e-17   2.2351e-18
 9345.00   6.5280e-18   1.7258e-18
 9350.00   2.2846e-17   2.4833e-18
 9355.00   9.5539e-18   1.7823e-18
 9360.00   1.2158e-17   1.9168e-18
 9365.00   1.9050e-17   1.8829e-18
 9370.00   6.9513e-18   1.9271e-18
 9375.00   1.0008e-17   5.1671e-18
 9380.00   9.1249e-18   1.9724e-18
 9385.00   1.9011e-17   2.4332e-18
 9390.00   1.6557e-17   1.8324e-18
 9395.00   1.2896e-17   2.0213e-18
 9400.00   1.5312e-17   2.2456e-18
 9405.00   2.1130e-17   1.9861e-18
 9410.00   1.5381e-17   1.7030e-18
 9415.00   2.2978e-17   1.8439e-18
 9420.00   2.4109e-17   2.9531e-18
 9425.00   1.5030e-17   1.7992e-18
 9430.00   9.0678e-18   1.5770e-18
 9435.00   1.2743e-17   1.8861e-18
 9440.00   2.2492e-17   3.4321e-18
 9445.00   1.0174e-17   1.8123e-18
 9450.00   2.0695e-17   2.0254e-18
 9455.00   1.2068e-17   1.8219e-18
 9460.00   9.6035e-18   2.3173e-18
 9465.00   1.8104e-17   1.6515e-18
 9470.00   1.2973e-17   1.6336e-18
 9475.00   1.3481e-17   2.4828e-18
 9480.00   1.0997e-17   1.8987e-18
 9485.00   1.2818e-17   1.7391e-18
 9490.00   1.5300e-17   1.8655e-18
 9495.00   1.3727e-17   1.5890e-18
 9500.00   1.0795e-17   1.8109e-18
 9505.00   2.1692e-17   2.1084e-18
 9510.00   1.8715e-17   1.6989e-18
 9515.00   1.8797e-17   1.6951e-18
 9520.00   9.8681e-18   2.5760e-18
 9525.00   1.4372e-17   1.6524e-18
 9530.00   1.1001e-17   1.8196e-18
 9535.00   1.6389e-17   2.0137e-18
 9540.00   1.2335e-17   1.6473e-18
 9545.00   1.3262e-17   1.5210e-18
 9550.00   1.3205e-17   1.9509e-18
 9555.00   1.1806e-17   1.8313e-18
 9560.00   1.0646e-17   1.8267e-18
 9565.00   1.1934e-17   2.0862e-18
 9570.00   1.8125e-17   2.2297e-18
 9575.00   1.6005e-17   1.7594e-18
 9580.00   1.6082e-17   1.5814e-18
 9585.00   1.4050e-17   1.6636e-18
 9590.00   1.1277e-17   1.6640e-18
 9595.00   8.9054e-18   1.7581e-18
 9600.00   1.5153e-17   1.6795e-18
 9605.00   1.6800e-17   1.8986e-18
 9610.00   1.0237e-17   2.0543e-18
 9615.00   1.7655e-17   1.8604e-18
 9620.00   1.8690e-17   2.5866e-18
 9625.00   1.6408e-17   1.9563e-18
 9630.00   1.5552e-17   2.0565e-18
 9635.00   1.5892e-17   1.8147e-18
 9640.00   1.7092e-17   1.8333e-18
 9645.00   8.6106e-18   1.7512e-18
 9650.00   1.6675e-17   1.9626e-18
 9655.00   1.3112e-17   2.1868e-18
 9660.00   1.1081e-17   2.2849e-18
 9665.00   1.7214e-17   2.0698e-18
 9670.00   1.7162e-17   2.9513e-18
 9675.00   1.7089e-17   2.3893e-18
 9680.00   2.0581e-17   3.7989e-18
 9685.00   2.1388e-17   2.5553e-18
 9690.00   1.4435e-17   2.7199e-18
 9695.00   1.6087e-17   2.3372e-18
 9700.00   1.3827e-17   3.4031e-18
 9705.00   1.1999e-17   2.3126e-18
 9710.00   1.7931e-17   2.8502e-18
 9715.00   1.2713e-17   2.4813e-18
 9720.00   1.4931e-17   4.0938e-18
 9725.00   1.4225e-17   2.6558e-18
 9730.00   2.0216e-17   2.6427e-18
 9735.00   1.5102e-17   3.3874e-18
 9740.00   2.3730e-17   3.1576e-18
 9745.00   1.6607e-17   3.3029e-18
 9750.00   8.5117e-18   2.7372e-18
 9755.00   2.8532e-18   2.7425e-18
 9760.00   1.3728e-17   2.6696e-18
 9765.00   1.4019e-17   2.7543e-18
 9770.00   2.6867e-17   2.8380e-18
 9775.00   2.1270e-17   2.9271e-18
 9780.00   1.2307e-17   3.0055e-18
 9785.00   1.0815e-17   3.2203e-18
 9790.00  -1.0429e-17   7.0962e-18
 9795.00   2.5639e-17   3.6488e-18
 9800.00   1.3505e-17   4.1993e-18
 9805.00   1.9552e-17   3.1003e-18
 9810.00   1.2671e-17   4.2041e-18
 9815.00   1.8090e-17   5.3382e-18
 9820.00   9.5507e-18   4.6241e-18
 9825.00  -4.0529e-17   4.5328e-18
 9830.00   1.6264e-17   4.7155e-18
 9835.00   5.5515e-18   4.1914e-18
 9840.00   2.8448e-17   4.1575e-18
 9845.00   2.1002e-17   4.7243e-18
 9850.00  -4.5255e-19   5.5134e-18
 9855.00   9.8311e-18   4.0014e-18
 9860.00   2.0139e-17   3.9477e-18
 9865.00   2.0432e-17   4.1398e-18
 9870.00   3.3127e-17   6.6537e-18
 9875.00   2.3088e-17   5.1444e-18
 9880.00   2.9160e-17   4.0284e-18
 9885.00   3.7978e-18   4.4787e-18
 9890.00   2.0513e-17   4.1269e-18
 9895.00  -8.2141e-19   6.5756e-18
 9900.00   1.4439e-17   4.1106e-18
 9905.00   1.2526e-17   3.8721e-18
 9910.00   1.7728e-17   4.5543e-18
 9915.00   6.5653e-18   8.4049e-18
 9920.00   2.2510e-17   4.1678e-18
 9925.00   8.6212e-18   3.7656e-18
 9930.00   2.4142e-17   3.8251e-18
 9935.00   1.0043e-17   4.0052e-18
 9940.00   9.9386e-18   6.1286e-18
 9945.00   4.1936e-17   1.1177e-17
 9950.00   7.2229e-19   6.2755e-18
 9955.00   1.4541e-17   7.4975e-18
 9960.00   4.1565e-17   8.6542e-18
 9965.00   9.8515e-18   4.9635e-18
 9970.00   1.0294e-17   5.1173e-18
 9975.00   1.2125e-17   5.2297e-18
 9980.00   3.2911e-17   4.7291e-18
 9985.00   1.3245e-17   3.8666e-18
 9990.00   2.1607e-17   4.0150e-18
 9995.00   2.1607e-17   9.9999e+04
10000.00   2.1607e-17   9.9999e+04
