 
TRANSIENT_NAME:     DES15C2eaz 
SNID:               1306318    
OBS_DATE:           2015-09-15
MJD:                57280. 
PHASE_EXP:          +8.    
MJD_EXP:            57271.0 (De Jaeger et. al.: MNRAS, 495, 4860D, 2020)
TYPE:               29 
SPEC_EVAL:          SNII
REDSHIFT:           0.0620  
REDSHIFT_ERR:       0.0005  
REDSHIFT_SOURCE:    Z_GAL
TELESCOPE:          SALT
INSTRUMENT:         RSS
 
======================================
 
# WAVE  FLUX  FLUX_ERR
 3836.32   1.9382e-18   3.2761e-19
 3839.35   2.0701e-18   3.1914e-19
 3842.38   1.7381e-18   2.8785e-19
 3845.41   1.8193e-18   2.9133e-19
 3848.44   2.2127e-18   3.0088e-19
 3851.47   2.2242e-18   2.9313e-19
 3854.50   2.3236e-18   2.8657e-19
 3857.53   2.3034e-18   2.8034e-19
 3860.56   2.2885e-18   2.8840e-19
 3863.58   2.4244e-18   2.8304e-19
 3866.61   2.6593e-18   3.0207e-19
 3869.64   2.3274e-18   2.7984e-19
 3872.67   2.6739e-18   2.9467e-19
 3875.70   2.6508e-18   2.7621e-19
 3878.73   2.6891e-18   2.8982e-19
 3881.76   2.6815e-18   2.8877e-19
 3884.79   2.6533e-18   2.8372e-19
 3887.82   2.7006e-18   2.9129e-19
 3890.85   2.8093e-18   3.1348e-19
 3893.87   2.7988e-18   3.1575e-19
 3896.90   3.0368e-18   3.3861e-19
 3899.93   2.7203e-18   3.1076e-19
 3902.96   2.8985e-18   3.3167e-19
 3905.99   3.0395e-18   3.2067e-19
 3909.02   2.9898e-18   3.2170e-19
 3912.05   3.1270e-18   3.2375e-19
 3915.08   2.9991e-18   3.0653e-19
 3918.11   2.8262e-18   2.8393e-19
 3921.14   3.0501e-18   3.0862e-19
 3924.17   3.0976e-18   2.9559e-19
 3927.19   3.0170e-18   2.9040e-19
 3930.22   2.8986e-18   2.8711e-19
 3933.25   3.1785e-18   3.0582e-19
 3936.28   1.9427e-18   2.6719e-19
 3939.31   1.6303e-18   2.6500e-19
 3942.34   1.7858e-18   2.5541e-19
 3945.37   1.7425e-18   2.4859e-19
 3948.40   1.8268e-18   2.5398e-19
 3951.43   1.6182e-18   2.3445e-19
 3954.46   2.2212e-18   2.3717e-19
 3957.49   3.5845e-18   2.7997e-19
 3960.51   3.6499e-18   2.8334e-19
 3963.54   3.4771e-18   2.8054e-19
 3966.57   3.3734e-18   2.8378e-19
 3969.60   3.0491e-18   2.7775e-19
 3972.63   3.1586e-18   2.8937e-19
 3975.66   3.2307e-18   2.9254e-19
 3978.69   3.5764e-18   3.1553e-19
 3981.72   3.2425e-18   2.8844e-19
 3984.75   3.5146e-18   3.1919e-19
 3987.78   3.3359e-18   3.0194e-19
 3990.80   3.4487e-18   3.0337e-19
 3993.83   4.8262e-18   3.3803e-19
 3996.86   5.2521e-18   3.6387e-19
 3999.89   5.5783e-18   3.6621e-19
 4002.92   5.2752e-18   3.6464e-19
 4005.95   5.4631e-18   3.6153e-19
 4008.98   5.4794e-18   3.6553e-19
 4012.01   5.3426e-18   3.4699e-19
 4015.04   5.3664e-18   3.5212e-19
 4018.07   5.9610e-18   3.6586e-19
 4021.10   5.2047e-18   3.5869e-19
 4024.12   5.0319e-18   3.9714e-19
 4027.15   3.5381e-18   3.1021e-19
 4030.18   3.4859e-18   2.9425e-19
 4033.21   3.8168e-18   3.0600e-19
 4036.24   3.7507e-18   3.0387e-19
 4039.27   3.8887e-18   3.0616e-19
 4042.30   4.6165e-18   3.3694e-19
 4045.33   4.8032e-18   3.8523e-19
 4048.36   4.9808e-18   3.8014e-19
 4051.39   4.9843e-18   3.8742e-19
 4054.42   5.2369e-18   4.0829e-19
 4057.44   4.5527e-18   3.7872e-19
 4060.47   3.4667e-18   2.9682e-19
 4063.50   3.5259e-18   2.9598e-19
 4066.53   3.7081e-18   3.1379e-19
 4069.56   3.9314e-18   3.1393e-19
 4072.59   3.9108e-18   3.0765e-19
 4075.62   3.9852e-18   3.0506e-19
 4078.65   3.9255e-18   2.9870e-19
 4081.68   3.8672e-18   2.9329e-19
 4084.71   3.9997e-18   3.0550e-19
 4087.73   3.9784e-18   2.9859e-19
 4090.76   4.1388e-18   3.0160e-19
 4093.79   4.0742e-18   3.0021e-19
 4096.82   3.9182e-18   2.9304e-19
 4099.85   3.9163e-18   2.8687e-19
 4102.88   3.9674e-18   2.7939e-19
 4105.91   3.9922e-18   2.8586e-19
 4108.94   4.0928e-18   2.9511e-19
 4111.97   3.9039e-18   2.8760e-19
 4115.00   3.9315e-18   2.8314e-19
 4118.03   3.8495e-18   2.8207e-19
 4121.05   3.9178e-18   2.9709e-19
 4124.08   4.1898e-18   3.0729e-19
 4127.11   4.1046e-18   2.9863e-19
 4130.14   4.1460e-18   3.0150e-19
 4133.17   4.3530e-18   3.0844e-19
 4136.20   4.2019e-18   3.0019e-19
 4139.23   4.2796e-18   3.0055e-19
 4142.26   4.1945e-18   2.8646e-19
 4145.29   3.9558e-18   2.7600e-19
 4148.32   4.0325e-18   2.8421e-19
 4151.35   4.0079e-18   2.9316e-19
 4154.37   4.1663e-18   3.0845e-19
 4157.40   4.1380e-18   2.9952e-19
 4160.43   4.1444e-18   2.9887e-19
 4163.46   4.1782e-18   3.0582e-19
 4166.49   4.0746e-18   2.9943e-19
 4169.52   4.0320e-18   3.0025e-19
 4172.55   3.9821e-18   2.9408e-19
 4175.58   3.9501e-18   2.8332e-19
 4178.61   4.0815e-18   2.9071e-19
 4181.64   4.2658e-18   2.9368e-19
 4184.66   4.1784e-18   2.8689e-19
 4187.69   3.9700e-18   2.7874e-19
 4190.72   3.9860e-18   2.7471e-19
 4193.75   4.0236e-18   2.7554e-19
 4196.78   3.9738e-18   2.7891e-19
 4199.81   4.0494e-18   2.8415e-19
 4202.84   3.9575e-18   2.7648e-19
 4205.87   3.9112e-18   2.7574e-19
 4208.90   3.8308e-18   2.7309e-19
 4211.93   3.8318e-18   2.7574e-19
 4214.96   3.8606e-18   2.7345e-19
 4217.98   4.0428e-18   2.7869e-19
 4221.01   4.0875e-18   2.7911e-19
 4224.04   3.9401e-18   2.6464e-19
 4227.07   3.9027e-18   2.5840e-19
 4230.10   3.8997e-18   2.6011e-19
 4233.13   3.8899e-18   2.5815e-19
 4236.16   3.9253e-18   2.5599e-19
 4239.19   3.9400e-18   2.5970e-19
 4242.22   3.9170e-18   2.5860e-19
 4245.25   4.0811e-18   2.7300e-19
 4248.27   4.2483e-18   2.8504e-19
 4251.30   4.2083e-18   2.8182e-19
 4254.33   4.1614e-18   2.7309e-19
 4257.36   4.1336e-18   2.7362e-19
 4260.39   3.9826e-18   2.6430e-19
 4263.42   4.0766e-18   2.6848e-19
 4266.45   4.0807e-18   2.7172e-19
 4269.48   4.2416e-18   2.7956e-19
 4272.51   4.2204e-18   2.6684e-19
 4275.54   4.0726e-18   2.5916e-19
 4278.57   3.9407e-18   2.6193e-19
 4281.59   4.0980e-18   2.6685e-19
 4284.62   4.2621e-18   2.7419e-19
 4287.65   4.0641e-18   2.6252e-19
 4290.68   3.9248e-18   2.5208e-19
 4293.71   4.0590e-18   2.5510e-19
 4296.74   4.1176e-18   2.5084e-19
 4299.77   4.1626e-18   2.5897e-19
 4302.80   3.9365e-18   2.5125e-19
 4305.83   4.0172e-18   2.5522e-19
 4308.86   3.9692e-18   2.5773e-19
 4311.89   3.9007e-18   2.5659e-19
 4314.91   4.0820e-18   2.6902e-19
 4317.94   4.0441e-18   2.6259e-19
 4320.97   4.0007e-18   2.5837e-19
 4324.00   3.7974e-18   2.4511e-19
 4327.03   3.8324e-18   2.4339e-19
 4330.06   3.8251e-18   2.5240e-19
 4333.09   3.7417e-18   2.4378e-19
 4336.12   3.8627e-18   2.4274e-19
 4339.15   3.8687e-18   2.4850e-19
 4342.18   3.9073e-18   2.4977e-19
 4345.21   3.8988e-18   2.5212e-19
 4348.23   3.7945e-18   2.4402e-19
 4351.26   3.7208e-18   2.4174e-19
 4354.29   3.6140e-18   2.3988e-19
 4357.32   3.6873e-18   2.4194e-19
 4360.35   3.6521e-18   2.4478e-19
 4363.38   3.6647e-18   2.4397e-19
 4366.41   2.6332e-18   2.2158e-19
 4369.44   2.6599e-18   2.2241e-19
 4372.47   2.6156e-18   2.1904e-19
 4375.50   2.7299e-18   2.2312e-19
 4378.52   2.7101e-18   2.1854e-19
 4381.55   3.7161e-18   2.4198e-19
 4384.58   3.4978e-18   2.2913e-19
 4387.61   3.5620e-18   2.3654e-19
 4390.64   3.4543e-18   2.3256e-19
 4393.67   3.4946e-18   2.3125e-19
 4396.70   3.5049e-18   2.3448e-19
 4399.73   3.4000e-18   2.3947e-19
 4402.76   3.4675e-18   2.5294e-19
 4405.79   3.5987e-18   2.5330e-19
 4408.82   3.4952e-18   2.4430e-19
 4411.84   3.6789e-18   2.5893e-19
 4414.87   3.5274e-18   2.4921e-19
 4417.90   3.3817e-18   2.4065e-19
 4420.93   3.3540e-18   2.4089e-19
 4423.96   3.3135e-18   2.2806e-19
 4426.99   3.2925e-18   2.3730e-19
 4430.02   3.2667e-18   2.2381e-19
 4433.05   3.3416e-18   2.3347e-19
 4436.08   3.3794e-18   2.3522e-19
 4439.11   3.2875e-18   2.3043e-19
 4442.14   3.4480e-18   2.4123e-19
 4445.16   3.4572e-18   2.2650e-19
 4448.19   3.4248e-18   2.2287e-19
 4451.22   3.3916e-18   2.3010e-19
 4454.25   3.4574e-18   2.2777e-19
 4457.28   3.5045e-18   2.3129e-19
 4460.31   3.3134e-18   2.2603e-19
 4463.34   3.2339e-18   2.1947e-19
 4466.37   3.3278e-18   2.2458e-19
 4469.40   3.3608e-18   2.2493e-19
 4472.43   3.4285e-18   2.2265e-19
 4475.45   3.1037e-18   2.1011e-19
 4478.48   3.5419e-18   2.2535e-19
 4481.51   3.4499e-18   2.2583e-19
 4484.54   3.5398e-18   2.2218e-19
 4487.57   3.2386e-18   2.2573e-19
 4490.60   3.4111e-18   2.1861e-19
 4493.63   3.6028e-18   2.3619e-19
 4496.66   3.4456e-18   2.2485e-19
 4499.69   3.3768e-18   2.2132e-19
 4502.72   3.6570e-18   2.3722e-19
 4505.75   3.2524e-18   2.1371e-19
 4508.77   3.4739e-18   2.1350e-19
 4511.80   3.5463e-18   2.3378e-19
 4514.83   3.5713e-18   2.2742e-19
 4517.86   3.6654e-18   2.3336e-19
 4520.89   3.5711e-18   2.2595e-19
 4523.92   3.3120e-18   2.1507e-19
 4526.95   3.4042e-18   2.1541e-19
 4529.98   3.7252e-18   2.3033e-19
 4533.01   3.5065e-18   2.1653e-19
 4536.04   3.4076e-18   2.1834e-19
 4539.06   3.5320e-18   2.3107e-19
 4542.09   3.6216e-18   2.2554e-19
 4545.12   3.4407e-18   2.1729e-19
 4548.15   3.4213e-18   2.1952e-19
 4551.18   3.5660e-18   2.2201e-19
 4554.21   3.3851e-18   2.1237e-19
 4557.24   3.4387e-18   2.0915e-19
 4560.27   3.4356e-18   2.1552e-19
 4563.30   3.4545e-18   2.1963e-19
 4566.33   3.5244e-18   2.0993e-19
 4569.36   3.4263e-18   2.1012e-19
 4572.38   3.7902e-18   2.2272e-19
 4575.41   3.6715e-18   2.1004e-19
 4578.44   3.4382e-18   2.1323e-19
 4581.47   3.4838e-18   2.1227e-19
 4584.50   3.6417e-18   2.1811e-19
 4587.53   3.4529e-18   2.1200e-19
 4590.56   3.2716e-18   2.0874e-19
 4593.59   3.4650e-18   2.0925e-19
 4596.62   3.5158e-18   2.0484e-19
 4599.65   3.3689e-18   2.0175e-19
 4602.68   3.4730e-18   2.0886e-19
 4605.70   3.2886e-18   2.0200e-19
 4608.73   3.5151e-18   2.0812e-19
 4611.76   3.5058e-18   2.0677e-19
 4614.79   3.4579e-18   2.0983e-19
 4617.82   3.5368e-18   2.1728e-19
 4620.85   3.5563e-18   2.0634e-19
 4623.88   3.4504e-18   2.0825e-19
 4626.91   3.5101e-18   2.1204e-19
 4629.94   3.4678e-18   2.0862e-19
 4632.97   3.4524e-18   2.1276e-19
 4636.00   3.4719e-18   2.0423e-19
 4639.02   3.5748e-18   2.0613e-19
 4642.05   3.5033e-18   2.1000e-19
 4645.08   3.6373e-18   2.1015e-19
 4648.11   3.5576e-18   2.0732e-19
 4651.14   3.3986e-18   2.0444e-19
 4654.17   3.4754e-18   2.0672e-19
 4657.20   3.5190e-18   2.0372e-19
 4660.23   3.3692e-18   2.0150e-19
 4663.26   3.5136e-18   2.0857e-19
 4666.29   3.6018e-18   2.1330e-19
 4669.31   3.4912e-18   2.1273e-19
 4672.34   3.5107e-18   2.0695e-19
 4675.37   3.5591e-18   2.1087e-19
 4678.40   3.3907e-18   1.9957e-19
 4681.43   3.4368e-18   2.0210e-19
 4684.46   3.3959e-18   1.9972e-19
 4687.49   3.4880e-18   1.9979e-19
 4690.52   3.4752e-18   2.0385e-19
 4693.55   3.4165e-18   2.0142e-19
 4696.58   3.5177e-18   2.0266e-19
 4699.61   3.4966e-18   2.0495e-19
 4702.63   3.4400e-18   2.0392e-19
 4705.66   3.4481e-18   2.0266e-19
 4708.69   3.4034e-18   2.0475e-19
 4711.72   3.3826e-18   2.0534e-19
 4714.75   3.3341e-18   2.0037e-19
 4717.78   3.3404e-18   1.9242e-19
 4720.81   3.3219e-18   1.9401e-19
 4723.84   3.3535e-18   1.9771e-19
 4726.87   3.3344e-18   1.9373e-19
 4729.90   3.4656e-18   1.8070e-19
 4732.93   3.5089e-18   1.7957e-19
 4735.95   3.4953e-18   1.7823e-19
 4738.98   3.4996e-18   1.7764e-19
 4742.01   3.2662e-18   1.6903e-19
 4745.04   3.2365e-18   1.7623e-19
 4748.07   3.1449e-18   1.8881e-19
 4751.10   3.2328e-18   1.9218e-19
 4754.13   3.2390e-18   1.9046e-19
 4757.16   3.2051e-18   1.8970e-19
 4760.19   3.1256e-18   1.9003e-19
 4763.22   3.1416e-18   1.8758e-19
 4766.24   3.1922e-18   1.8805e-19
 4769.27   3.1263e-18   1.8966e-19
 4772.30   3.1804e-18   1.9276e-19
 4775.33   3.1332e-18   1.9300e-19
 4778.36   3.0876e-18   1.9099e-19
 4781.39   3.1327e-18   1.9019e-19
 4784.42   3.1856e-18   1.8717e-19
 4787.45   3.1485e-18   1.8393e-19
 4790.48   3.1857e-18   1.9313e-19
 4793.51   3.1598e-18   1.9234e-19
 4796.54   3.1017e-18   1.8587e-19
 4799.56   3.0688e-18   1.8434e-19
 4802.59   2.9598e-18   1.8469e-19
 4805.62   2.9553e-18   1.8366e-19
 4808.65   3.0103e-18   1.8473e-19
 4811.68   2.9892e-18   1.8695e-19
 4814.71   2.9657e-18   1.8965e-19
 4817.74   3.0580e-18   1.9040e-19
 4820.77   3.0404e-18   1.8638e-19
 4823.80   3.0498e-18   1.9100e-19
 4826.83   2.9845e-18   1.8933e-19
 4829.85   2.8501e-18   1.8865e-19
 4832.88   2.8790e-18   1.8755e-19
 4835.91   2.9847e-18   1.8447e-19
 4838.94   2.9526e-18   1.8705e-19
 4841.97   2.8505e-18   1.8301e-19
 4845.00   2.8169e-18   1.8188e-19
 4848.03   2.9328e-18   1.8653e-19
 4851.06   2.8224e-18   1.8150e-19
 4854.09   2.8643e-18   1.7750e-19
 4857.12   2.9941e-18   1.7864e-19
 4860.15   2.8619e-18   1.7229e-19
 4863.17   2.8706e-18   1.7280e-19
 4866.20   2.9425e-18   1.7902e-19
 4869.23   2.8458e-18   1.7843e-19
 4872.26   2.8698e-18   1.7592e-19
 4875.29   3.0286e-18   1.7910e-19
 4878.32   2.8556e-18   1.7522e-19
 4881.35   2.8055e-18   1.7443e-19
 4884.38   2.8536e-18   1.7356e-19
 4887.41   2.7785e-18   1.7212e-19
 4890.44   2.8349e-18   1.7112e-19
 4893.47   2.9935e-18   1.7413e-19
 4896.49   2.9295e-18   1.7144e-19
 4899.52   2.7453e-18   1.6590e-19
 4902.55   2.7048e-18   1.7145e-19
 4905.58   2.8470e-18   1.7347e-19
 4908.61   2.7936e-18   1.6760e-19
 4911.64   2.7045e-18   1.6575e-19
 4914.67   2.6661e-18   1.6755e-19
 4917.70   2.6273e-18   1.6942e-19
 4920.73   2.6244e-18   1.7007e-19
 4923.76   2.7213e-18   1.7405e-19
 4926.79   2.6255e-18   1.7362e-19
 4929.81   2.4437e-18   1.6535e-19
 5093.38   2.4658e-18   1.5064e-19
 5096.41   2.6276e-18   1.5550e-19
 5099.44   2.7327e-18   1.5722e-19
 5102.47   2.7478e-18   1.5499e-19
 5105.50   2.6258e-18   1.5376e-19
 5108.53   2.6556e-18   1.5986e-19
 5111.56   2.6963e-18   1.5636e-19
 5114.59   2.6828e-18   1.5432e-19
 5117.62   2.7208e-18   1.5922e-19
 5120.65   2.6877e-18   1.5462e-19
 5123.67   2.7099e-18   1.5268e-19
 5126.70   2.7719e-18   1.5374e-19
 5129.73   2.7344e-18   1.5616e-19
 5132.76   2.6659e-18   1.5572e-19
 5135.79   2.7384e-18   1.5655e-19
 5138.82   2.7579e-18   1.5855e-19
 5141.85   2.6717e-18   1.5588e-19
 5144.88   2.5982e-18   1.5153e-19
 5147.91   2.7493e-18   1.5275e-19
 5150.94   2.7541e-18   1.5559e-19
 5153.96   2.7428e-18   1.5259e-19
 5156.99   2.8557e-18   1.5365e-19
 5160.02   2.7129e-18   1.5557e-19
 5163.05   2.8545e-18   1.5811e-19
 5166.08   2.9384e-18   1.5653e-19
 5169.11   2.7236e-18   1.5214e-19
 5172.14   2.6081e-18   1.4995e-19
 5175.17   2.6141e-18   1.4890e-19
 5178.20   2.6798e-18   1.5143e-19
 5181.23   2.7177e-18   1.5515e-19
 5184.26   2.6386e-18   1.5105e-19
 5187.28   2.6102e-18   1.5459e-19
 5190.31   2.6244e-18   1.5243e-19
 5193.34   2.6402e-18   1.5443e-19
 5196.37   2.6628e-18   1.5357e-19
 5199.40   2.6402e-18   1.5401e-19
 5202.43   2.6246e-18   1.5289e-19
 5205.46   2.8409e-18   1.5325e-19
 5208.49   2.8304e-18   1.5525e-19
 5211.52   2.7865e-18   1.5430e-19
 5214.55   2.2360e-18   1.6700e-19
 5217.58   1.4655e-18   1.5803e-19
 5220.60   1.3669e-18   1.5553e-19
 5223.63   1.4679e-18   1.4909e-19
 5226.66   1.4729e-18   1.4823e-19
 5229.69   2.7741e-18   1.5727e-19
 5232.72   2.7419e-18   1.5483e-19
 5235.75   2.7422e-18   1.5449e-19
 5238.78   2.7397e-18   1.5546e-19
 5241.81   2.7240e-18   1.5660e-19
 5244.84   2.6826e-18   1.5258e-19
 5247.87   2.7456e-18   1.5421e-19
 5250.90   2.7364e-18   1.5106e-19
 5253.92   2.7192e-18   1.5102e-19
 5256.95   2.7708e-18   1.5087e-19
 5259.98   2.7162e-18   1.5252e-19
 5263.01   2.7539e-18   1.5084e-19
 5266.04   2.7054e-18   1.4600e-19
 5269.07   2.6190e-18   1.4554e-19
 5272.10   2.8026e-18   1.4871e-19
 5275.13   2.7698e-18   1.5213e-19
 5278.16   2.7080e-18   1.5082e-19
 5281.19   2.6112e-18   1.5010e-19
 5284.21   2.6137e-18   1.4797e-19
 5287.24   2.6205e-18   1.5174e-19
 5290.27   2.6781e-18   1.5183e-19
 5293.30   2.6648e-18   1.5231e-19
 5296.33   2.5629e-18   1.5078e-19
 5299.36   2.6565e-18   1.4985e-19
 5302.39   2.8486e-18   1.5239e-19
 5305.42   2.9220e-18   1.5091e-19
 5308.45   2.9012e-18   1.5054e-19
 5311.48   2.8815e-18   1.5069e-19
 5314.51   2.7779e-18   1.4900e-19
 5317.53   2.9359e-18   1.5089e-19
 5320.56   2.9654e-18   1.5403e-19
 5323.59   2.7519e-18   1.5405e-19
 5326.62   2.7077e-18   1.5147e-19
 5329.65   2.7896e-18   1.4879e-19
 5332.68   2.6887e-18   1.4944e-19
 5335.71   2.7907e-18   1.5380e-19
 5338.74   2.6828e-18   1.5218e-19
 5341.77   2.5710e-18   1.5178e-19
 5344.80   2.5954e-18   1.4843e-19
 5347.82   2.7657e-18   1.5409e-19
 5350.85   2.6368e-18   1.4801e-19
 5353.88   2.6601e-18   1.4759e-19
 5356.91   2.6675e-18   1.4670e-19
 5359.94   2.6817e-18   1.4717e-19
 5362.97   2.7424e-18   1.4656e-19
 5366.00   2.5950e-18   1.4420e-19
 5369.03   2.6955e-18   1.5030e-19
 5372.06   2.7617e-18   1.4729e-19
 5375.09   2.6489e-18   1.4727e-19
 5378.12   2.6784e-18   1.4895e-19
 5381.14   2.5970e-18   1.4368e-19
 5384.17   2.6356e-18   1.4569e-19
 5387.20   2.5905e-18   1.4422e-19
 5390.23   2.6583e-18   1.4614e-19
 5393.26   2.5162e-18   1.4310e-19
 5396.29   2.6519e-18   1.4421e-19
 5399.32   2.6275e-18   1.4464e-19
 5402.35   2.6625e-18   1.4492e-19
 5405.38   2.5340e-18   1.4035e-19
 5408.41   2.4472e-18   1.4751e-19
 5411.44   2.6178e-18   1.4841e-19
 5414.46   2.6663e-18   1.4600e-19
 5417.49   2.4994e-18   1.4252e-19
 5420.52   2.5682e-18   1.4677e-19
 5423.55   2.5691e-18   1.4370e-19
 5426.58   2.6207e-18   1.4347e-19
 5429.61   2.6098e-18   1.4505e-19
 5432.64   2.5701e-18   1.4504e-19
 5435.67   2.7187e-18   1.4577e-19
 5438.70   2.5726e-18   1.4553e-19
 5441.73   2.7553e-18   1.4499e-19
 5444.75   2.4498e-18   1.4824e-19
 5447.78   2.6334e-18   1.4592e-19
 5450.81   2.5018e-18   1.4472e-19
 5453.84   2.5010e-18   1.4624e-19
 5456.87   2.4830e-18   1.4273e-19
 5459.90   2.4663e-18   1.4378e-19
 5462.93   2.7449e-18   1.4091e-19
 5465.96   2.6452e-18   1.3985e-19
 5468.99   2.7390e-18   1.4365e-19
 5472.02   2.6361e-18   1.4348e-19
 5475.05   2.3831e-18   1.4151e-19
 5478.07   2.4342e-18   1.4338e-19
 5481.10   2.5029e-18   1.5098e-19
 5484.13   2.6523e-18   1.4768e-19
 5487.16   2.5463e-18   1.4389e-19
 5490.19   2.4923e-18   1.4653e-19
 5493.22   2.4495e-18   1.4210e-19
 5496.25   2.5987e-18   1.4682e-19
 5499.28   2.4085e-18   1.4864e-19
 5502.31   2.4031e-18   1.4516e-19
 5505.34   2.4969e-18   1.4489e-19
 5508.37   2.4981e-18   1.4805e-19
 5511.39   2.5595e-18   1.4723e-19
 5514.42   2.4562e-18   1.4211e-19
 5517.45   2.6066e-18   1.4658e-19
 5520.48   2.6002e-18   1.4772e-19
 5523.51   2.5726e-18   1.4717e-19
 5526.54   2.4583e-18   1.4366e-19
 5529.57   2.4143e-18   1.4392e-19
 5532.60   2.4409e-18   1.4603e-19
 5535.63   2.3028e-18   1.4563e-19
 5538.66   2.5210e-18   1.4997e-19
 5541.69   2.3920e-18   1.5062e-19
 5544.71   2.4976e-18   1.5148e-19
 5547.74   2.4674e-18   1.5444e-19
 5550.77   2.3246e-18   1.5473e-19
 5553.80   2.4251e-18   1.6223e-19
 5556.83   2.3148e-18   1.5725e-19
 5559.86   2.1238e-18   1.7505e-19
 5596.21   2.4063e-18   1.4638e-19
 5599.24   2.7194e-18   1.4742e-19
 5602.27   2.5908e-18   1.4363e-19
 5605.30   2.5846e-18   1.4224e-19
 5608.32   2.4204e-18   1.3703e-19
 5611.35   2.5131e-18   1.3889e-19
 5614.38   2.3864e-18   1.3885e-19
 5617.41   2.2981e-18   1.4703e-19
 5620.44   2.3818e-18   1.4239e-19
 5623.47   2.3508e-18   1.4729e-19
 5626.50   2.4965e-18   1.4663e-19
 5629.53   2.2626e-18   1.3946e-19
 5632.56   2.2265e-18   1.4119e-19
 5635.59   2.2114e-18   1.3980e-19
 5638.61   2.2908e-18   1.4483e-19
 5641.64   2.3322e-18   1.4098e-19
 5644.67   2.3417e-18   1.4409e-19
 5647.70   2.3282e-18   1.4056e-19
 5650.73   2.4316e-18   1.4175e-19
 5653.76   2.2978e-18   1.3843e-19
 5656.79   2.3963e-18   1.4054e-19
 5659.82   2.2965e-18   1.3900e-19
 5662.85   2.3124e-18   1.4245e-19
 5665.88   2.3235e-18   1.4292e-19
 5668.91   2.2282e-18   1.4107e-19
 5671.93   2.3470e-18   1.4090e-19
 5674.96   2.3460e-18   1.4325e-19
 5677.99   2.2587e-18   1.4182e-19
 5681.02   2.2922e-18   1.4042e-19
 5684.05   2.3195e-18   1.4073e-19
 5687.08   2.3292e-18   1.4194e-19
 5690.11   2.1824e-18   1.3862e-19
 5693.14   2.1621e-18   1.3854e-19
 5696.17   2.2066e-18   1.3994e-19
 5699.20   2.1964e-18   1.3794e-19
 5702.23   2.0256e-18   1.3620e-19
 5705.25   2.1060e-18   1.3785e-19
 5708.28   2.2507e-18   1.3885e-19
 5711.31   2.2469e-18   1.3832e-19
 5714.34   2.2545e-18   1.4002e-19
 5717.37   2.2822e-18   1.3846e-19
 5720.40   2.2547e-18   1.3681e-19
 5723.43   2.1623e-18   1.3407e-19
 5726.46   1.9754e-18   1.3685e-19
 5729.49   2.1346e-18   1.3531e-19
 5732.52   2.2880e-18   1.3746e-19
 5735.54   2.2241e-18   1.3821e-19
 5738.57   2.3070e-18   1.3838e-19
 5741.60   2.3121e-18   1.3630e-19
 5744.63   2.0424e-18   1.3388e-19
 5747.66   2.2624e-18   1.3708e-19
 5750.69   2.2541e-18   1.3407e-19
 5753.72   2.1875e-18   1.3654e-19
 5756.75   2.1037e-18   1.3058e-19
 5759.78   2.0914e-18   1.3381e-19
 5762.81   2.2079e-18   1.3190e-19
 5765.84   2.0524e-18   1.3434e-19
 5768.86   2.0884e-18   1.3528e-19
 5771.89   2.1074e-18   1.3276e-19
 5774.92   2.2110e-18   1.3081e-19
 5777.95   2.1505e-18   1.3406e-19
 5780.98   2.1912e-18   1.3463e-19
 5784.01   2.3386e-18   1.3319e-19
 5787.04   2.0375e-18   1.3186e-19
 5790.07   2.2732e-18   1.3638e-19
 5793.10   2.0699e-18   1.3733e-19
 5796.13   2.1241e-18   1.3487e-19
 5799.16   2.0483e-18   1.3416e-19
 5802.18   2.1282e-18   1.3582e-19
 5805.21   2.1567e-18   1.3471e-19
 5808.24   2.1377e-18   1.3255e-19
 5811.27   1.9927e-18   1.3307e-19
 5814.30   2.0797e-18   1.3269e-19
 5817.33   2.1505e-18   1.3336e-19
 5820.36   1.9719e-18   1.3303e-19
 5823.39   2.0743e-18   1.3516e-19
 5826.42   2.0510e-18   1.3321e-19
 5829.45   2.1993e-18   1.3555e-19
 5832.48   1.9756e-18   1.3061e-19
 5835.50   2.1870e-18   1.3412e-19
 5838.53   2.0367e-18   1.3395e-19
 5841.56   2.1195e-18   1.3162e-19
 5844.59   2.2361e-18   1.3450e-19
 5847.62   2.0862e-18   1.3328e-19
 5850.65   1.9946e-18   1.3860e-19
 5853.68   2.0947e-18   1.4003e-19
 5856.71   2.0338e-18   1.4211e-19
 5859.74   1.9772e-18   1.4168e-19
 5862.77   1.8546e-18   1.4276e-19
 5865.79   1.9892e-18   1.4213e-19
 5868.82   2.0238e-18   1.4506e-19
 5871.85   1.9038e-18   1.4727e-19
 5874.88   1.7044e-18   1.5848e-19
 5877.91   1.6391e-18   1.8611e-19
 5880.94   1.6561e-18   1.9188e-19
 5883.97   1.9391e-18   2.1293e-19
 5887.00   1.8337e-18   2.1206e-19
 5890.03   1.8513e-18   2.1060e-19
 5893.06   1.9920e-18   2.1617e-19
 5896.08   1.8235e-18   1.8921e-19
 5899.11   1.9377e-18   1.7297e-19
 5902.14   1.7945e-18   1.6382e-19
 5905.17   1.7793e-18   1.4345e-19
 5908.20   2.0296e-18   1.4365e-19
 5911.23   2.0351e-18   1.4742e-19
 5914.26   2.0044e-18   1.4376e-19
 5917.29   1.9734e-18   1.4476e-19
 5920.32   2.0340e-18   1.4493e-19
 5923.35   2.0074e-18   1.4664e-19
 5926.38   1.9768e-18   1.4239e-19
 5929.40   1.9845e-18   1.4118e-19
 5932.43   2.0376e-18   1.4215e-19
 5935.46   1.9681e-18   1.4128e-19
 5938.49   1.8021e-18   1.4003e-19
 5941.52   1.9969e-18   1.4059e-19
 5944.55   1.9355e-18   1.4399e-19
 5947.58   1.8540e-18   1.4087e-19
 5950.61   1.9808e-18   1.3971e-19
 5953.64   1.9114e-18   1.4154e-19
 5956.67   1.8479e-18   1.3652e-19
 5959.70   1.6933e-18   1.3149e-19
 5962.72   1.7078e-18   1.3149e-19
 5965.75   1.8184e-18   1.3327e-19
 5968.78   1.7553e-18   1.3916e-19
 5971.81   1.9742e-18   1.3616e-19
 5974.84   1.9280e-18   1.3481e-19
 5977.87   1.8702e-18   1.3341e-19
 5980.90   1.9232e-18   1.3865e-19
 5983.93   1.9898e-18   1.3264e-19
 5986.96   1.9439e-18   1.2894e-19
 5989.99   1.8537e-18   1.2900e-19
 5993.02   1.9540e-18   1.3052e-19
 5996.04   1.7974e-18   1.2873e-19
 5999.07   1.6763e-18   1.3082e-19
 6002.10   1.7369e-18   1.2801e-19
 6005.13   1.8357e-18   1.2744e-19
 6008.16   1.7247e-18   1.2433e-19
 6011.19   1.7000e-18   1.2524e-19
 6014.22   1.8648e-18   1.2782e-19
 6017.25   2.0093e-18   1.2616e-19
 6020.28   1.9026e-18   1.2561e-19
 6023.31   1.9058e-18   1.2621e-19
 6026.33   2.0153e-18   1.2884e-19
 6029.36   1.9499e-18   1.2696e-19
 6032.39   1.8520e-18   1.2613e-19
 6035.42   1.7214e-18   1.2229e-19
 6038.45   1.9370e-18   1.2644e-19
 6041.48   1.9404e-18   1.2614e-19
 6044.51   2.0234e-18   1.2518e-19
 6047.54   1.8788e-18   1.2118e-19
 6050.57   1.8026e-18   1.2239e-19
 6053.60   1.7188e-18   1.2427e-19
 6056.63   1.9087e-18   1.2372e-19
 6059.65   1.9760e-18   1.2333e-19
 6062.68   1.8261e-18   1.2044e-19
 6065.71   1.9005e-18   1.2430e-19
 6068.74   1.9482e-18   1.2197e-19
 6071.77   1.7626e-18   1.1920e-19
 6074.80   1.9046e-18   1.2102e-19
 6077.83   2.0151e-18   1.2068e-19
 6080.86   1.9950e-18   1.2104e-19
 6083.89   1.9262e-18   1.1918e-19
 6086.92   2.0401e-18   1.2145e-19
 6089.95   2.0066e-18   1.2032e-19
 6092.97   1.9842e-18   1.2073e-19
 6096.00   1.9539e-18   1.2061e-19
 6099.03   1.9929e-18   1.2089e-19
 6102.06   2.0118e-18   1.2209e-19
 6105.09   1.8796e-18   1.1873e-19
 6108.12   2.0513e-18   1.1939e-19
 6111.15   2.0093e-18   1.2070e-19
 6114.18   2.0402e-18   1.2045e-19
 6117.21   1.9325e-18   1.1903e-19
 6120.24   2.0112e-18   1.2086e-19
 6123.27   2.0058e-18   1.2116e-19
 6126.29   1.9596e-18   1.2097e-19
 6129.32   2.0741e-18   1.2294e-19
 6132.35   2.1378e-18   1.2689e-19
 6135.38   1.9844e-18   1.2335e-19
 6138.41   2.0754e-18   1.2632e-19
 6141.44   2.0134e-18   1.2532e-19
 6144.47   2.0266e-18   1.2365e-19
 6147.50   2.0840e-18   1.2283e-19
 6150.53   1.9274e-18   1.1834e-19
 6153.56   2.0953e-18   1.2045e-19
 6156.58   2.1015e-18   1.2179e-19
 6159.61   2.1333e-18   1.2690e-19
 6162.64   2.1769e-18   1.2692e-19
 6165.67   2.1511e-18   1.2504e-19
 6168.70   2.1537e-18   1.2580e-19
 6171.73   2.1293e-18   1.2552e-19
 6174.76   2.0840e-18   1.2514e-19
 6177.79   1.9858e-18   1.2196e-19
 6180.82   1.9459e-18   1.1674e-19
 6183.85   1.9358e-18   1.1976e-19
 6186.88   2.0120e-18   1.2156e-19
 6189.90   2.1135e-18   1.2131e-19
 6192.93   2.3014e-18   1.2494e-19
 6195.96   2.3447e-18   1.2727e-19
 6198.99   2.0963e-18   1.2245e-19
 6202.02   2.2166e-18   1.2452e-19
 6205.05   2.2089e-18   1.2428e-19
 6208.08   2.0474e-18   1.2352e-19
 6211.11   2.1403e-18   1.2471e-19
 6214.14   2.1616e-18   1.2457e-19
 6217.17   2.1516e-18   1.2749e-19
 6220.19   2.0110e-18   1.2586e-19
 6223.22   1.9309e-18   1.3069e-19
 6226.25   2.0950e-18   1.3736e-19
 6229.28   2.1730e-18   1.4182e-19
 6232.31   2.0980e-18   1.4266e-19
 6235.34   2.1573e-18   1.4213e-19
 6238.37   2.0745e-18   1.4177e-19
 6241.40   2.0349e-18   1.3841e-19
 6244.43   1.9309e-18   1.3650e-19
 6247.46   1.9009e-18   1.3518e-19
 6250.49   1.9537e-18   1.3596e-19
 6253.51   2.0338e-18   1.3877e-19
 6256.54   1.9360e-18   1.3722e-19
 6259.57   2.0420e-18   1.3885e-19
 6262.60   1.9370e-18   1.3478e-19
 6265.63   2.0168e-18   1.3146e-19
 6268.66   2.0327e-18   1.2743e-19
 6271.69   1.9510e-18   1.2722e-19
 6274.72   1.9016e-18   1.3092e-19
 6277.75   1.9061e-18   1.3183e-19
 6280.78   1.9336e-18   1.3259e-19
 6283.81   1.9122e-18   1.4275e-19
 6320.15   1.9525e-18   1.3388e-19
 6323.18   2.0460e-18   1.3384e-19
 6326.21   2.0022e-18   1.3162e-19
 6329.24   1.8974e-18   1.2948e-19
 6332.27   1.9933e-18   1.2956e-19
 6335.30   2.0362e-18   1.2783e-19
 6338.33   2.0019e-18   1.2436e-19
 6341.36   1.9773e-18   1.2533e-19
 6344.39   1.8906e-18   1.2599e-19
 6347.42   1.9984e-18   1.3078e-19
 6383.76   1.9306e-18   1.1868e-19
 6386.79   1.9479e-18   1.1920e-19
 6389.82   1.9051e-18   1.1730e-19
 6392.85   1.8138e-18   1.1325e-19
 6395.88   1.8032e-18   1.0969e-19
 6398.91   1.9330e-18   1.1143e-19
 6401.94   1.9468e-18   1.1315e-19
 6404.97   1.9164e-18   1.1282e-19
 6408.00   1.9854e-18   1.1504e-19
 6411.03   1.9922e-18   1.1565e-19
 6414.05   2.0610e-18   1.1591e-19
 6417.08   2.0335e-18   1.1483e-19
 6420.11   1.9604e-18   1.1350e-19
 6423.14   2.0040e-18   1.1372e-19
 6426.17   2.0130e-18   1.1235e-19
 6429.20   1.9334e-18   1.1038e-19
 6432.23   1.8907e-18   1.1018e-19
 6435.26   1.9602e-18   1.1179e-19
 6438.29   1.9252e-18   1.1065e-19
 6441.32   1.8787e-18   1.1048e-19
 6444.35   1.8722e-18   1.1131e-19
 6447.37   1.8244e-18   1.1187e-19
 6450.40   1.7836e-18   1.1462e-19
 6453.43   1.8036e-18   1.1973e-19
 6456.46   1.8804e-18   1.2535e-19
 6459.49   1.8765e-18   1.2745e-19
 6462.52   1.8075e-18   1.2775e-19
 6465.55   1.8901e-18   1.2958e-19
 6468.58   1.8476e-18   1.2824e-19
 6471.61   1.7097e-18   1.2355e-19
 6474.64   1.7274e-18   1.1928e-19
 6477.67   1.7909e-18   1.1433e-19
 6480.69   1.8057e-18   1.1117e-19
 6483.72   1.8612e-18   1.1475e-19
 6486.75   1.8565e-18   1.2140e-19
 6489.78   1.8763e-18   1.2607e-19
 6492.81   1.8189e-18   1.2589e-19
 6495.84   1.8288e-18   1.2751e-19
 6498.87   1.7342e-18   1.2489e-19
 6501.90   1.6700e-18   1.2396e-19
 6504.93   1.7128e-18   1.2023e-19
 6507.96   1.6737e-18   1.1624e-19
 6510.98   1.6975e-18   1.1354e-19
 6514.01   1.8136e-18   1.1434e-19
 6517.04   1.7827e-18   1.1564e-19
 6520.07   1.7059e-18   1.1788e-19
 6523.10   1.7986e-18   1.2215e-19
 6526.13   1.8439e-18   1.2412e-19
 6529.16   1.8404e-18   1.2537e-19
 6532.19   1.8702e-18   1.2661e-19
 6535.22   1.8410e-18   1.2585e-19
 6538.25   1.8792e-18   1.2568e-19
 6541.28   1.8616e-18   1.2661e-19
 6544.30   1.8290e-18   1.2689e-19
 6547.33   1.5892e-18   1.2841e-19
 6550.36   1.4802e-18   1.2764e-19
 6553.39   1.5530e-18   1.2683e-19
 6556.42   1.6129e-18   1.2992e-19
 6559.45   1.8871e-18   1.2825e-19
 6562.48   1.8434e-18   1.2456e-19
 6565.51   1.6492e-18   1.2180e-19
 6568.54   1.7270e-18   1.2371e-19
 6571.57   1.7107e-18   1.2207e-19
 6574.60   1.6313e-18   1.2008e-19
 6577.62   1.6610e-18   1.1668e-19
 6580.65   1.8002e-18   1.1739e-19
 6583.68   1.9068e-18   1.1809e-19
 6586.71   1.7681e-18   1.1321e-19
 6589.74   1.6036e-18   1.1033e-19
 6592.77   1.6606e-18   1.1297e-19
 6595.80   1.7395e-18   1.1225e-19
 6598.83   1.7649e-18   1.1234e-19
 6601.86   1.7531e-18   1.1269e-19
 6604.89   1.6742e-18   1.1002e-19
 6607.92   1.6773e-18   1.1042e-19
 6610.94   1.7629e-18   1.0951e-19
 6613.97   1.7040e-18   1.0450e-19
 6617.00   1.6887e-18   1.0322e-19
 6620.03   1.7025e-18   1.0497e-19
 6623.06   1.7163e-18   1.0617e-19
 6626.09   1.7683e-18   1.0852e-19
 6629.12   1.8015e-18   1.0918e-19
 6632.15   1.7651e-18   1.0821e-19
 6635.18   1.7759e-18   1.0657e-19
 6638.21   1.7193e-18   1.0549e-19
 6641.23   1.6297e-18   1.0344e-19
 6644.26   1.6612e-18   1.0230e-19
 6647.29   1.6598e-18   1.0237e-19
 6650.32   1.5653e-18   1.0181e-19
 6653.35   1.6315e-18   1.0291e-19
 6656.38   1.6381e-18   1.0262e-19
 6659.41   1.5548e-18   1.0175e-19
 6662.44   1.5986e-18   1.0172e-19
 6665.47   1.6354e-18   1.0264e-19
 6668.50   1.5205e-18   1.0138e-19
 6671.53   1.4740e-18   9.8048e-20
 6674.55   1.7244e-18   1.0140e-19
 6677.58   1.7663e-18   1.0103e-19
 6680.61   1.6882e-18   9.9246e-20
 6683.64   1.6080e-18   1.0090e-19
 6686.67   1.5548e-18   1.0387e-19
 6689.70   1.5932e-18   1.0308e-19
 6692.73   1.5772e-18   1.0384e-19
 6695.76   1.6549e-18   1.0527e-19
 6698.79   1.6607e-18   1.0504e-19
 6701.82   1.4913e-18   1.0207e-19
 6704.84   1.6837e-18   1.0356e-19
 6707.87   1.6167e-18   1.0061e-19
 6710.90   1.4876e-18   9.9439e-20
 6713.93   1.5872e-18   1.0081e-19
 6716.96   1.5820e-18   1.0081e-19
 6719.99   1.5376e-18   1.0165e-19
 6723.02   1.5934e-18   1.0220e-19
 6726.05   1.7068e-18   1.0273e-19
 6729.08   1.7011e-18   1.0267e-19
 6732.11   1.6209e-18   1.0143e-19
 6735.14   1.5742e-18   9.9496e-20
 6738.16   1.6332e-18   9.9812e-20
 6741.19   1.6168e-18   1.0042e-19
 6744.22   1.6651e-18   1.0080e-19
 6747.25   1.5375e-18   9.8641e-20
 6750.28   1.5014e-18   9.6609e-20
 6753.31   1.5143e-18   9.5659e-20
 6756.34   1.6109e-18   9.6776e-20
 6759.37   1.6974e-18   9.9495e-20
 6762.40   1.6845e-18   9.8935e-20
 6765.43   1.5665e-18   9.8018e-20
 6768.46   1.6200e-18   9.7669e-20
 6771.48   1.7677e-18   9.9429e-20
 6774.51   1.6545e-18   9.8075e-20
 6777.54   1.5778e-18   9.8060e-20
 6780.57   1.5663e-18   9.7767e-20
 6783.60   1.6872e-18   9.8879e-20
 6786.63   1.7532e-18   1.0192e-19
 6789.66   1.5793e-18   9.8772e-20
 6792.69   1.7646e-18   1.0218e-19
 6795.72   1.7128e-18   1.0065e-19
 6798.75   1.7611e-18   1.0108e-19
 6801.77   1.8076e-18   1.0054e-19
 6804.80   1.7069e-18   9.9492e-20
 6807.83   1.7505e-18   1.0191e-19
 6810.86   1.7353e-18   1.0063e-19
 6813.89   1.5611e-18   1.0180e-19
 6816.92   1.5711e-18   1.1658e-19
 6819.95   1.4514e-18   1.2464e-19
 6822.98   1.6539e-18   1.3872e-19
 6826.01   1.6423e-18   1.4035e-19
 6829.04   1.6126e-18   1.4230e-19
 6832.07   1.6286e-18   1.4298e-19
 6835.09   1.6256e-18   1.3856e-19
 6838.12   1.7793e-18   1.2552e-19
 6841.15   1.6489e-18   1.1682e-19
 6844.18   1.7085e-18   1.0972e-19
 6847.21   1.6673e-18   1.0799e-19
 6850.24   1.5553e-18   1.1490e-19
 6853.27   1.5131e-18   1.2642e-19
 6856.30   1.6994e-18   1.2979e-19
 6859.33   1.5775e-18   1.3189e-19
 6862.36   1.4791e-18   1.2913e-19
 6865.39   1.2459e-18   1.2658e-19
 6868.41   1.4665e-18   1.2863e-19
 6871.44   1.4404e-18   1.1954e-19
 6874.47   1.3638e-18   1.0600e-19
 6877.50   1.4412e-18   1.0725e-19
 6880.53   1.5293e-18   1.0785e-19
 6883.56   1.5738e-18   1.0819e-19
 6886.59   1.6743e-18   1.1064e-19
 6889.62   1.5089e-18   1.1148e-19
 6892.65   1.5268e-18   1.1124e-19
 6895.68   1.7757e-18   1.1252e-19
 6898.71   1.5658e-18   1.1009e-19
 6901.73   1.5904e-18   1.1310e-19
 6904.76   1.6173e-18   1.1359e-19
 6907.79   1.6285e-18   1.1434e-19
 6910.82   1.7077e-18   1.1743e-19
 6913.85   1.5990e-18   1.2490e-19
 6916.88   1.8142e-18   1.2959e-19
 6919.91   1.8134e-18   1.2343e-19
 6922.94   1.5834e-18   1.1569e-19
 6925.97   1.6711e-18   1.1892e-19
 6929.00   1.6144e-18   1.1975e-19
 6932.02   1.7007e-18   1.1377e-19
 6935.05   1.7817e-18   1.1650e-19
 6938.08   1.6254e-18   1.2333e-19
 6941.11   1.7740e-18   1.2672e-19
 6944.14   1.6322e-18   1.2394e-19
 6947.17   1.7774e-18   1.2439e-19
 6950.20   1.7424e-18   1.2257e-19
 6953.23   1.9354e-18   1.2112e-19
 6956.26   1.8424e-18   1.1465e-19
 6959.29   1.8385e-18   1.0826e-19
 6962.32   2.2328e-18   1.1220e-19
 6965.34   2.2545e-18   1.1432e-19
 6968.37   2.3824e-18   1.2355e-19
 6971.40   2.4471e-18   1.2450e-19
 6974.43   2.1144e-18   1.1995e-19
 6977.46   2.2196e-18   1.2174e-19
 6980.49   2.0293e-18   1.1396e-19
 6983.52   1.7415e-18   1.0952e-19
 6986.55   1.6535e-18   1.0439e-19
 6989.58   1.6842e-18   1.0045e-19
 6992.61   1.6461e-18   1.0074e-19
 6995.63   1.7841e-18   1.0206e-19
 6998.66   1.5583e-18   1.0262e-19
 7001.69   1.5878e-18   1.0431e-19
 7004.72   1.7384e-18   1.0787e-19
 7007.75   1.9037e-18   1.1000e-19
 7010.78   1.6473e-18   1.0369e-19
 7013.81   1.5526e-18   1.0070e-19
 7016.84   1.6084e-18   9.8850e-20
 7019.87   1.5640e-18   9.6505e-20
 7022.90   1.7153e-18   9.5619e-20
 7025.93   1.6310e-18   9.5601e-20
 7028.95   1.6612e-18   9.6731e-20
 7031.98   1.5873e-18   9.8843e-20
 7035.01   1.6939e-18   1.0234e-19
 7038.04   1.7770e-18   1.0433e-19
 7041.07   1.8172e-18   1.0569e-19
 7044.10   1.7218e-18   1.0681e-19
 7047.13   1.6214e-18   1.0435e-19
 7050.16   1.6072e-18   1.0483e-19
 7053.19   1.6786e-18   1.0427e-19
 7056.22   1.7680e-18   1.0442e-19
 7059.25   1.5704e-18   1.0090e-19
 7062.27   1.5690e-18   9.9163e-20
 7065.30   1.5524e-18   9.9860e-20
 7068.33   1.5092e-18   9.7840e-20
 7071.36   1.6548e-18   1.0214e-19
 7074.39   1.6119e-18   1.0017e-19
 7077.42   1.6576e-18   1.0251e-19
 7080.45   1.5255e-18   9.9890e-20
 7083.48   1.6609e-18   1.0285e-19
 7086.51   1.6723e-18   1.0338e-19
 7089.54   1.5854e-18   1.0107e-19
 7092.56   1.4822e-18   9.8202e-20
 7095.59   1.6984e-18   1.0098e-19
 7098.62   1.6691e-18   9.7373e-20
 7101.65   1.6493e-18   9.8329e-20
 7104.68   1.5885e-18   9.6592e-20
 7107.71   1.5579e-18   9.4135e-20
 7110.74   1.4359e-18   9.1917e-20
 7113.77   1.5813e-18   9.5361e-20
 7116.80   1.4172e-18   9.3269e-20
 7119.83   1.5849e-18   9.6555e-20
 7122.86   1.4919e-18   9.4240e-20
 7125.88   1.6553e-18   9.7600e-20
 7128.91   1.6399e-18   9.7617e-20
 7131.94   1.6156e-18   1.0068e-19
 7134.97   1.4428e-18   9.7822e-20
 7138.00   1.5703e-18   1.0100e-19
 7141.03   1.6076e-18   1.0125e-19
 7144.06   1.5793e-18   1.0103e-19
 7147.09   1.3599e-18   9.5623e-20
 7150.12   1.4221e-18   9.6610e-20
 7153.15   1.7146e-18   1.0321e-19
 7156.18   1.5485e-18   9.8637e-20
 7159.20   1.2762e-18   9.3233e-20
 7162.23   1.3841e-18   9.5239e-20
 7165.26   1.3433e-18   9.5508e-20
 7168.29   1.3493e-18   9.6758e-20
 7171.32   1.3905e-18   9.6950e-20
 7174.35   1.3092e-18   9.4976e-20
 7177.38   1.2878e-18   9.3512e-20
 7180.41   1.1876e-18   9.2693e-20
 7183.44   1.1925e-18   9.2325e-20
 7186.47   1.1193e-18   9.0041e-20
 7189.50   1.1929e-18   9.0515e-20
 7192.52   1.2320e-18   8.9295e-20
 7195.55   1.2307e-18   9.0007e-20
 7198.58   1.1838e-18   8.9253e-20
 7201.61   1.1828e-18   8.9036e-20
 7204.64   1.2860e-18   9.1778e-20
 7207.67   1.3616e-18   9.2235e-20
 7210.70   1.2762e-18   9.2251e-20
 7213.73   1.3163e-18   9.5036e-20
 7216.76   1.3662e-18   9.5479e-20
 7219.79   1.3991e-18   9.6747e-20
 7222.81   1.3400e-18   9.7498e-20
 7225.84   1.3140e-18   1.0709e-19
 7228.87   1.1866e-18   1.2614e-19
 7231.90   1.2185e-18   1.5039e-19
 7234.93   1.0753e-18   1.6574e-19
 7237.96   1.1454e-18   1.6958e-19
 7240.99   1.2548e-18   1.7325e-19
 7244.02   1.2475e-18   1.7443e-19
 7247.05   1.1401e-18   1.6319e-19
 7250.08   1.0346e-18   1.4416e-19
 7253.11   1.2169e-18   1.3160e-19
 7256.13   1.3094e-18   1.1957e-19
 7259.16   1.1989e-18   1.1404e-19
 7262.19   1.0860e-18   1.1805e-19
 7265.22   9.8933e-19   1.3805e-19
 7268.25   1.1175e-18   1.5585e-19
 7271.28   1.1888e-18   1.6008e-19
 7274.31   1.1211e-18   1.6687e-19
 7277.34   1.3075e-18   1.7142e-19
 7280.37   1.0903e-18   1.6427e-19
 7283.40   9.4527e-19   1.5625e-19
 7286.42   1.0157e-18   1.3890e-19
 7289.45   1.2095e-18   1.3340e-19
 7292.48   1.3086e-18   1.3176e-19
 7295.51   1.4301e-18   1.2932e-19
 7298.54   1.2972e-18   1.2480e-19
 7301.57   1.1502e-18   1.2436e-19
 7304.60   1.0547e-18   1.3967e-19
 7307.63   1.1038e-18   1.5586e-19
 7310.66   1.1982e-18   1.5346e-19
 7313.69   1.1885e-18   1.4811e-19
 7316.72   1.2280e-18   1.4944e-19
 7319.74   1.3229e-18   1.5248e-19
 7322.77   1.3636e-18   1.5009e-19
 7325.80   1.3069e-18   1.4267e-19
 7328.83   1.1238e-18   1.4203e-19
 7331.86   1.1685e-18   1.6278e-19
 7334.89   1.1552e-18   1.6415e-19
 7337.92   1.2711e-18   1.6198e-19
 7340.95   1.4045e-18   1.5841e-19
 7343.98   1.4109e-18   1.5578e-19
 7347.01   1.3000e-18   1.5657e-19
 7350.04   1.1407e-18   1.4070e-19
 7353.06   1.0691e-18   1.1900e-19
 7356.09   1.0423e-18   1.2395e-19
 7359.12   1.1124e-18   1.4426e-19
 7362.15   1.2830e-18   1.5480e-19
 7365.18   1.2919e-18   1.5567e-19
 7368.21   1.2152e-18   1.4298e-19
 7371.24   1.3414e-18   1.3726e-19
 7374.27   1.3515e-18   1.3564e-19
 7377.30   1.1420e-18   1.2272e-19
 7380.33   1.2029e-18   1.1185e-19
 7383.35   1.4120e-18   1.1511e-19
 7386.38   1.3592e-18   1.1761e-19
 7389.41   1.3635e-18   1.2320e-19
 7392.44   1.2483e-18   1.3253e-19
 7395.47   1.2680e-18   1.3827e-19
 7398.50   1.3495e-18   1.3840e-19
 7401.53   1.2655e-18   1.3301e-19
 7404.56   1.2925e-18   1.3216e-19
 7407.59   1.3289e-18   1.2806e-19
 7410.62   1.2522e-18   1.1441e-19
 7413.65   1.2968e-18   1.0102e-19
 7416.67   1.3098e-18   1.0031e-19
 7419.70   1.3424e-18   1.0426e-19
 7422.73   1.4276e-18   1.0869e-19
 7425.76   1.4142e-18   1.1193e-19
 7428.79   1.3366e-18   1.2051e-19
 7431.82   1.2564e-18   1.1979e-19
 7434.85   1.2131e-18   1.1936e-19
 7437.88   1.2268e-18   1.1594e-19
 7440.91   1.2343e-18   1.1280e-19
 7443.94   1.4460e-18   1.1387e-19
 7446.97   1.3150e-18   1.0535e-19
 7449.99   1.3107e-18   9.9192e-20
 7453.02   1.2690e-18   9.9723e-20
 7456.05   1.4069e-18   1.0718e-19
 7459.08   1.3333e-18   1.0987e-19
 7462.11   1.2356e-18   1.1307e-19
 7465.14   1.3245e-18   1.2059e-19
 7468.17   1.2013e-18   1.2204e-19
 7471.20   1.1756e-18   1.3046e-19
 7474.23   1.2248e-18   1.3156e-19
 7477.26   1.2997e-18   1.3282e-19
 7480.29   1.3996e-18   1.3415e-19
 7483.31   1.2686e-18   1.2471e-19
 7486.34   1.2045e-18   1.1901e-19
 7489.37   1.2055e-18   1.1515e-19
 7492.40   1.2744e-18   1.0880e-19
 7495.43   1.3561e-18   1.0333e-19
 7498.46   1.3769e-18   1.0258e-19
 7501.49   1.3631e-18   1.0062e-19
 7504.52   1.2514e-18   9.5506e-20
 7507.55   1.2424e-18   9.8761e-20
 7510.58   1.2834e-18   1.0393e-19
 7513.60   1.2452e-18   1.1739e-19
 7516.63   1.2114e-18   1.2961e-19
 7519.66   1.2952e-18   1.3716e-19
 7522.69   1.2811e-18   1.4658e-19
 7525.72   1.1766e-18   1.3997e-19
 7528.75   1.4203e-18   1.4140e-19
 7531.78   1.2897e-18   1.3812e-19
 7534.81   1.0730e-18   1.1635e-19
 7537.84   1.2429e-18   1.0967e-19
 7540.87   1.3451e-18   1.0635e-19
 7543.90   1.2218e-18   1.0199e-19
 7546.92   1.3216e-18   1.0482e-19
 7549.95   1.2178e-18   1.0775e-19
 7552.98   1.2111e-18   1.0413e-19
 7556.01   1.0558e-18   1.0325e-19
 7559.04   1.2151e-18   1.1449e-19
 7562.07   1.4170e-18   1.2648e-19
 7565.10   1.5626e-18   1.3751e-19
 7568.13   1.2867e-18   1.2830e-19
 7655.97   1.2521e-18   1.0914e-19
 7659.00   1.0063e-18   1.0554e-19
 7662.03   7.8935e-19   1.0139e-19
 7665.06   1.1789e-18   1.0829e-19
 7668.09   1.2440e-18   1.0805e-19
 7671.12   1.3068e-18   1.0602e-19
 7680.20   1.3541e-18   1.0420e-19
 7683.23   1.4288e-18   1.0592e-19
 7686.26   1.4235e-18   1.0760e-19
 7689.29   1.3836e-18   1.1349e-19
 7692.32   1.2646e-18   1.1203e-19
 7695.35   1.3819e-18   1.1320e-19
 7698.38   1.3791e-18   1.1782e-19
 7701.41   1.2928e-18   1.2889e-19
 7704.44   1.2386e-18   1.6444e-19
 7707.46   8.4683e-19   1.7888e-19
 7710.49   1.1022e-18   1.8829e-19
 7713.52   1.1807e-18   1.9345e-19
 7716.55   1.4428e-18   1.9266e-19
 7719.58   1.0718e-18   1.9351e-19
 7722.61   1.2934e-18   1.8966e-19
 7725.64   1.1605e-18   1.6451e-19
 7728.67   1.1720e-18   1.3934e-19
 7731.70   1.1799e-18   1.3757e-19
 7734.73   1.2987e-18   1.3191e-19
 7737.76   1.0794e-18   1.2598e-19
 7740.78   1.0857e-18   1.4653e-19
 7743.81   1.2140e-18   1.7615e-19
 7746.84   1.2433e-18   1.7892e-19
 7749.87   1.1377e-18   1.8319e-19
 7752.90   1.2573e-18   1.9400e-19
 7755.93   1.3077e-18   1.8367e-19
 7758.96   1.7331e-18   1.9164e-19
 7761.99   1.3395e-18   1.6188e-19
 7765.02   1.2710e-18   1.4691e-19
 7768.05   1.2648e-18   1.4030e-19
 7771.08   1.4465e-18   1.3989e-19
 7774.10   1.4209e-18   1.3451e-19
 7777.13   1.3660e-18   1.3236e-19
 7780.16   1.4587e-18   1.3377e-19
 7783.19   1.3706e-18   1.4935e-19
 7786.22   1.4175e-18   1.6912e-19
 7789.25   1.5118e-18   1.7575e-19
 7792.28   1.5660e-18   1.7161e-19
 7795.31   1.4923e-18   1.6262e-19
 7798.34   1.5334e-18   1.7338e-19
 7801.37   1.2293e-18   1.7459e-19
 7804.39   1.0155e-18   1.5934e-19
 7807.42   1.1301e-18   1.4667e-19
 7810.45   1.1212e-18   1.4818e-19
 7813.48   1.1921e-18   1.8290e-19
 7816.51   1.2645e-18   1.9348e-19
 7819.54   1.3685e-18   1.8682e-19
 7822.57   1.2439e-18   1.7362e-19
 7825.60   1.3444e-18   1.7270e-19
 7828.63   1.2550e-18   1.6811e-19
 7831.66   9.5484e-19   1.5679e-19
 7834.69   1.2509e-18   1.4542e-19
 7837.71   1.4128e-18   1.4077e-19
 7840.74   1.3153e-18   1.4767e-19
 7843.77   1.2050e-18   1.6272e-19
 7846.80   1.4803e-18   1.8382e-19
 7849.83   1.6083e-18   2.0018e-19
 7852.86   1.5781e-18   2.0690e-19
 7855.89   1.8282e-18   2.1314e-19
 7858.92   1.7572e-18   2.2256e-19
 7861.95   1.4355e-18   2.1549e-19
 7864.98   1.2817e-18   1.9406e-19
 7868.00   1.4287e-18   1.8725e-19
 7871.03   1.2626e-18   1.7517e-19
 7874.06   1.3243e-18   1.7528e-19
 7877.09   1.2904e-18   1.7860e-19
 7880.12   1.0999e-18   1.7607e-19
 7883.15   1.2400e-18   1.7767e-19
 7886.18   1.3818e-18   1.7587e-19
 7889.21   1.2963e-18   1.6910e-19
 7892.24   1.3011e-18   1.6037e-19
 7895.27   1.3573e-18   1.5292e-19
 7898.30   1.3185e-18   1.4935e-19
 7901.32   1.2788e-18   1.4269e-19
 7904.35   1.2176e-18   1.5741e-19
 7907.38   1.2766e-18   1.8951e-19
 7910.41   1.6315e-18   1.9856e-19
 7913.44   1.5136e-18   2.0190e-19
 7916.47   1.4398e-18   2.1045e-19
 7919.50   1.5662e-18   2.1812e-19
 7922.53   1.4121e-18   2.1753e-19
 7925.56   1.3622e-18   2.0302e-19
 7928.59   1.2209e-18   1.7425e-19
 7931.62   1.2605e-18   1.6264e-19
 7934.64   1.4077e-18   1.4822e-19
 7937.67   1.3492e-18   1.4331e-19
 7940.70   1.2686e-18   1.4562e-19
 7943.73   1.2951e-18   1.4213e-19
 7946.76   1.3744e-18   1.3482e-19
 7949.79   1.4535e-18   1.3673e-19
 7952.82   1.4783e-18   1.4259e-19
 7955.85   1.4862e-18   1.5753e-19
 7958.88   1.5276e-18   1.7093e-19
 7961.91   1.5857e-18   1.7093e-19
 7964.94   1.7638e-18   1.7560e-19
 7967.96   1.5318e-18   1.7365e-19
 7970.99   1.4731e-18   1.8292e-19
 7974.02   1.1972e-18   1.8100e-19
 7977.05   1.3129e-18   1.6421e-19
 7980.08   1.3249e-18   1.5378e-19
 7983.11   1.1563e-18   1.5970e-19
 7986.14   1.2035e-18   1.8807e-19
 7989.17   1.0429e-18   1.8838e-19
 7992.20   1.0406e-18   1.7883e-19
 7995.23   1.1473e-18   1.7615e-19
 7998.25   1.1945e-18   1.7897e-19
 8001.28   1.4199e-18   1.8402e-19
 8004.31   1.0792e-18   1.5916e-19
 8007.34   1.2030e-18   1.3927e-19
 8010.37   1.3807e-18   1.3319e-19
 8013.40   1.4490e-18   1.4309e-19
 8016.43   1.3576e-18   1.4948e-19
 8019.46   1.5068e-18   1.7070e-19
 8022.49   1.4074e-18   1.7640e-19
 8025.52   1.4550e-18   1.7176e-19
 8028.55   1.4597e-18   1.6501e-19
 8031.57   1.6104e-18   1.7031e-19
 8034.60   1.4551e-18   1.5840e-19
 8037.63   1.1819e-18   1.4632e-19
 8040.66   1.2609e-18   1.2276e-19
 8043.69   1.2147e-18   1.1429e-19
 8046.72   1.1840e-18   1.2107e-19
 8049.75   1.4357e-18   1.2335e-19
 8052.78   1.1993e-18   1.2893e-19
 8055.81   1.3347e-18   1.4158e-19
 8058.84   1.1631e-18   1.4625e-19
 8061.87   1.2605e-18   1.4994e-19
 8064.89   1.0505e-18   1.4074e-19
 8067.92   1.1351e-18   1.3906e-19
 8070.95   1.3009e-18   1.4125e-19
 8073.98   1.1148e-18   1.2696e-19
 8077.01   1.2369e-18   1.1299e-19
 8080.04   1.3177e-18   1.0866e-19
 8083.07   1.3956e-18   1.1031e-19
 8086.10   1.3790e-18   1.0925e-19
 8089.13   1.2752e-18   1.1211e-19
 8092.16   1.3297e-18   1.1517e-19
 8095.18   1.2673e-18   1.1819e-19
 8098.21   1.3445e-18   1.2059e-19
 8101.24   1.5878e-18   1.2679e-19
 8104.27   1.4750e-18   1.2435e-19
 8107.30   1.4679e-18   1.2110e-19
 8110.33   1.2189e-18   1.1482e-19
 8113.36   1.2918e-18   1.1581e-19
 8116.39   1.2549e-18   1.0652e-19
 8119.42   1.2635e-18   1.0292e-19
 8122.45   1.1775e-18   9.7672e-20
 8125.48   1.2286e-18   1.0022e-19
 8128.50   1.2728e-18   1.0614e-19
 8131.53   1.1915e-18   1.0366e-19
 8134.56   1.2029e-18   1.0978e-19
 8137.59   1.0796e-18   1.0718e-19
 8140.62   1.1575e-18   1.0681e-19
 8143.65   1.1163e-18   1.0785e-19
 8146.68   1.1381e-18   1.0639e-19
 8149.71   9.8917e-19   1.0457e-19
 8152.74   1.1871e-18   1.0442e-19
 8155.77   1.1330e-18   1.0201e-19
 8158.79   1.2846e-18   1.0462e-19
 8161.82   1.2155e-18   9.8558e-20
