 
TRANSIENT_NAME:     DES14C3oz  
SNID:               1289973    
OBS_DATE:           2014-12-01
MJD:                56992. 
PHASE_EXP:          unknown (no firm constraint on t_exp)
MJD_EXP:            ---
TYPE:               29 
SPEC_EVAL:          SNII
REDSHIFT:           0.1100  
REDSHIFT_ERR:       0.0050  
REDSHIFT_SOURCE:    Z_SN
TELESCOPE:          VLT
INSTRUMENT:         X-SHOOTER
 
======================================
 
# WAVE  FLUX  FLUX_ERR
 3400.00  -8.0172e-18   9.9999e+04
 3405.00  -8.0172e-18   2.3214e-18
 3410.00   1.5592e-18   2.2941e-18
 3415.00   6.0405e-19   2.3871e-18
 3420.00   1.4666e-18   2.4277e-18
 3425.00   7.2647e-18   2.5925e-18
 3430.00  -8.5392e-18   2.7488e-18
 3435.00  -9.4308e-18   2.6812e-18
 3440.00   8.6159e-18   2.7840e-18
 3445.00   8.1548e-18   2.7917e-18
 3450.00  -1.4255e-18   2.9572e-18
 3455.00  -4.0184e-18   3.0688e-18
 3460.00   3.3236e-18   3.0424e-18
 3465.00   2.0226e-18   3.0431e-18
 3470.00  -6.5304e-18   2.9640e-18
 3475.00   7.7026e-18   2.8679e-18
 3480.00   2.3394e-18   2.9896e-18
 3485.00   7.1810e-18   2.8443e-18
 3490.00   1.0555e-18   2.6602e-18
 3495.00   5.9499e-18   2.4353e-18
 3500.00  -1.2818e-19   2.2364e-18
 3505.00   4.7418e-18   2.1491e-18
 3510.00  -1.7061e-18   2.1337e-18
 3515.00  -4.9051e-18   1.9583e-18
 3520.00   7.4042e-17   1.8346e-18
 3525.00  -1.0220e-18   1.7756e-18
 3530.00  -2.1157e-18   1.6800e-18
 3535.00  -1.2481e-18   1.6231e-18
 3540.00  -5.0809e-18   1.7232e-18
 3545.00   6.9476e-19   1.8947e-18
 3550.00  -1.6706e-17   1.8162e-18
 3555.00  -4.5576e-18   1.7633e-18
 3560.00   2.5227e-18   1.6406e-18
 3565.00   3.9585e-19   1.4758e-18
 3570.00   1.7171e-18   1.4177e-18
 3575.00   2.2490e-18   1.3939e-18
 3580.00   5.4927e-18   1.3441e-18
 3585.00  -1.1042e-19   1.3701e-18
 3590.00  -6.5426e-18   1.4230e-18
 3595.00  -4.0884e-18   1.5323e-18
 3600.00  -2.3700e-18   1.6507e-18
 3605.00   2.6247e-19   1.7302e-18
 3610.00   7.8259e-18   1.8203e-18
 3615.00  -4.7026e-18   1.9399e-18
 3620.00  -2.2750e-18   2.0664e-18
 3625.00   1.1876e-18   2.0838e-18
 3630.00   1.7383e-19   2.1446e-18
 3635.00   5.5126e-18   2.1711e-18
 3640.00  -6.5573e-18   2.1276e-18
 3645.00  -1.4671e-18   2.0487e-18
 3650.00   1.2897e-18   1.9481e-18
 3655.00  -9.4075e-19   1.8629e-18
 3660.00  -8.7292e-18   1.8643e-18
 3665.00   4.1990e-18   1.6593e-18
 3670.00   1.9369e-18   1.5027e-18
 3675.00   2.5215e-18   1.4274e-18
 3680.00   3.8589e-18   1.3275e-18
 3685.00   4.6957e-18   1.2569e-18
 3690.00  -4.7604e-19   1.1808e-18
 3695.00   7.0891e-19   1.1365e-18
 3700.00   5.5897e-18   1.2275e-18
 3705.00  -1.4154e-18   1.1621e-18
 3710.00  -2.8611e-18   1.0748e-18
 3715.00  -1.3061e-18   1.0609e-18
 3720.00  -1.5577e-18   1.0041e-18
 3725.00   3.4957e-18   1.0222e-18
 3730.00  -7.4793e-18   1.0561e-18
 3735.00   2.7320e-18   1.1168e-18
 3740.00  -2.1214e-18   1.1675e-18
 3745.00  -1.5630e-18   1.0762e-18
 3750.00  -1.6271e-18   1.0058e-18
 3755.00  -4.1005e-18   1.0431e-18
 3760.00  -1.8898e-18   1.0366e-18
 3765.00   3.2462e-18   1.0373e-18
 3770.00   5.3783e-18   1.0770e-18
 3775.00  -2.6866e-18   1.1481e-18
 3780.00   4.5161e-18   1.2448e-18
 3785.00   1.2607e-18   1.2091e-18
 3790.00   2.5551e-18   1.2818e-18
 3795.00  -6.3743e-19   1.2974e-18
 3800.00   8.6924e-19   1.2945e-18
 3805.00  -4.8662e-18   1.3372e-18
 3810.00  -6.4004e-18   1.3499e-18
 3815.00  -1.2412e-18   1.4214e-18
 3820.00  -3.0112e-18   1.3911e-18
 3825.00   2.1366e-18   1.3595e-18
 3830.00  -2.8583e-18   1.4379e-18
 3835.00   3.8790e-19   1.3671e-18
 3840.00   9.5550e-19   1.3080e-18
 3845.00   3.4466e-18   1.2700e-18
 3850.00  -2.4206e-19   1.1857e-18
 3855.00  -4.5149e-19   1.1180e-18
 3860.00   1.7657e-18   1.0644e-18
 3865.00  -5.5491e-18   1.0145e-18
 3870.00   3.6375e-19   9.4409e-19
 3875.00   4.0481e-18   9.4762e-19
 3880.00   4.8227e-18   8.7438e-19
 3885.00  -1.2522e-18   8.2906e-19
 3890.00  -1.7433e-18   8.1280e-19
 3895.00   6.7564e-18   7.9408e-19
 3900.00   3.7651e-18   7.9683e-19
 3905.00  -1.6336e-18   8.2337e-19
 3910.00  -1.1437e-19   8.3941e-19
 3915.00  -1.9631e-18   7.9099e-19
 3920.00  -3.3306e-19   7.4806e-19
 3925.00   1.8892e-18   7.1178e-19
 3930.00  -5.2054e-18   7.3522e-19
 3935.00  -6.4356e-19   7.1124e-19
 3940.00  -3.3562e-18   7.5828e-19
 3945.00   1.6351e-18   7.7054e-19
 3950.00  -1.0414e-19   7.6465e-19
 3955.00   4.7366e-19   7.4192e-19
 3960.00  -4.0134e-18   7.3079e-19
 3965.00   3.1452e-18   7.2611e-19
 3970.00  -2.1897e-19   7.0875e-19
 3975.00  -3.3637e-18   7.8191e-19
 3980.00  -5.8276e-20   8.0163e-19
 3985.00   6.0333e-18   8.0935e-19
 3990.00  -4.0745e-18   8.3273e-19
 3995.00  -4.7539e-19   8.3985e-19
 4000.00   1.2521e-18   8.7827e-19
 4005.00   6.9292e-19   8.9248e-19
 4010.00   1.6019e-18   9.4667e-19
 4015.00   6.0598e-19   9.4739e-19
 4020.00   8.0276e-20   9.3303e-19
 4025.00  -1.1128e-18   9.2560e-19
 4030.00  -2.2046e-18   9.2482e-19
 4035.00  -9.6875e-19   9.1920e-19
 4040.00  -7.1779e-18   9.3018e-19
 4045.00   1.3399e-18   9.4598e-19
 4050.00   3.2694e-18   9.0714e-19
 4055.00   5.4646e-18   8.6645e-19
 4060.00  -2.2787e-18   8.6578e-19
 4065.00   1.0881e-18   9.1976e-19
 4070.00  -2.1284e-20   8.7400e-19
 4075.00   2.4841e-18   8.1632e-19
 4080.00   1.6155e-18   7.8283e-19
 4085.00  -5.4099e-18   7.5510e-19
 4090.00   2.0698e-18   7.1869e-19
 4095.00   7.5357e-19   7.0040e-19
 4100.00  -2.7684e-18   6.6570e-19
 4105.00  -4.3362e-18   6.3737e-19
 4110.00   1.4324e-18   6.3186e-19
 4115.00  -8.5049e-19   6.3336e-19
 4120.00   2.0954e-19   6.3522e-19
 4125.00  -1.2477e-17   6.3158e-19
 4130.00   4.8662e-19   6.2658e-19
 4135.00   2.3498e-18   6.4294e-19
 4140.00   2.4757e-18   6.2021e-19
 4145.00  -5.1554e-19   6.0436e-19
 4150.00   1.2647e-18   5.9782e-19
 4155.00   5.2723e-19   6.2834e-19
 4160.00  -7.0195e-19   6.3873e-19
 4165.00  -4.0624e-19   6.7084e-19
 4170.00  -1.2445e-18   6.8946e-19
 4175.00   6.6689e-19   6.5143e-19
 4180.00   1.6878e-18   6.6331e-19
 4185.00  -1.6516e-18   6.4596e-19
 4190.00  -1.8004e-18   6.4568e-19
 4195.00   1.7957e-19   6.5204e-19
 4200.00  -8.4372e-21   6.4523e-19
 4205.00  -1.0658e-18   6.5657e-19
 4210.00  -1.8525e-18   7.0614e-19
 4215.00   2.1591e-18   7.0489e-19
 4220.00  -1.4213e-18   6.9233e-19
 4225.00  -2.4671e-19   7.0586e-19
 4230.00   7.3320e-19   7.1857e-19
 4235.00   3.0867e-18   7.2937e-19
 4240.00  -8.8400e-19   7.4223e-19
 4245.00  -1.6451e-18   7.8737e-19
 4250.00   3.2615e-18   7.6873e-19
 4255.00  -4.0301e-18   7.6270e-19
 4260.00   3.2667e-19   7.5199e-19
 4265.00  -3.5364e-18   7.4707e-19
 4270.00  -1.6442e-18   7.3709e-19
 4275.00   2.0781e-18   7.3893e-19
 4280.00  -2.2930e-18   7.2073e-19
 4285.00  -1.9391e-18   6.9960e-19
 4290.00  -1.3389e-18   7.1376e-19
 4295.00  -6.0748e-19   7.0767e-19
 4300.00   1.1564e-18   6.4584e-19
 4305.00  -1.2825e-18   6.3677e-19
 4310.00   1.5801e-18   6.3337e-19
 4315.00  -2.8082e-18   6.2782e-19
 4320.00   1.3978e-17   6.1674e-19
 4325.00   4.8657e-19   5.6858e-19
 4330.00  -1.0333e-18   5.6682e-19
 4335.00   2.0203e-18   5.5438e-19
 4340.00  -9.9757e-21   5.2923e-19
 4345.00  -2.5625e-18   5.2737e-19
 4350.00   1.8040e-18   5.2596e-19
 4355.00   1.0383e-18   5.1818e-19
 4360.00   3.6130e-19   5.3204e-19
 4365.00   5.1009e-19   5.1913e-19
 4370.00   5.6170e-19   5.2130e-19
 4375.00   1.8476e-18   5.2508e-19
 4380.00   2.6621e-18   5.2920e-19
 4385.00   5.0497e-18   5.1178e-19
 4390.00   3.9456e-18   5.1832e-19
 4395.00   6.1999e-18   5.2797e-19
 4400.00   5.1548e-18   5.4300e-19
 4405.00   4.9251e-18   5.6572e-19
 4410.00   2.5375e-18   5.7220e-19
 4415.00   2.7889e-18   5.7758e-19
 4420.00   5.5939e-18   5.8419e-19
 4425.00   4.6242e-18   5.7765e-19
 4430.00   3.9683e-18   5.8379e-19
 4435.00   3.9256e-18   5.7065e-19
 4440.00   2.8314e-18   5.9432e-19
 4445.00   3.0452e-18   5.8674e-19
 4450.00   7.6736e-20   5.8951e-19
 4455.00   3.8975e-18   5.9773e-19
 4460.00   4.5980e-18   6.0534e-19
 4465.00   4.5106e-18   6.0860e-19
 4470.00   1.3306e-18   6.0638e-19
 4475.00   5.2425e-18   6.2674e-19
 4480.00  -2.6713e-19   6.2070e-19
 4485.00   6.3627e-19   6.3846e-19
 4490.00  -1.4525e-18   6.3163e-19
 4495.00   1.3367e-18   6.4713e-19
 4500.00  -9.9602e-20   6.4322e-19
 4505.00   1.8139e-19   6.5925e-19
 4510.00   3.5824e-19   6.6118e-19
 4515.00   5.0822e-18   6.8450e-19
 4520.00   5.4534e-18   6.8921e-19
 4525.00   4.3829e-18   7.0999e-19
 4530.00   6.7553e-18   6.8374e-19
 4535.00   6.8086e-18   7.2391e-19
 4540.00   6.9750e-18   7.6014e-19
 4545.00   3.8689e-18   7.2226e-19
 4550.00   4.5030e-18   6.8641e-19
 4555.00   5.7255e-18   6.5997e-19
 4560.00   3.9314e-18   6.4243e-19
 4565.00   4.2316e-18   6.2747e-19
 4570.00   4.8413e-18   5.9889e-19
 4575.00   3.5071e-18   5.8040e-19
 4580.00   1.2363e-18   5.7146e-19
 4585.00   2.5358e-18   5.5069e-19
 4590.00   1.8229e-18   5.3356e-19
 4595.00   2.4792e-18   5.2237e-19
 4600.00   4.4340e-18   5.1580e-19
 4605.00   4.2048e-18   5.0670e-19
 4610.00   3.4488e-18   5.1234e-19
 4615.00   4.9600e-18   4.9544e-19
 4620.00   4.3534e-18   4.8391e-19
 4625.00   4.6764e-19   4.7331e-19
 4630.00   2.3931e-18   4.6342e-19
 4635.00   1.8683e-18   4.5224e-19
 4640.00  -4.3502e-19   4.5078e-19
 4645.00  -4.8636e-19   4.4136e-19
 4650.00   9.9805e-19   4.4665e-19
 4655.00   2.2912e-18   4.5822e-19
 4660.00   2.5460e-18   4.6849e-19
 4665.00   1.9969e-18   4.5759e-19
 4670.00   3.3469e-18   4.6289e-19
 4675.00   5.0900e-18   4.7458e-19
 4680.00   5.7911e-18   4.7484e-19
 4685.00   2.7048e-18   4.7288e-19
 4690.00   3.0206e-18   4.7077e-19
 4695.00   4.4549e-18   4.7457e-19
 4700.00   4.4153e-18   4.7041e-19
 4705.00   5.4624e-18   4.8037e-19
 4710.00   4.9159e-18   4.8630e-19
 4715.00   3.1273e-18   4.8394e-19
 4720.00   1.4842e-18   5.0315e-19
 4725.00  -4.7413e-19   4.8209e-19
 4730.00  -1.0038e-20   4.8976e-19
 4735.00   2.3851e-18   4.8981e-19
 4740.00  -1.9558e-19   4.9188e-19
 4745.00  -3.3468e-19   5.0075e-19
 4750.00   5.8766e-19   4.9353e-19
 4755.00   2.2244e-18   5.0576e-19
 4760.00   7.5568e-19   5.0563e-19
 4765.00  -5.1518e-19   5.2299e-19
 4770.00   3.5621e-18   5.3247e-19
 4775.00   6.3346e-18   5.4839e-19
 4780.00   5.8725e-18   5.5409e-19
 4785.00   4.6741e-18   5.6219e-19
 4790.00   6.2112e-18   5.7499e-19
 4795.00   7.6175e-18   5.8470e-19
 4800.00   4.9881e-18   5.7644e-19
 4805.00   5.5742e-18   5.8156e-19
 4810.00   2.5073e-18   5.7224e-19
 4815.00   3.8381e-18   5.8888e-19
 4820.00   3.7374e-18   7.0311e-19
 4825.00   2.2746e-18   6.6946e-19
 4830.00   1.5914e-18   6.4835e-19
 4835.00   2.1536e-18   6.3954e-19
 4840.00   2.3919e-18   6.1057e-19
 4845.00   1.8784e-18   5.8554e-19
 4850.00   5.4749e-18   5.6188e-19
 4855.00   3.5092e-18   5.4402e-19
 4860.00   4.8168e-18   5.4193e-19
 4865.00   8.4872e-18   5.1552e-19
 4870.00   4.3568e-18   5.0212e-19
 4875.00   1.0480e-18   4.8725e-19
 4880.00   3.4819e-18   4.8694e-19
 4885.00   1.6064e-18   4.8068e-19
 4890.00   4.8394e-18   4.6505e-19
 4895.00   4.2886e-18   4.6112e-19
 4900.00   2.6169e-18   4.4926e-19
 4905.00   4.6666e-18   4.4232e-19
 4910.00   2.9229e-18   4.2674e-19
 4915.00   3.7237e-18   4.2976e-19
 4920.00   3.5430e-18   4.1937e-19
 4925.00   3.0528e-18   4.2535e-19
 4930.00   4.5305e-18   4.2307e-19
 4935.00   4.0090e-18   4.1481e-19
 4940.00   3.9159e-18   4.0677e-19
 4945.00   4.0862e-18   3.9735e-19
 4950.00   3.8016e-18   4.0625e-19
 4955.00   4.4186e-18   4.0183e-19
 4960.00   3.8671e-18   4.0382e-19
 4965.00   4.3576e-18   4.1298e-19
 4970.00   3.2297e-18   4.1647e-19
 4975.00   2.4518e-18   4.0385e-19
 4980.00   2.8992e-18   3.9975e-19
 4985.00   2.8422e-18   3.8996e-19
 4990.00   3.1295e-18   4.0871e-19
 4995.00   3.0934e-18   4.0783e-19
 5000.00   2.7744e-18   4.0918e-19
 5005.00   4.9703e-18   4.1583e-19
 5010.00  -1.4859e-18   4.1380e-19
 5015.00   4.4227e-18   4.1824e-19
 5020.00   1.8602e-18   4.2465e-19
 5025.00   3.1346e-18   4.2925e-19
 5030.00   4.5212e-18   4.3645e-19
 5035.00   4.3122e-18   4.4442e-19
 5040.00   3.3653e-18   4.6850e-19
 5045.00   6.6782e-18   4.6524e-19
 5050.00   6.5533e-18   4.7405e-19
 5055.00   6.9011e-18   4.8633e-19
 5060.00   4.9453e-18   4.7344e-19
 5065.00   5.4468e-18   4.7043e-19
 5070.00   4.3245e-18   4.7487e-19
 5075.00   6.5784e-18   4.7613e-19
 5080.00   5.0258e-18   4.7519e-19
 5085.00   3.1240e-18   4.8215e-19
 5090.00   2.8421e-18   4.8616e-19
 5095.00   4.7345e-18   4.8784e-19
 5100.00   4.8773e-18   4.8777e-19
 5105.00   7.2191e-18   5.0103e-19
 5110.00   7.3387e-18   5.0555e-19
 5115.00   5.4207e-18   4.9666e-19
 5120.00   4.0547e-18   5.0672e-19
 5125.00   2.4426e-18   5.0439e-19
 5130.00   6.1271e-18   5.0752e-19
 5135.00   3.4149e-18   5.2379e-19
 5140.00   4.3887e-18   6.5439e-19
 5145.00   8.7239e-18   6.5167e-19
 5150.00   7.5494e-18   6.3354e-19
 5155.00   5.3341e-18   6.0476e-19
 5160.00   6.0583e-18   5.8799e-19
 5165.00   4.9600e-18   5.5845e-19
 5170.00   5.0736e-18   5.4269e-19
 5175.00   6.1775e-18   5.3205e-19
 5180.00   6.8473e-18   5.1622e-19
 5185.00   2.0288e-18   4.8838e-19
 5190.00   5.6951e-18   4.9413e-19
 5195.00   5.8116e-18   4.7368e-19
 5200.00   6.8087e-18   5.0805e-19
 5205.00   3.5683e-18   4.6345e-19
 5210.00   5.2988e-18   4.5352e-19
 5215.00   6.1384e-18   4.4315e-19
 5220.00   4.2357e-18   4.4240e-19
 5225.00   4.6434e-18   4.3344e-19
 5230.00   2.7404e-18   4.1748e-19
 5235.00   6.3808e-18   4.1378e-19
 5240.00   6.4145e-18   4.2821e-19
 5245.00   4.5132e-18   4.0432e-19
 5250.00   2.3528e-18   4.0265e-19
 5255.00   4.1505e-18   4.1004e-19
 5260.00   3.7185e-18   3.9503e-19
 5265.00   4.5580e-18   3.7541e-19
 5270.00   5.3470e-18   3.8550e-19
 5275.00   5.7301e-18   3.9017e-19
 5280.00   5.4878e-18   3.8333e-19
 5285.00   3.8761e-18   3.7709e-19
 5290.00   3.0483e-18   3.7604e-19
 5295.00   1.9315e-18   3.6851e-19
 5300.00   2.4000e-18   3.6756e-19
 5305.00  -4.8743e-19   3.5952e-19
 5310.00   4.6400e-20   3.6384e-19
 5315.00  -2.0626e-18   3.5963e-19
 5320.00  -6.3140e-19   3.6109e-19
 5325.00   1.5190e-18   3.6493e-19
 5330.00   1.2737e-18   3.7536e-19
 5335.00   2.6737e-18   3.7516e-19
 5340.00   2.3945e-18   3.7959e-19
 5345.00   6.5102e-18   3.9340e-19
 5350.00   9.0938e-18   4.0839e-19
 5355.00   8.5260e-18   4.1202e-19
 5360.00   1.0784e-17   4.2441e-19
 5365.00   9.9257e-18   4.1812e-19
 5370.00   1.0242e-17   4.2826e-19
 5375.00   9.3876e-18   4.2919e-19
 5380.00   9.3586e-18   4.2208e-19
 5385.00   8.7382e-18   4.2300e-19
 5390.00   9.0986e-18   4.2523e-19
 5395.00   7.4689e-18   4.2130e-19
 5400.00   6.6366e-18   4.1548e-19
 5405.00   3.6925e-18   4.1138e-19
 5410.00   5.2568e-18   4.2039e-19
 5415.00   6.7333e-18   4.2956e-19
 5420.00   5.7131e-18   4.4580e-19
 5425.00   6.1157e-18   4.5849e-19
 5430.00   8.8422e-18   4.7640e-19
 5435.00   6.7742e-18   4.9191e-19
 5440.00   6.5684e-18   5.0752e-19
 5445.00   7.2023e-18   5.0678e-19
 5450.00   9.6666e-18   5.0819e-19
 5455.00   8.1863e-18   4.9723e-19
 5460.00   5.7193e-18   5.1999e-19
 5465.00   6.9488e-18   5.2079e-19
 5470.00   5.8158e-18   5.3794e-19
 5475.00   4.0301e-18   5.4050e-19
 5480.00   5.0525e-18   5.5889e-19
 5485.00   5.1779e-18   5.5668e-19
 5490.00   5.1209e-18   5.7012e-19
 5495.00   3.3832e-18   5.5908e-19
 5500.00   7.3455e-19   5.6365e-19
 5505.00   2.6612e-18   7.4467e-19
 5510.00  -9.3966e-19   7.3299e-19
 5515.00   1.7631e-18   7.1949e-19
 5520.00   3.8947e-18   7.1432e-19
 5525.00   3.5740e-18   6.9149e-19
 5530.00   7.8466e-19   6.7342e-19
 5535.00   4.5779e-18   6.8565e-19
 5540.00   6.9785e-18   6.8515e-19
 5545.00   4.3650e-18   6.9189e-19
 5550.00   9.6128e-18   6.8315e-19
 5555.00   5.0517e-18   6.6832e-19
 5560.00   5.8764e-18   6.9139e-19
 5565.00   5.3287e-18   7.2090e-19
 5570.00   7.3964e-18   7.1748e-19
 5575.00   1.7951e-18   8.7726e-19
 5580.00   4.7954e-18   7.9946e-19
 5585.00   7.9351e-18   7.1988e-19
 5590.00   3.9821e-18   7.3908e-19
 5595.00   2.8026e-18   7.2376e-19
 5600.00   4.5379e-18   7.4140e-19
 5605.00   2.4725e-18   7.6313e-19
 5610.00   4.2158e-18   8.6753e-19
 5615.00   6.0776e-18   1.0123e-18
 5620.00   6.9436e-18   9.5855e-19
 5625.00   4.4286e-18   9.1023e-19
 5630.00   2.8870e-18   8.5321e-19
 5635.00  -1.6838e-19   8.2942e-19
 5640.00  -2.5600e-18   8.5873e-19
 5645.00   6.9842e-19   8.3664e-19
 5650.00   4.9220e-18   7.6282e-19
 5655.00   2.7321e-18   7.2972e-19
 5660.00  -1.4114e-18   7.5708e-19
 5665.00   4.4881e-18   7.1806e-19
 5670.00   1.0668e-18   7.2470e-19
 5675.00   5.6785e-18   7.0871e-19
 5680.00   9.0525e-18   7.0402e-19
 5685.00   1.8994e-18   7.0632e-19
 5690.00   4.1527e-18   7.3588e-19
 5695.00   1.8328e-18   7.6287e-19
 5700.00   4.5476e-18   7.9914e-19
 5705.00   3.6607e-18   8.3689e-19
 5710.00   2.8174e-18   8.1871e-19
 5715.00   3.6016e-18   8.3677e-19
 5720.00   3.6049e-18   8.6782e-19
 5725.00   5.0903e-18   9.0972e-19
 5730.00   6.8669e-18   9.3796e-19
 5735.00   9.2720e-18   9.9139e-19
 5740.00   3.7063e-18   1.1076e-18
 5745.00   3.0143e-18   8.6920e-19
 5750.00   2.3994e-18   8.4708e-19
 5755.00   3.0405e-18   8.1296e-19
 5760.00   8.0088e-18   8.0219e-19
 5765.00   3.9525e-18   7.8342e-19
 5770.00   4.5725e-18   7.7843e-19
 5775.00   5.8097e-18   7.5008e-19
 5780.00   5.0564e-18   7.2827e-19
 5785.00   2.2577e-18   7.1998e-19
 5790.00   3.5345e-18   7.1431e-19
 5795.00   2.0534e-17   7.0372e-19
 5800.00   1.7005e-18   7.0179e-19
 5805.00   5.3169e-18   6.9386e-19
 5810.00   2.9503e-18   6.6995e-19
 5815.00   9.9142e-18   6.6985e-19
 5820.00   6.1427e-18   6.7005e-19
 5825.00   9.2897e-18   6.6384e-19
 5830.00   4.4237e-18   6.5324e-19
 5835.00   5.3658e-18   6.6032e-19
 5840.00   3.9076e-18   6.4884e-19
 5845.00   3.4388e-18   6.5342e-19
 5850.00   5.7223e-18   6.7115e-19
 5855.00   4.8807e-18   6.6599e-19
 5860.00   6.2650e-18   6.6024e-19
 5865.00   4.4259e-18   7.1584e-19
 5870.00   4.0756e-18   7.1401e-19
 5875.00   5.2229e-18   7.1218e-19
 5880.00   6.8394e-18   7.1634e-19
 5885.00   5.9258e-18   7.3337e-19
 5890.00   5.4359e-18   8.2865e-19
 5895.00   4.4580e-18   8.0634e-19
 5900.00   4.9664e-18   7.5434e-19
 5905.00   3.3097e-18   7.8497e-19
 5910.00   6.1670e-18   7.8874e-19
 5915.00   6.2191e-18   7.9159e-19
 5920.00   4.6814e-18   7.3231e-19
 5925.00   4.5568e-18   7.4739e-19
 5930.00   5.3274e-18   7.2639e-19
 5935.00   5.6684e-18   7.5650e-19
 5940.00   3.5253e-18   7.2435e-19
 5945.00   3.1472e-18   8.5142e-19
 5950.00  -2.6874e-18   1.0920e-18
 5955.00   7.5497e-18   1.0287e-18
 5960.00   3.5676e-18   9.2303e-19
 5965.00   5.1355e-18   8.8908e-19
 5970.00   1.9620e-18   8.9625e-19
 5975.00   6.3609e-18   8.4235e-19
 5980.00   4.3735e-18   7.8371e-19
 5985.00   4.7179e-18   7.5287e-19
 5990.00   3.8638e-18   7.9791e-19
 5995.00   3.8681e-18   7.0054e-19
 6000.00   5.8618e-18   7.0078e-19
 6005.00   4.3815e-18   6.9435e-19
 6010.00   4.0226e-18   6.9904e-19
 6015.00   4.9207e-18   6.4884e-19
 6020.00   4.3122e-18   6.3677e-19
 6025.00   3.8050e-18   6.2213e-19
 6030.00   3.8840e-18   6.0961e-19
 6035.00   6.0602e-18   6.1360e-19
 6040.00   4.6401e-18   5.7987e-19
 6045.00   4.0530e-18   5.8470e-19
 6050.00   3.6900e-18   5.6290e-19
 6055.00   2.1650e-18   5.4962e-19
 6060.00   4.6573e-18   5.4895e-19
 6065.00   5.0498e-18   5.5760e-19
 6070.00   5.1026e-18   5.4974e-19
 6075.00   4.0598e-18   5.3998e-19
 6080.00   2.3819e-18   5.3383e-19
 6085.00   3.8824e-18   5.3755e-19
 6090.00   4.9330e-18   5.4681e-19
 6095.00   5.3236e-18   5.5211e-19
 6100.00   4.5281e-18   5.5974e-19
 6105.00   4.8461e-18   5.7204e-19
 6110.00   2.9410e-18   5.7302e-19
 6115.00   3.5679e-18   5.8762e-19
 6120.00   5.0873e-18   6.0206e-19
 6125.00   4.9600e-18   6.1577e-19
 6130.00   3.3084e-18   6.3272e-19
 6135.00   6.8508e-18   6.3599e-19
 6140.00   5.3491e-18   6.0866e-19
 6145.00   4.9147e-18   6.2078e-19
 6150.00   2.3530e-18   6.0792e-19
 6155.00   3.7256e-18   6.0864e-19
 6160.00   4.6727e-18   6.1155e-19
 6165.00   4.6547e-18   6.0479e-19
 6170.00   2.3642e-18   7.4987e-19
 6175.00   5.4167e-18   8.3234e-19
 6180.00   5.1402e-18   7.8178e-19
 6185.00   3.6515e-18   7.4250e-19
 6190.00   1.8883e-18   6.9393e-19
 6195.00   4.0030e-18   6.7172e-19
 6200.00   2.0548e-18   6.3428e-19
 6205.00   3.3339e-18   6.2913e-19
 6210.00   3.3934e-18   5.9637e-19
 6215.00   4.6678e-18   5.8670e-19
 6220.00  -9.1789e-19   5.7318e-19
 6225.00   3.5493e-18   5.4269e-19
 6230.00   2.6389e-18   5.2978e-19
 6235.00   2.3448e-18   6.1214e-19
 6240.00   3.7909e-18   5.4915e-19
 6245.00   3.9626e-18   5.1873e-19
 6250.00   3.1610e-18   4.9865e-19
 6255.00   4.0416e-18   4.9307e-19
 6260.00   3.4875e-18   5.2778e-19
 6265.00   4.1284e-18   5.0954e-19
 6270.00   3.7009e-18   4.8129e-19
 6275.00   3.4708e-18   4.8319e-19
 6280.00   3.0996e-18   4.7387e-19
 6285.00   5.4539e-18   4.9343e-19
 6290.00   4.8843e-18   4.8913e-19
 6295.00   3.9673e-18   4.7087e-19
 6300.00   4.2530e-18   6.1276e-19
 6305.00   2.6988e-18   5.1691e-19
 6310.00   3.6518e-18   4.7626e-19
 6315.00   3.9274e-18   4.7409e-19
 6320.00   4.9084e-18   5.0716e-19
 6325.00   3.8309e-18   4.9465e-19
 6330.00   1.0925e-17   5.3371e-19
 6335.00   1.0035e-17   4.9720e-19
 6340.00   5.8992e-18   5.1607e-19
 6345.00   4.1091e-18   5.2937e-19
 6350.00   4.0052e-18   5.4673e-19
 6355.00   2.8150e-18   5.6492e-19
 6360.00   4.6298e-18   5.5872e-19
 6365.00   3.3494e-18   6.1639e-19
 6370.00   3.5191e-18   5.5327e-19
 6375.00   4.5360e-18   6.2279e-19
 6380.00   3.4032e-18   8.2436e-19
 6385.00   5.2939e-18   6.0820e-19
 6390.00   5.0031e-18   5.4602e-19
 6395.00   4.9730e-18   5.3152e-19
 6400.00   4.8849e-18   5.3007e-19
 6405.00   2.3089e-18   5.5095e-19
 6410.00   4.5126e-18   5.7407e-19
 6415.00   2.9867e-18   7.0633e-19
 6420.00   3.0309e-18   6.8358e-19
 6425.00   5.9154e-18   6.3871e-19
 6430.00   2.3252e-18   5.9645e-19
 6435.00   2.1034e-18   5.8072e-19
 6440.00   3.0167e-18   5.4174e-19
 6445.00   1.9320e-18   5.2567e-19
 6450.00   9.7620e-19   5.1842e-19
 6455.00   1.8244e-19   4.8840e-19
 6460.00   1.0518e-18   4.7965e-19
 6465.00   6.2034e-18   5.2468e-19
 6470.00   6.8121e-18   5.5856e-19
 6475.00   1.1660e-18   4.4917e-19
 6480.00   2.9195e-18   4.5431e-19
 6485.00   2.4235e-18   4.2994e-19
 6490.00   3.5634e-18   4.2347e-19
 6495.00   5.0088e-18   4.3417e-19
 6500.00   5.5349e-18   4.6911e-19
 6505.00   5.1248e-18   4.4154e-19
 6510.00   6.8725e-18   4.1822e-19
 6515.00   6.2718e-18   4.2017e-19
 6520.00   4.9387e-18   4.2127e-19
 6525.00   5.4325e-18   4.2250e-19
 6530.00   4.6608e-18   4.0615e-19
 6535.00   5.4692e-18   4.3644e-19
 6540.00   5.6023e-18   4.1390e-19
 6545.00   5.0575e-18   4.3522e-19
 6550.00   3.6379e-18   4.0678e-19
 6555.00   3.6765e-18   4.3860e-19
 6560.00   3.4038e-18   4.1300e-19
 6565.00   4.9524e-18   4.3814e-19
 6570.00   2.9408e-18   4.3483e-19
 6575.00   2.1679e-18   4.3253e-19
 6580.00   2.5399e-18   4.2347e-19
 6585.00   3.2639e-18   4.2702e-19
 6590.00   4.7564e-18   4.3123e-19
 6595.00   3.1150e-18   4.4432e-19
 6600.00   4.0737e-18   4.4072e-19
 6605.00   4.7552e-18   4.7469e-19
 6610.00   3.5169e-18   4.4237e-19
 6615.00   3.5587e-18   4.5247e-19
 6620.00   5.7610e-18   4.7152e-19
 6625.00   4.3010e-18   4.8274e-19
 6630.00   3.4511e-18   4.9681e-19
 6635.00   3.8597e-18   4.5229e-19
 6640.00   2.6438e-18   4.3955e-19
 6645.00   3.8134e-18   4.4069e-19
 6650.00   5.0461e-18   4.5121e-19
 6655.00   4.9973e-18   4.4773e-19
 6660.00   5.8220e-18   4.5181e-19
 6665.00   3.1429e-18   4.4405e-19
 6670.00   3.7438e-18   4.6679e-19
 6675.00   2.8188e-18   5.8659e-19
 6680.00   3.4373e-18   5.7040e-19
 6685.00   5.7520e-18   5.5749e-19
 6690.00   4.4615e-18   5.3381e-19
 6695.00   2.7802e-18   5.0446e-19
 6700.00   2.9995e-18   5.0337e-19
 6705.00   4.0411e-18   4.8618e-19
 6710.00   3.5192e-18   4.6891e-19
 6715.00   4.1753e-18   4.5919e-19
 6720.00   4.5628e-18   4.4572e-19
 6725.00   4.6815e-18   4.2997e-19
 6730.00   4.9994e-18   4.3675e-19
 6735.00   2.6373e-18   4.0872e-19
 6740.00   3.7506e-18   4.0605e-19
 6745.00   3.4167e-18   4.0223e-19
 6750.00   6.8059e-18   3.8650e-19
 6755.00   3.9868e-18   3.8541e-19
 6760.00   4.0366e-18   3.7913e-19
 6765.00   3.4946e-18   3.7155e-19
 6770.00   4.0342e-18   3.7319e-19
 6775.00   2.9540e-18   3.6138e-19
 6780.00   3.7773e-18   3.6373e-19
 6785.00   3.0983e-18   3.7454e-19
 6790.00   3.5531e-18   3.6156e-19
 6795.00   4.1582e-18   3.5541e-19
 6800.00   3.0837e-18   3.5080e-19
 6805.00   4.3713e-18   3.5319e-19
 6810.00   2.8838e-18   3.5350e-19
 6815.00   4.7841e-18   3.5681e-19
 6820.00   4.0036e-18   3.5475e-19
 6825.00   2.9673e-18   3.6257e-19
 6830.00   3.9415e-18   4.3812e-19
 6835.00   4.0575e-18   4.1890e-19
 6840.00   4.3388e-18   3.8478e-19
 6845.00   4.3337e-18   3.6325e-19
 6850.00   4.3079e-18   3.7593e-19
 6855.00   4.5013e-18   3.7078e-19
 6860.00   3.6807e-18   3.8114e-19
 6865.00   2.9562e-18   4.3700e-19
 6870.00   6.6482e-18   3.7705e-19
 6875.00   3.2744e-18   3.6934e-19
 6880.00   2.4449e-18   4.1432e-19
 6885.00   3.7164e-18   4.0270e-19
 6890.00   3.5350e-18   4.3349e-19
 6895.00   3.7092e-18   4.1368e-19
 6900.00   4.0778e-18   4.5263e-19
 6905.00   4.5601e-18   4.4081e-19
 6910.00   3.5714e-18   4.5430e-19
 6915.00   3.1523e-18   4.0391e-19
 6920.00   3.2765e-18   3.9072e-19
 6925.00   3.3325e-18   4.3019e-19
 6930.00   3.5488e-18   3.8970e-19
 6935.00   3.5825e-18   3.8757e-19
 6940.00   3.2035e-18   4.1772e-19
 6945.00   3.4119e-18   3.8127e-19
 6950.00   1.6838e-18   4.3497e-19
 6955.00   3.0912e-18   4.4347e-19
 6960.00   3.8305e-18   4.9795e-19
 6965.00   3.1828e-18   4.8762e-19
 6970.00   2.9729e-18   4.8640e-19
 6975.00   4.2212e-18   4.4969e-19
 6980.00   2.6416e-18   4.7289e-19
 6985.00   3.6909e-18   4.2370e-19
 6990.00   2.8389e-18   4.1531e-19
 6995.00   2.4661e-18   3.9856e-19
 7000.00   3.0315e-18   3.8955e-19
 7005.00   4.2727e-18   3.9704e-19
 7010.00   3.7102e-18   3.9868e-19
 7015.00   3.8379e-18   3.5801e-19
 7020.00   3.0854e-18   3.5045e-19
 7025.00   2.8370e-18   3.4216e-19
 7030.00   2.8073e-18   3.4378e-19
 7035.00   3.5677e-18   3.3073e-19
 7040.00   3.8217e-18   3.4094e-19
 7045.00   3.3269e-18   3.4089e-19
 7050.00   4.4967e-18   3.7910e-19
 7055.00   2.9601e-18   3.2988e-19
 7060.00   3.8339e-18   3.2256e-19
 7065.00   3.9056e-18   3.3327e-19
 7070.00   3.4758e-18   3.2058e-19
 7075.00   3.4118e-18   3.1985e-19
 7080.00   3.6280e-18   3.2305e-19
 7085.00   3.7926e-18   3.1491e-19
 7090.00   2.9769e-18   3.3846e-19
 7095.00   6.4173e-18   3.0448e-19
 7100.00   3.7621e-18   3.0185e-19
 7105.00   3.0051e-18   3.0166e-19
 7110.00   3.1844e-18   3.0411e-19
 7115.00   2.8369e-18   2.9770e-19
 7120.00   3.1471e-18   2.9698e-19
 7125.00   2.5355e-18   3.1921e-19
 7130.00   2.3139e-18   3.0460e-19
 7135.00   2.1309e-18   3.0305e-19
 7140.00   9.7593e-19   3.0032e-19
 7145.00   8.4636e-19   3.3032e-19
 7150.00   1.1328e-18   3.0893e-19
 7155.00  -3.0827e-20   2.9678e-19
 7160.00   6.5885e-19   3.1312e-19
 7165.00   1.5851e-19   3.1524e-19
 7170.00   8.1887e-19   3.1342e-19
 7175.00   8.9270e-22   3.3987e-19
 7180.00   1.1339e-18   3.3737e-19
 7185.00   2.2709e-18   3.3122e-19
 7190.00   3.2658e-18   3.4519e-19
 7195.00   4.1383e-18   3.5627e-19
 7200.00   5.9507e-18   3.7999e-19
 7205.00   7.3196e-18   3.9307e-19
 7210.00   9.0835e-18   4.2203e-19
 7215.00   1.1475e-17   4.4274e-19
 7220.00   1.3768e-17   3.9573e-19
 7225.00   1.4427e-17   4.0098e-19
 7230.00   1.6295e-17   4.0950e-19
 7235.00   1.4980e-17   4.0344e-19
 7240.00   1.3805e-17   5.6137e-19
 7245.00   1.3310e-17   4.9087e-19
 7250.00   1.5346e-17   4.1869e-19
 7255.00   1.2531e-17   4.4641e-19
 7260.00   1.4093e-17   3.9987e-19
 7265.00   1.3349e-17   4.9544e-19
 7270.00   1.2966e-17   5.2254e-19
 7275.00   1.0934e-17   5.7379e-19
 7280.00   1.0914e-17   4.7028e-19
 7285.00   9.3517e-18   5.4290e-19
 7290.00   9.9179e-18   4.3934e-19
 7295.00   8.3046e-18   4.3438e-19
 7300.00   9.0091e-18   3.9037e-19
 7305.00   8.6355e-18   4.2491e-19
 7310.00   8.7995e-18   3.8517e-19
 7315.00   6.6782e-18   4.0688e-19
 7320.00   5.4437e-18   3.4507e-19
 7325.00   6.2570e-18   3.3826e-19
 7330.00   5.9504e-18   3.8697e-19
 7335.00   5.4769e-18   3.2391e-19
 7340.00   5.6188e-18   3.7247e-19
 7345.00   5.3599e-18   3.2724e-19
 7350.00   5.1659e-18   3.3028e-19
 7355.00   4.4509e-18   3.1355e-19
 7360.00   2.6981e-18   3.6478e-19
 7365.00   3.9591e-18   3.1172e-19
 7370.00   4.1442e-18   3.4358e-19
 7375.00   4.3964e-18   3.0327e-19
 7380.00   4.1637e-18   2.9447e-19
 7385.00   3.7024e-18   2.8940e-19
 7390.00   3.2492e-18   3.1665e-19
 7395.00  -4.2631e-18   3.4228e-19
 7400.00   4.2185e-18   3.2696e-19
 7405.00   3.4280e-18   2.8121e-19
 7410.00   3.1895e-18   2.9227e-19
 7415.00   3.3101e-18   2.8924e-19
 7420.00   3.8296e-18   2.8266e-19
 7425.00   3.4988e-18   2.7969e-19
 7430.00   3.5571e-18   3.0161e-19
 7435.00   4.1660e-18   2.8302e-19
 7440.00   2.7770e-18   3.1714e-19
 7445.00   3.6381e-18   2.8240e-19
 7450.00   3.2080e-18   2.8104e-19
 7455.00   3.6911e-18   2.8457e-19
 7460.00   3.8525e-18   3.0052e-19
 7465.00   2.9180e-18   3.1999e-19
 7470.00   3.5197e-18   3.2456e-19
 7475.00   3.6781e-18   3.1845e-19
 7480.00   3.5116e-18   3.4461e-19
 7485.00   3.1354e-18   3.3129e-19
 7490.00   2.7153e-18   3.0469e-19
 7495.00   3.0970e-18   3.2365e-19
 7500.00   3.0171e-18   3.2717e-19
 7505.00   3.2936e-18   3.1036e-19
 7510.00   3.4915e-18   3.1475e-19
 7515.00   1.8612e-18   3.3179e-19
 7520.00   3.1907e-18   3.4624e-19
 7525.00   4.1957e-18   4.1057e-19
 7530.00   3.7985e-18   3.8475e-19
 7535.00   3.5308e-18   3.5135e-19
 7540.00   3.1458e-18   3.7359e-19
 7545.00   2.9399e-18   3.6436e-19
 7550.00   2.3823e-18   3.3717e-19
 7555.00   3.3536e-18   3.2300e-19
 7560.00   4.3403e-18   3.3156e-19
 7565.00   2.6277e-18   3.1922e-19
 7570.00   2.0360e-18   3.7371e-19
 7575.00   3.0667e-18   3.2833e-19
 7580.00   3.7286e-18   3.0881e-19
 7585.00   3.0945e-18   3.3204e-19
 7590.00   4.5942e-18   3.1110e-19
 7595.00   3.2832e-18   2.8502e-19
 7600.00   8.2098e-19   3.2813e-19
 7605.00   2.9816e-19   3.2807e-19
 7610.00   1.6463e-18   3.3637e-19
 7615.00   1.4337e-18   3.3750e-19
 7620.00   3.1548e-18   3.8740e-19
 7625.00   2.2853e-18   3.2360e-19
 7630.00   9.8138e-19   3.3851e-19
 7635.00   2.3176e-18   2.9775e-19
 7640.00   1.9149e-18   2.9909e-19
 7645.00   2.4616e-18   2.9856e-19
 7650.00   2.6848e-18   2.9468e-19
 7655.00   1.7343e-18   3.0146e-19
 7660.00   2.8165e-18   3.0267e-19
 7665.00   2.2883e-18   2.8662e-19
 7670.00   1.7851e-18   2.7541e-19
 7675.00   3.3162e-18   2.8313e-19
 7680.00   3.4340e-18   2.9239e-19
 7685.00   3.0382e-18   2.8675e-19
 7690.00   2.5982e-18   2.9772e-19
 7695.00   2.6318e-18   2.8518e-19
 7700.00   3.1542e-18   3.0272e-19
 7705.00   3.3183e-18   2.6671e-19
 7710.00   3.7082e-18   2.9340e-19
 7715.00   2.8712e-18   4.6849e-19
 7720.00   3.5975e-18   3.0233e-19
 7725.00   3.5107e-18   3.4000e-19
 7730.00   3.0641e-18   2.7243e-19
 7735.00   3.1337e-18   2.9692e-19
 7740.00   2.8016e-18   2.7235e-19
 7745.00   2.2155e-18   2.7083e-19
 7750.00   3.1361e-18   3.7024e-19
 7755.00   2.4625e-18   2.7762e-19
 7760.00   1.9902e-18   2.9165e-19
 7765.00   2.9894e-18   2.6032e-19
 7770.00   3.1068e-18   2.9318e-19
 7775.00   2.6868e-18   3.4590e-19
 7780.00   3.1900e-18   3.0326e-19
 7785.00   3.1823e-18   2.8584e-19
 7790.00   2.8937e-18   3.0887e-19
 7795.00   2.7419e-18   3.2646e-19
 7800.00   2.5797e-18   2.7304e-19
 7805.00   3.5596e-18   2.8120e-19
 7810.00   3.3851e-18   3.3311e-19
 7815.00   3.5922e-18   3.0323e-19
 7820.00   3.9398e-18   3.6019e-19
 7825.00   2.2711e-18   2.8600e-19
 7830.00   3.3122e-18   2.9367e-19
 7835.00   3.0374e-18   2.8619e-19
 7840.00   2.3765e-18   3.2128e-19
 7845.00   3.0894e-18   2.8155e-19
 7850.00   2.8452e-18   3.5100e-19
 7855.00   1.9574e-18   3.5569e-19
 7860.00   3.3280e-18   3.7096e-19
 7865.00   2.2338e-18   3.0339e-19
 7870.00   3.0248e-18   3.6936e-19
 7875.00   1.1221e-18   3.0315e-19
 7880.00   4.2026e-18   4.1086e-19
 7885.00   2.6840e-18   3.5383e-19
 7890.00   1.8236e-18   4.6135e-19
 7895.00   2.7280e-18   3.5886e-19
 7900.00   2.6644e-18   3.3752e-19
 7905.00   3.5189e-18   3.6394e-19
 7910.00   2.5556e-18   3.8577e-19
 7915.00   4.1850e-18   3.7473e-19
 7920.00  -2.4200e-19   4.0813e-19
 7925.00   2.5146e-18   2.9799e-19
 7930.00   2.1682e-18   3.7366e-19
 7935.00   3.1614e-18   2.9688e-19
 7940.00   3.7605e-18   2.9922e-19
 7945.00   3.4189e-18   3.1040e-19
 7950.00   2.7733e-18   3.2393e-19
 7955.00   3.7665e-18   2.8771e-19
 7960.00   2.3479e-18   2.8432e-19
 7965.00   2.9386e-18   3.3371e-19
 7970.00   9.7398e-19   3.5812e-19
 7975.00  -9.6418e-19   4.4771e-19
 7980.00   2.1563e-18   4.0691e-19
 7985.00   3.1029e-18   3.4310e-19
 7990.00   3.6323e-18   3.6558e-19
 7995.00   3.1045e-18   4.2252e-19
 8000.00   2.5206e-18   3.5579e-19
 8005.00   3.6104e-18   3.2459e-19
 8010.00   3.5583e-18   3.2461e-19
 8015.00   2.0190e-18   3.6229e-19
 8020.00   2.2653e-18   3.3098e-19
 8025.00   3.2955e-18   3.6874e-19
 8030.00   2.6782e-18   3.5013e-19
 8035.00   2.8054e-18   2.9900e-19
 8040.00   2.6739e-18   2.9308e-19
 8045.00   3.4007e-18   2.8470e-19
 8050.00   2.3906e-18   3.1721e-19
 8055.00   2.4547e-18   2.7352e-19
 8060.00   3.7297e-18   3.0925e-19
 8065.00   3.2940e-18   2.8456e-19
 8070.00   4.1051e-18   2.6555e-19
 8075.00   2.9080e-18   2.7179e-19
 8080.00   4.0205e-18   2.6732e-19
 8085.00   3.7279e-18   2.7983e-19
 8090.00   2.9282e-18   2.5236e-19
 8095.00   3.0103e-18   2.7724e-19
 8100.00   2.7704e-18   2.7511e-19
 8105.00   3.4498e-18   2.7699e-19
 8110.00   3.3218e-18   2.5494e-19
 8115.00   2.9112e-18   2.4651e-19
 8120.00   1.9163e-18   2.4678e-19
 8125.00   2.8743e-18   2.4771e-19
 8130.00   2.6969e-18   2.5322e-19
 8135.00   2.7523e-18   2.4991e-19
 8140.00   3.0361e-18   2.6497e-19
 8145.00   3.1265e-18   2.6117e-19
 8150.00   3.7194e-18   2.4411e-19
 8155.00   3.3863e-18   2.3613e-19
 8160.00   2.5029e-18   2.3256e-19
 8165.00   1.8360e-18   2.3336e-19
 8170.00   2.5617e-18   2.3236e-19
 8175.00   2.8476e-18   2.3722e-19
 8180.00   2.2196e-18   2.3374e-19
 8185.00   2.8185e-18   2.3989e-19
 8190.00   2.2781e-18   2.5172e-19
 8195.00   3.2765e-18   2.5915e-19
 8200.00   2.9534e-18   2.4087e-19
 8205.00   3.1271e-18   2.5892e-19
 8210.00   3.5140e-18   2.5914e-19
 8215.00   3.2937e-18   2.6062e-19
 8220.00   2.8395e-18   2.5504e-19
 8225.00   2.8954e-18   2.5789e-19
 8230.00   2.4382e-18   2.4335e-19
 8235.00   2.5776e-18   2.6064e-19
 8240.00   3.7804e-18   2.7959e-19
 8245.00   3.0817e-18   2.7876e-19
 8250.00   3.4680e-18   2.8718e-19
 8255.00   2.6397e-18   2.7975e-19
 8260.00   2.4391e-18   2.7448e-19
 8265.00   2.6998e-18   2.8012e-19
 8270.00   3.1488e-18   3.7790e-19
 8275.00   2.0118e-18   2.9077e-19
 8280.00   3.6317e-18   4.9283e-19
 8285.00   2.4701e-18   3.6885e-19
 8290.00   3.5251e-18   3.8214e-19
 8295.00   2.6624e-18   3.4195e-19
 8300.00   1.3122e-18   3.8426e-19
 8305.00   3.0728e-18   3.4086e-19
 8310.00   3.1078e-18   3.7042e-19
 8315.00   2.3682e-18   3.2184e-19
 8320.00   2.0597e-18   2.8447e-19
 8325.00   2.7326e-18   2.6816e-19
 8330.00   4.1317e-18   2.6657e-19
 8335.00   1.9965e-18   2.7745e-19
 8340.00   3.5063e-18   2.9042e-19
 8345.00   2.5929e-18   3.8558e-19
 8350.00   2.5559e-18   3.0311e-19
 8355.00   2.0134e-18   3.0621e-19
 8360.00   2.7084e-18   2.9601e-19
 8365.00   1.4561e-18   3.3972e-19
 8370.00   2.5494e-18   2.7032e-19
 8375.00   2.4317e-18   2.7052e-19
 8380.00   2.9380e-18   3.8901e-19
 8385.00   2.3923e-18   3.4373e-19
 8390.00   3.0907e-18   3.4333e-19
 8395.00   4.0662e-18   3.1928e-19
 8400.00   3.6761e-18   3.8996e-19
 8405.00   2.0151e-18   2.9949e-19
 8410.00   2.2642e-18   3.0015e-19
 8415.00   2.8712e-18   3.4161e-19
 8420.00   2.7251e-18   2.9041e-19
 8425.00   2.9413e-18   3.2177e-19
 8430.00   2.1640e-18   3.7045e-19
 8435.00   1.6565e-18   2.9154e-19
 8440.00   2.9580e-18   2.7348e-19
 8445.00   2.1508e-18   3.5781e-19
 8450.00   2.2973e-18   2.9962e-19
 8455.00   3.7153e-18   2.8323e-19
 8460.00   2.0095e-18   2.6934e-19
 8465.00   2.9822e-18   3.2740e-19
 8470.00   2.4597e-18   2.5620e-19
 8475.00   2.3000e-18   2.6886e-19
 8480.00   2.9517e-18   2.5471e-19
 8485.00   2.1081e-18   2.4887e-19
 8490.00   3.0519e-18   2.5122e-19
 8495.00   2.7788e-18   3.1073e-19
 8500.00   3.1586e-18   2.6899e-19
 8505.00   3.2223e-18   3.1613e-19
 8510.00   2.9255e-18   2.4097e-19
 8515.00   2.9081e-18   2.3995e-19
 8520.00   1.8910e-18   2.4415e-19
 8525.00   2.9230e-18   2.3849e-19
 8530.00   2.2041e-18   2.3163e-19
 8535.00   1.8013e-18   2.2785e-19
 8540.00   3.1140e-19   2.5877e-19
 8545.00   1.2941e-18   2.2851e-19
 8550.00   6.7429e-19   2.8910e-19
 8555.00   2.7197e-18   2.3161e-19
 8560.00   1.5953e-18   2.2198e-19
 8565.00   2.7739e-18   2.3183e-19
 8570.00   2.2332e-18   2.3587e-19
 8575.00   3.4758e-18   2.5101e-19
 8580.00   2.7157e-18   2.3167e-19
 8585.00   2.7058e-18   2.2984e-19
 8590.00   2.8700e-18   2.6088e-19
 8595.00   2.5859e-18   2.6004e-19
 8600.00   1.9929e-18   2.3691e-19
 8605.00   3.5522e-18   2.4254e-19
 8610.00   2.6304e-18   2.6364e-19
 8615.00   2.1762e-18   3.3605e-19
 8620.00   2.6609e-18   4.0523e-19
 8625.00   3.4685e-18   4.1724e-19
 8630.00   3.4798e-18   4.2629e-19
 8635.00   3.1334e-18   4.0040e-19
 8640.00   2.6946e-18   3.3847e-19
 8645.00   2.8395e-18   2.6959e-19
 8650.00   2.4458e-18   3.4719e-19
 8655.00   3.0462e-18   3.4661e-19
 8660.00   2.7968e-18   3.4099e-19
 8665.00   3.0084e-18   3.3265e-19
 8670.00   3.4197e-18   3.2739e-19
 8675.00   2.9777e-18   3.1981e-19
 8680.00   1.9047e-18   3.1072e-19
 8685.00   3.2400e-18   2.9031e-19
 8690.00   3.4942e-18   2.8072e-19
 8695.00   2.8245e-18   2.7781e-19
 8700.00   1.1718e-18   3.0569e-19
 8705.00   1.4677e-18   2.8556e-19
 8710.00   2.8769e-18   2.8480e-19
 8715.00   2.6139e-18   2.6473e-19
 8720.00   3.5251e-18   2.7613e-19
 8725.00   2.7599e-18   2.8544e-19
 8730.00   2.6752e-18   2.7725e-19
 8735.00   2.2813e-18   2.8585e-19
 8740.00   2.4862e-18   3.0941e-19
 8745.00   2.2891e-18   3.0540e-19
 8750.00   2.7272e-18   3.0858e-19
 8755.00   3.2371e-18   3.0854e-19
 8760.00   2.2700e-18   5.5009e-19
 8765.00   3.7829e-18   3.5527e-19
 8770.00   2.6668e-18   3.3009e-19
 8775.00   2.8810e-18   3.1692e-19
 8780.00   2.6073e-18   3.1153e-19
 8785.00   2.5147e-18   2.6015e-19
 8790.00   1.7393e-18   3.1998e-19
 8795.00   2.1209e-18   2.6097e-19
 8800.00   2.4769e-18   2.6124e-19
 8805.00   2.3047e-18   2.5356e-19
 8810.00   3.0325e-18   2.9829e-19
 8815.00  -2.1274e-18   2.8584e-19
 8820.00   2.1443e-18   2.5860e-19
 8825.00   2.0580e-18   3.7519e-19
 8830.00   1.1820e-18   3.7228e-19
 8835.00   2.1660e-18   5.5192e-19
 8840.00   1.8909e-18   3.4300e-19
 8845.00   7.6962e-19   3.3106e-19
 8850.00   2.4807e-18   3.7021e-19
 8855.00   3.2033e-18   3.0746e-19
 8860.00   3.5329e-18   3.1219e-19
 8865.00   2.2641e-18   3.5151e-19
 8870.00   3.1962e-18   3.1286e-19
 8875.00   1.9229e-18   2.6867e-19
 8880.00   2.6788e-18   2.6959e-19
 8885.00   2.5260e-18   3.5894e-19
 8890.00   2.3821e-18   2.8533e-19
 8895.00   3.3922e-18   2.8909e-19
 8900.00   2.6504e-18   2.7160e-19
 8905.00   2.3679e-18   3.2281e-19
 8910.00   2.3807e-18   2.8911e-19
 8915.00   3.2548e-18   2.5394e-19
 8920.00   4.1826e-18   3.5507e-19
 8925.00   2.9756e-18   2.7176e-19
 8930.00   3.1007e-18   2.7194e-19
 8935.00   2.6387e-18   2.6574e-19
 8940.00   2.7446e-18   2.5182e-19
 8945.00   2.2787e-18   2.9113e-19
 8950.00   2.5938e-18   2.3242e-19
 8955.00   2.4648e-18   2.4342e-19
 8960.00   1.8719e-18   2.7781e-19
 8965.00   1.3791e-18   2.2302e-19
 8970.00   9.0760e-19   2.4322e-19
 8975.00   1.7666e-18   2.2479e-19
 8980.00   1.9687e-18   2.5908e-19
 8985.00   2.2875e-18   2.3910e-19
 8990.00   1.3053e-18   2.6499e-19
 8995.00   1.0477e-18   2.4165e-19
 9000.00   1.6669e-18   3.4799e-19
 9005.00   1.8229e-18   2.1297e-19
 9010.00   1.9328e-18   2.0433e-19
 9015.00   2.2339e-18   2.0370e-19
 9020.00  -1.2794e-19   2.2530e-19
 9025.00   2.0343e-18   2.0801e-19
 9030.00   2.2818e-18   2.4321e-19
 9035.00   2.3904e-18   2.1991e-19
 9040.00   2.1762e-18   2.5181e-19
 9045.00   1.6695e-18   2.3042e-19
 9050.00   2.6031e-18   2.9607e-19
 9055.00   1.5565e-18   2.3350e-19
 9060.00   2.1426e-18   2.2113e-19
 9065.00   2.5108e-18   2.5076e-19
 9070.00   1.7753e-18   2.4379e-19
 9075.00   2.0011e-18   2.2907e-19
 9080.00   2.4962e-18   2.2607e-19
 9085.00   2.0291e-18   2.3938e-19
 9090.00   2.1855e-18   2.4953e-19
 9095.00   1.3728e-18   2.5965e-19
 9100.00   2.0089e-18   2.5161e-19
 9105.00   5.2170e-18   2.6000e-19
 9110.00   2.2658e-18   2.3622e-19
 9115.00   2.3997e-18   2.3713e-19
 9120.00   2.0360e-18   2.3390e-19
 9125.00   1.9539e-18   2.3851e-19
 9130.00   2.1109e-18   2.3712e-19
 9135.00   2.3221e-18   2.4930e-19
 9140.00   2.3501e-18   2.5745e-19
 9145.00   2.0943e-18   2.5932e-19
 9150.00   2.4167e-18   2.8827e-19
 9155.00   1.4317e-18   2.8731e-19
 9160.00   1.1614e-18   3.4093e-19
 9165.00   7.6918e-18   2.6277e-19
 9170.00   1.6838e-18   2.6810e-19
 9175.00   2.6458e-18   2.6905e-19
 9180.00   2.2630e-18   2.8601e-19
 9185.00   2.1742e-18   2.7953e-19
 9190.00   2.1295e-18   2.8477e-19
 9195.00   2.5730e-18   2.8352e-19
 9200.00   1.4949e-18   2.9766e-19
 9205.00   2.4482e-18   3.0570e-19
 9210.00   3.0263e-18   3.0983e-19
 9215.00   2.5418e-18   3.5584e-19
 9220.00   1.1025e-18   3.2226e-19
 9225.00   2.0397e-18   3.9824e-19
 9230.00   1.4211e-18   3.2382e-19
 9235.00   1.6846e-18   3.2905e-19
 9240.00   3.5544e-18   3.3802e-19
 9245.00   1.7221e-18   3.3856e-19
 9250.00   1.3471e-18   3.9165e-19
 9255.00   6.4277e-18   4.1172e-19
 9260.00   2.0203e-18   3.0166e-19
 9265.00   7.2627e-19   3.1862e-19
 9270.00   1.3744e-18   2.7667e-19
 9275.00   1.5187e-18   2.7775e-19
 9280.00   1.1446e-18   2.7253e-19
 9285.00   6.4599e-20   3.0244e-19
 9290.00  -4.2904e-19   2.9236e-19
 9295.00  -4.1320e-19   3.2119e-19
 9300.00   1.3534e-18   2.7634e-19
 9305.00  -2.0345e-19   4.0238e-19
 9310.00   1.2585e-18   5.5254e-19
 9315.00  -6.5776e-20   4.0665e-19
 9320.00   2.4225e-19   3.5384e-19
 9325.00   5.8863e-19   3.9291e-19
 9330.00   1.7443e-19   3.5356e-19
 9335.00   1.2308e-18   3.5112e-19
 9340.00  -1.0622e-18   3.6453e-19
 9345.00  -2.6764e-18   3.2006e-19
 9350.00  -2.2180e-18   4.6512e-19
 9355.00   9.4200e-19   3.1770e-19
 9360.00  -2.6719e-19   3.3701e-19
 9365.00  -2.8513e-19   3.1532e-19
 9370.00   1.1661e-18   3.4735e-19
 9375.00  -8.3883e-19   8.1224e-19
 9380.00   9.9606e-19   3.3560e-19
 9385.00   2.8449e-19   3.6552e-19
 9390.00   1.9961e-18   3.1580e-19
 9395.00   3.2953e-18   3.5849e-19
 9400.00   1.1917e-18   3.8484e-19
 9405.00   3.4606e-18   3.5569e-19
 9410.00   1.9625e-18   2.9954e-19
 9415.00   4.0366e-18   3.3937e-19
 9420.00   2.9246e-18   4.9172e-19
 9425.00   2.9647e-18   3.3323e-19
 9430.00   2.2153e-18   2.8995e-19
 9435.00   5.5017e-18   3.5194e-19
 9440.00   5.9913e-19   5.6485e-19
 9445.00   1.5761e-18   3.2568e-19
 9450.00   3.9187e-18   3.8228e-19
 9455.00   1.8483e-18   3.2418e-19
 9460.00   2.0890e-19   4.0810e-19
 9465.00   1.8420e-18   2.9539e-19
 9470.00   1.0445e-18   2.8502e-19
 9475.00   1.7495e-18   4.1419e-19
 9480.00  -8.8155e-20   3.1795e-19
 9485.00   1.7592e-18   3.1002e-19
 9490.00   1.3494e-18   3.1629e-19
 9495.00  -5.2134e-18   3.0295e-19
 9500.00   5.3695e-20   3.1166e-19
 9505.00   8.3011e-19   3.5792e-19
 9510.00   1.7369e-18   2.9188e-19
 9515.00   8.7384e-19   2.8411e-19
 9520.00   7.2157e-19   3.9582e-19
 9525.00   7.8012e-19   2.9566e-19
 9530.00   2.3377e-18   3.3229e-19
 9535.00   3.8901e-18   3.6413e-19
 9540.00   2.4990e-18   2.9276e-19
 9545.00   2.6938e-18   2.7791e-19
 9550.00   4.1930e-18   3.5437e-19
 9555.00   3.0060e-18   3.2895e-19
 9560.00   4.3564e-18   3.3094e-19
 9565.00   2.6208e-18   3.6896e-19
 9570.00   3.1918e-18   4.1434e-19
 9575.00   3.9766e-18   3.3648e-19
 9580.00   2.4996e-18   2.8556e-19
 9585.00   3.1423e-18   3.0577e-19
 9590.00   2.2413e-18   2.9776e-19
 9595.00   3.0407e-18   3.0299e-19
 9600.00   2.6004e-18   3.0413e-19
 9605.00   3.3725e-18   3.4699e-19
 9610.00   1.5289e-18   3.6014e-19
 9615.00   3.1041e-18   3.2970e-19
 9620.00   1.5598e-18   4.3776e-19
 9625.00   2.9082e-18   3.6462e-19
 9630.00   3.3643e-18   3.8545e-19
 9635.00   3.2634e-18   3.3305e-19
 9640.00   1.3286e-18   3.3344e-19
 9645.00   2.4751e-18   3.2172e-19
 9650.00   3.3287e-18   3.6102e-19
 9655.00   1.7738e-18   3.9805e-19
 9660.00   2.7870e-18   4.0845e-19
 9665.00   2.4164e-18   3.6418e-19
 9670.00   4.3607e-18   5.2263e-19
 9675.00   2.7112e-18   4.1649e-19
 9680.00   2.1417e-18   6.2686e-19
 9685.00   1.5948e-18   4.4507e-19
 9690.00   2.2968e-18   4.5390e-19
 9695.00   1.6333e-18   4.1730e-19
 9700.00   9.5973e-19   5.5596e-19
 9705.00   3.0603e-18   4.3136e-19
 9710.00   1.5335e-18   4.7860e-19
 9715.00   3.1684e-18   4.3632e-19
 9720.00   1.6365e-18   6.5386e-19
 9725.00   2.1374e-18   4.7732e-19
 9730.00   2.5550e-18   4.9071e-19
 9735.00   7.6882e-19   5.8233e-19
 9740.00   4.2743e-18   5.5475e-19
 9745.00   6.5259e-19   5.9065e-19
 9750.00  -5.9888e-19   4.6680e-19
 9755.00   1.2803e-18   4.9189e-19
 9760.00   3.0868e-18   4.8898e-19
 9765.00   2.9365e-18   5.0314e-19
 9770.00   2.9633e-18   5.1446e-19
 9775.00   4.2479e-18   5.3660e-19
 9780.00   8.2070e-19   5.5647e-19
 9785.00   2.6312e-18   5.7745e-19
 9790.00   1.4489e-18   1.0091e-18
 9795.00   2.8256e-18   5.9271e-19
 9800.00   2.3837e-18   6.4925e-19
 9805.00   3.7393e-18   5.6436e-19
 9810.00   3.5431e-18   7.3031e-19
 9815.00   5.1657e-19   9.7497e-19
 9820.00  -1.9288e-18   8.8816e-19
 9825.00   3.3253e-19   8.4003e-19
 9830.00   2.2344e-18   8.5835e-19
 9835.00   2.9622e-18   8.1219e-19
 9840.00  -5.1729e-19   7.4494e-19
 9845.00   1.0616e-18   8.2765e-19
 9850.00  -2.9827e-19   9.5693e-19
 9855.00   1.8566e-18   7.3870e-19
 9860.00  -1.3763e-18   7.2610e-19
 9865.00   6.9532e-19   7.3647e-19
 9870.00   9.1695e-19   1.0961e-18
 9875.00   8.6847e-19   8.8860e-19
 9880.00  -9.2800e-19   7.1557e-19
 9885.00  -7.2694e-19   8.5958e-19
 9890.00   9.9157e-19   7.3815e-19
 9895.00   7.3147e-18   1.0869e-18
 9900.00   4.8354e-18   7.3057e-19
 9905.00   2.2590e-18   7.0376e-19
 9910.00   2.6543e-18   7.9058e-19
 9915.00   3.0786e-18   1.2819e-18
 9920.00   2.4632e-18   7.5137e-19
 9925.00  -1.1987e-18   6.8878e-19
 9930.00   2.6725e-18   6.9882e-19
 9935.00   1.5781e-18   7.5651e-19
 9940.00   3.6000e-18   1.1225e-18
 9945.00   5.4875e-18   1.8431e-18
 9950.00   1.4606e-18   1.1785e-18
 9955.00   1.1045e-18   1.2902e-18
 9960.00   2.3136e-18   1.4693e-18
 9965.00   4.1155e-18   8.8463e-19
 9970.00   3.0198e-18   9.4505e-19
 9975.00   4.0678e-18   9.5765e-19
 9980.00   2.1930e-19   8.9861e-19
 9985.00   2.7705e-18   7.2802e-19
 9990.00   1.8956e-18   7.5501e-19
 9995.00   1.8956e-18   9.9999e+04
10000.00   1.8956e-18   9.9999e+04
