 
TRANSIENT_NAME:     DES15E1iuh 
SNID:               1317523    
OBS_DATE:           2015-10-06
MJD:                57301. 
PHASE_EXP:          +18.   
MJD_EXP:            57281.1 (De Jaeger et. al.: MNRAS, 495, 4860D, 2020)
TYPE:               29 
SPEC_EVAL:          SNII
REDSHIFT:           0.1063  
REDSHIFT_ERR:       0.0005  
REDSHIFT_SOURCE:    Z_GAL
TELESCOPE:          VLT
INSTRUMENT:         X-SHOOTER
 
======================================
 
# WAVE  FLUX  FLUX_ERR
 3300.00  -1.5224e-18   9.0460e-18
 3305.00  -2.2933e-18   9.2629e-18
 3310.00  -1.3367e-18   9.4284e-18
 3315.00  -5.6739e-18   9.7620e-18
 3320.00  -7.4063e-18   9.7644e-18
 3325.00  -3.2971e-18   9.3584e-18
 3330.00   2.8052e-18   8.9907e-18
 3335.00   2.6357e-18   8.5717e-18
 3340.00  -4.2333e-19   8.0560e-18
 3345.00   2.9330e-18   8.0851e-18
 3350.00   1.5372e-17   7.5041e-18
 3355.00   9.6265e-18   6.9421e-18
 3360.00   1.3749e-17   6.5157e-18
 3365.00   6.6240e-18   6.3457e-18
 3370.00   1.3917e-17   7.2519e-18
 3375.00   1.9418e-18   6.4704e-18
 3380.00   8.0567e-18   6.0685e-18
 3385.00   1.1479e-17   5.7241e-18
 3390.00   7.0729e-18   5.3915e-18
 3395.00   6.8074e-18   5.3781e-18
 3400.00   6.8715e-18   5.1955e-18
 3405.00   7.5583e-18   5.1409e-18
 3410.00   1.3181e-17   5.1194e-18
 3415.00   7.2559e-18   5.2842e-18
 3420.00   8.3692e-18   5.3239e-18
 3425.00   1.7403e-17   5.6207e-18
 3430.00   1.8444e-17   5.6973e-18
 3435.00   1.4265e-17   5.9715e-18
 3440.00  -3.6522e-18   5.9722e-18
 3445.00   2.9889e-18   6.1040e-18
 3450.00   2.5876e-18   6.4610e-18
 3455.00  -7.7467e-18   6.6593e-18
 3460.00   4.1898e-18   6.6824e-18
 3465.00   4.5452e-18   6.5933e-18
 3470.00   1.1569e-17   6.5420e-18
 3475.00  -4.3225e-19   6.1769e-18
 3480.00   3.7190e-18   6.4910e-18
 3485.00  -2.6711e-18   6.0608e-18
 3490.00   5.3012e-18   5.6414e-18
 3495.00   8.4968e-18   5.4627e-18
 3500.00  -7.4674e-19   4.8784e-18
 3505.00   5.6293e-18   4.5883e-18
 3510.00   7.7810e-18   4.4885e-18
 3515.00   5.8231e-18   4.1642e-18
 3520.00   1.4997e-17   4.0036e-18
 3525.00   1.0508e-17   3.8154e-18
 3530.00   6.7493e-18   3.6343e-18
 3535.00   1.2784e-17   3.5325e-18
 3540.00   7.3394e-18   3.7178e-18
 3545.00   9.8880e-18   3.9884e-18
 3550.00   7.4028e-18   3.6364e-18
 3555.00   1.3215e-17   3.6640e-18
 3560.00   1.2940e-17   3.4291e-18
 3565.00   5.8299e-18   3.1253e-18
 3570.00   6.9924e-18   3.0019e-18
 3575.00   1.1932e-17   2.9898e-18
 3580.00   1.1667e-17   2.9599e-18
 3585.00   1.0498e-17   2.9633e-18
 3590.00   1.1117e-17   3.0764e-18
 3595.00   4.7803e-18   3.2243e-18
 3600.00  -3.4766e-19   3.3367e-18
 3605.00   7.9279e-18   3.5577e-18
 3610.00   7.1565e-18   3.7001e-18
 3615.00   5.4226e-18   4.0598e-18
 3620.00   6.5221e-18   4.2288e-18
 3625.00   9.5555e-19   4.2385e-18
 3630.00   3.7155e-18   4.2869e-18
 3635.00   1.1931e-18   4.3176e-18
 3640.00   3.1587e-18   4.2164e-18
 3645.00   9.4710e-18   4.1058e-18
 3650.00   5.0103e-18   3.8965e-18
 3655.00   6.8449e-18   4.1480e-18
 3660.00   5.9267e-18   3.9055e-18
 3665.00   4.1130e-18   3.5577e-18
 3670.00   4.9553e-18   3.2309e-18
 3675.00   4.6779e-18   2.9985e-18
 3680.00   7.9963e-18   2.8234e-18
 3685.00   1.1495e-17   2.7076e-18
 3690.00   6.6170e-18   2.5581e-18
 3695.00   1.4670e-17   2.5401e-18
 3700.00   1.0877e-17   2.6585e-18
 3705.00   1.0030e-17   2.5399e-18
 3710.00   9.6833e-18   2.3972e-18
 3715.00   1.1831e-17   2.3262e-18
 3720.00   7.8934e-18   2.1608e-18
 3725.00   8.1400e-18   2.1263e-18
 3730.00   1.3141e-17   2.2380e-18
 3735.00   1.1023e-17   2.2985e-18
 3740.00   1.0857e-17   2.3893e-18
 3745.00   1.1203e-17   2.2367e-18
 3750.00   1.2839e-17   2.1282e-18
 3755.00   1.0679e-17   2.1425e-18
 3760.00   7.5347e-18   2.0529e-18
 3765.00   8.7245e-18   2.0800e-18
 3770.00   6.2976e-18   2.1087e-18
 3775.00   1.0291e-17   2.2807e-18
 3780.00   7.0648e-18   2.2989e-18
 3785.00   6.2073e-18   2.3640e-18
 3790.00   1.0225e-17   2.5264e-18
 3795.00   1.1014e-17   2.6354e-18
 3800.00   1.0449e-17   2.6438e-18
 3805.00   1.1679e-17   2.7168e-18
 3810.00   9.1755e-18   2.7390e-18
 3815.00   1.1947e-17   2.8620e-18
 3820.00   1.4069e-17   2.8364e-18
 3825.00   1.0580e-17   2.7702e-18
 3830.00   8.8599e-18   2.9209e-18
 3835.00   9.6201e-18   2.7918e-18
 3840.00   1.1801e-17   2.6635e-18
 3845.00   7.9834e-18   2.7985e-18
 3850.00   6.5268e-18   2.5438e-18
 3855.00   1.4749e-17   2.4209e-18
 3860.00   9.0777e-18   2.1914e-18
 3865.00   1.1273e-17   2.1088e-18
 3870.00   1.4405e-17   2.0112e-18
 3875.00   1.0116e-17   1.9035e-18
 3880.00   1.3558e-17   1.8420e-18
 3885.00   1.1510e-17   1.7486e-18
 3890.00   1.2670e-17   1.7371e-18
 3895.00   1.2526e-17   1.7163e-18
 3900.00   1.3421e-17   1.7150e-18
 3905.00   9.6451e-18   1.7749e-18
 3910.00   1.5335e-17   1.8268e-18
 3915.00   1.4037e-17   1.7310e-18
 3920.00   1.5881e-17   1.6536e-18
 3925.00   1.4923e-17   1.5738e-18
 3930.00   1.7430e-17   1.5658e-18
 3935.00   1.4670e-17   1.5443e-18
 3940.00   1.1361e-17   1.5953e-18
 3945.00   1.5359e-17   1.6670e-18
 3950.00   1.5971e-17   1.6598e-18
 3955.00   1.4555e-17   1.5893e-18
 3960.00   1.6672e-17   1.5972e-18
 3965.00   1.5217e-17   1.5684e-18
 3970.00   1.3851e-17   1.5911e-18
 3975.00   1.6132e-17   1.7381e-18
 3980.00   1.2419e-17   1.7609e-18
 3985.00   1.2790e-17   1.7823e-18
 3990.00   1.6604e-17   1.8545e-18
 3995.00   1.2745e-17   1.8470e-18
 4000.00   1.3817e-17   1.9064e-18
 4005.00   1.2623e-17   1.9215e-18
 4010.00   1.2648e-17   2.0257e-18
 4015.00   1.5266e-17   2.0171e-18
 4020.00   1.3905e-17   2.0154e-18
 4025.00   1.3207e-17   1.9752e-18
 4030.00   1.2437e-17   1.9792e-18
 4035.00   1.0844e-17   1.9353e-18
 4040.00   1.0250e-17   1.9602e-18
 4045.00   7.3816e-18   2.2639e-18
 4050.00   1.2419e-17   2.1235e-18
 4055.00   1.0330e-17   1.9273e-18
 4060.00   1.6667e-17   1.9347e-18
 4065.00   1.4916e-17   1.9097e-18
 4070.00   1.3656e-17   1.8083e-18
 4075.00   1.4140e-17   1.7067e-18
 4080.00   1.5618e-17   1.6624e-18
 4085.00   1.6443e-17   1.6147e-18
 4090.00   1.5300e-17   1.5364e-18
 4095.00   1.7199e-17   1.5227e-18
 4100.00   1.7467e-17   1.4705e-18
 4105.00   1.5623e-17   1.4258e-18
 4110.00   1.7228e-17   1.4243e-18
 4115.00   1.6256e-17   1.4166e-18
 4120.00   1.8930e-17   1.4112e-18
 4125.00   2.0421e-17   1.4572e-18
 4130.00   1.4756e-17   1.3892e-18
 4135.00   1.5873e-17   1.3965e-18
 4140.00   1.4936e-17   1.3464e-18
 4145.00   1.4567e-17   1.3135e-18
 4150.00   1.5811e-17   1.2980e-18
 4155.00   1.5265e-17   1.3555e-18
 4160.00   1.3648e-17   1.3517e-18
 4165.00   1.5638e-17   1.4193e-18
 4170.00   1.4918e-17   1.4386e-18
 4175.00   1.5426e-17   1.3948e-18
 4180.00   1.3873e-17   1.3947e-18
 4185.00   1.4047e-17   1.3682e-18
 4190.00   1.4962e-17   1.3906e-18
 4195.00   1.6330e-17   1.4116e-18
 4200.00   1.4998e-17   1.3939e-18
 4205.00   1.2438e-17   1.4058e-18
 4210.00   1.3665e-17   1.4469e-18
 4215.00   1.0440e-17   1.4381e-18
 4220.00   1.1905e-17   1.4591e-18
 4225.00   9.6807e-18   1.4584e-18
 4230.00   1.0502e-17   1.4997e-18
 4235.00   1.1001e-17   1.5234e-18
 4240.00   9.5188e-18   1.5303e-18
 4245.00   1.0658e-17   1.5860e-18
 4250.00   8.9605e-18   1.5979e-18
 4255.00   9.7066e-18   1.6059e-18
 4260.00   9.2958e-18   1.5910e-18
 4265.00   1.2453e-17   1.6078e-18
 4270.00   1.0600e-17   1.5703e-18
 4275.00   1.1076e-17   1.5495e-18
 4280.00   1.1981e-17   1.7273e-18
 4285.00   1.4878e-17   1.6554e-18
 4290.00   1.2023e-17   1.5488e-18
 4295.00   1.4393e-17   1.5351e-18
 4300.00   1.5259e-17   1.4506e-18
 4305.00   1.5123e-17   1.3966e-18
 4310.00   1.6093e-17   1.3992e-18
 4315.00   1.6521e-17   1.4048e-18
 4320.00   1.5227e-17   1.3530e-18
 4325.00   1.6225e-17   1.2817e-18
 4330.00   1.6806e-17   1.2704e-18
 4335.00   1.6784e-17   1.2546e-18
 4340.00   1.7882e-17   1.2085e-18
 4345.00   1.6874e-17   1.2212e-18
 4350.00   1.6209e-17   1.1969e-18
 4355.00   1.8275e-17   1.1905e-18
 4360.00   1.7211e-17   1.2059e-18
 4365.00   1.5842e-17   1.1408e-18
 4370.00   1.8432e-17   1.1805e-18
 4375.00   1.6542e-17   1.1451e-18
 4380.00   1.5563e-17   1.1329e-18
 4385.00   1.6376e-17   1.0979e-18
 4390.00   1.6040e-17   1.0927e-18
 4395.00   1.5480e-17   1.0997e-18
 4400.00   1.5864e-17   1.1095e-18
 4405.00   1.8364e-17   1.1888e-18
 4410.00   1.6021e-17   1.1891e-18
 4415.00   1.5430e-17   1.1893e-18
 4420.00   1.5396e-17   1.1900e-18
 4425.00   1.5598e-17   1.1981e-18
 4430.00   1.5279e-17   1.1908e-18
 4435.00   1.4880e-17   1.1774e-18
 4440.00   1.3936e-17   1.2111e-18
 4445.00   1.2777e-17   1.2084e-18
 4450.00   1.5666e-17   1.2327e-18
 4455.00   1.4325e-17   1.2189e-18
 4460.00   1.3872e-17   1.2294e-18
 4465.00   1.5511e-17   1.2770e-18
 4470.00   1.5211e-17   1.2741e-18
 4475.00   1.3367e-17   1.3034e-18
 4480.00   1.5512e-17   1.3183e-18
 4485.00   1.4200e-17   1.3591e-18
 4490.00   1.6834e-17   1.3706e-18
 4495.00   1.5758e-17   1.3982e-18
 4500.00   1.4008e-17   1.3860e-18
 4505.00   1.6233e-17   1.4192e-18
 4510.00   1.4588e-17   2.0566e-18
 4515.00   1.6432e-17   1.9770e-18
 4520.00   1.5954e-17   1.8751e-18
 4525.00   1.3967e-17   1.7836e-18
 4530.00   1.4664e-17   1.7257e-18
 4535.00   1.2020e-17   1.6196e-18
 4540.00   1.5235e-17   1.5760e-18
 4545.00   1.4939e-17   1.5191e-18
 4550.00   1.4438e-17   1.4380e-18
 4555.00   1.4254e-17   1.3671e-18
 4560.00   1.5625e-17   1.3351e-18
 4565.00   1.5756e-17   1.2675e-18
 4570.00   1.4580e-17   1.2301e-18
 4575.00   1.5836e-17   1.2219e-18
 4580.00   1.5202e-17   1.1930e-18
 4585.00   1.3953e-17   1.1483e-18
 4590.00   1.3658e-17   1.1034e-18
 4595.00   1.4542e-17   1.0776e-18
 4600.00   1.4484e-17   1.0550e-18
 4605.00   1.3757e-17   1.0340e-18
 4610.00   1.5727e-17   1.0383e-18
 4615.00   1.3936e-17   1.0014e-18
 4620.00   1.3043e-17   9.8411e-19
 4625.00   1.2981e-17   9.7607e-19
 4630.00   1.3548e-17   9.6074e-19
 4635.00   1.6378e-17   9.7225e-19
 4640.00   1.3512e-17   9.4665e-19
 4645.00   1.3803e-17   9.2497e-19
 4650.00   1.2808e-17   9.2126e-19
 4655.00   1.3068e-17   9.4990e-19
 4660.00   1.3630e-17   9.7521e-19
 4665.00   1.3950e-17   9.4836e-19
 4670.00   1.4542e-17   9.5834e-19
 4675.00   1.0868e-17   9.4468e-19
 4680.00   1.1880e-17   9.4262e-19
 4685.00   1.2988e-17   9.5471e-19
 4690.00   1.1813e-17   9.3937e-19
 4695.00   1.3784e-17   9.6332e-19
 4700.00   1.2842e-17   9.4990e-19
 4705.00   1.3652e-17   9.6695e-19
 4710.00   1.4053e-17   9.8716e-19
 4715.00   1.4039e-17   9.9537e-19
 4720.00   1.5657e-17   1.0187e-18
 4725.00   1.5872e-17   1.0226e-18
 4730.00   1.6528e-17   1.0217e-18
 4735.00   1.6035e-17   1.0377e-18
 4740.00   1.4674e-17   1.0479e-18
 4745.00   1.6512e-17   1.0733e-18
 4750.00   1.5137e-17   1.0672e-18
 4755.00   1.3103e-17   1.0677e-18
 4760.00   1.5589e-17   1.0996e-18
 4765.00   1.3304e-17   1.0960e-18
 4770.00   1.6329e-17   1.1396e-18
 4775.00   1.5738e-17   1.1684e-18
 4780.00   1.3536e-17   1.1469e-18
 4785.00   1.4916e-17   1.1558e-18
 4790.00   1.3627e-17   1.8827e-18
 4795.00   1.2810e-17   1.7777e-18
 4800.00   1.4262e-17   1.7081e-18
 4805.00   1.5178e-17   1.6475e-18
 4810.00   1.3357e-17   1.5381e-18
 4815.00   1.5186e-17   1.5318e-18
 4820.00   1.5404e-17   1.5049e-18
 4825.00   1.3672e-17   1.4209e-18
 4830.00   1.3792e-17   1.3835e-18
 4835.00   1.4765e-17   1.3518e-18
 4840.00   1.2645e-17   1.2974e-18
 4845.00   1.3962e-17   1.2586e-18
 4850.00   1.1773e-17   1.1815e-18
 4855.00   1.3017e-17   1.1652e-18
 4860.00   1.2984e-17   1.1369e-18
 4865.00   1.2719e-17   1.0759e-18
 4870.00   1.3152e-17   1.0726e-18
 4875.00   1.3744e-17   1.0454e-18
 4880.00   1.3033e-17   1.0431e-18
 4885.00   1.3165e-17   1.0153e-18
 4890.00   1.3409e-17   9.9649e-19
 4895.00   1.3997e-17   9.7915e-19
 4900.00   1.1963e-17   9.3238e-19
 4905.00   1.2384e-17   9.2656e-19
 4910.00   1.2168e-17   8.9308e-19
 4915.00   1.2787e-17   8.9161e-19
 4920.00   1.2702e-17   8.5631e-19
 4925.00   1.3507e-17   8.7084e-19
 4930.00   1.3611e-17   8.6602e-19
 4935.00   1.3069e-17   8.5554e-19
 4940.00   1.1775e-17   8.3140e-19
 4945.00   1.3316e-17   8.3372e-19
 4950.00   1.3898e-17   8.4680e-19
 4955.00   1.3425e-17   8.3704e-19
 4960.00   1.2924e-17   8.2296e-19
 4965.00   1.3986e-17   8.5740e-19
 4970.00   1.4288e-17   8.8368e-19
 4975.00   1.2482e-17   8.3186e-19
 4980.00   1.2654e-17   8.2640e-19
 4985.00   1.2221e-17   8.1460e-19
 4990.00   1.3617e-17   8.4345e-19
 4995.00   1.2959e-17   8.4387e-19
 5000.00   1.2652e-17   8.4147e-19
 5005.00   1.3656e-17   8.5128e-19
 5010.00   1.2714e-17   8.5342e-19
 5015.00   1.2389e-17   8.5241e-19
 5020.00   1.2155e-17   8.7054e-19
 5025.00   1.3193e-17   8.6993e-19
 5030.00   1.2794e-17   8.8298e-19
 5035.00   1.2233e-17   8.8530e-19
 5040.00   1.2988e-17   8.9764e-19
 5045.00   1.3618e-17   9.2839e-19
 5050.00   1.2453e-17   9.1054e-19
 5055.00   1.3026e-17   9.1355e-19
 5060.00   1.2853e-17   9.2632e-19
 5065.00   1.2973e-17   9.2518e-19
 5070.00   1.3154e-17   9.3726e-19
 5075.00   1.3568e-17   9.4140e-19
 5080.00   1.2078e-17   9.3775e-19
 5085.00   1.3335e-17   9.6436e-19
 5090.00   1.2664e-17   9.7111e-19
 5095.00   1.1514e-17   9.6587e-19
 5100.00   1.1671e-17   9.7189e-19
 5105.00   1.2374e-17   9.9227e-19
 5110.00   1.2329e-17   9.9871e-19
 5115.00   1.2389e-17   1.6497e-18
 5120.00   9.9008e-18   1.5541e-18
 5125.00   1.2353e-17   1.4940e-18
 5130.00   1.1281e-17   1.4553e-18
 5135.00   1.3359e-17   1.4412e-18
 5140.00   1.1583e-17   1.3693e-18
 5145.00   1.3587e-17   1.3479e-18
 5150.00   1.1371e-17   1.2707e-18
 5155.00   1.1964e-17   1.2362e-18
 5160.00   1.2199e-17   1.2102e-18
 5165.00   1.3006e-17   1.1553e-18
 5170.00   1.2156e-17   1.1013e-18
 5175.00   1.0573e-17   1.0725e-18
 5180.00   9.9822e-18   1.0328e-18
 5185.00   1.1608e-17   1.0148e-18
 5190.00   1.1122e-17   1.0138e-18
 5195.00   9.3754e-18   9.8031e-19
 5200.00   9.5008e-18   1.1057e-18
 5205.00   8.8622e-18   9.1935e-19
 5210.00   1.0479e-17   9.0220e-19
 5215.00   9.3882e-18   8.8234e-19
 5220.00   9.9938e-18   8.7879e-19
 5225.00   9.5337e-18   8.7011e-19
 5230.00   9.8826e-18   8.4463e-19
 5235.00   1.0704e-17   8.2918e-19
 5240.00   1.1158e-17   8.5993e-19
 5245.00   9.9712e-18   7.9890e-19
 5250.00   1.1051e-17   8.1548e-19
 5255.00   1.3530e-17   8.6550e-19
 5260.00   1.0794e-17   7.9442e-19
 5265.00   1.2685e-17   7.8648e-19
 5270.00   1.3180e-17   7.9479e-19
 5275.00   1.3075e-17   8.1848e-19
 5280.00   1.4552e-17   8.0150e-19
 5285.00   1.4267e-17   7.9840e-19
 5290.00   1.5038e-17   8.0585e-19
 5295.00   1.4954e-17   8.0755e-19
 5300.00   1.4537e-17   8.1690e-19
 5305.00   1.4769e-17   8.1312e-19
 5310.00   1.3908e-17   8.0712e-19
 5315.00   1.5062e-17   8.2006e-19
 5320.00   1.4369e-17   8.1229e-19
 5325.00   1.4455e-17   8.1861e-19
 5330.00   1.3032e-17   8.8371e-19
 5335.00   1.4344e-17   8.2065e-19
 5340.00   1.5427e-17   8.1642e-19
 5345.00   1.4119e-17   8.1651e-19
 5350.00   1.4161e-17   8.2205e-19
 5355.00   1.4525e-17   8.2242e-19
 5360.00   1.5178e-17   8.2246e-19
 5365.00   1.3775e-17   8.1085e-19
 5370.00   1.3537e-17   8.1653e-19
 5375.00   1.5844e-17   8.4427e-19
 5380.00   1.4788e-17   8.4205e-19
 5385.00   1.4400e-17   8.4129e-19
 5390.00   1.3232e-17   8.3666e-19
 5395.00   1.3657e-17   8.3959e-19
 5400.00   1.2083e-17   8.4146e-19
 5405.00   1.2020e-17   8.4642e-19
 5410.00   1.1892e-17   8.6800e-19
 5415.00   1.2995e-17   8.9446e-19
 5420.00   1.2633e-17   9.0504e-19
 5425.00   1.2419e-17   9.2347e-19
 5430.00   1.2779e-17   9.2834e-19
 5435.00   1.2480e-17   9.5099e-19
 5440.00   1.2259e-17   9.5182e-19
 5445.00   1.2280e-17   9.6428e-19
 5450.00   1.2752e-17   9.9941e-19
 5455.00   1.0894e-17   1.0122e-18
 5460.00   1.2021e-17   1.0780e-18
 5465.00   1.2948e-17   1.0935e-18
 5470.00   1.0823e-17   1.1127e-18
 5475.00   1.0931e-17   1.1277e-18
 5480.00   1.2288e-17   1.1610e-18
 5485.00   1.4773e-17   1.1994e-18
 5490.00   1.3141e-17   1.9281e-18
 5495.00   1.2092e-17   1.8258e-18
 5500.00   1.2646e-17   1.7756e-18
 5505.00   1.1077e-17   1.6897e-18
 5510.00   1.0526e-17   1.6220e-18
 5515.00   1.1933e-17   1.5910e-18
 5520.00   1.1111e-17   1.5429e-18
 5525.00   1.1270e-17   1.5118e-18
 5530.00   1.1123e-17   1.4966e-18
 5535.00   1.1404e-17   1.4979e-18
 5540.00   1.5610e-17   1.5747e-18
 5545.00   1.0197e-17   1.5581e-18
 5550.00   1.1324e-17   1.4912e-18
 5555.00   1.1581e-17   1.4401e-18
 5560.00   1.0006e-17   1.4249e-18
 5565.00   8.3340e-18   1.4799e-18
 5570.00   7.3492e-18   1.4283e-18
 5575.00   9.3025e-18   1.7752e-18
 5580.00   1.0882e-17   1.6174e-18
 5585.00   1.1034e-17   1.3683e-18
 5590.00   9.6272e-18   1.3626e-18
 5595.00   9.9995e-18   1.3079e-18
 5600.00   8.4440e-18   1.3288e-18
 5605.00   1.0009e-17   1.5386e-18
 5610.00   1.0309e-17   1.3968e-18
 5615.00   7.7203e-18   1.3175e-18
 5620.00   1.0337e-17   1.2590e-18
 5625.00   1.1133e-17   1.2340e-18
 5630.00   1.1811e-17   1.1673e-18
 5635.00   9.7345e-18   1.1131e-18
 5640.00   1.0582e-17   1.1023e-18
 5645.00   1.3385e-17   1.0950e-18
 5650.00   9.6987e-18   1.0402e-18
 5655.00   1.0364e-17   1.0251e-18
 5660.00   1.1781e-17   1.0291e-18
 5665.00   1.1829e-17   1.0298e-18
 5670.00   1.0463e-17   1.0325e-18
 5675.00   9.6380e-18   1.0291e-18
 5680.00   1.0538e-17   1.0437e-18
 5685.00   1.0299e-17   1.0658e-18
 5690.00   1.1464e-17   1.0988e-18
 5695.00   1.0127e-17   1.1111e-18
 5700.00   1.0264e-17   1.1488e-18
 5705.00   1.1786e-17   1.1854e-18
 5710.00   1.1612e-17   1.2224e-18
 5715.00   9.4371e-18   1.2577e-18
 5720.00   9.1856e-18   1.3001e-18
 5725.00   1.0275e-17   1.3383e-18
 5730.00   1.0897e-17   1.3685e-18
 5735.00   1.0559e-17   1.4016e-18
 5740.00   1.0523e-17   1.4277e-18
 5745.00   1.0884e-17   1.4432e-18
 5750.00   8.6772e-18   1.4573e-18
 5755.00   8.8062e-18   1.4514e-18
 5760.00   1.1232e-17   1.4551e-18
 5765.00   1.0389e-17   1.4366e-18
 5770.00   8.4719e-18   1.4101e-18
 5775.00   1.0639e-17   1.3743e-18
 5780.00   1.1073e-17   1.3433e-18
 5785.00   1.0711e-17   1.2563e-18
 5790.00   9.5343e-18   1.1554e-18
 5795.00   1.0647e-17   1.1629e-18
 5800.00   1.1572e-17   1.1512e-18
 5805.00   1.0111e-17   1.1034e-18
 5810.00   9.7033e-18   1.0763e-18
 5815.00   9.3438e-18   1.0547e-18
 5820.00   1.0123e-17   1.0399e-18
 5825.00   1.0229e-17   1.0263e-18
 5830.00   1.1079e-17   1.0139e-18
 5835.00   1.0148e-17   1.0017e-18
 5840.00   9.7856e-18   9.9145e-19
 5845.00   1.0477e-17   9.9723e-19
 5850.00   8.4478e-18   9.8387e-19
 5855.00   9.2552e-18   9.9201e-19
 5860.00   9.6704e-18   1.0142e-18
 5865.00   9.0571e-18   1.1057e-18
 5870.00   1.0013e-17   1.1049e-18
 5875.00   1.1296e-17   1.0976e-18
 5880.00   8.9066e-18   1.0625e-18
 5885.00   9.6430e-18   1.1019e-18
 5890.00   1.0571e-17   1.4249e-18
 5895.00   9.6027e-18   1.3215e-18
 5900.00   8.2345e-18   1.1219e-18
 5905.00   1.0242e-17   1.1838e-18
 5910.00   6.6306e-18   1.1288e-18
 5915.00   7.7679e-18   1.2101e-18
 5920.00   9.7749e-18   1.1508e-18
 5925.00   8.7889e-18   1.1890e-18
 5930.00   9.3503e-18   1.1693e-18
 5935.00   6.8897e-18   1.2013e-18
 5940.00   8.6138e-18   1.1424e-18
 5945.00   1.0273e-17   1.1848e-18
 5950.00   8.0998e-18   1.1320e-18
 5955.00   5.9899e-18   1.1898e-18
 5960.00   8.7027e-18   1.1339e-18
 5965.00   9.4594e-18   1.1215e-18
 5970.00   6.7349e-18   1.1253e-18
 5975.00   8.7121e-18   1.1325e-18
 5980.00   9.6006e-18   1.0961e-18
 5985.00   9.0574e-18   1.0702e-18
 5990.00   8.9980e-18   1.0637e-18
 5995.00   8.6423e-18   1.0476e-18
 6000.00   8.9865e-18   1.0730e-18
 6005.00   9.0869e-18   1.0689e-18
 6010.00   1.3120e-17   1.0507e-18
 6015.00   8.0462e-18   9.9054e-19
 6020.00   7.6953e-18   9.7483e-19
 6025.00   9.9517e-18   9.7761e-19
 6030.00   9.9586e-18   9.6397e-19
 6035.00   9.6730e-18   9.5969e-19
 6040.00   7.9488e-18   9.2215e-19
 6045.00   8.7364e-18   9.2121e-19
 6050.00   8.5126e-18   9.0016e-19
 6055.00   9.4193e-18   8.9887e-19
 6060.00   9.0237e-18   8.8801e-19
 6065.00   8.1874e-18   8.8233e-19
 6070.00   1.0026e-17   8.8172e-19
 6075.00   9.6394e-18   8.6931e-19
 6080.00   7.8999e-18   8.6166e-19
 6085.00   8.7860e-18   8.6170e-19
 6090.00   8.9536e-18   8.6041e-19
 6095.00   8.1357e-18   8.6588e-19
 6100.00   1.0138e-17   8.8533e-19
 6105.00   8.3744e-18   8.8326e-19
 6110.00   7.6074e-18   8.7675e-19
 6115.00   8.8694e-18   8.8771e-19
 6120.00   7.7460e-18   8.8778e-19
 6125.00   8.3070e-18   9.0615e-19
 6130.00   7.4472e-18   9.0480e-19
 6135.00   8.2458e-18   9.3006e-19
 6140.00   7.9669e-18   9.4816e-19
 6145.00   6.6834e-18   9.5576e-19
 6150.00   7.2991e-18   9.3456e-19
 6155.00   8.0951e-18   9.9994e-19
 6160.00   8.8391e-18   9.9483e-19
 6165.00   8.2876e-18   9.4138e-19
 6170.00   7.4154e-18   9.8404e-19
 6175.00   8.8578e-18   9.5946e-19
 6180.00   7.5601e-18   9.3233e-19
 6185.00   7.6889e-18   9.3458e-19
 6190.00   7.9904e-18   9.3670e-19
 6195.00   9.5490e-18   9.3721e-19
 6200.00   9.5464e-18   9.2956e-19
 6205.00   7.8121e-18   9.2704e-19
 6210.00   7.5651e-18   8.9081e-19
 6215.00   8.1071e-18   8.9462e-19
 6220.00   8.0839e-18   9.6012e-19
 6225.00   9.2477e-18   8.9692e-19
 6230.00   8.2913e-18   8.6751e-19
 6235.00   7.5513e-18   1.0829e-18
 6240.00   8.9567e-18   9.2737e-19
 6245.00   8.7180e-18   8.6479e-19
 6250.00   6.3019e-18   8.0666e-19
 6255.00   5.9420e-18   8.1884e-19
 6260.00   9.3566e-18   8.8815e-19
 6265.00   7.9140e-18   8.4249e-19
 6270.00   8.2114e-18   7.9730e-19
 6275.00   6.3049e-18   7.8321e-19
 6280.00   7.6785e-18   7.7180e-19
 6285.00   8.7064e-18   8.0861e-19
 6290.00   8.2326e-18   8.0670e-19
 6295.00   8.0731e-18   7.8183e-19
 6300.00   8.5387e-18   1.0430e-18
 6305.00   9.9854e-18   8.6010e-19
 6310.00   8.1934e-18   7.8279e-19
 6315.00   7.4425e-18   7.7019e-19
 6320.00   7.9873e-18   8.3525e-19
 6325.00   7.6887e-18   7.9175e-19
 6330.00   7.7841e-18   8.9158e-19
 6335.00   7.7497e-18   8.0195e-19
 6340.00   7.5669e-18   8.1625e-19
 6345.00   7.3102e-18   8.2499e-19
 6350.00   6.0977e-18   8.7017e-19
 6355.00   7.6794e-18   9.1336e-19
 6360.00   8.1696e-18   8.5472e-19
 6365.00   7.2797e-18   1.0277e-18
 6370.00   5.7255e-18   8.4648e-19
 6375.00   7.1210e-18   8.5146e-19
 6380.00   6.3306e-18   8.8480e-19
 6385.00   8.7068e-18   9.1722e-19
 6390.00   7.0029e-18   8.5318e-19
 6395.00   5.7362e-18   8.5403e-19
 6400.00   6.7823e-18   8.5198e-19
 6405.00   7.7766e-18   8.5173e-19
 6410.00   7.0191e-18   8.4006e-19
 6415.00   9.1070e-18   8.6257e-19
 6420.00   7.3515e-18   8.6169e-19
 6425.00   9.3349e-18   8.3937e-19
 6430.00   7.4456e-18   8.2429e-19
 6435.00   6.9665e-18   8.1522e-19
 6440.00   8.6068e-18   8.1162e-19
 6445.00   8.4336e-18   8.0599e-19
 6450.00   7.4440e-18   8.0749e-19
 6455.00   8.5855e-18   8.3935e-19
 6460.00   8.4643e-18   8.3754e-19
 6465.00   8.0931e-18   9.6243e-19
 6470.00   9.0006e-18   8.7681e-19
 6475.00   6.7806e-18   7.6328e-19
 6480.00   7.4310e-18   7.6503e-19
 6485.00   7.7803e-18   7.2402e-19
 6490.00   8.2578e-18   7.0757e-19
 6495.00   8.1582e-18   7.1167e-19
 6500.00   8.1295e-18   8.1110e-19
 6505.00   8.5019e-18   7.4579e-19
 6510.00   7.3754e-18   6.7081e-19
 6515.00   7.3875e-18   6.8084e-19
 6520.00   7.5993e-18   6.8351e-19
 6525.00   7.3044e-18   6.8452e-19
 6530.00   7.2902e-18   6.6481e-19
 6535.00   8.4793e-18   7.2851e-19
 6540.00   7.9389e-18   6.7070e-19
 6545.00   8.0678e-18   7.2072e-19
 6550.00   7.9218e-18   6.5863e-19
 6555.00   8.8333e-18   7.6501e-19
 6560.00   7.7745e-18   6.8117e-19
 6565.00   8.4670e-18   7.1565e-19
 6570.00   9.1853e-18   7.4394e-19
 6575.00   8.2761e-18   7.3749e-19
 6580.00   7.4691e-18   7.1474e-19
 6585.00   8.5680e-18   7.0023e-19
 6590.00   7.2578e-18   7.0224e-19
 6595.00   9.1183e-18   7.4182e-19
 6600.00   7.3022e-18   7.0076e-19
 6605.00   7.6253e-18   7.7374e-19
 6610.00   7.5780e-18   7.1162e-19
 6615.00   7.7011e-18   7.1563e-19
 6620.00   6.9963e-18   7.2135e-19
 6625.00   8.5335e-18   7.4114e-19
 6630.00   7.2525e-18   7.4409e-19
 6635.00   7.5925e-18   7.7083e-19
 6640.00   8.0297e-18   7.4971e-19
 6645.00   7.2515e-18   7.4162e-19
 6650.00   6.6741e-18   7.5310e-19
 6655.00   6.6052e-18   7.5221e-19
 6660.00   7.1391e-18   7.6626e-19
 6665.00   7.1241e-18   7.6628e-19
 6670.00   6.8145e-18   7.6552e-19
 6675.00   6.7864e-18   7.5505e-19
 6680.00   8.0871e-18   7.5643e-19
 6685.00   7.0952e-18   7.5296e-19
 6690.00   7.5114e-18   7.4943e-19
 6695.00   7.9783e-18   7.4439e-19
 6700.00   6.9274e-18   7.5152e-19
 6705.00   6.2898e-18   7.4112e-19
 6710.00   7.7415e-18   7.2990e-19
 6715.00   6.7973e-18   7.8204e-19
 6720.00   6.4237e-18   7.5309e-19
 6725.00   7.3158e-18   7.3901e-19
 6730.00   8.0169e-18   7.3048e-19
 6735.00   6.4845e-18   7.0639e-19
 6740.00   7.3771e-18   7.0618e-19
 6745.00   7.0777e-18   6.9519e-19
 6750.00   7.5432e-18   6.7439e-19
 6755.00   7.0512e-18   6.6123e-19
 6760.00   8.0039e-18   6.5750e-19
 6765.00   8.0848e-18   6.4438e-19
 6770.00   6.3230e-18   6.2991e-19
 6775.00   7.4802e-18   6.3335e-19
 6780.00   7.5315e-18   6.2461e-19
 6785.00   7.2910e-18   6.2149e-19
 6790.00   6.8966e-18   6.1618e-19
 6795.00   7.4298e-18   6.0568e-19
 6800.00   7.9825e-18   6.0582e-19
 6805.00   6.8280e-18   5.9786e-19
 6810.00   7.1361e-18   5.9795e-19
 6815.00   6.0625e-18   5.8440e-19
 6820.00   7.2859e-18   5.9473e-19
 6825.00   7.5175e-18   6.2406e-19
 6830.00   6.1168e-18   8.1841e-19
 6835.00   6.5513e-18   7.5457e-19
 6840.00   7.6222e-18   6.7123e-19
 6845.00   5.7221e-18   5.9711e-19
 6850.00   5.8619e-18   6.1032e-19
 6855.00   5.7423e-18   6.0675e-19
 6860.00   5.8404e-18   6.3006e-19
 6865.00   4.7944e-18   7.6366e-19
 6870.00   3.6290e-18   6.4134e-19
 6875.00   5.0669e-18   6.0758e-19
 6880.00   5.1918e-18   6.9614e-19
 6885.00   5.8546e-18   6.5822e-19
 6890.00   5.6369e-18   7.3090e-19
 6895.00   5.2893e-18   6.6739e-19
 6900.00   6.5388e-18   7.4084e-19
 6905.00   6.6325e-18   6.7903e-19
 6910.00   5.4083e-18   7.0929e-19
 6915.00   7.4076e-18   7.4009e-19
 6920.00   6.4087e-18   6.9884e-19
 6925.00   7.6735e-18   8.0544e-19
 6930.00   6.9398e-18   6.9679e-19
 6935.00   6.0667e-18   6.8282e-19
 6940.00   6.4575e-18   7.7565e-19
 6945.00   6.3030e-18   6.7709e-19
 6950.00   7.0911e-18   8.0983e-19
 6955.00   6.7628e-18   6.8346e-19
 6960.00   7.2209e-18   6.8078e-19
 6965.00   6.6804e-18   6.8050e-19
 6970.00   6.9956e-18   7.2421e-19
 6975.00   5.9238e-18   6.5650e-19
 6980.00   7.3135e-18   7.5036e-19
 6985.00   5.2821e-18   6.5313e-19
 6990.00   6.1087e-18   7.1485e-19
 6995.00   6.1787e-18   7.0036e-19
 7000.00   6.4510e-18   7.2244e-19
 7005.00   7.2907e-18   7.2308e-19
 7010.00   7.1300e-18   7.2789e-19
 7015.00   6.9914e-18   6.2652e-19
 7020.00   6.3984e-18   6.1063e-19
 7025.00   6.5630e-18   5.9709e-19
 7030.00   6.0567e-18   5.9499e-19
 7035.00   5.3183e-18   5.6621e-19
 7040.00   6.5229e-18   6.0079e-19
 7045.00   4.9405e-18   5.9052e-19
 7050.00   6.2497e-18   6.5472e-19
 7055.00   6.1877e-18   5.7288e-19
 7060.00   6.2209e-18   5.5166e-19
 7065.00   6.5739e-18   5.7980e-19
 7070.00   6.4963e-18   5.5716e-19
 7075.00   6.8384e-18   5.5626e-19
 7080.00   6.3671e-18   5.6362e-19
 7085.00   7.4420e-18   5.4666e-19
 7090.00   7.3989e-18   5.8159e-19
 7095.00   7.9132e-18   5.2738e-19
 7100.00   9.1651e-18   5.3467e-19
 7105.00   8.9291e-18   5.3477e-19
 7110.00   9.1808e-18   5.3928e-19
 7115.00   9.7136e-18   5.3743e-19
 7120.00   9.3454e-18   5.3516e-19
 7125.00   9.5094e-18   5.4971e-19
 7130.00   1.0677e-17   5.6926e-19
 7135.00   1.0390e-17   5.6615e-19
 7140.00   9.8729e-18   5.6786e-19
 7145.00   1.0555e-17   6.2520e-19
 7150.00   1.0931e-17   5.9053e-19
 7155.00   1.1409e-17   5.7528e-19
 7160.00   1.0449e-17   6.0090e-19
 7165.00   1.1831e-17   6.0754e-19
 7170.00   1.0655e-17   5.9691e-19
 7175.00   1.0028e-17   6.1106e-19
 7180.00   1.0871e-17   6.2264e-19
 7185.00   1.0645e-17   5.9787e-19
 7190.00   9.1971e-18   5.9336e-19
 7195.00   1.0390e-17   6.0032e-19
 7200.00   1.0872e-17   6.1475e-19
 7205.00   9.7996e-18   6.0362e-19
 7210.00   1.0881e-17   6.1739e-19
 7215.00   1.0291e-17   6.1250e-19
 7220.00   1.0596e-17   6.3257e-19
 7225.00   1.0930e-17   6.4254e-19
 7230.00   9.3650e-18   6.3831e-19
 7235.00   1.0285e-17   6.4751e-19
 7240.00   1.0092e-17   1.1444e-18
 7245.00   9.8536e-18   9.2967e-19
 7250.00   1.0187e-17   6.7424e-19
 7255.00   1.0592e-17   7.8150e-19
 7260.00   1.6003e-17   6.7288e-19
 7265.00   8.9666e-18   6.4398e-19
 7270.00   9.7691e-18   6.7296e-19
 7275.00   8.7332e-18   8.5091e-19
 7280.00   9.8109e-18   6.5746e-19
 7285.00   9.4838e-18   7.7110e-19
 7290.00   9.7207e-18   6.3548e-19
 7295.00   9.8785e-18   7.8886e-19
 7300.00   9.3002e-18   6.6033e-19
 7305.00   9.1292e-18   7.9162e-19
 7310.00   8.6853e-18   6.7664e-19
 7315.00   9.0669e-18   7.6365e-19
 7320.00   8.3567e-18   6.0296e-19
 7325.00   8.7705e-18   5.9014e-19
 7330.00   9.1204e-18   7.3350e-19
 7335.00   9.4481e-18   5.8296e-19
 7340.00   9.5078e-18   7.3152e-19
 7345.00   8.1793e-18   5.8410e-19
 7350.00   8.6260e-18   5.9065e-19
 7355.00   7.8658e-18   5.5784e-19
 7360.00   7.2070e-18   6.5222e-19
 7365.00   6.9358e-18   5.5012e-19
 7370.00   8.2099e-18   6.6845e-19
 7375.00   7.6788e-18   5.4378e-19
 7380.00   7.0969e-18   5.2113e-19
 7385.00   6.9094e-18   5.1278e-19
 7390.00   7.3375e-18   5.9372e-19
 7395.00   7.0965e-18   5.3335e-19
 7400.00   7.7905e-18   6.0481e-19
 7405.00   7.7256e-18   5.2062e-19
 7410.00   7.1173e-18   5.0647e-19
 7415.00   8.0570e-18   5.2685e-19
 7420.00   6.7278e-18   4.9844e-19
 7425.00   7.4625e-18   5.0621e-19
 7430.00   7.8921e-18   5.8098e-19
 7435.00   7.2398e-18   5.1006e-19
 7440.00   7.3256e-18   6.1111e-19
 7445.00   6.7719e-18   5.0200e-19
 7450.00   7.1739e-18   5.0833e-19
 7455.00   6.3133e-18   5.0128e-19
 7460.00   7.4941e-18   5.5698e-19
 7465.00   7.0874e-18   6.3481e-19
 7470.00   6.7681e-18   6.1777e-19
 7475.00   6.1329e-18   6.1207e-19
 7480.00   6.9058e-18   6.5846e-19
 7485.00   5.7269e-18   6.3193e-19
 7490.00   6.9845e-18   5.4188e-19
 7495.00   5.8857e-18   5.8282e-19
 7500.00   6.7521e-18   5.4947e-19
 7505.00   6.2022e-18   5.3865e-19
 7510.00   5.8215e-18   5.3767e-19
 7515.00   6.3247e-18   5.6932e-19
 7520.00   7.2366e-18   5.9889e-19
 7525.00   7.5911e-18   7.4474e-19
 7530.00   7.3792e-18   6.7653e-19
 7535.00   5.6765e-18   5.6094e-19
 7540.00   5.7417e-18   6.0864e-19
 7545.00   5.6082e-18   5.6426e-19
 7550.00   6.4264e-18   5.6524e-19
 7555.00   5.9479e-18   6.0549e-19
 7560.00   5.7180e-18   6.0512e-19
 7565.00   6.5969e-18   5.8062e-19
 7570.00   5.5717e-18   6.9559e-19
 7575.00   5.0906e-18   6.1599e-19
 7580.00   6.1000e-18   5.5765e-19
 7585.00   4.7988e-18   6.3552e-19
 7590.00   4.3743e-18   5.5199e-19
 7595.00   2.4670e-18   4.9994e-19
 7600.00   1.0763e-18   5.3989e-19
 7605.00   4.2742e-19   4.5769e-19
 7610.00   1.1685e-18   4.7756e-19
 7615.00   2.3335e-18   5.0156e-19
 7620.00   4.0518e-18   7.3556e-19
 7625.00   2.7452e-18   5.9113e-19
 7630.00   2.1110e-18   6.4255e-19
 7635.00   3.2634e-18   5.4101e-19
 7640.00   1.8525e-18   5.4033e-19
 7645.00   3.4419e-18   5.4312e-19
 7650.00   4.0167e-18   5.4284e-19
 7655.00   4.6817e-18   5.9524e-19
 7660.00   4.4765e-18   5.6758e-19
 7665.00   4.9617e-18   5.5658e-19
 7670.00   5.2473e-18   5.2439e-19
 7675.00   5.5824e-18   5.2083e-19
 7680.00   5.4195e-18   5.3749e-19
 7685.00   5.6732e-18   5.6023e-19
 7690.00   5.4684e-18   5.7465e-19
 7695.00   5.9504e-18   5.3548e-19
 7700.00   5.9501e-18   5.9714e-19
 7705.00   5.7161e-18   4.9660e-19
 7710.00   5.5244e-18   5.5842e-19
 7715.00   6.8947e-18   1.0773e-18
 7720.00   6.0404e-18   5.7918e-19
 7725.00   4.7019e-18   7.3127e-19
 7730.00   6.0269e-18   5.0968e-19
 7735.00   5.3896e-18   5.6513e-19
 7740.00   6.2579e-18   5.2085e-19
 7745.00   5.6831e-18   5.0393e-19
 7750.00   5.2027e-18   7.5941e-19
 7755.00   5.3183e-18   5.2268e-19
 7760.00   5.3965e-18   5.9173e-19
 7765.00   4.5071e-18   4.6989e-19
 7770.00   5.4987e-18   5.8495e-19
 7775.00   5.7044e-18   7.9929e-19
 7780.00   4.8677e-18   5.8977e-19
 7785.00   5.6400e-18   5.2363e-19
 7790.00   5.1661e-18   5.6878e-19
 7795.00   5.1054e-18   6.4622e-19
 7800.00   5.4516e-18   4.8975e-19
 7805.00   5.1183e-18   5.0447e-19
 7810.00   4.8395e-18   6.3576e-19
 7815.00   5.4163e-18   5.4415e-19
 7820.00   5.2488e-18   7.0988e-19
 7825.00   5.3252e-18   5.1766e-19
 7830.00   5.6868e-18   5.2995e-19
 7835.00   5.6361e-18   5.2077e-19
 7840.00   4.2483e-18   6.0978e-19
 7845.00   5.6939e-18   4.9965e-19
 7850.00   5.2063e-18   6.9375e-19
 7855.00   7.9095e-18   7.0119e-19
 7860.00   4.8246e-18   7.5352e-19
 7865.00   5.2831e-18   5.4515e-19
 7870.00   5.4763e-18   7.5216e-19
 7875.00   5.3741e-18   5.2165e-19
 7880.00   6.1714e-18   8.4913e-19
 7885.00   5.1490e-18   5.9965e-19
 7890.00   4.4543e-18   7.5845e-19
 7895.00   6.3749e-18   5.8914e-19
 7900.00   5.6272e-18   5.4629e-19
 7905.00   5.3786e-18   5.6943e-19
 7910.00   5.7897e-18   6.1956e-19
 7915.00   5.3943e-18   7.2643e-19
 7920.00   5.4315e-18   8.2680e-19
 7925.00   4.1226e-18   5.4662e-19
 7930.00   4.5667e-18   7.5269e-19
 7935.00   5.6957e-18   5.5860e-19
 7940.00   5.6293e-18   5.4535e-19
 7945.00   5.3620e-18   5.8228e-19
 7950.00   5.4128e-18   6.4538e-19
 7955.00   4.9570e-18   5.1845e-19
 7960.00   5.1382e-18   5.1592e-19
 7965.00   5.2840e-18   6.8450e-19
 7970.00   4.6760e-18   5.7830e-19
 7975.00   5.3198e-18   5.7500e-19
 7980.00   5.1401e-18   6.9589e-19
 7985.00   4.8311e-18   6.3111e-19
 7990.00   4.9024e-18   6.7598e-19
 7995.00   5.2730e-18   8.2115e-19
 8000.00   6.0886e-18   6.5249e-19
 8005.00   4.7123e-18   5.9034e-19
 8010.00   5.2680e-18   5.7853e-19
 8015.00   5.4787e-18   7.2255e-19
 8020.00   4.7518e-18   6.1174e-19
 8025.00   4.2885e-18   7.5032e-19
 8030.00   5.1134e-18   6.6428e-19
 8035.00   4.3301e-18   5.3660e-19
 8040.00   5.4870e-18   5.3038e-19
 8045.00   4.7708e-18   5.0471e-19
 8050.00   4.4649e-18   6.1347e-19
 8055.00   4.3477e-18   5.0330e-19
 8060.00   4.8406e-18   5.6883e-19
 8065.00   5.3096e-18   5.3608e-19
 8070.00   4.5541e-18   4.7009e-19
 8075.00   4.5107e-18   5.0248e-19
 8080.00   4.1801e-18   4.7657e-19
 8085.00   5.5507e-18   5.1716e-19
 8090.00   4.8162e-18   4.5298e-19
 8095.00   4.6870e-18   5.3823e-19
 8100.00   4.9982e-18   5.1733e-19
 8105.00   4.3690e-18   5.2755e-19
 8110.00   4.6233e-18   4.6947e-19
 8115.00   3.8624e-18   4.4281e-19
 8120.00   4.7739e-18   4.4916e-19
 8125.00   4.7953e-18   4.6080e-19
 8130.00   4.7053e-18   4.6778e-19
 8135.00   4.4766e-18   4.6496e-19
 8140.00   4.4142e-18   5.1909e-19
 8145.00   4.1160e-18   5.0312e-19
 8150.00   4.6506e-18   4.6016e-19
 8155.00   4.6278e-18   4.3626e-19
 8160.00   4.8917e-18   4.4848e-19
 8165.00   4.9130e-18   4.4252e-19
 8170.00   5.1585e-18   4.3868e-19
 8175.00   4.0608e-18   4.3899e-19
 8180.00   4.1592e-18   4.3755e-19
 8185.00   5.3659e-18   4.5156e-19
 8190.00   4.1097e-18   4.7323e-19
 8195.00   4.2587e-18   4.8311e-19
 8200.00   3.8718e-18   4.3691e-19
 8205.00   5.2163e-18   4.6876e-19
 8210.00   4.3379e-18   4.5420e-19
 8215.00   4.7544e-18   4.6304e-19
 8220.00   4.1174e-18   4.4588e-19
 8225.00   4.4980e-18   4.5728e-19
 8230.00   4.2063e-18   4.3688e-19
 8235.00   4.4513e-18   4.5113e-19
 8240.00   4.7242e-18   4.7514e-19
 8245.00   4.9233e-18   4.7648e-19
 8250.00   3.7494e-18   4.7461e-19
 8255.00   4.0215e-18   4.6762e-19
 8260.00   3.7544e-18   4.5308e-19
 8265.00   4.7961e-18   4.6240e-19
 8270.00   3.8819e-18   4.6509e-19
 8275.00   4.2289e-18   4.7900e-19
 8280.00   4.3992e-18   1.0224e-18
 8285.00   5.6716e-18   6.6693e-19
 8290.00   4.8244e-18   7.0221e-19
 8295.00   4.7241e-18   5.8292e-19
 8300.00   4.9745e-18   6.7610e-19
 8305.00   4.2128e-18   5.2174e-19
 8310.00   4.0262e-18   5.9920e-19
 8315.00   3.4909e-18   4.7468e-19
 8320.00   4.0108e-18   5.0873e-19
 8325.00   4.2720e-18   4.7481e-19
 8330.00   4.5693e-18   4.7102e-19
 8335.00   4.1067e-18   4.8275e-19
 8340.00   4.9386e-18   5.4235e-19
 8345.00   5.3311e-18   7.6123e-19
 8350.00   3.7935e-18   5.9904e-19
 8355.00   4.1890e-18   5.7824e-19
 8360.00   3.7948e-18   5.3588e-19
 8365.00   4.7402e-18   6.7643e-19
 8370.00   3.7951e-18   4.7461e-19
 8375.00   3.9660e-18   6.2198e-19
 8380.00   3.4065e-18   7.9640e-19
 8385.00   5.1925e-18   6.5971e-19
 8390.00   4.5787e-18   6.1717e-19
 8395.00   3.4193e-18   5.5482e-19
 8400.00   5.1766e-18   7.7668e-19
 8405.00   4.4119e-18   5.4377e-19
 8410.00   3.6838e-18   5.2953e-19
 8415.00   4.7070e-18   6.8937e-19
 8420.00   3.5534e-18   5.2341e-19
 8425.00   3.3808e-18   5.8567e-19
 8430.00   3.5024e-18   7.8941e-19
 8435.00   4.0754e-18   5.4868e-19
 8440.00   2.8229e-18   4.7688e-19
 8445.00   4.0675e-18   6.0769e-19
 8450.00   4.6366e-18   5.7789e-19
 8455.00   3.7125e-18   5.2681e-19
 8460.00   4.0590e-18   4.8558e-19
 8465.00   4.6811e-18   6.5518e-19
 8470.00   3.7438e-18   4.4967e-19
 8475.00   4.2927e-18   5.0032e-19
 8480.00   4.5092e-18   4.4695e-19
 8485.00   4.8318e-18   4.4628e-19
 8490.00   4.4075e-18   4.4549e-19
 8495.00   3.7249e-18   6.0355e-19
 8500.00   3.9687e-18   4.7405e-19
 8505.00   3.1311e-18   6.2289e-19
 8510.00   4.1111e-18   4.2097e-19
 8515.00   4.4281e-18   4.1932e-19
 8520.00   4.2044e-18   4.4484e-19
 8525.00   5.1949e-18   4.2320e-19
 8530.00   4.4653e-18   4.1360e-19
 8535.00   3.6856e-18   4.0447e-19
 8540.00   4.6660e-18   5.2590e-19
 8545.00   4.0484e-18   4.2901e-19
 8550.00   4.9726e-18   5.8373e-19
 8555.00   4.4058e-18   4.1890e-19
 8560.00   5.1097e-18   4.0919e-19
 8565.00   3.6147e-18   4.0044e-19
 8570.00   3.9564e-18   4.1677e-19
 8575.00   4.2425e-18   4.5555e-19
 8580.00   4.3693e-18   4.1963e-19
 8585.00   4.4033e-18   4.1834e-19
 8590.00   4.3346e-18   4.8652e-19
 8595.00   3.4682e-18   4.7520e-19
 8600.00   3.9048e-18   4.4171e-19
 8605.00   4.1278e-18   4.3413e-19
 8610.00   3.7690e-18   5.0856e-19
 8615.00   5.1774e-18   6.9293e-19
 8620.00   3.9604e-18   9.3706e-19
 8625.00   3.8418e-18   1.0849e-18
 8630.00   4.3794e-18   1.1681e-18
 8635.00   5.5276e-18   9.7958e-19
 8640.00   4.4626e-18   7.3166e-19
 8645.00   4.2093e-18   5.2990e-19
 8650.00   5.0483e-18   7.9891e-19
 8655.00   5.1063e-18   7.8839e-19
 8660.00   4.5341e-18   7.4571e-19
 8665.00   5.3015e-18   7.3786e-19
 8670.00   4.2941e-18   7.0955e-19
 8675.00   4.6512e-18   6.6135e-19
 8680.00   4.2089e-18   6.1188e-19
 8685.00   3.8402e-18   5.3907e-19
 8690.00   4.2897e-18   5.0075e-19
 8695.00   4.2961e-18   4.9558e-19
 8700.00   4.6004e-18   5.4795e-19
 8705.00   4.2676e-18   5.0878e-19
 8710.00   3.3082e-18   4.7598e-19
 8715.00   3.6392e-18   4.4072e-19
 8720.00   4.3395e-18   4.4683e-19
 8725.00   3.2938e-18   4.6304e-19
 8730.00   4.1504e-18   4.4400e-19
 8735.00   3.7197e-18   4.4993e-19
 8740.00   4.3191e-18   4.9172e-19
 8745.00   3.0577e-18   4.5997e-19
 8750.00   3.2270e-18   4.7017e-19
 8755.00   4.2873e-18   4.6032e-19
 8760.00   5.1936e-18   1.2615e-18
 8765.00   3.9731e-18   7.3116e-19
 8770.00   3.5558e-18   6.3330e-19
 8775.00   3.4673e-18   6.4665e-19
 8780.00   4.1864e-18   6.0442e-19
 8785.00   4.1341e-18   4.6795e-19
 8790.00   4.0125e-18   6.4449e-19
 8795.00   3.3953e-18   4.5562e-19
 8800.00   4.0845e-18   4.6905e-19
 8805.00   4.1078e-18   4.5743e-19
 8810.00   3.6105e-18   5.3958e-19
 8815.00   3.6769e-18   4.5702e-19
 8820.00   4.2997e-18   6.1758e-19
 8825.00   5.8276e-18   1.0075e-18
 8830.00  -2.0955e-19   8.9389e-19
 8835.00   3.1237e-18   1.2767e-18
 8840.00   3.7786e-18   6.0030e-19
 8845.00   4.4024e-18   6.3819e-19
 8850.00   4.1091e-18   7.6386e-19
 8855.00   3.3470e-18   5.5877e-19
 8860.00   4.0517e-18   5.9980e-19
 8865.00   4.7816e-18   7.1270e-19
 8870.00   3.1612e-18   6.0533e-19
 8875.00   4.3493e-18   5.1271e-19
 8880.00   3.7595e-18   4.9797e-19
 8885.00   3.8273e-18   7.6659e-19
 8890.00   4.1748e-18   5.6611e-19
 8895.00   3.8413e-18   5.4881e-19
 8900.00   3.5562e-18   5.2241e-19
 8905.00   3.4701e-18   6.4605e-19
 8910.00   3.7639e-18   5.5749e-19
 8915.00   2.9861e-18   4.8037e-19
 8920.00   4.6999e-18   8.1638e-19
 8925.00   4.0554e-18   5.3999e-19
 8930.00   4.6802e-18   5.5052e-19
 8935.00   3.6870e-18   5.2645e-19
 8940.00   4.2391e-18   5.1042e-19
 8945.00   4.9673e-18   6.0837e-19
 8950.00   2.9320e-18   4.3993e-19
 8955.00   3.9263e-18   4.9527e-19
 8960.00   4.5070e-18   5.9580e-19
 8965.00   4.0561e-18   4.5016e-19
 8970.00   3.7039e-18   5.2316e-19
 8975.00   4.3350e-18   4.6351e-19
 8980.00   4.3821e-18   5.3818e-19
 8985.00   3.9908e-18   5.2314e-19
 8990.00   2.4591e-18   5.9518e-19
 8995.00   2.9550e-18   4.4103e-19
 9000.00   2.1133e-18   5.9713e-19
 9005.00   3.2045e-18   4.2564e-19
 9010.00   3.1048e-18   4.0759e-19
 9015.00   3.2918e-18   3.9798e-19
 9020.00   4.2803e-18   4.6340e-19
 9025.00   3.3407e-18   4.1138e-19
 9030.00   4.4305e-18   4.8782e-19
 9035.00   3.7507e-18   4.4753e-19
 9040.00   3.0638e-18   5.1083e-19
 9045.00   3.3184e-18   4.6390e-19
 9050.00   4.7747e-18   6.5841e-19
 9055.00   3.6934e-18   4.5966e-19
 9060.00   3.6734e-18   4.3447e-19
 9065.00   3.7613e-18   4.9147e-19
 9070.00   2.8022e-18   5.0771e-19
 9075.00   3.5515e-18   4.2996e-19
 9080.00   3.0937e-18   4.2769e-19
 9085.00   3.4314e-18   4.6614e-19
 9090.00   2.8641e-18   4.7953e-19
 9095.00   4.2222e-18   5.2973e-19
 9100.00   3.8615e-18   5.0406e-19
 9105.00   3.6558e-18   5.1469e-19
 9110.00   2.9101e-18   4.3485e-19
 9115.00   3.2785e-18   4.3937e-19
 9120.00   3.2073e-18   4.3313e-19
 9125.00   3.6785e-18   4.4605e-19
 9130.00   2.3365e-18   4.3401e-19
 9135.00   2.4306e-18   4.7355e-19
 9140.00   2.5800e-18   4.6877e-19
 9145.00   2.8045e-18   4.7666e-19
 9150.00   2.5485e-18   5.4830e-19
 9155.00   2.4380e-18   5.7300e-19
 9160.00   3.1969e-18   6.9796e-19
 9165.00   3.2046e-18   4.9187e-19
 9170.00   3.2013e-18   5.0164e-19
 9175.00   2.9285e-18   4.9873e-19
 9180.00   2.8956e-18   5.1597e-19
 9185.00   3.0641e-18   5.0738e-19
 9190.00   2.6193e-18   5.0673e-19
 9195.00   3.6037e-18   5.1642e-19
 9200.00   3.5200e-18   5.1196e-19
 9205.00   3.2223e-18   4.9234e-19
 9210.00   2.5153e-18   4.9820e-19
 9215.00   2.3851e-18   5.8040e-19
 9220.00   2.4622e-18   5.1736e-19
 9225.00   2.8375e-18   6.5925e-19
 9230.00   2.5818e-18   5.1146e-19
 9235.00   2.8303e-18   5.0766e-19
 9240.00   2.2101e-18   4.9657e-19
 9245.00   2.0604e-18   5.1309e-19
 9250.00   2.4924e-18   6.0452e-19
 9255.00   2.8745e-18   5.3583e-19
 9260.00   2.4197e-18   6.2662e-19
 9265.00   4.0186e-18   7.9078e-19
 9270.00   1.9097e-18   5.0319e-19
 9275.00   2.2262e-18   5.0399e-19
 9280.00   2.3295e-18   5.0018e-19
 9285.00   2.2177e-18   5.8489e-19
 9290.00   2.4416e-18   5.5960e-19
 9295.00   1.6452e-18   6.1340e-19
 9300.00   1.0728e-18   6.9390e-19
 9305.00   1.5473e-18   1.1070e-18
 9310.00   5.7327e-18   2.0095e-18
 9315.00   1.9039e-18   1.2572e-18
 9320.00   4.6064e-18   1.0381e-18
 9325.00   6.6739e-19   1.0144e-18
 9330.00   1.1628e-18   8.3712e-19
 9335.00   1.5516e-18   7.1672e-19
 9340.00   8.8570e-19   7.9134e-19
 9345.00   6.4655e-19   6.1635e-19
 9350.00   1.5233e-18   9.3319e-19
 9355.00  -3.9846e-19   6.1378e-19
 9360.00   1.3940e-18   6.8710e-19
 9365.00   8.6744e-20   6.3961e-19
 9370.00   2.2190e-19   7.1148e-19
 9375.00  -1.5983e-17   2.2343e-18
 9380.00   1.4313e-18   7.4836e-19
 9385.00   1.2218e-18   1.0412e-18
 9390.00   1.4887e-18   6.6098e-19
 9395.00   2.4933e-18   7.1301e-19
 9400.00   2.8306e-18   8.5584e-19
 9405.00   1.3439e-18   7.0394e-19
 9410.00   2.0303e-18   5.8058e-19
 9415.00   7.6897e-19   6.1930e-19
 9420.00   3.5307e-18   1.2388e-18
 9425.00   1.3937e-18   6.4743e-19
 9430.00   1.6007e-18   5.5735e-19
 9435.00   2.3134e-18   6.7950e-19
 9440.00   5.4046e-18   1.5030e-18
 9445.00   2.3064e-18   6.9024e-19
 9450.00   2.2473e-18   7.6156e-19
 9455.00   2.1818e-18   6.7424e-19
 9460.00   2.2359e-18   9.2502e-19
 9465.00   1.3857e-18   5.5520e-19
 9470.00   1.5068e-18   5.6567e-19
 9475.00   3.7148e-18   9.4174e-19
 9480.00   2.1714e-18   7.2349e-19
 9485.00   1.7283e-18   5.9668e-19
 9490.00   2.2817e-18   6.4694e-19
 9495.00   1.2821e-18   5.3877e-19
 9500.00   2.3618e-18   6.7339e-19
 9505.00   2.5844e-18   7.4621e-19
 9510.00   1.2332e-18   5.5245e-19
 9515.00   3.4997e-18   6.0490e-19
 9520.00   3.2211e-18   1.1010e-18
 9525.00   1.2939e-18   5.7936e-19
 9530.00   1.3976e-18   6.6689e-19
 9535.00   2.4485e-18   7.5699e-19
 9540.00   2.5359e-18   5.6103e-19
 9545.00   3.7918e-19   5.0204e-19
 9550.00   1.0110e-18   6.6231e-19
 9555.00   2.5901e-18   6.7385e-19
 9560.00   2.3477e-18   6.5968e-19
 9565.00   4.2092e-18   7.7687e-19
 9570.00   1.7767e-18   8.3201e-19
 9575.00   1.8380e-18   6.1501e-19
 9580.00   1.4721e-18   5.4417e-19
 9585.00   1.4329e-18   5.6163e-19
 9590.00   9.3018e-19   5.8062e-19
 9595.00   2.0624e-18   5.7897e-19
 9600.00   1.2686e-18   5.5267e-19
 9605.00   1.9203e-18   6.7830e-19
 9610.00   1.7138e-18   7.2495e-19
 9615.00   2.5569e-18   6.4875e-19
 9620.00   2.8468e-18   1.0035e-18
 9625.00   3.2343e-18   7.4448e-19
 9630.00   3.1826e-18   7.7071e-19
 9635.00   1.0727e-18   6.2130e-19
 9640.00   2.6094e-18   6.2683e-19
 9645.00   1.4867e-18   5.9110e-19
 9650.00   1.8597e-18   6.6829e-19
 9655.00   1.5349e-18   7.7396e-19
 9660.00   2.1629e-18   8.5460e-19
 9665.00   1.9440e-18   7.2899e-19
 9670.00   3.3851e-18   1.1186e-18
 9675.00   3.4137e-18   8.6784e-19
 9680.00   4.9709e-18   1.3661e-18
 9685.00   3.2417e-18   9.1646e-19
 9690.00   3.4029e-18   1.0014e-18
 9695.00   4.1932e-18   8.2283e-19
 9700.00   5.6211e-18   1.2762e-18
 9705.00   2.2623e-18   7.7939e-19
 9710.00   4.4095e-18   9.8846e-19
 9715.00   3.0976e-18   8.4868e-19
 9720.00   6.5930e-18   1.5434e-18
 9725.00   2.0748e-18   9.3808e-19
 9730.00   9.0076e-19   5.6186e-19
 9735.00   8.0271e-19   5.6825e-19
 9740.00   1.0870e-18   4.8489e-19
 9745.00   7.7386e-19   5.5534e-19
 9750.00   6.8280e-19   3.6825e-19
 9755.00   3.6830e-19   3.8501e-19
 9760.00   5.7041e-19   3.7219e-19
 9765.00   5.1165e-19   3.4066e-19
 9770.00   1.4219e-20   3.3816e-19
 9775.00   6.3674e-19   3.3096e-19
 9780.00   6.1606e-19   3.6531e-19
 9785.00   3.8356e-19   3.5861e-19
 9790.00   2.9336e-18   1.0594e-18
 9795.00  -1.5553e-18   4.6665e-19
 9800.00   9.2028e-19   6.0673e-19
 9805.00   5.5188e-19   3.6054e-19
 9810.00   6.0814e-19   4.5291e-19
 9815.00   6.4143e-20   3.8062e-19
 9820.00  -2.4404e-19   3.5138e-19
 9825.00   5.6493e-20   3.3138e-19
 9830.00  -1.6827e-19   3.2091e-19
 9835.00   3.6911e-19   3.0190e-19
 9840.00   2.5522e-19   2.5957e-19
 9845.00   3.2532e-19   2.9700e-19
 9850.00   3.6536e-19   4.0297e-19
 9855.00  -2.4465e-20   2.5427e-19
 9860.00   6.8835e-20   2.4865e-19
 9865.00  -3.1272e-19   3.1722e-19
 9870.00  -1.6366e-19   4.8885e-19
 9875.00   1.1599e-19   3.9548e-19
 9880.00   3.4920e-20   2.6573e-19
 9885.00  -3.0216e-21   3.2909e-19
 9890.00  -1.4844e-19   3.1051e-19
 9895.00  -4.0771e-19   5.1168e-19
 9900.00   7.0694e-20   2.7618e-19
 9905.00   2.9586e-19   2.3691e-19
 9910.00  -8.4496e-20   3.2820e-19
 9915.00   1.4286e-18   7.6378e-19
 9920.00   4.0171e-19   2.1423e-19
 9925.00  -1.1579e-19   2.5443e-19
 9930.00  -8.3286e-21   2.4605e-19
 9935.00  -1.0559e-19   2.5601e-19
 9940.00  -5.0704e-20   4.4289e-19
 9945.00  -9.1534e-19   1.0565e-18
 9950.00   1.9015e-20   6.0105e-19
 9955.00   7.3789e-20   6.2287e-19
 9960.00   9.2804e-19   7.1258e-19
 9965.00   3.0193e-19   3.6642e-19
 9970.00   3.0575e-19   3.5955e-19
 9975.00   1.6719e-19   3.4522e-19
 9980.00  -3.6610e-20   3.0973e-19
 9985.00   2.9096e-19   2.1900e-19
 9990.00  -1.6395e-19   2.3137e-19
 9995.00  -7.7578e-20   2.3966e-19
10000.00  -3.9806e-19   4.0613e-19
10005.00   3.1832e-19   2.9878e-19
10010.00  -3.4668e-19   5.4303e-19
10015.00   2.5443e-19   6.9030e-19
10020.00  -3.1842e-19   3.6334e-19
10025.00   2.2682e-19   5.0401e-19
10030.00   9.1719e-20   2.8600e-19
10035.00   6.0997e-20   2.6934e-19
10040.00  -1.6623e-19   2.8724e-19
10045.00  -1.7106e-19   3.3409e-19
10050.00  -2.8048e-19   2.4158e-19
10055.00  -2.0769e-19   2.5614e-19
10060.00   8.3239e-21   6.0477e-19
10065.00   2.2536e-19   3.7159e-19
10070.00  -6.0946e-19   4.4483e-19
10075.00  -3.2603e-20   2.8024e-19
10080.00   5.3289e-19   4.7603e-19
10085.00  -8.5774e-19   4.3919e-19
10090.00  -2.0605e-19   3.1965e-19
10095.00   1.4003e-20   3.1149e-19
10100.00   2.2589e-19   3.7087e-19
10105.00   2.4710e-19   4.7605e-19
10110.00  -9.0346e-20   3.3220e-19
10115.00   1.0740e-19   3.1716e-19
10120.00   2.5783e-19   4.1958e-19
10125.00   1.1781e-18   9.0806e-19
10130.00   3.1144e-19   4.1376e-19
10135.00  -2.4521e-19   3.9648e-19
10140.00  -3.2483e-19   4.1285e-19
10145.00   3.1444e-19   5.3116e-19
10150.00   2.7057e-21   5.5432e-19
10155.00   1.3322e-18   7.3933e-19
10160.00   1.8427e-19   6.8207e-19
10165.00   1.6018e-18   7.1241e-19
10170.00   1.0141e-18   1.0555e-18
10175.00   3.4910e-19   7.1339e-19
10180.00   1.9474e-19   6.7629e-19
10185.00   2.0880e-20   6.8829e-19
10190.00   2.3148e-18   1.1056e-18
10195.00  -2.4743e-19   6.4530e-19
10200.00   6.3720e-19   7.2134e-19
10205.00   1.0482e-18   1.0353e-18
10210.00   1.3767e-18   1.9049e-18
10215.00  -1.6601e-19   8.0305e-19
10220.00  -3.2760e-20   8.3135e-19
10225.00   8.9226e-19   1.2336e-18
10230.00  -1.3900e-18   1.3076e-18
10235.00   6.5609e-19   9.9684e-19
10240.00  -7.5842e-19   9.1591e-19
10245.00  -9.5833e-19   9.2637e-19
10250.00   3.5187e-19   1.0058e-18
10255.00  -1.0726e-18   1.1197e-18
10260.00   8.2885e-19   1.2673e-18
10265.00   2.0631e-18   1.3296e-18
10270.00  -1.5634e-18   1.6848e-18
10275.00   5.9899e-19   1.6456e-18
10280.00  -2.1499e-18   1.8149e-18
10285.00  -3.0770e-18   3.5507e-18
10290.00   4.7999e-18   2.9982e-18
10295.00   1.8533e-18   3.3663e-18
10300.00   8.1496e-19   2.5911e-18
10305.00  -1.8289e-18   2.8796e-18
10310.00  -3.0829e-18   3.4935e-18
10315.00   1.1790e-18   3.5830e-18
10320.00  -5.4251e-18   3.9614e-18
10325.00  -3.8115e-18   5.1128e-18
10330.00  -2.8545e-18   5.7865e-18
10335.00  -4.3035e-18   5.8481e-18
10340.00  -1.4600e-17   7.0549e+04
10345.00  -1.4600e-17   7.0549e+04
10350.00  -1.4600e-17   7.0549e+04
10355.00  -1.4600e-17   7.0549e+04
10360.00  -1.4600e-17   7.0549e+04
10365.00  -1.4600e-17   7.0549e+04
10370.00  -1.4600e-17   7.0549e+04
10375.00  -1.4600e-17   7.0549e+04
10380.00  -1.4600e-17   7.0549e+04
10385.00  -1.4600e-17   7.0549e+04
10390.00  -1.4600e-17   7.0549e+04
10395.00  -1.4600e-17   7.0549e+04
10400.00  -1.4600e-17   9.9999e+04
