 
TRANSIENT_NAME:     DES13C3absw
SNID:               1271446    
OBS_DATE:           2014-01-26
MJD:                56683. 
PHASE_EXP:          +23.   
MJD_EXP:            56658.6 (derived from r-band light-curve)
TYPE:               33 
SPEC_EVAL:          SNIc
REDSHIFT:           0.0699  
REDSHIFT_ERR:       0.0005  
REDSHIFT_SOURCE:    Z_GAL
TELESCOPE:          SALT
INSTRUMENT:         RSS
 
======================================
 
# WAVE  FLUX  FLUX_ERR
 3839.13   8.6067e-19   4.6641e-19
 3842.21   9.1201e-19   4.6688e-19
 3845.30   6.3997e-19   4.9283e-19
 3848.38   6.9285e-19   4.5118e-19
 3851.46   8.7622e-19   4.5533e-19
 3854.54   6.6053e-19   4.3449e-19
 3857.62   3.4634e-19   4.2347e-19
 3860.70   7.4159e-19   4.3090e-19
 3863.78   1.1771e-18   4.3718e-19
 3866.86   1.3669e-18   4.3887e-19
 3869.94   1.0336e-18   4.2403e-19
 3873.03   7.3032e-19   4.3073e-19
 3876.11   9.3440e-19   4.5530e-19
 3879.19   9.5712e-19   4.6797e-19
 3882.27   9.3371e-19   5.6038e-19
 3885.35   1.0746e-18   5.6361e-19
 3888.43   1.0276e-18   4.7090e-19
 3891.51   1.3552e-18   4.8158e-19
 3894.59   1.2996e-18   5.1327e-19
 3897.67   1.3187e-18   5.4105e-19
 3900.76   1.4180e-18   5.5732e-19
 3903.84   1.1260e-18   4.8709e-19
 3906.92   8.7845e-19   4.8802e-19
 3910.00   1.1127e-18   4.7345e-19
 3913.08   9.8593e-19   4.5194e-19
 3916.16   1.1771e-18   4.5860e-19
 3919.24   1.1286e-18   4.7054e-19
 3922.32   1.5000e-18   4.6492e-19
 3925.40   1.0891e-18   4.6970e-19
 3928.48   1.0175e-18   4.7814e-19
 3931.57   1.3067e-18   4.7515e-19
 3934.65   9.1201e-19   4.7386e-19
 3937.73   8.6551e-19   4.7147e-19
 3940.81   1.1514e-18   4.9093e-19
 3943.89   1.1750e-18   4.7332e-19
 3946.97   9.7431e-19   4.8828e-19
 3950.05   9.3360e-19   4.7554e-19
 3953.13   1.1330e-18   4.8053e-19
 3956.21   1.2708e-18   4.5602e-19
 3959.30   1.1012e-18   4.4236e-19
 3962.38   1.7122e-18   4.6647e-19
 3965.46   1.5704e-18   4.3765e-19
 3968.54   1.8077e-18   4.9120e-19
 3971.62   2.1281e-18   4.4648e-19
 3974.70   2.2714e-18   4.5487e-19
 3977.78   2.5736e-18   4.6301e-19
 3980.86   2.6660e-18   4.5931e-19
 3983.94   2.2398e-18   4.5764e-19
 3987.03   2.3871e-18   4.6872e-19
 3990.11   1.6008e-18   4.4204e-19
 3993.19   1.3845e-18   4.4919e-19
 3996.27   1.6669e-18   4.5491e-19
 3999.35   1.7500e-18   4.6718e-19
 4002.43   1.4405e-18   4.7793e-19
 4005.51   1.4281e-18   4.6247e-19
 4008.59   1.2373e-18   5.2298e-19
 4011.67   1.6400e-18   4.8901e-19
 4014.75   1.9486e-18   4.5805e-19
 4017.84   2.0525e-18   4.5650e-19
 4020.92   2.0383e-18   4.6978e-19
 4024.00   1.6623e-18   4.7265e-19
 4027.08   2.4748e-18   5.1446e-19
 4030.16   1.4704e-18   4.6350e-19
 4033.24   1.7008e-18   4.8032e-19
 4036.32   1.7994e-18   4.8730e-19
 4039.40   1.9140e-18   4.9760e-19
 4042.48   1.9100e-18   4.8810e-19
 4045.57   1.8363e-18   4.8469e-19
 4048.65   1.6622e-18   4.7523e-19
 4051.73   1.7008e-18   4.9259e-19
 4054.81   1.6703e-18   4.8436e-19
 4057.89   1.8142e-18   4.9895e-19
 4060.97   1.7583e-18   5.1536e-19
 4064.05   2.1399e-18   5.0798e-19
 4067.13   2.4632e-18   5.1518e-19
 4070.21   2.3369e-18   5.0628e-19
 4073.30   2.1969e-18   4.8942e-19
 4076.38   1.7783e-18   4.8588e-19
 4079.46   1.6750e-18   4.6602e-19
 4082.54   1.9797e-18   4.6953e-19
 4085.62   2.0634e-18   4.6059e-19
 4088.70   1.6621e-18   4.4682e-19
 4091.78   1.7501e-18   4.4010e-19
 4094.86   1.9384e-18   4.3804e-19
 4097.94   1.9306e-18   4.3308e-19
 4101.02   2.3961e-18   4.5533e-19
 4104.11   2.1050e-18   4.5191e-19
 4107.19   2.0267e-18   4.4661e-19
 4110.27   2.3997e-18   4.5176e-19
 4113.35   1.8552e-18   4.4883e-19
 4116.43   1.7684e-18   4.5249e-19
 4119.51   2.0909e-18   4.6479e-19
 4122.59   2.1220e-18   4.5717e-19
 4125.67   2.1171e-18   4.5622e-19
 4128.75   2.4203e-18   4.5884e-19
 4131.84   2.2715e-18   4.7395e-19
 4134.92   2.3422e-18   4.5441e-19
 4138.00   2.3244e-18   4.3825e-19
 4141.08   2.4666e-18   4.4483e-19
 4144.16   2.7045e-18   4.5732e-19
 4147.24   2.8561e-18   4.7499e-19
 4150.32   2.1699e-18   4.4953e-19
 4153.40   2.4122e-18   4.6613e-19
 4156.48   2.3078e-18   4.7494e-19
 4159.57   2.4897e-18   4.8025e-19
 4162.65   2.4636e-18   4.8009e-19
 4165.73   2.8701e-18   5.0069e-19
 4168.81   2.5857e-18   4.8262e-19
 4171.89   2.9027e-18   4.9057e-19
 4174.97   2.5819e-18   4.6731e-19
 4178.05   2.4207e-18   4.5042e-19
 4181.13   2.7420e-18   4.4712e-19
 4184.21   2.2862e-18   4.3974e-19
 4187.29   2.2341e-18   4.3125e-19
 4190.38   2.2060e-18   4.3232e-19
 4193.46   2.5651e-18   4.2639e-19
 4196.54   2.4814e-18   4.2675e-19
 4199.62   2.2102e-18   4.2126e-19
 4202.70   1.9451e-18   4.1056e-19
 4205.78   2.2777e-18   4.2127e-19
 4208.86   2.5175e-18   4.2155e-19
 4211.94   2.6394e-18   4.1418e-19
 4215.02   2.3102e-18   4.1300e-19
 4218.11   2.7684e-18   4.1983e-19
 4221.19   2.3520e-18   4.0854e-19
 4224.27   2.3961e-18   4.0273e-19
 4227.35   2.4863e-18   4.0842e-19
 4230.43   2.1893e-18   3.9995e-19
 4233.51   2.5450e-18   4.0767e-19
 4236.59   2.4457e-18   4.0836e-19
 4239.67   2.5981e-18   4.1900e-19
 4242.75   2.4801e-18   4.1433e-19
 4245.84   2.2834e-18   4.1326e-19
 4248.92   2.4014e-18   4.1233e-19
 4252.00   2.3846e-18   4.1066e-19
 4255.08   2.4718e-18   4.1971e-19
 4258.16   2.6788e-18   4.1720e-19
 4261.24   3.1265e-18   4.2597e-19
 4264.32   2.8589e-18   4.1576e-19
 4267.40   2.6463e-18   4.1252e-19
 4270.48   2.7904e-18   4.1337e-19
 4273.56   2.8945e-18   4.0710e-19
 4276.65   3.1338e-18   4.0812e-19
 4279.73   3.0042e-18   4.1116e-19
 4282.81   3.0339e-18   4.1459e-19
 4285.89   3.1330e-18   4.1382e-19
 4288.97   3.1143e-18   4.1423e-19
 4292.05   2.6538e-18   4.0450e-19
 4295.13   2.4822e-18   4.0094e-19
 4298.21   2.6339e-18   4.0593e-19
 4301.29   2.9485e-18   4.1359e-19
 4304.38   3.0922e-18   4.1617e-19
 4307.46   2.9117e-18   4.1060e-19
 4310.54   2.9224e-18   4.0687e-19
 4313.62   2.7219e-18   4.0384e-19
 4316.70   2.4364e-18   3.9740e-19
 4319.78   2.5507e-18   3.9614e-19
 4322.86   2.5509e-18   3.8683e-19
 4325.94   2.6762e-18   3.8362e-19
 4329.02   3.0036e-18   3.9202e-19
 4332.11   3.1903e-18   3.9706e-19
 4335.19   3.0793e-18   3.9117e-19
 4338.27   2.9769e-18   3.8896e-19
 4341.35   2.9618e-18   3.9320e-19
 4344.43   2.8814e-18   3.8773e-19
 4347.51   2.7371e-18   3.8335e-19
 4350.59   2.7351e-18   3.8417e-19
 4353.67   2.6446e-18   3.8831e-19
 4356.75   2.8908e-18   3.9642e-19
 4359.83   3.0344e-18   4.0173e-19
 4362.92   2.5122e-18   3.9216e-19
 4366.00   2.2911e-18   3.7787e-19
 4369.08   2.2480e-18   3.8344e-19
 4372.16   2.1720e-18   3.7937e-19
 4375.24   2.3919e-18   3.7778e-19
 4378.32   2.6099e-18   3.8248e-19
 4381.40   2.4842e-18   3.7854e-19
 4384.48   2.5923e-18   3.8029e-19
 4387.56   2.6858e-18   3.8217e-19
 4390.65   2.5586e-18   3.8481e-19
 4393.73   2.5710e-18   3.9418e-19
 4396.81   2.3569e-18   3.9200e-19
 4399.89   2.4340e-18   3.9310e-19
 4402.97   2.8260e-18   4.0254e-19
 4406.05   2.8437e-18   4.1355e-19
 4409.13   2.9303e-18   4.1366e-19
 4412.21   2.7621e-18   4.1061e-19
 4415.29   2.4283e-18   4.0667e-19
 4418.38   2.7828e-18   4.0553e-19
 4421.46   2.7890e-18   4.0384e-19
 4424.54   2.7982e-18   4.1214e-19
 4427.62   2.7780e-18   4.1221e-19
 4430.70   2.4944e-18   4.0103e-19
 4433.78   2.6437e-18   3.9150e-19
 4436.86   2.7364e-18   3.8374e-19
 4439.94   2.3945e-18   3.7849e-19
 4443.02   2.6220e-18   3.8289e-19
 4446.10   2.9424e-18   3.7730e-19
 4449.19   3.0958e-18   3.7634e-19
 4452.27   2.8777e-18   3.7187e-19
 4455.35   2.7645e-18   3.7184e-19
 4458.43   2.7541e-18   3.7098e-19
 4461.51   2.3588e-18   3.6240e-19
 4464.59   2.4710e-18   3.5764e-19
 4467.67   2.7184e-18   3.6643e-19
 4470.75   2.5192e-18   3.6601e-19
 4473.83   2.3401e-18   3.5992e-19
 4476.92   2.2406e-18   3.5860e-19
 4480.00   2.4058e-18   3.5465e-19
 4483.08   2.6111e-18   3.6096e-19
 4486.16   2.4277e-18   3.5044e-19
 4489.24   2.4015e-18   3.5015e-19
 4492.32   2.7053e-18   3.6354e-19
 4495.40   2.7064e-18   3.5840e-19
 4498.48   2.6880e-18   3.5806e-19
 4501.56   3.0233e-18   3.6225e-19
 4504.65   3.0867e-18   3.6801e-19
 4507.73   2.8675e-18   3.6421e-19
 4510.81   2.6661e-18   3.5555e-19
 4513.89   2.7633e-18   3.5930e-19
 4516.97   2.4900e-18   3.6317e-19
 4520.05   2.5071e-18   3.6326e-19
 4523.13   2.5058e-18   3.6750e-19
 4526.21   2.8991e-18   3.7915e-19
 4529.29   2.9868e-18   3.7641e-19
 4532.38   2.7472e-18   3.8051e-19
 4535.46   2.8370e-18   3.8681e-19
 4538.54   2.5897e-18   3.7593e-19
 4541.62   2.9910e-18   3.8972e-19
 4544.70   2.8417e-18   3.7839e-19
 4547.78   2.9779e-18   3.7536e-19
 4550.86   2.7284e-18   3.6631e-19
 4553.94   2.4700e-18   3.6146e-19
 4557.02   2.4541e-18   3.6250e-19
 4560.10   2.5754e-18   3.5819e-19
 4563.19   2.9250e-18   3.6239e-19
 4566.27   2.9261e-18   3.5529e-19
 4569.35   2.8136e-18   3.6054e-19
 4572.43   2.7354e-18   3.6191e-19
 4575.51   3.0250e-18   3.6302e-19
 4578.59   2.7366e-18   3.5735e-19
 4581.67   2.5550e-18   3.5673e-19
 4584.75   2.3774e-18   3.5048e-19
 4587.83   2.8445e-18   3.5968e-19
 4590.92   2.3806e-18   3.4671e-19
 4594.00   2.5918e-18   3.4479e-19
 4597.08   2.5458e-18   3.5170e-19
 4600.16   2.5054e-18   3.4994e-19
 4603.24   2.9362e-18   3.5103e-19
 4606.32   2.9183e-18   3.4974e-19
 4609.40   2.7851e-18   3.4651e-19
 4612.48   2.5836e-18   3.5358e-19
 4615.56   2.6173e-18   3.3968e-19
 4618.65   2.7937e-18   3.4518e-19
 4621.73   3.1243e-18   3.4455e-19
 4624.81   2.7436e-18   3.3899e-19
 4627.89   2.5532e-18   3.3387e-19
 4630.97   2.9098e-18   3.3974e-19
 4634.05   2.7157e-18   3.4061e-19
 4637.13   3.1470e-18   3.4208e-19
 4640.21   2.5484e-18   3.2811e-19
 4643.29   2.8175e-18   3.3270e-19
 4646.37   3.0682e-18   3.4391e-19
 4649.46   2.5280e-18   3.3417e-19
 4652.54   2.5920e-18   3.3702e-19
 4655.62   2.7042e-18   3.3545e-19
 4658.70   2.6773e-18   3.3831e-19
 4661.78   2.9913e-18   3.4405e-19
 4664.86   2.7925e-18   3.4823e-19
 4667.94   2.7286e-18   3.5217e-19
 4671.02   3.0150e-18   3.5902e-19
 4674.10   2.8317e-18   3.4524e-19
 4677.19   2.5971e-18   3.4704e-19
 4680.27   2.8826e-18   3.4471e-19
 4683.35   2.8857e-18   3.4276e-19
 4686.43   2.7695e-18   3.4663e-19
 4689.51   2.6357e-18   3.3521e-19
 4692.59   3.0879e-18   3.4399e-19
 4695.67   3.0753e-18   3.3878e-19
 4698.75   2.8379e-18   3.3153e-19
 4701.83   2.9179e-18   3.3982e-19
 4704.92   2.7967e-18   3.3476e-19
 4708.00   2.8062e-18   3.3142e-19
 4711.08   3.1259e-18   3.3680e-19
 4714.16   3.4021e-18   3.4600e-19
 4717.24   3.2880e-18   3.4295e-19
 4720.32   3.0585e-18   3.3693e-19
 4723.40   2.9652e-18   3.3214e-19
 4726.48   3.0903e-18   3.2297e-19
 4729.56   3.0162e-18   3.2527e-19
 4732.64   2.6932e-18   3.1691e-19
 4735.73   2.7404e-18   3.2218e-19
 4738.81   3.2055e-18   3.2841e-19
 4741.89   2.9382e-18   3.2041e-19
 4744.97   3.0249e-18   3.2071e-19
 4748.05   3.0283e-18   3.1915e-19
 4751.13   3.0734e-18   3.2145e-19
 4754.21   3.0297e-18   3.1920e-19
 4757.29   2.8669e-18   3.1564e-19
 4760.37   3.0823e-18   3.1439e-19
 4763.46   3.1532e-18   3.1558e-19
 4766.54   3.3037e-18   3.2055e-19
 4769.62   3.3495e-18   3.1920e-19
 4772.70   3.1078e-18   3.1746e-19
 4775.78   2.7826e-18   3.1436e-19
 4778.86   3.3361e-18   3.2210e-19
 4781.94   3.4325e-18   3.2507e-19
 4785.02   3.0236e-18   3.1634e-19
 4788.10   3.2362e-18   3.2327e-19
 4791.19   3.2564e-18   3.1940e-19
 4794.27   3.0467e-18   3.1461e-19
 4797.35   2.7748e-18   3.1229e-19
 4800.43   2.8277e-18   3.1437e-19
 4803.51   3.0698e-18   3.1938e-19
 4806.59   2.8884e-18   3.2133e-19
 4809.67   3.0448e-18   3.2147e-19
 4812.75   3.2268e-18   3.2115e-19
 4815.83   3.0667e-18   3.2164e-19
 4818.91   3.0689e-18   3.2744e-19
 4822.00   3.3444e-18   3.3690e-19
 4825.08   3.2097e-18   3.3368e-19
 4828.16   3.1404e-18   3.3341e-19
 4831.24   3.1301e-18   3.3695e-19
 4834.32   3.0700e-18   3.3016e-19
 4837.40   3.3843e-18   3.2895e-19
 4840.48   3.2975e-18   3.2980e-19
 4843.56   3.3500e-18   3.3319e-19
 4846.64   3.0310e-18   3.2497e-19
 4849.73   2.7900e-18   3.1811e-19
 4852.81   3.1012e-18   3.1617e-19
 4855.89   3.3118e-18   3.1896e-19
 4858.97   3.2825e-18   3.1920e-19
 4862.05   3.2320e-18   3.1545e-19
 4865.13   3.1418e-18   3.0958e-19
 4868.21   2.9507e-18   3.0962e-19
 4871.29   3.0300e-18   3.1234e-19
 4874.37   3.0728e-18   3.1343e-19
 4877.46   3.1187e-18   3.1596e-19
 4880.54   3.0636e-18   3.1544e-19
 4883.62   3.4943e-18   3.2218e-19
 4886.70   3.0584e-18   3.1371e-19
 4889.78   3.1759e-18   3.1484e-19
 4892.86   2.9125e-18   3.1048e-19
 4895.94   3.0468e-18   3.1128e-19
 4899.02   3.1143e-18   3.0860e-19
 4902.10   3.2412e-18   3.0981e-19
 4905.18   3.0676e-18   3.0738e-19
 4908.27   3.0438e-18   3.0393e-19
 4911.35   3.0522e-18   3.0062e-19
 4914.43   3.2384e-18   3.0509e-19
 4917.51   3.2436e-18   3.0352e-19
 4920.59   3.1371e-18   3.0877e-19
 4923.67   3.1864e-18   3.0088e-19
 4926.75   2.9094e-18   2.9444e-19
 4929.83   2.9048e-18   2.9379e-19
 4932.91   2.7454e-18   2.9484e-19
 4936.00   2.8301e-18   2.9508e-19
 4939.08   2.7802e-18   2.9048e-19
 4942.16   2.7873e-18   2.8087e-19
 4945.24   4.3764e-19   1.3222e-19
 4948.32  -5.4508e-20   2.4854e-20
 5105.45   2.5241e-18   2.6695e-19
 5108.54   3.0797e-18   2.7990e-19
 5111.62   3.0235e-18   2.7847e-19
 5114.70   3.0404e-18   2.8020e-19
 5117.78   2.9457e-18   2.7628e-19
 5120.86   2.5658e-18   2.6951e-19
 5123.94   2.6428e-18   2.7367e-19
 5127.02   2.8132e-18   2.7913e-19
 5130.10   2.8503e-18   2.7558e-19
 5133.18   2.7781e-18   2.8176e-19
 5136.27   2.8512e-18   2.8440e-19
 5139.35   2.8239e-18   2.8631e-19
 5142.43   2.8743e-18   2.8846e-19
 5145.51   2.7459e-18   2.8393e-19
 5148.59   2.9551e-18   2.9039e-19
 5151.67   2.5065e-18   2.7847e-19
 5154.75   2.9323e-18   2.8830e-19
 5157.83   3.0670e-18   2.8442e-19
 5160.91   2.7480e-18   2.8527e-19
 5163.99   2.7815e-18   2.8717e-19
 5167.08   2.8572e-18   2.8136e-19
 5170.16   2.9829e-18   2.7842e-19
 5173.24   2.9542e-18   2.7987e-19
 5176.32   3.1636e-18   2.8453e-19
 5179.40   2.9357e-18   2.7771e-19
 5182.48   2.7344e-18   2.7613e-19
 5185.56   3.0659e-18   2.8597e-19
 5188.64   2.6615e-18   2.8422e-19
 5191.72   3.0926e-18   2.9731e-19
 5194.81   3.4194e-18   3.0480e-19
 5197.89   3.7345e-18   3.0645e-19
 5200.97   3.5436e-18   3.0733e-19
 5204.05   3.3695e-18   3.0337e-19
 5207.13   3.2512e-18   3.0217e-19
 5210.21   3.0576e-18   2.9786e-19
 5213.29   2.8874e-18   2.8443e-19
 5216.37   3.0196e-18   2.7850e-19
 5219.45   3.2720e-18   2.9232e-19
 5222.54   2.6632e-18   2.8134e-19
 5225.62   3.4688e-18   2.9539e-19
 5228.70   3.3685e-18   2.8935e-19
 5231.78   2.7589e-18   2.8420e-19
 5234.86   3.1840e-18   2.8331e-19
 5237.94   3.1754e-18   2.8189e-19
 5241.02   3.0805e-18   2.8224e-19
 5244.10   3.1049e-18   2.8249e-19
 5247.18   2.8540e-18   2.7403e-19
 5250.26   2.7439e-18   2.7792e-19
 5253.35   2.6078e-18   2.7119e-19
 5256.43   2.4899e-18   2.7242e-19
 5259.51   2.8326e-18   2.7414e-19
 5262.59   3.0050e-18   2.7340e-19
 5265.67   3.1492e-18   2.7571e-19
 5268.75   2.9361e-18   2.7160e-19
 5271.83   3.1719e-18   2.7669e-19
 5274.91   2.9694e-18   2.7272e-19
 5277.99   3.1132e-18   2.7335e-19
 5281.08   3.1336e-18   2.7632e-19
 5284.16   3.3902e-18   2.8113e-19
 5287.24   3.2100e-18   2.7113e-19
 5290.32   3.1236e-18   2.7156e-19
 5293.40   3.1391e-18   2.7577e-19
 5296.48   3.1091e-18   2.7788e-19
 5299.56   3.2547e-18   2.7708e-19
 5302.64   3.2813e-18   2.7719e-19
 5305.72   3.2671e-18   2.8384e-19
 5308.81   3.2277e-18   2.8205e-19
 5311.89   3.1509e-18   2.7944e-19
 5314.97   2.7389e-18   2.7378e-19
 5318.05   2.8118e-18   2.7707e-19
 5321.13   3.0418e-18   2.7788e-19
 5324.21   3.2095e-18   2.7765e-19
 5327.29   3.1720e-18   2.8065e-19
 5330.37   3.0398e-18   2.7919e-19
 5333.45   3.1220e-18   2.7996e-19
 5336.53   3.0156e-18   2.7552e-19
 5339.62   3.0361e-18   2.7732e-19
 5342.70   3.5419e-18   2.8326e-19
 5345.78   3.2780e-18   2.7705e-19
 5348.86   3.1920e-18   2.7339e-19
 5351.94   3.6109e-18   2.7963e-19
 5355.02   3.6279e-18   2.8256e-19
 5358.10   3.7413e-18   2.8328e-19
 5361.18   3.4432e-18   2.7746e-19
 5364.26   3.1782e-18   2.7223e-19
 5367.35   3.0606e-18   2.7309e-19
 5370.43   2.7906e-18   2.6910e-19
 5373.51   2.7244e-18   2.7548e-19
 5376.59   3.4074e-18   2.8212e-19
 5379.67   3.1869e-18   2.7975e-19
 5382.75   3.4491e-18   2.8219e-19
 5385.83   3.2240e-18   2.7976e-19
 5388.91   3.2209e-18   2.7484e-19
 5391.99   2.9491e-18   2.7061e-19
 5395.08   3.0986e-18   2.7170e-19
 5398.16   3.1444e-18   2.7204e-19
 5401.24   3.0328e-18   2.6523e-19
 5404.32   3.0976e-18   2.7052e-19
 5407.40   3.3035e-18   2.6793e-19
 5410.48   3.3143e-18   2.7344e-19
 5413.56   2.8903e-18   2.6607e-19
 5416.64   3.1708e-18   2.6863e-19
 5419.72   3.3328e-18   2.7525e-19
 5422.80   3.0754e-18   2.7177e-19
 5425.89   3.3500e-18   2.7775e-19
 5428.97   3.1642e-18   2.7212e-19
 5432.05   3.0664e-18   2.6926e-19
 5435.13   2.9170e-18   2.6702e-19
 5438.21   3.4708e-18   2.7491e-19
 5441.29   3.3439e-18   2.7311e-19
 5444.37   3.3971e-18   2.7922e-19
 5447.45   3.1778e-18   2.7127e-19
 5450.53   3.2340e-18   2.7440e-19
 5453.62   3.1491e-18   2.7406e-19
 5456.70   3.0216e-18   2.7038e-19
 5459.78   3.3651e-18   2.7369e-19
 5462.86   2.7576e-18   2.6818e-19
 5465.94   3.1970e-18   2.7777e-19
 5469.02   3.2876e-18   2.7993e-19
 5472.10   3.2402e-18   2.7540e-19
 5475.18   3.0617e-18   2.7107e-19
 5478.26   3.4018e-18   2.7636e-19
 5481.35   3.3140e-18   2.7853e-19
 5484.43   3.2260e-18   2.7726e-19
 5487.51   3.2379e-18   2.7571e-19
 5490.59   3.2471e-18   2.7766e-19
 5493.67   3.1874e-18   2.7763e-19
 5496.75   3.3631e-18   2.8379e-19
 5499.83   3.6994e-18   2.9012e-19
 5502.91   3.4089e-18   2.8457e-19
 5505.99   3.1390e-18   2.8266e-19
 5509.07   3.0710e-18   2.8058e-19
 5512.16   3.2403e-18   2.8352e-19
 5515.24   3.4308e-18   2.8700e-19
 5518.32   3.0957e-18   2.8383e-19
 5521.40   3.1159e-18   2.8370e-19
 5524.48   3.3557e-18   2.8757e-19
 5527.56   3.0757e-18   2.8607e-19
 5530.64   3.0181e-18   2.8690e-19
 5533.72   3.1491e-18   2.9256e-19
 5536.80   3.2008e-18   2.9421e-19
 5539.89   3.3879e-18   3.0137e-19
 5542.97   3.5251e-18   3.0575e-19
 5546.05   3.6792e-18   3.1453e-19
 5549.13   3.1636e-18   3.0908e-19
 5552.21   3.5024e-18   3.1410e-19
 5555.29   3.5034e-18   3.2170e-19
 5558.37   3.4011e-18   3.3390e-19
 5561.45   3.5421e-18   3.7869e-19
 5595.34   4.1644e-18   3.5216e-19
 5598.43   3.3278e-18   3.2659e-19
 5601.51   3.6676e-18   3.1915e-19
 5604.59   3.7371e-18   3.1215e-19
 5607.67   3.1677e-18   3.0310e-19
 5610.75   3.2874e-18   2.9345e-19
 5613.83   3.3561e-18   2.9248e-19
 5616.91   3.7575e-18   2.9256e-19
 5619.99   3.8372e-18   2.9573e-19
 5623.07   3.6350e-18   2.8756e-19
 5626.16   3.8541e-18   2.8435e-19
 5629.24   3.6529e-18   2.8059e-19
 5632.32   3.9834e-18   2.8535e-19
 5635.40   3.7540e-18   2.7938e-19
 5638.48   3.5230e-18   2.7301e-19
 5641.56   3.9305e-18   2.7998e-19
 5644.64   3.5142e-18   2.7206e-19
 5647.72   3.5122e-18   2.6949e-19
 5650.80   3.4368e-18   2.6729e-19
 5653.89   3.5681e-18   2.6802e-19
 5656.97   3.7299e-18   2.6982e-19
 5660.05   3.6180e-18   2.6543e-19
 5663.13   3.7535e-18   2.6800e-19
 5666.21   3.8035e-18   2.6811e-19
 5669.29   3.6412e-18   2.6421e-19
 5672.37   3.5415e-18   2.6119e-19
 5675.45   3.9884e-18   2.6810e-19
 5678.53   3.8397e-18   2.6705e-19
 5681.61   3.6489e-18   2.6544e-19
 5684.70   3.4914e-18   2.6438e-19
 5687.78   3.2242e-18   2.6098e-19
 5690.86   3.4168e-18   2.6186e-19
 5693.94   3.6347e-18   2.6884e-19
 5697.02   3.6714e-18   2.6798e-19
 5700.10   3.6829e-18   2.6487e-19
 5703.18   3.6450e-18   2.6379e-19
 5706.26   3.7783e-18   2.6345e-19
 5709.34   3.5728e-18   2.6248e-19
 5712.43   3.4863e-18   2.6148e-19
 5715.51   3.4956e-18   2.5836e-19
 5718.59   3.9351e-18   2.5751e-19
 5721.67   3.9955e-18   2.5534e-19
 5724.75   3.6829e-18   2.5098e-19
 5727.83   3.6923e-18   2.5185e-19
 5730.91   3.5182e-18   2.4692e-19
 5733.99   3.5686e-18   2.5294e-19
 5737.07   3.7492e-18   2.5653e-19
 5740.16   3.6342e-18   2.5342e-19
 5743.24   3.9870e-18   2.5848e-19
 5746.32   3.6461e-18   2.4952e-19
 5749.40   3.8450e-18   2.5273e-19
 5752.48   4.1414e-18   2.5967e-19
 5755.56   3.9806e-18   2.5713e-19
 5758.64   3.7057e-18   2.4968e-19
 5761.72   3.9356e-18   2.5370e-19
 5764.80   3.6444e-18   2.5135e-19
 5767.88   3.8048e-18   2.5422e-19
 5770.97   3.5312e-18   2.4895e-19
 5774.05   3.6886e-18   2.5101e-19
 5777.13   3.8739e-18   2.5175e-19
 5780.21   3.7864e-18   2.5436e-19
 5783.29   3.7668e-18   2.4933e-19
 5786.37   3.5739e-18   2.4888e-19
 5789.45   3.5908e-18   2.4883e-19
 5792.53   3.7519e-18   2.5061e-19
 5795.61   3.7998e-18   2.4957e-19
 5798.70   3.4763e-18   2.4409e-19
 5801.78   3.7338e-18   2.4744e-19
 5804.86   3.5271e-18   2.4473e-19
 5807.94   3.6131e-18   2.4408e-19
 5811.02   3.2877e-18   2.4202e-19
 5814.10   3.2880e-18   2.4913e-19
 5817.18   3.3519e-18   2.5449e-19
 5820.26   3.3013e-18   2.4814e-19
 5823.34   3.3523e-18   2.4711e-19
 5826.43   3.7080e-18   2.5005e-19
 5829.51   3.6158e-18   2.4935e-19
 5832.59   3.7631e-18   2.4672e-19
 5835.67   3.7733e-18   2.4670e-19
 5838.75   3.6654e-18   2.4755e-19
 5841.83   3.6692e-18   2.4913e-19
 5844.91   3.6347e-18   2.4572e-19
 5847.99   3.6884e-18   2.4651e-19
 5851.07   3.4210e-18   2.4293e-19
 5854.15   3.5800e-18   2.4740e-19
 5857.24   3.5714e-18   2.4924e-19
 5860.32   3.5943e-18   2.5457e-19
 5863.40   3.8113e-18   2.6129e-19
 5866.48   3.5490e-18   2.5998e-19
 5869.56   3.5193e-18   2.6117e-19
 5872.64   3.5225e-18   2.6311e-19
 5875.72   3.5976e-18   2.6387e-19
 5878.80   3.6704e-18   2.7087e-19
 5881.88   3.7252e-18   2.8098e-19
 5884.97   3.5720e-18   2.8799e-19
 5888.05   3.3104e-18   2.9126e-19
 5891.13   3.5712e-18   2.9708e-19
 5894.21   3.7265e-18   2.9689e-19
 5897.29   3.3792e-18   2.9363e-19
 5900.37   3.3528e-18   2.7847e-19
 5903.45   3.6788e-18   2.7015e-19
 5906.53   3.9093e-18   2.6687e-19
 5909.61   3.5316e-18   2.5999e-19
 5912.70   3.5894e-18   2.5666e-19
 5915.78   3.6911e-18   2.6185e-19
 5918.86   3.2695e-18   2.5607e-19
 5921.94   3.4152e-18   2.5613e-19
 5925.02   3.5200e-18   2.6026e-19
 5928.10   3.3227e-18   2.5482e-19
 5931.18   3.2442e-18   2.5183e-19
 5934.26   3.4257e-18   2.5671e-19
 5937.34   3.2846e-18   2.4923e-19
 5940.42   3.3246e-18   2.4924e-19
 5943.51   3.2041e-18   2.5222e-19
 5946.59   2.9194e-18   2.4433e-19
 5949.67   3.5013e-18   2.4993e-19
 5952.75   3.4804e-18   2.4753e-19
 5955.83   3.3041e-18   2.4284e-19
 5958.91   3.3190e-18   2.3996e-19
 5961.99   3.2057e-18   2.3814e-19
 5965.07   3.4284e-18   2.4031e-19
 5968.15   3.4875e-18   2.4386e-19
 5971.24   3.5246e-18   2.4523e-19
 5974.32   3.2031e-18   2.4085e-19
 5977.40   3.3824e-18   2.4239e-19
 5980.48   3.4905e-18   2.4151e-19
 5983.56   3.2827e-18   2.3683e-19
 5986.64   3.3079e-18   2.3732e-19
 5989.72   3.3593e-18   2.3665e-19
 5992.80   3.2619e-18   2.3463e-19
 5995.88   3.3481e-18   2.3510e-19
 5998.97   3.2279e-18   2.3500e-19
 6002.05   3.4278e-18   2.3793e-19
 6005.13   3.4654e-18   2.3600e-19
 6008.21   3.4817e-18   2.3558e-19
 6011.29   3.4224e-18   2.3395e-19
 6014.37   3.2131e-18   2.2999e-19
 6017.45   3.1698e-18   2.2687e-19
 6020.53   3.4866e-18   2.3142e-19
 6023.61   3.4605e-18   2.2988e-19
 6026.69   3.4126e-18   2.2808e-19
 6029.78   3.3847e-18   2.2980e-19
 6032.86   3.4609e-18   2.2817e-19
 6035.94   3.2171e-18   2.2592e-19
 6039.02   3.4675e-18   2.2607e-19
 6042.10   3.6632e-18   2.3024e-19
 6045.18   3.3322e-18   2.2487e-19
 6048.26   3.2794e-18   2.2622e-19
 6051.34   3.4387e-18   2.2749e-19
 6054.42   3.5085e-18   2.2992e-19
 6057.51   3.4044e-18   2.2507e-19
 6060.59   3.5302e-18   2.3116e-19
 6063.67   3.7988e-18   2.3167e-19
 6066.75   3.8018e-18   2.3126e-19
 6069.83   3.4068e-18   2.3030e-19
 6072.91   3.5177e-18   2.3030e-19
 6075.99   3.3723e-18   2.2518e-19
 6079.07   3.2747e-18   2.2301e-19
 6082.15   3.7560e-18   2.2735e-19
 6085.24   3.4675e-18   2.2350e-19
 6088.32   3.4772e-18   2.2483e-19
 6091.40   3.3711e-18   2.2506e-19
 6094.48   3.4882e-18   2.2622e-19
 6097.56   3.5393e-18   2.2433e-19
 6100.64   3.3713e-18   2.2593e-19
 6103.72   3.3388e-18   2.2408e-19
 6106.80   3.3099e-18   2.2319e-19
 6109.88   3.4671e-18   2.2344e-19
 6112.96   3.4818e-18   2.2461e-19
 6116.05   3.3885e-18   2.2295e-19
 6119.13   3.4438e-18   2.2140e-19
 6122.21   3.3589e-18   2.2087e-19
 6125.29   3.4431e-18   2.2410e-19
 6128.37   3.5061e-18   2.2655e-19
 6131.45   3.5488e-18   2.2721e-19
 6134.53   3.6508e-18   2.3170e-19
 6137.61   3.8423e-18   2.3231e-19
 6140.69   3.8518e-18   2.3472e-19
 6143.78   3.7092e-18   2.3376e-19
 6146.86   3.6890e-18   2.3258e-19
 6149.94   3.7604e-18   2.3289e-19
 6153.02   3.5625e-18   2.2663e-19
 6156.10   3.4416e-18   2.2435e-19
 6159.18   3.6494e-18   2.2806e-19
 6162.26   3.8007e-18   2.3019e-19
 6165.34   3.5630e-18   2.2977e-19
 6168.42   3.5971e-18   2.2986e-19
 6171.51   3.5585e-18   2.3116e-19
 6174.59   3.4895e-18   2.2761e-19
 6177.67   3.7403e-18   2.3106e-19
 6180.75   3.5648e-18   2.2820e-19
 6183.83   3.3709e-18   2.2194e-19
 6186.91   3.4346e-18   2.2037e-19
 6189.99   3.5358e-18   2.2579e-19
 6193.07   3.4362e-18   2.2426e-19
 6196.15   3.8840e-18   2.3014e-19
 6199.23   3.4307e-18   2.2426e-19
 6202.32   3.6953e-18   2.3015e-19
 6205.40   3.7535e-18   2.3019e-19
 6208.48   3.4433e-18   2.2606e-19
 6211.56   3.6813e-18   2.3110e-19
 6214.64   3.4559e-18   2.2948e-19
 6217.72   3.8762e-18   2.3192e-19
 6220.80   3.4574e-18   2.2958e-19
 6223.88   3.4230e-18   2.3788e-19
 6226.96   3.7989e-18   2.5158e-19
 6230.05   3.5410e-18   2.5353e-19
 6233.13   3.2961e-18   2.4999e-19
 6236.21   3.0107e-18   2.5066e-19
 6239.29   3.2563e-18   2.4966e-19
 6242.37   3.5381e-18   2.5567e-19
 6245.45   3.3576e-18   2.4875e-19
 6248.53   3.4869e-18   2.4847e-19
 6251.61   3.5744e-18   2.4988e-19
 6254.69   3.7063e-18   2.5260e-19
 6257.78   3.2845e-18   2.4796e-19
 6260.86   3.2337e-18   2.4833e-19
 6263.94   3.3352e-18   2.5109e-19
 6267.02   3.3458e-18   2.4572e-19
 6270.10   3.4320e-18   2.4035e-19
 6273.18   3.3023e-18   2.3795e-19
 6276.26   3.3757e-18   2.4134e-19
 6279.34   3.3565e-18   2.4488e-19
 6282.42   2.9694e-18   2.4895e-19
 6285.50   3.1846e-18   2.8111e-19
 6319.40   3.4232e-18   2.4891e-19
 6322.48   3.2385e-18   2.4539e-19
 6325.56   3.3839e-18   2.4426e-19
 6328.64   3.4764e-18   2.4378e-19
 6331.72   3.3036e-18   2.4004e-19
 6334.80   3.3434e-18   2.3629e-19
 6337.88   3.6284e-18   2.4032e-19
 6340.96   3.9734e-18   2.3718e-19
 6344.05   3.3020e-18   2.3013e-19
 6347.13   3.4049e-18   2.3661e-19
 6384.10   3.5803e-18   2.2798e-19
 6387.18   3.2295e-18   2.1920e-19
 6390.26   3.4171e-18   2.2026e-19
 6393.34   3.4856e-18   2.1916e-19
 6396.42   3.3769e-18   2.1544e-19
 6399.50   3.4645e-18   2.1108e-19
 6402.59   3.4602e-18   2.1103e-19
 6405.67   3.4846e-18   2.1173e-19
 6408.75   3.6361e-18   2.1580e-19
 6411.83   3.5658e-18   2.1469e-19
 6414.91   3.2624e-18   2.1084e-19
 6417.99   3.1295e-18   2.0933e-19
 6421.07   3.3908e-18   2.1104e-19
 6424.15   3.4061e-18   2.1021e-19
 6427.23   3.5359e-18   2.1101e-19
 6430.32   3.5220e-18   2.0876e-19
 6433.40   3.4155e-18   2.0663e-19
 6436.48   3.3275e-18   2.0699e-19
 6439.56   3.1383e-18   2.0474e-19
 6442.64   3.1704e-18   2.0469e-19
 6445.72   3.3525e-18   2.0749e-19
 6448.80   3.2912e-18   2.0933e-19
 6451.88   3.4127e-18   2.1508e-19
 6454.96   3.5278e-18   2.2385e-19
 6458.04   3.1968e-18   2.2305e-19
 6461.13   3.5549e-18   2.3128e-19
 6464.21   3.5700e-18   2.3450e-19
 6467.29   3.4392e-18   2.2957e-19
 6470.37   3.5743e-18   2.3282e-19
 6473.45   3.2229e-18   2.2555e-19
 6476.53   3.5638e-18   2.2087e-19
 6479.61   3.5694e-18   2.1688e-19
 6482.69   3.2762e-18   2.0953e-19
 6485.77   3.5634e-18   2.1418e-19
 6488.86   3.4602e-18   2.2274e-19
 6491.94   3.5966e-18   2.2868e-19
 6495.02   3.1592e-18   2.2700e-19
 6498.10   3.5487e-18   2.3055e-19
 6501.18   3.0002e-18   2.2828e-19
 6504.26   3.1283e-18   2.2608e-19
 6507.34   3.3132e-18   2.2307e-19
 6510.42   3.2384e-18   2.1418e-19
 6513.50   3.1304e-18   2.0873e-19
 6516.59   3.3035e-18   2.0815e-19
 6519.67   3.4124e-18   2.1158e-19
 6522.75   3.3193e-18   2.1859e-19
 6525.83   3.3999e-18   2.2263e-19
 6528.91   3.2031e-18   2.2227e-19
 6531.99   3.6035e-18   2.2781e-19
 6535.07   3.2645e-18   2.2428e-19
 6538.15   3.2485e-18   2.2519e-19
 6541.23   3.2132e-18   2.2642e-19
 6544.31   3.2169e-18   2.2698e-19
 6547.40   3.1527e-18   2.2698e-19
 6550.48   3.0484e-18   2.2850e-19
 6553.56   3.1844e-18   2.3105e-19
 6556.64   3.1157e-18   2.3096e-19
 6559.72   2.9087e-18   2.3123e-19
 6562.80   2.9719e-18   2.2620e-19
 6565.88   3.0344e-18   2.2395e-19
 6568.96   3.1700e-18   2.2663e-19
 6572.04   3.1792e-18   2.2451e-19
 6575.13   3.1120e-18   2.1974e-19
 6578.21   2.9460e-18   2.1402e-19
 6581.29   2.9029e-18   2.0943e-19
 6584.37   2.8993e-18   2.0600e-19
 6587.45   2.8969e-18   2.0182e-19
 6590.53   3.0321e-18   2.0392e-19
 6593.61   2.9644e-18   2.0662e-19
 6596.69   3.0331e-18   2.0878e-19
 6599.77   2.8275e-18   2.0497e-19
 6602.86   2.8951e-18   2.0009e-19
 6605.94   3.0905e-18   2.0153e-19
 6609.02   2.9834e-18   1.9839e-19
 6612.10   3.1006e-18   1.9850e-19
 6615.18   2.9246e-18   1.9367e-19
 6618.26   2.9138e-18   1.9519e-19
 6621.34   3.0852e-18   1.9687e-19
 6624.42   2.7500e-18   1.9155e-19
 6627.50   2.6489e-18   1.9223e-19
 6630.58   2.7367e-18   1.9228e-19
 6633.67   2.9631e-18   1.9846e-19
 6636.75   3.0334e-18   1.9649e-19
 6639.83   3.0507e-18   1.9587e-19
 6642.91   2.9340e-18   1.9346e-19
 6645.99   2.9100e-18   1.8843e-19
 6649.07   2.7608e-18   1.8993e-19
 6652.15   2.6189e-18   1.8450e-19
 6655.23   2.9071e-18   1.9133e-19
 6658.31   2.5940e-18   1.8505e-19
 6661.40   2.7522e-18   1.8831e-19
 6664.48   3.0361e-18   1.9093e-19
 6667.56   2.8615e-18   1.8933e-19
 6670.64   2.7051e-18   1.8628e-19
 6673.72   2.7050e-18   1.8148e-19
 6676.80   2.6805e-18   1.8032e-19
 6679.88   2.5791e-18   1.7936e-19
 6682.96   2.4788e-18   1.7844e-19
 6686.04   2.6912e-18   1.8407e-19
 6689.13   2.7238e-18   1.8537e-19
 6692.21   2.7328e-18   1.8644e-19
 6695.29   2.7872e-18   1.8836e-19
 6698.37   2.8319e-18   1.8923e-19
 6701.45   2.7472e-18   1.8997e-19
 6704.53   2.5384e-18   1.8749e-19
 6707.61   2.7656e-18   1.8960e-19
 6710.69   2.8963e-18   1.9011e-19
 6713.77   2.6449e-18   1.8587e-19
 6716.85   2.6356e-18   1.8439e-19
 6719.94   2.7852e-18   1.8436e-19
 6723.02   2.9308e-18   1.8767e-19
 6726.10   2.7477e-18   1.8109e-19
 6729.18   2.6837e-18   1.8155e-19
 6732.26   2.8618e-18   1.8426e-19
 6735.34   2.9200e-18   1.8551e-19
 6738.42   3.0098e-18   1.8850e-19
 6741.50   2.5759e-18   1.8245e-19
 6744.58   2.7366e-18   1.8225e-19
 6747.67   2.8167e-18   1.8351e-19
 6750.75   3.0180e-18   1.8796e-19
 6753.83   2.5694e-18   1.7841e-19
 6756.91   2.6116e-18   1.7939e-19
 6759.99   2.6743e-18   1.7920e-19
 6763.07   2.6848e-18   1.7871e-19
 6766.15   2.6489e-18   1.7941e-19
 6769.23   2.4721e-18   1.7299e-19
 6772.31   2.4225e-18   1.7492e-19
 6775.40   2.8288e-18   1.7978e-19
 6778.48   2.9052e-18   1.8172e-19
 6781.56   2.7165e-18   1.7924e-19
 6784.64   2.9514e-18   1.8126e-19
 6787.72   2.9224e-18   1.8043e-19
 6790.80   2.7226e-18   1.7764e-19
 6793.88   2.7868e-18   1.7688e-19
 6796.96   2.6992e-18   1.7624e-19
 6800.04   2.7355e-18   1.7795e-19
 6803.12   2.7786e-18   1.7760e-19
 6806.21   2.6008e-18   1.7565e-19
 6809.29   2.7877e-18   1.7956e-19
 6812.37   2.8962e-18   1.8335e-19
 6815.45   2.9383e-18   1.9240e-19
 6818.53   2.9216e-18   2.0915e-19
 6821.61   2.9128e-18   2.2529e-19
 6824.69   2.8401e-18   2.3353e-19
 6827.77   2.8520e-18   2.3661e-19
 6830.85   2.2777e-18   2.3800e-19
 6833.94   2.2020e-18   2.4084e-19
 6837.02   2.4585e-18   2.4232e-19
 6840.10   2.4448e-18   2.2853e-19
 6843.18   2.3343e-18   2.0440e-19
 6846.26   2.8352e-18   1.9240e-19
 6849.34   2.6843e-18   1.9466e-19
 6852.42   2.8560e-18   2.1298e-19
 6855.50   2.8508e-18   2.2580e-19
 6858.58   2.6730e-18   2.2398e-19
 6861.67   2.7853e-18   2.2974e-19
 6864.75   2.7919e-18   2.2577e-19
 6867.83   2.3455e-18   2.2351e-19
 6870.91   2.5004e-18   2.1682e-19
 6873.99   2.2385e-18   1.9667e-19
 6877.07   2.5068e-18   1.8886e-19
 6880.15   2.5688e-18   1.9091e-19
 6883.23   2.7047e-18   1.9406e-19
 6886.31   2.5712e-18   1.9410e-19
 6889.40   2.5005e-18   1.9544e-19
 6892.48   2.3476e-18   1.9186e-19
 6895.56   2.3922e-18   1.8814e-19
 6898.64   2.4537e-18   1.9201e-19
 6901.72   2.4161e-18   1.9251e-19
 6904.80   2.6828e-18   1.9822e-19
 6907.88   2.5509e-18   1.9872e-19
 6910.96   2.7224e-18   2.0695e-19
 6914.04   2.7148e-18   2.0811e-19
 6917.12   2.7400e-18   2.1536e-19
 6920.21   3.1888e-18   2.1676e-19
 6923.29   2.9501e-18   2.0681e-19
 6926.37   2.6780e-18   2.0417e-19
 6929.45   3.0491e-18   2.0961e-19
 6932.53   2.8128e-18   1.9899e-19
 6935.61   2.8371e-18   1.9835e-19
 6938.69   2.6929e-18   2.0887e-19
 6941.77   2.7064e-18   2.1598e-19
 6944.85   2.8479e-18   2.1664e-19
 6947.94   2.7985e-18   2.1212e-19
 6951.02   2.7315e-18   2.0722e-19
 6954.10   2.6382e-18   2.0295e-19
 6957.18   2.8542e-18   2.0145e-19
 6960.26   2.9911e-18   1.9471e-19
 6963.34   2.8693e-18   1.9254e-19
 6966.42   2.7706e-18   1.9694e-19
 6969.50   2.8087e-18   2.0212e-19
 6972.58   2.8934e-18   2.0303e-19
 6975.67   2.8452e-18   2.0212e-19
 6978.75   2.7738e-18   1.9869e-19
 6981.83   2.7635e-18   1.9509e-19
 6984.91   2.9922e-18   1.9377e-19
 6987.99   2.9027e-18   1.8595e-19
 6991.07   2.8241e-18   1.8057e-19
 6994.15   2.9230e-18   1.8242e-19
 6997.23   3.1342e-18   1.8507e-19
 7000.31   3.4523e-18   1.9165e-19
 7003.40   4.1700e-18   1.9817e-19
 7006.48   4.6154e-18   2.0031e-19
 7009.56   4.9416e-18   2.0234e-19
 7012.64   5.4998e-18   2.0573e-19
 7015.72   5.8846e-18   2.0586e-19
 7018.80   5.9161e-18   2.0260e-19
 7021.88   4.9308e-18   1.9099e-19
 7024.96   3.6324e-18   1.7821e-19
 7028.04   3.1445e-18   1.7685e-19
 7031.12   3.1998e-18   1.7730e-19
 7034.21   3.6227e-18   1.8436e-19
 7037.29   3.8147e-18   1.9360e-19
 7040.37   3.6549e-18   1.9449e-19
 7043.45   3.5952e-18   1.9495e-19
 7046.53   3.2972e-18   1.9212e-19
 7049.61   3.0445e-18   1.8904e-19
 7052.69   2.8290e-18   1.8911e-19
 7055.77   2.9288e-18   1.8871e-19
 7058.85   3.0682e-18   1.8748e-19
 7061.94   2.8147e-18   1.8185e-19
 7065.02   2.7727e-18   1.8014e-19
 7068.10   2.8001e-18   1.8191e-19
 7071.18   2.8007e-18   1.8362e-19
 7074.26   3.0233e-18   1.8810e-19
 7077.34   2.8333e-18   1.8297e-19
 7080.42   2.6091e-18   1.8066e-19
 7083.50   2.6531e-18   1.8231e-19
 7086.58   2.7072e-18   1.8030e-19
 7089.67   2.5425e-18   1.7772e-19
 7092.75   2.5117e-18   1.7458e-19
 7095.83   2.6375e-18   1.7450e-19
 7098.91   2.7291e-18   1.7331e-19
 7101.99   2.7240e-18   1.7185e-19
 7105.07   2.6908e-18   1.7301e-19
 7108.15   2.7276e-18   1.7329e-19
 7111.23   2.6667e-18   1.7065e-19
 7114.31   2.5137e-18   1.7008e-19
 7117.39   2.6206e-18   1.7243e-19
 7120.48   2.7072e-18   1.7488e-19
 7123.56   2.6355e-18   1.7613e-19
 7126.64   2.5710e-18   1.7420e-19
 7129.72   2.5704e-18   1.7619e-19
 7132.80   2.6608e-18   1.7957e-19
 7135.88   2.6959e-18   1.8081e-19
 7138.96   2.6016e-18   1.7989e-19
 7142.04   2.6145e-18   1.7902e-19
 7145.12   2.5782e-18   1.7880e-19
 7148.21   2.6487e-18   1.8156e-19
 7151.29   2.5646e-18   1.8079e-19
 7154.37   2.7163e-18   1.7830e-19
 7157.45   2.5547e-18   1.7846e-19
 7160.53   2.5453e-18   1.7497e-19
 7163.61   2.4832e-18   1.7457e-19
 7166.69   2.7776e-18   1.8033e-19
 7169.77   2.5839e-18   1.7720e-19
 7172.85   2.8545e-18   1.7653e-19
 7175.94   2.7838e-18   1.7416e-19
 7179.02   2.7097e-18   1.7277e-19
 7182.10   3.0477e-18   1.7579e-19
 7185.18   2.9365e-18   1.7308e-19
 7188.26   2.5240e-18   1.7103e-19
 7191.34   2.3792e-18   1.6419e-19
 7194.42   2.5140e-18   1.6713e-19
 7197.50   2.6164e-18   1.6675e-19
 7200.58   2.3932e-18   1.6326e-19
 7203.66   2.2849e-18   1.6461e-19
 7206.75   2.3367e-18   1.6724e-19
 7209.83   2.2651e-18   1.6714e-19
 7212.91   2.3671e-18   1.6976e-19
 7215.99   2.4063e-18   1.7019e-19
 7219.07   2.3604e-18   1.7290e-19
 7222.15   2.4650e-18   1.7998e-19
 7225.23   2.5490e-18   1.9105e-19
 7228.31   2.6746e-18   2.1570e-19
 7231.39   2.4576e-18   2.4325e-19
 7234.48   2.3996e-18   2.6633e-19
 7237.56   2.6617e-18   2.9040e-19
 7240.64   2.7617e-18   2.9496e-19
 7243.72   2.4376e-18   2.8692e-19
 7246.80   2.4781e-18   2.8355e-19
 7249.88   2.6949e-18   2.6783e-19
 7252.96   2.3368e-18   2.3954e-19
 7256.04   2.0100e-18   2.0736e-19
 7259.12   2.0851e-18   2.0284e-19
 7262.21   2.3657e-18   2.1413e-19
 7265.29   2.3421e-18   2.4154e-19
 7268.37   2.3938e-18   2.5490e-19
 7271.45   2.4816e-18   2.6824e-19
 7274.53   2.7202e-18   2.7993e-19
 7277.61   2.3911e-18   2.8245e-19
 7280.69   2.4555e-18   2.7548e-19
 7283.77   2.2690e-18   2.5964e-19
 7286.85   2.3891e-18   2.4143e-19
 7289.93   2.6803e-18   2.2658e-19
 7293.02   2.3961e-18   2.2404e-19
 7296.10   2.5133e-18   2.1821e-19
 7299.18   2.5070e-18   2.1317e-19
 7302.26   2.3405e-18   2.2022e-19
 7305.34   2.7115e-18   2.4037e-19
 7308.42   2.8408e-18   2.5880e-19
 7311.50   2.4055e-18   2.5078e-19
 7314.58   2.3565e-18   2.4595e-19
 7317.66   2.4035e-18   2.5663e-19
 7320.75   2.7260e-18   2.6466e-19
 7323.83   2.4517e-18   2.5090e-19
 7326.91   2.3906e-18   2.3540e-19
 7329.99   2.8092e-18   2.5494e-19
 7333.07   2.7494e-18   2.6759e-19
 7336.15   2.8603e-18   2.7382e-19
 7339.23   2.5481e-18   2.6432e-19
 7342.31   2.5005e-18   2.6117e-19
 7345.39   2.7408e-18   2.6423e-19
 7348.48   2.6375e-18   2.5516e-19
 7351.56   2.4757e-18   2.3077e-19
 7354.64   2.7394e-18   2.2804e-19
 7357.72   2.6590e-18   2.3943e-19
 7360.80   2.5450e-18   2.4979e-19
 7363.88   2.7513e-18   2.5351e-19
 7366.96   2.7000e-18   2.4751e-19
 7370.04   2.7737e-18   2.3838e-19
 7373.12   2.8563e-18   2.3562e-19
 7376.20   2.6191e-18   2.2427e-19
 7379.29   2.5419e-18   2.0710e-19
 7382.37   2.5528e-18   1.9807e-19
 7385.45   2.5623e-18   1.9927e-19
 7388.53   2.4723e-18   2.0693e-19
 7391.61   2.2252e-18   2.1938e-19
 7394.69   2.2329e-18   2.2428e-19
 7397.77   2.6361e-18   2.3169e-19
 7400.85   2.6657e-18   2.2634e-19
 7403.93   2.5177e-18   2.1657e-19
 7407.02   2.6850e-18   2.1619e-19
 7410.10   2.4983e-18   1.9938e-19
 7413.18   2.6572e-18   1.8609e-19
 7416.26   2.6308e-18   1.8126e-19
 7419.34   2.3727e-18   1.8277e-19
 7422.42   2.2307e-18   1.8622e-19
 7425.50   2.4915e-18   1.8896e-19
 7428.58   2.3675e-18   1.9400e-19
 7431.66   2.2505e-18   2.0152e-19
 7434.75   2.6502e-18   2.0406e-19
 7437.83   2.6345e-18   2.0589e-19
 7440.91   2.7039e-18   2.0097e-19
 7443.99   2.5210e-18   1.9216e-19
 7447.07   2.2043e-18   1.8315e-19
 7450.15   2.4049e-18   1.7454e-19
 7453.23   2.4239e-18   1.7563e-19
 7456.31   2.4062e-18   1.7921e-19
 7459.39   2.4840e-18   1.8652e-19
 7462.47   2.4738e-18   1.9479e-19
 7465.56   2.5198e-18   2.0314e-19
 7468.64   2.5002e-18   2.1123e-19
 7471.72   2.5744e-18   2.1924e-19
 7474.80   2.6111e-18   2.2954e-19
 7477.88   2.7581e-18   2.2748e-19
 7480.96   2.5420e-18   2.1834e-19
 7484.04   2.3559e-18   2.1166e-19
 7487.12   2.5168e-18   2.0679e-19
 7490.20   2.6174e-18   1.9792e-19
 7493.29   2.3912e-18   1.8468e-19
 7496.37   2.2586e-18   1.7464e-19
 7499.45   2.3479e-18   1.7258e-19
 7502.53   2.5486e-18   1.7356e-19
 7505.61   2.5709e-18   1.7595e-19
 7508.69   2.4751e-18   1.7937e-19
 7511.77   2.4001e-18   1.9415e-19
 7514.85   2.4814e-18   2.1219e-19
 7517.93   2.5995e-18   2.2669e-19
 7521.02   2.5488e-18   2.3237e-19
 7524.10   2.5238e-18   2.3074e-19
 7527.18   2.6646e-18   2.3602e-19
 7530.26   2.8559e-18   2.3492e-19
 7533.34   2.7170e-18   2.1961e-19
 7536.42   2.7851e-18   1.9856e-19
 7539.50   2.4812e-18   1.8409e-19
 7542.58   2.3038e-18   1.7468e-19
 7545.66   2.4079e-18   1.7850e-19
 7548.74   2.5333e-18   1.7973e-19
 7551.83   2.6027e-18   1.8364e-19
 7554.91   2.2224e-18   1.7897e-19
 7557.99   2.3965e-18   1.8759e-19
 7561.07   2.6266e-18   2.0488e-19
 7564.15   2.4640e-18   2.1296e-19
 7567.23   2.4071e-18   2.1524e-19
 7570.31   2.6169e-18   2.1314e-19
 7573.39   2.4520e-18   2.1028e-19
 7576.47   3.0275e-18   2.2128e-19
 7579.56   2.6828e-18   2.1097e-19
 7582.64   2.1871e-18   1.9344e-19
 7585.72   2.2933e-18   1.8580e-19
 7588.80   1.8791e-18   1.8311e-19
 7591.88   1.9809e-18   1.8268e-19
 7594.96   1.8487e-18   1.8022e-19
 7598.04   1.4818e-18   1.7149e-19
 7601.12   1.0245e-18   1.5791e-19
 7604.20   1.1083e-18   1.7048e-19
 7607.29   8.3771e-19   1.6177e-19
 7610.37   5.8881e-19   1.6044e-19
 7613.45   1.0683e-18   1.6646e-19
 7616.53   1.3475e-18   1.7533e-19
 7619.61   1.4023e-18   1.8219e-19
 7622.69   1.4930e-18   1.8632e-19
 7625.77   1.5917e-18   1.8996e-19
 7628.85   1.5465e-18   1.8354e-19
 7631.93   1.3376e-18   1.7448e-19
 7635.01   1.5061e-18   1.7496e-19
 7638.10   1.5759e-18   1.7186e-19
 7641.18   1.5063e-18   1.6428e-19
 7644.26   1.4240e-18   1.6545e-19
 7647.34   1.6077e-18   1.7104e-19
 7650.42   1.6281e-18   1.7119e-19
 7653.50   1.7789e-18   1.7558e-19
 7656.58   1.9651e-18   1.8037e-19
 7659.66   2.0624e-18   1.8504e-19
 7662.74   1.9774e-18   1.8185e-19
 7665.83   2.0028e-18   1.7626e-19
 7668.91   2.1639e-18   1.7795e-19
 7671.99   2.0944e-18   1.7619e-19
 7675.07   2.2427e-18   1.7715e-19
 7678.15   2.1881e-18   1.7797e-19
 7681.23   2.2436e-18   1.8068e-19
 7684.31   2.2830e-18   1.8445e-19
 7687.39   2.3360e-18   1.9260e-19
 7690.47   2.3377e-18   1.9655e-19
 7693.56   2.3413e-18   2.0001e-19
 7696.64   2.6417e-18   2.0446e-19
 7699.72   2.7290e-18   2.1578e-19
 7702.80   2.6889e-18   2.4027e-19
 7705.88   2.7036e-18   2.8343e-19
 7708.96   2.5355e-18   3.0322e-19
 7712.04   2.2792e-18   3.1870e-19
 7715.12   2.6075e-18   3.2156e-19
 7718.20   2.8048e-18   3.3098e-19
 7721.28   2.8667e-18   3.3646e-19
 7724.37   2.5108e-18   3.0079e-19
 7727.45   2.6169e-18   2.5933e-19
 7730.53   2.5004e-18   2.3711e-19
 7733.61   2.5516e-18   2.2654e-19
 7736.69   2.6756e-18   2.2620e-19
 7739.77   2.1011e-18   2.3550e-19
 7742.85   2.6251e-18   2.7341e-19
 7745.93   2.6829e-18   2.9229e-19
 7749.01   2.5776e-18   2.9579e-19
 7752.10   3.0020e-18   3.1208e-19
 7755.18   2.9413e-18   3.2164e-19
 7758.26   2.4161e-18   3.0562e-19
 7761.34   2.9010e-18   2.8080e-19
 7764.42   2.6864e-18   2.5065e-19
 7767.50   2.4859e-18   2.4068e-19
 7770.58   2.6620e-18   2.3905e-19
 7773.66   2.4677e-18   2.3101e-19
 7776.74   2.4981e-18   2.3144e-19
 7779.83   2.6606e-18   2.3967e-19
 7782.91   2.4560e-18   2.5098e-19
 7785.99   2.4787e-18   2.7818e-19
 7789.07   2.6302e-18   2.7707e-19
 7792.15   2.6044e-18   2.7168e-19
 7795.23   2.3342e-18   2.6858e-19
 7798.31   2.3934e-18   2.7141e-19
 7801.39   2.5497e-18   2.7650e-19
 7804.47   2.6189e-18   2.6800e-19
 7807.55   2.6470e-18   2.5258e-19
 7810.64   2.4683e-18   2.5449e-19
 7813.72   2.5628e-18   2.7548e-19
 7816.80   2.8933e-18   2.9898e-19
 7819.88   2.6387e-18   2.9513e-19
 7822.96   2.4884e-18   2.8408e-19
 7826.04   2.2051e-18   2.7919e-19
 7829.12   2.6019e-18   2.8680e-19
 7832.20   2.6072e-18   2.6326e-19
 7835.28   2.5269e-18   2.3923e-19
 7838.37   2.3561e-18   2.3012e-19
 7841.45   2.2868e-18   2.4618e-19
 7844.53   2.3027e-18   2.8044e-19
 7847.61   2.2644e-18   3.0190e-19
 7850.69   2.2894e-18   3.2098e-19
 7853.77   2.4286e-18   3.1696e-19
 7856.85   2.3184e-18   3.2477e-19
 7859.93   2.2284e-18   3.3040e-19
 7863.01   2.4630e-18   3.1415e-19
 7866.10   2.9709e-18   3.3718e-19
 7869.18   2.6596e-18   2.9107e-19
 7872.26   2.3247e-18   2.8658e-19
 7875.34   2.2578e-18   2.7656e-19
 7878.42   2.6060e-18   2.8842e-19
 7881.50   2.5894e-18   2.8829e-19
 7884.58   2.3291e-18   2.8470e-19
 7887.66   2.3420e-18   2.7980e-19
 7890.74   2.3568e-18   2.7749e-19
 7893.82   2.6037e-18   2.6211e-19
 7896.91   2.3852e-18   2.6254e-19
 7899.99   2.4214e-18   2.5227e-19
 7903.07   2.3324e-18   2.5167e-19
 7906.15   2.0171e-18   2.6135e-19
 7909.23   2.4942e-18   3.0480e-19
 7912.31   2.3631e-18   3.2075e-19
 7915.39   2.4600e-18   3.3325e-19
 7918.47   2.3216e-18   3.3171e-19
 7921.55   2.2189e-18   3.3716e-19
 7924.64   2.4690e-18   3.2147e-19
 7927.72   2.5917e-18   2.9563e-19
 7930.80   2.0981e-18   2.6563e-19
 7933.88   2.2082e-18   2.4816e-19
 7936.96   2.2951e-18   2.3832e-19
 7940.04   2.3493e-18   2.3959e-19
 7943.12   2.0901e-18   2.2963e-19
 7946.20   1.9466e-18   2.2102e-19
 7949.28   2.1308e-18   2.1649e-19
 7952.37   2.1774e-18   2.2339e-19
 7955.45   2.2723e-18   2.4231e-19
 7958.53   2.3931e-18   2.6345e-19
 7961.61   2.1772e-18   2.7290e-19
 7964.69   2.2032e-18   2.7484e-19
 7967.77   2.3312e-18   2.8120e-19
 7970.85   2.2287e-18   2.8910e-19
 7973.93   2.2665e-18   2.9008e-19
 7977.01   2.2812e-18   2.7161e-19
 7980.09   2.3457e-18   2.5108e-19
 7983.18   2.6152e-18   2.5716e-19
 7986.26   2.6847e-18   2.7703e-19
 7989.34   2.4731e-18   2.9614e-19
 7992.42   2.4590e-18   2.9028e-19
 7995.50   2.1503e-18   2.7718e-19
 7998.58   2.1783e-18   2.7728e-19
 8001.66   2.0390e-18   2.7592e-19
 8004.74   2.3626e-18   2.6232e-19
 8007.82   2.4107e-18   2.3873e-19
 8010.91   2.2786e-18   2.2428e-19
 8013.99   2.4757e-18   2.2856e-19
 8017.07   2.2446e-18   2.4542e-19
 8020.15   2.1514e-18   2.5312e-19
 8023.23   2.2254e-18   2.6720e-19
 8026.31   2.4750e-18   2.8137e-19
 8029.39   2.4155e-18   2.6500e-19
 8032.47   2.2641e-18   2.6328e-19
 8035.55   2.0924e-18   2.4389e-19
 8038.64   2.2941e-18   2.3382e-19
 8041.72   2.2408e-18   2.0668e-19
 8044.80   2.2751e-18   1.9664e-19
 8047.88   2.2905e-18   1.9796e-19
 8050.96   2.1535e-18   1.9832e-19
 8054.04   2.3146e-18   2.1199e-19
 8057.12   2.2191e-18   2.2090e-19
 8060.20   2.0647e-18   2.2412e-19
 8063.28   2.3039e-18   2.2466e-19
 8066.36   1.9793e-18   2.1690e-19
 8069.45   2.2644e-18   2.1280e-19
 8072.53   2.2157e-18   2.0863e-19
 8075.61   2.4217e-18   2.0252e-19
 8078.69   2.1891e-18   1.8512e-19
 8081.77   2.0210e-18   1.7792e-19
 8084.85   2.3036e-18   1.8352e-19
 8087.93   2.1296e-18   1.8256e-19
 8091.01   2.1174e-18   1.8562e-19
 8094.09   2.2404e-18   1.8949e-19
 8097.18   2.1134e-18   1.9048e-19
 8100.26   2.0697e-18   1.9328e-19
 8103.34   2.1479e-18   1.9633e-19
 8106.42   2.1629e-18   1.9438e-19
 8109.50   2.2725e-18   1.9452e-19
 8112.58   2.1872e-18   1.9178e-19
 8115.66   2.0867e-18   1.8371e-19
 8118.74   2.1568e-18   1.7731e-19
 8121.82   2.1312e-18   1.7305e-19
 8124.91   2.0166e-18   1.6913e-19
 8127.99   2.0092e-18   1.6964e-19
 8131.07   2.1615e-18   1.7656e-19
 8134.15   2.1558e-18   1.7696e-19
 8137.23   1.9419e-18   1.7637e-19
 8140.31   1.7589e-18   1.7726e-19
 8143.39   2.0106e-18   1.7988e-19
 8146.47   1.9666e-18   1.8226e-19
 8149.55   1.9837e-18   1.8026e-19
 8152.63   1.8764e-18   1.7766e-19
 8155.72   1.8954e-18   1.7553e-19
 8158.80   1.8806e-18   1.6881e-19
 8161.88   1.9895e-18   1.6811e-19
 8164.96   1.8076e-18   1.6325e-19
 8168.04   1.7941e-18   1.6126e-19
 8171.12   1.7849e-18   1.6139e-19
 8174.20   1.8313e-18   1.6327e-19
 8177.28   1.6974e-18   1.5949e-19
 8180.36   1.6988e-18   1.5697e-19
 8183.45   1.8679e-18   1.6411e-19
 8186.53   1.8827e-18   1.6357e-19
 8189.61   2.1354e-18   1.7622e-19
 8192.69   1.4628e-18   1.6173e-19
