 
TRANSIENT_NAME:     DES13C3adnw
SNID:               1265935    
OBS_DATE:           2014-02-06
MJD:                56694. 
PHASE_EXP:          +19.   
MJD_EXP:            56671.7 (derived from r-band light-curve)
TYPE:               39 
SPEC_EVAL:          SNIb/c
REDSHIFT:           0.1800  
REDSHIFT_ERR:       0.0050  
REDSHIFT_SOURCE:    Z_SN
TELESCOPE:          SALT
INSTRUMENT:         RSS
 
======================================
 
# WAVE  FLUX  FLUX_ERR
 3833.08   3.9862e-18   6.1551e-21
 3835.99   2.0079e-18   6.1062e-21
 3838.90   3.7884e-18   6.0578e-21
 3841.81   7.8694e-18   6.0100e-21
 3844.72   3.2044e-18   5.9626e-21
 3847.63   1.4697e-18   5.9158e-21
 3850.54   3.6279e-18   5.8694e-21
 3853.46   8.2128e-18   5.8235e-21
 3856.37   9.1321e-18   5.7781e-21
 3859.28   2.1663e-18   5.7332e-21
 3862.19   3.0648e-18   5.6888e-21
 3865.10   8.0254e-18   5.6448e-21
 3868.01   2.0767e-18   5.6013e-21
 3870.92   9.8589e-18   5.5582e-21
 3873.84   7.2936e-18   5.5155e-21
 3876.75   1.4118e-18   5.4733e-21
 3879.66   7.2213e-18   5.4316e-21
 3882.57   4.6405e-18   5.3902e-21
 3885.48   2.1559e-18   5.3493e-21
 3888.39   1.2783e-17   5.3088e-21
 3891.30   1.0449e-17   5.2687e-21
 3894.22   1.1284e-17   5.2290e-21
 3897.13   1.2028e-17   5.1897e-21
 3900.04   7.6176e-18   5.1508e-21
 3902.95   8.0115e-18   5.1124e-21
 3905.86   1.5117e-17   5.0742e-21
 3908.77   1.2640e-17   5.0365e-21
 3911.68   9.5797e-18   4.9992e-21
 3914.60   8.8311e-18   4.9622e-21
 3917.51   4.8897e-18   4.9256e-21
 3920.42   6.4047e-18   4.8893e-21
 3923.33   6.3988e-18   4.8534e-21
 3926.24   9.1457e-19   4.8178e-21
 3929.15   4.1051e-18   4.7827e-21
 3932.06   6.9608e-18   4.7478e-21
 3934.98   4.4814e-19   4.7133e-21
 3937.89   4.4847e-18   4.6791e-21
 3940.80   5.9127e-18   4.6453e-21
 3943.71   9.0566e-19   4.6118e-21
 3946.62   6.9383e-18   4.5786e-21
 3949.53   1.2636e-17   4.5457e-21
 3952.45   8.5148e-18   4.5131e-21
 3955.36   3.7015e-18   4.4809e-21
 3958.27   9.7624e-18   4.4490e-21
 3961.18   8.2849e-18   4.4174e-21
 3964.09   3.7339e-18   4.3860e-21
 3967.00   8.8252e-18   4.3550e-21
 3969.91   9.1507e-18   4.3243e-21
 3972.82   6.7888e-18   4.2938e-21
 3975.74   1.0730e-17   4.2637e-21
 3978.65   9.8386e-18   4.2338e-21
 3981.56   6.7073e-18   4.2042e-21
 3984.47   7.5537e-18   4.1749e-21
 3987.38   1.0750e-17   4.1459e-21
 3990.29   1.0881e-17   4.1171e-21
 3993.21   1.4026e-17   4.0886e-21
 3996.12   1.0841e-17   4.0604e-21
 3999.03   1.0174e-17   4.0324e-21
 4001.94   5.1730e-18   4.0070e-21
 4004.85   2.8695e-18   3.9829e-21
 4007.76   6.2740e-18   3.9591e-21
 4010.67   1.0595e-17   3.9355e-21
 4013.58   8.0873e-18   3.9120e-21
 4016.50   1.1371e-17   3.8888e-21
 4019.41   1.2323e-17   3.8657e-21
 4022.32   1.2066e-17   3.8429e-21
 4025.23   8.8125e-18   3.8203e-21
 4028.14   1.3983e-17   3.7978e-21
 4031.05   2.0607e-17   3.7756e-21
 4033.97   1.5321e-17   3.7535e-21
 4036.88   1.3302e-17   3.7316e-21
 4039.79   1.2228e-17   3.7099e-21
 4042.70   1.3030e-17   3.6884e-21
 4045.61   1.1355e-17   3.6671e-21
 4048.52   9.5084e-18   3.6459e-21
 4051.43   1.1446e-17   3.6250e-21
 4054.34   1.2396e-17   3.6042e-21
 4057.26   1.7692e-17   3.5836e-21
 4060.17   1.3419e-17   3.5631e-21
 4063.08   1.3475e-17   3.5428e-21
 4065.99   8.5983e-18   3.5227e-21
 4068.90   6.4375e-18   3.5028e-21
 4071.81   1.3233e-17   3.4830e-21
 4074.73   1.5201e-17   3.4634e-21
 4077.64   1.6892e-17   3.4439e-21
 4080.55   1.3021e-17   3.4246e-21
 4083.46   6.9039e-18   3.4055e-21
 4086.37   1.0847e-17   3.3865e-21
 4089.28   1.1111e-17   3.3677e-21
 4092.19   5.3043e-18   3.3490e-21
 4095.10   9.8675e-18   3.3305e-21
 4098.02   1.2172e-17   3.3122e-21
 4100.93   9.2558e-18   3.2939e-21
 4103.84   1.6508e-17   3.2759e-21
 4106.75   1.3914e-17   3.2580e-21
 4109.66   9.0731e-18   3.2402e-21
 4112.57   1.7502e-17   3.2225e-21
 4115.48   1.3633e-17   3.2050e-21
 4118.40   9.7890e-18   3.1877e-21
 4121.31   9.9409e-18   3.1705e-21
 4124.22   1.1147e-17   3.1534e-21
 4127.13   1.4254e-17   3.1365e-21
 4130.04   1.6871e-17   3.1196e-21
 4132.95   1.5003e-17   3.1030e-21
 4135.87   1.1741e-17   3.0864e-21
 4138.78   9.7879e-18   3.0700e-21
 4141.69   1.0345e-17   3.0537e-21
 4144.60   9.3819e-18   3.0376e-21
 4147.51   1.2248e-17   3.0215e-21
 4150.42   1.1195e-17   3.0056e-21
 4153.33   7.9151e-18   2.9899e-21
 4156.25   6.5897e-18   2.9742e-21
 4159.16   1.1235e-17   2.9587e-21
 4162.07   1.2554e-17   2.9433e-21
 4164.98   1.4841e-17   2.9280e-21
 4167.89   7.3275e-18   2.9128e-21
 4170.80   8.7144e-18   2.8977e-21
 4173.71   6.4551e-18   2.8828e-21
 4176.62   1.1366e-17   2.8680e-21
 4179.54   8.0352e-18   2.8532e-21
 4182.45   8.4148e-18   2.8386e-21
 4185.36   8.9092e-18   2.8241e-21
 4188.27   6.4848e-18   2.8098e-21
 4191.18   1.1129e-17   2.7955e-21
 4194.09   6.9723e-18   2.7813e-21
 4197.00   9.0328e-18   2.7673e-21
 4199.92   1.0452e-17   2.7533e-21
 4202.83   7.7058e-18   2.7395e-21
 4205.74   6.3669e-18   2.7257e-21
 4208.65   7.2094e-18   2.7121e-21
 4211.56   8.8254e-18   2.6986e-21
 4214.47   1.2300e-17   2.6851e-21
 4217.38   9.3361e-18   2.6718e-21
 4220.30   1.0059e-17   2.6586e-21
 4223.21   1.3636e-17   2.6454e-21
 4226.12   9.7356e-18   2.6324e-21
 4229.03   8.1645e-18   2.6195e-21
 4231.94   1.0435e-17   2.6066e-21
 4234.85   7.8168e-18   2.5939e-21
 4237.77   5.9577e-18   2.5812e-21
 4240.68   1.2408e-17   2.5687e-21
 4243.59   1.7301e-17   2.5562e-21
 4246.50   1.4259e-17   2.5438e-21
 4249.41   1.1062e-17   2.5315e-21
 4252.32   1.1464e-17   2.5193e-21
 4255.23   1.1909e-17   2.5072e-21
 4258.15   1.1507e-17   2.4952e-21
 4261.06   9.4144e-18   2.4833e-21
 4263.97   7.3973e-18   2.4714e-21
 4266.88   1.0598e-17   2.4597e-21
 4269.79   1.2846e-17   2.4480e-21
 4272.70   1.1151e-17   2.4364e-21
 4275.61   4.9162e-18   2.4249e-21
 4278.52   1.0469e-17   2.4135e-21
 4281.44   1.5236e-17   2.4021e-21
 4284.35   1.0264e-17   2.3909e-21
 4287.26   1.2170e-17   2.3797e-21
 4290.17   1.3628e-17   2.3686e-21
 4293.08   4.6355e-18   2.3576e-21
 4295.99   6.8073e-18   2.3466e-21
 4298.91   4.2201e-18   2.3358e-21
 4301.82   5.1007e-18   2.3250e-21
 4304.73   1.0196e-17   2.3143e-21
 4307.64   1.0515e-17   2.3036e-21
 4310.55   1.5376e-17   2.2931e-21
 4313.46   1.5029e-17   2.2826e-21
 4316.37   1.1214e-17   2.2722e-21
 4319.29   1.3869e-17   2.2618e-21
 4322.20   1.3259e-17   2.2516e-21
 4325.11   1.0409e-17   2.2414e-21
 4328.02   1.1236e-17   2.2312e-21
 4330.93   8.9009e-18   2.2212e-21
 4333.84   1.0922e-17   2.2112e-21
 4336.75   1.1659e-17   2.2013e-21
 4339.67   1.0438e-17   2.1914e-21
 4342.58   8.3521e-18   2.1817e-21
 4345.49   7.8732e-18   2.1720e-21
 4348.40   7.6417e-18   2.1623e-21
 4351.31   1.2771e-17   2.1527e-21
 4354.22   8.8546e-18   2.1432e-21
 4357.13   1.8003e-18   2.1338e-21
 4360.05   6.9460e-18   2.1244e-21
 4362.96   7.2631e-18   2.1151e-21
 4365.87   1.0539e-17   2.1058e-21
 4368.78   1.4839e-17   2.0966e-21
 4371.69   1.1034e-17   2.0875e-21
 4374.60   8.4467e-18   2.0785e-21
 4377.51   8.7095e-18   2.0694e-21
 4380.43   1.2575e-17   2.0605e-21
 4383.34   1.2244e-17   2.0516e-21
 4386.25   6.9747e-18   2.0428e-21
 4389.16   1.1369e-17   2.0340e-21
 4392.07   1.8426e-17   2.0253e-21
 4394.98   1.1586e-17   2.0167e-21
 4397.89   1.3577e-17   2.0081e-21
 4400.81   1.5350e-17   1.9996e-21
 4403.72   1.5271e-17   1.9911e-21
 4406.63   1.6618e-17   1.9827e-21
 4409.54   1.7151e-17   1.9743e-21
 4412.45   1.2462e-17   1.9660e-21
 4415.36   1.0434e-17   1.9578e-21
 4418.27   9.5049e-18   1.9496e-21
 4421.19   4.9138e-18   1.9414e-21
 4424.10   8.6480e-18   1.9334e-21
 4427.01   1.0538e-17   1.9253e-21
 4429.92   1.1159e-17   1.9174e-21
 4432.83   1.2719e-17   1.9094e-21
 4435.74   8.0696e-18   1.9016e-21
 4438.65   8.8879e-18   1.8937e-21
 4441.57   8.6824e-18   1.8860e-21
 4444.48   8.5004e-18   1.8782e-21
 4447.39   5.8208e-18   1.8706e-21
 4450.30   7.3340e-18   1.8629e-21
 4453.21   1.6479e-17   1.8554e-21
 4456.12   1.4996e-17   1.8479e-21
 4459.04   1.3880e-17   1.8404e-21
 4461.95   1.5292e-17   1.8330e-21
 4464.86   9.1655e-18   1.8256e-21
 4467.77   8.9628e-18   1.8183e-21
 4470.68   1.1971e-17   1.8110e-21
 4473.59   1.4559e-17   1.8037e-21
 4476.50   5.2133e-18   1.7966e-21
 4479.42   9.0596e-18   1.7894e-21
 4482.33   8.6813e-18   1.7823e-21
 4485.24   9.7134e-18   1.7753e-21
 4488.15   8.2771e-18   1.7683e-21
 4491.06   8.7794e-18   1.7613e-21
 4493.97   1.2658e-17   1.7544e-21
 4496.88   1.4071e-17   1.7475e-21
 4499.79   1.3881e-17   1.7407e-21
 4502.71   1.0718e-17   1.7347e-21
 4505.62   9.4305e-18   1.7287e-21
 4508.53   1.1386e-17   1.7228e-21
 4511.44   1.3313e-17   1.7170e-21
 4514.35   1.2666e-17   1.7111e-21
 4517.26   1.1992e-17   1.7054e-21
 4520.17   8.8306e-18   1.6996e-21
 4523.09   1.0936e-17   1.6939e-21
 4526.00   9.5359e-18   1.6882e-21
 4528.91   9.9457e-18   1.6826e-21
 4531.82   1.0361e-17   1.6769e-21
 4534.73   6.2739e-18   1.6714e-21
 4537.64   1.1627e-17   1.6658e-21
 4540.56   1.4812e-17   1.6603e-21
 4543.47   1.0411e-17   1.6548e-21
 4546.38   1.2141e-17   1.6494e-21
 4549.29   1.4193e-17   1.6440e-21
 4552.20   1.5663e-17   1.6386e-21
 4555.11   1.2223e-17   1.6333e-21
 4558.02   1.3311e-17   1.6280e-21
 4560.94   1.4311e-17   1.6227e-21
 4563.85   1.1634e-17   1.6174e-21
 4566.76   1.5923e-17   1.6122e-21
 4569.67   1.5983e-17   1.6070e-21
 4572.58   1.5019e-17   1.6019e-21
 4575.49   1.3510e-17   1.5968e-21
 4578.40   1.0644e-17   1.5917e-21
 4581.31   9.5992e-18   1.5866e-21
 4584.23   1.0646e-17   1.5816e-21
 4587.14   1.1881e-17   1.5766e-21
 4590.05   1.3067e-17   1.5716e-21
 4592.96   1.5262e-17   1.5667e-21
 4595.87   1.5286e-17   1.5618e-21
 4598.78   8.6732e-18   1.5569e-21
 4601.69   6.6346e-18   1.5520e-21
 4604.61   8.6065e-18   1.5472e-21
 4607.52   1.0475e-17   1.5424e-21
 4610.43   7.9724e-18   1.5376e-21
 4613.34   1.4133e-17   1.5329e-21
 4616.25   1.3657e-17   1.5282e-21
 4619.16   9.7962e-18   1.5235e-21
 4622.08   1.3675e-17   1.5189e-21
 4624.99   1.5375e-17   1.5142e-21
 4627.90   1.1631e-17   1.5096e-21
 4630.81   1.1292e-17   1.5051e-21
 4633.72   1.2385e-17   1.5005e-21
 4636.63   1.0789e-17   1.4960e-21
 4639.54   1.0027e-17   1.4915e-21
 4642.46   1.0908e-17   1.4870e-21
 4645.37   9.5571e-18   1.4826e-21
 4648.28   1.2671e-17   1.4782e-21
 4651.19   1.1219e-17   1.4738e-21
 4654.10   1.2855e-17   1.4694e-21
 4657.01   1.3175e-17   1.4651e-21
 4659.92   1.1992e-17   1.4608e-21
 4662.84   1.1580e-17   1.4565e-21
 4665.75   1.2991e-17   1.4522e-21
 4668.66   1.2923e-17   1.4480e-21
 4671.57   1.0293e-17   1.4438e-21
 4674.48   1.1079e-17   1.4396e-21
 4677.39   1.1209e-17   1.4354e-21
 4680.30   9.0577e-18   1.4313e-21
 4683.22   1.1765e-17   1.4272e-21
 4686.13   1.0615e-17   1.4231e-21
 4689.04   1.1102e-17   1.4190e-21
 4691.95   1.0941e-17   1.4150e-21
 4694.86   9.0010e-18   1.4110e-21
 4697.77   1.0078e-17   1.4070e-21
 4700.69   1.2147e-17   1.4030e-21
 4703.60   1.1661e-17   1.3990e-21
 4706.51   1.0488e-17   1.3951e-21
 4709.42   1.1142e-17   1.3912e-21
 4712.33   1.4161e-17   1.3873e-21
 4715.24   1.5574e-17   1.3835e-21
 4718.15   1.1664e-17   1.3796e-21
 4721.06   1.3968e-17   1.3758e-21
 4723.98   1.4289e-17   1.3720e-21
 4726.89   1.3719e-17   1.3682e-21
 4729.80   1.3556e-17   1.3645e-21
 4732.71   1.3902e-17   1.3608e-21
 4735.62   1.2997e-17   1.3570e-21
 4738.53   1.4269e-17   1.3534e-21
 4741.44   1.4922e-17   1.3497e-21
 4744.36   1.3312e-17   1.3460e-21
 4747.27   1.2792e-17   1.3424e-21
 4750.18   1.2494e-17   1.3388e-21
 4753.09   1.1763e-17   1.3352e-21
 4756.00   1.4310e-17   1.3317e-21
 4758.91   1.4669e-17   1.3281e-21
 4761.83   1.3308e-17   1.3246e-21
 4764.74   1.1360e-17   1.3211e-21
 4767.65   1.3485e-17   1.3176e-21
 4770.56   1.3096e-17   1.3141e-21
 4773.47   1.3504e-17   1.3107e-21
 4776.38   1.1393e-17   1.3073e-21
 4779.29   1.2051e-17   1.3039e-21
 4782.21   1.1943e-17   1.3005e-21
 4785.12   1.0783e-17   1.2971e-21
 4788.03   1.5344e-17   1.2938e-21
 4790.94   1.1124e-17   1.2904e-21
 4793.85   1.0067e-17   1.2871e-21
 4796.76   1.2776e-17   1.2838e-21
 4799.67   1.5183e-17   1.2805e-21
 4802.58   1.3890e-17   1.2773e-21
 4805.50   1.3423e-17   1.2740e-21
 4808.41   1.2557e-17   1.2708e-21
 4811.32   1.3598e-17   1.2676e-21
 4814.23   1.4559e-17   1.2644e-21
 4817.14   1.2257e-17   1.2613e-21
 4820.05   1.2172e-17   1.2581e-21
 4822.96   1.2417e-17   1.2550e-21
 4825.88   1.1380e-17   1.2519e-21
 4828.79   1.0662e-17   1.2488e-21
 4831.70   1.3166e-17   1.2457e-21
 4834.61   1.3147e-17   1.2426e-21
 4837.52   1.0317e-17   1.2396e-21
 4840.43   9.5326e-18   1.2366e-21
 4843.35   1.0725e-17   1.2335e-21
 4846.26   1.2552e-17   1.2305e-21
 4849.17   1.1358e-17   1.2276e-21
 4852.08   1.4064e-17   1.2246e-21
 4854.99   1.3474e-17   1.2217e-21
 4857.90   1.5231e-17   1.2187e-21
 4860.81   1.0179e-17   1.2158e-21
 4863.73   1.3316e-17   1.2129e-21
 4866.64   8.4259e-18   1.2100e-21
 4869.55   9.6250e-18   1.2072e-21
 4872.46   6.1928e-18   1.2043e-21
 4875.37   1.2524e-17   1.2015e-21
 4878.28   1.2125e-17   1.1987e-21
 4881.19   1.3285e-17   1.1959e-21
 4884.11   1.4160e-17   1.1931e-21
 4887.02   1.3680e-17   1.1903e-21
 4889.93   1.2267e-17   1.1875e-21
 4892.84   1.1001e-17   1.1848e-21
 4895.75   1.0943e-17   1.1821e-21
 4898.66   1.2720e-17   1.1794e-21
 4901.57   1.2136e-17   1.1767e-21
 4904.49   1.1324e-17   1.1740e-21
 4907.40   1.3544e-17   1.1713e-21
 4910.31   1.5490e-17   1.1687e-21
 4913.22   1.3301e-17   1.1660e-21
 4916.13   1.0915e-17   1.1634e-21
 4919.04   9.7927e-18   1.1608e-21
 4921.95   1.1190e-17   1.1582e-21
 5117.02   9.4899e-18   1.0238e-21
 5119.93   1.0651e-17   1.0222e-21
 5122.84   1.0422e-17   1.0207e-21
 5125.76   1.0177e-17   1.0192e-21
 5128.67   1.1011e-17   1.0177e-21
 5131.58   1.1427e-17   1.0162e-21
 5134.49   1.1464e-17   1.0147e-21
 5137.40   1.1241e-17   1.0132e-21
 5140.31   1.0362e-17   1.0117e-21
 5143.22   1.2217e-17   1.0102e-21
 5146.14   1.1130e-17   1.0088e-21
 5149.05   1.1577e-17   1.0073e-21
 5151.96   1.2812e-17   1.0059e-21
 5154.87   9.3004e-18   1.0044e-21
 5157.78   1.2156e-17   1.0030e-21
 5160.69   1.3756e-17   1.0016e-21
 5163.60   9.8374e-18   1.0002e-21
 5166.52   1.4884e-17   9.9877e-22
 5169.43   9.0682e-18   9.9737e-22
 5172.34   9.9005e-18   9.9598e-22
 5175.25   9.4581e-18   9.9461e-22
 5178.16   1.0849e-17   9.9323e-22
 5181.07   1.1118e-17   9.9187e-22
 5183.98   1.3028e-17   9.9052e-22
 5186.90   1.2147e-17   9.8917e-22
 5189.81   1.4475e-17   9.8783e-22
 5192.72   1.5282e-17   9.8650e-22
 5195.63   1.4101e-17   9.8518e-22
 5198.54   1.3673e-17   9.8386e-22
 5201.45   1.1676e-17   9.8255e-22
 5204.37   1.1576e-17   9.8125e-22
 5207.28   1.0642e-17   9.7996e-22
 5210.19   8.9539e-18   9.7868e-22
 5213.10   1.0822e-17   9.7740e-22
 5216.01   1.1908e-17   9.7613e-22
 5218.92   1.1212e-17   9.7487e-22
 5221.83   1.2763e-17   9.7362e-22
 5224.75   1.1835e-17   9.7237e-22
 5227.66   1.3952e-17   9.7113e-22
 5230.57   1.1446e-17   9.6990e-22
 5233.48   1.0571e-17   9.6868e-22
 5236.39   1.0453e-17   9.6746e-22
 5239.30   1.1800e-17   9.6625e-22
 5242.21   1.0596e-17   9.6505e-22
 5245.12   1.0913e-17   9.6385e-22
 5248.04   1.0324e-17   9.6267e-22
 5250.95   1.0907e-17   9.6149e-22
 5253.86   1.4360e-17   9.6031e-22
 5256.77   1.0795e-17   9.5915e-22
 5259.68   1.2383e-17   9.5799e-22
 5262.59   1.2669e-17   9.5684e-22
 5265.50   1.1023e-17   9.5569e-22
 5268.42   9.5715e-18   9.5455e-22
 5271.33   1.3199e-17   9.5342e-22
 5274.24   1.4435e-17   9.5230e-22
 5277.15   1.2230e-17   9.5118e-22
 5280.06   1.2267e-17   9.5007e-22
 5282.97   1.3821e-17   9.4897e-22
 5285.88   1.3289e-17   9.4787e-22
 5288.80   1.2591e-17   9.4678e-22
 5291.71   1.1511e-17   9.4570e-22
 5294.62   1.4017e-17   9.4463e-22
 5297.53   1.4217e-17   9.4356e-22
 5300.44   1.3756e-17   9.4249e-22
 5303.35   1.0420e-17   9.4144e-22
 5306.27   1.5623e-17   9.4039e-22
 5309.18   1.5268e-17   9.3934e-22
 5312.09   1.3989e-17   9.3831e-22
 5315.00   1.5048e-17   9.3728e-22
 5317.91   1.6212e-17   9.3626e-22
 5320.82   1.2551e-17   9.3524e-22
 5323.73   1.4362e-17   9.3423e-22
 5326.65   1.4980e-17   9.3322e-22
 5329.56   1.5453e-17   9.3223e-22
 5332.47   1.5501e-17   9.3123e-22
 5335.38   1.6293e-17   9.3025e-22
 5338.29   1.6543e-17   9.2927e-22
 5341.20   1.6461e-17   9.2830e-22
 5344.12   1.5517e-17   9.2733e-22
 5347.03   1.4317e-17   9.2637e-22
 5349.94   1.2958e-17   9.2542e-22
 5352.85   1.4603e-17   9.2447e-22
 5355.76   1.6069e-17   9.2353e-22
 5358.67   1.4968e-17   9.2259e-22
 5361.58   1.4722e-17   9.2166e-22
 5364.50   1.5038e-17   9.2074e-22
 5367.41   1.3363e-17   9.1982e-22
 5370.32   1.5019e-17   9.1891e-22
 5373.23   1.2594e-17   9.1801e-22
 5376.14   1.3665e-17   9.1711e-22
 5379.05   1.5917e-17   9.1621e-22
 5381.96   1.3102e-17   9.1533e-22
 5384.88   1.3292e-17   9.1444e-22
 5387.79   1.3709e-17   9.1357e-22
 5390.70   9.9052e-18   9.1270e-22
 5393.61   1.3463e-17   9.1183e-22
 5396.52   1.1544e-17   9.1097e-22
 5399.43   1.2298e-17   9.1012e-22
 5402.34   1.2959e-17   9.0927e-22
 5405.25   1.5894e-17   9.0843e-22
 5408.17   1.4813e-17   9.0760e-22
 5411.08   1.3035e-17   9.0677e-22
 5413.99   1.4304e-17   9.0594e-22
 5416.90   1.4465e-17   9.0512e-22
 5419.81   1.3178e-17   9.0431e-22
 5422.72   1.4173e-17   9.0350e-22
 5425.63   1.4763e-17   9.0270e-22
 5428.55   1.4964e-17   9.0190e-22
 5431.46   1.7158e-17   9.0111e-22
 5434.37   1.3703e-17   9.0033e-22
 5437.28   1.4302e-17   8.9955e-22
 5440.19   1.3762e-17   8.9877e-22
 5443.10   1.2111e-17   8.9800e-22
 5446.02   1.3570e-17   8.9724e-22
 5448.93   1.2124e-17   8.9648e-22
 5451.84   1.4036e-17   8.9572e-22
 5454.75   1.3623e-17   8.9498e-22
 5457.66   1.6411e-17   8.9423e-22
 5460.57   1.7897e-17   8.9350e-22
 5463.48   1.3985e-17   8.9276e-22
 5466.40   1.4671e-17   8.9204e-22
 5469.31   1.0751e-17   8.9131e-22
 5472.22   1.1269e-17   8.9060e-22
 5475.13   1.3229e-17   8.8988e-22
 5478.04   1.5787e-17   8.8918e-22
 5480.95   1.5848e-17   8.8848e-22
 5483.86   1.2160e-17   8.8778e-22
 5486.78   1.2149e-17   8.8709e-22
 5489.69   1.3876e-17   8.8640e-22
 5492.60   1.4683e-17   8.8572e-22
 5495.51   1.5823e-17   8.8504e-22
 5498.42   1.5579e-17   8.8437e-22
 5501.33   1.4973e-17   8.8373e-22
 5504.24   1.3784e-17   8.8313e-22
 5507.16   1.4748e-17   8.8253e-22
 5510.07   1.4633e-17   8.8194e-22
 5512.98   1.3229e-17   8.8135e-22
 5515.89   1.3698e-17   8.8077e-22
 5518.80   1.3515e-17   8.8019e-22
 5521.71   1.2268e-17   8.7962e-22
 5524.62   1.3206e-17   8.7905e-22
 5527.54   1.5007e-17   8.7848e-22
 5530.45   1.5051e-17   8.7792e-22
 5533.36   1.4542e-17   8.7737e-22
 5536.27   1.2046e-17   8.7682e-22
 5539.18   1.7241e-17   8.7627e-22
 5609.06   1.2448e-17   8.6451e-22
 5611.97   1.1561e-17   8.6407e-22
 5614.88   1.2130e-17   8.6364e-22
 5617.79   1.3696e-17   8.6321e-22
 5620.70   1.3651e-17   8.6279e-22
 5623.61   1.2486e-17   8.6237e-22
 5626.52   1.4690e-17   8.6195e-22
 5629.44   1.5842e-17   8.6154e-22
 5632.35   1.5391e-17   8.6113e-22
 5635.26   1.4257e-17   8.6073e-22
 5638.17   1.2176e-17   8.6033e-22
 5641.08   1.2608e-17   8.5993e-22
 5643.99   1.3114e-17   8.5954e-22
 5646.90   1.5256e-17   8.5915e-22
 5649.82   1.7236e-17   8.5877e-22
 5652.73   1.5269e-17   8.5839e-22
 5655.64   1.4423e-17   8.5802e-22
 5658.55   1.3106e-17   8.5764e-22
 5661.46   1.4862e-17   8.5728e-22
 5664.37   1.5318e-17   8.5691e-22
 5667.29   1.2161e-17   8.5655e-22
 5670.20   1.4697e-17   8.5620e-22
 5673.11   1.6156e-17   8.5584e-22
 5676.02   1.3487e-17   8.5549e-22
 5678.93   1.1525e-17   8.5515e-22
 5681.84   1.2347e-17   8.5481e-22
 5684.75   1.3636e-17   8.5447e-22
 5687.67   1.2953e-17   8.5414e-22
 5690.58   1.4327e-17   8.5381e-22
 5693.49   1.5815e-17   8.5348e-22
 5696.40   1.5607e-17   8.5316e-22
 5699.31   1.4816e-17   8.5284e-22
 5702.22   1.2989e-17   8.5252e-22
 5705.13   1.3631e-17   8.5221e-22
 5708.05   1.4304e-17   8.5191e-22
 5710.96   1.2895e-17   8.5160e-22
 5713.87   1.3499e-17   8.5130e-22
 5716.78   1.2304e-17   8.5100e-22
 5719.69   1.1451e-17   8.5071e-22
 5722.60   1.1821e-17   8.5042e-22
 5725.52   1.3305e-17   8.5013e-22
 5728.43   1.4674e-17   8.4985e-22
 5731.34   1.5148e-17   8.4957e-22
 5734.25   1.3099e-17   8.4930e-22
 5737.16   1.4684e-17   8.4902e-22
 5740.07   1.5455e-17   8.4876e-22
 5742.98   1.3663e-17   8.4849e-22
 5745.90   1.3377e-17   8.4823e-22
 5748.81   1.3768e-17   8.4797e-22
 5751.72   1.3265e-17   8.4772e-22
 5754.63   1.3846e-17   8.4746e-22
 5757.54   1.2407e-17   8.4722e-22
 5760.45   1.3823e-17   8.4697e-22
 5763.36   1.2889e-17   8.4673e-22
 5766.27   1.2019e-17   8.4649e-22
 5769.19   1.3940e-17   8.4626e-22
 5772.10   1.4724e-17   8.4602e-22
 5775.01   1.3544e-17   8.4580e-22
 5777.92   1.4159e-17   8.4557e-22
 5780.83   1.5647e-17   8.4535e-22
 5783.74   1.4207e-17   8.4513e-22
 5786.65   1.2996e-17   8.4492e-22
 5789.57   1.2944e-17   8.4470e-22
 5792.48   1.4396e-17   8.4450e-22
 5795.39   1.3466e-17   8.4429e-22
 5798.30   1.4438e-17   8.4409e-22
 5801.21   1.3001e-17   8.4389e-22
 5804.12   1.3228e-17   8.4369e-22
 5807.04   1.3604e-17   8.4350e-22
 5809.95   1.4386e-17   8.4331e-22
 5812.86   1.3266e-17   8.4312e-22
 5815.77   1.1361e-17   8.4294e-22
 5818.68   1.4325e-17   8.4276e-22
 5821.59   1.2504e-17   8.4258e-22
 5824.50   1.3538e-17   8.4241e-22
 5827.42   1.5638e-17   8.4223e-22
 5830.33   1.5324e-17   8.4207e-22
 5833.24   1.3893e-17   8.4190e-22
 5836.15   1.3699e-17   8.4174e-22
 5839.06   1.3862e-17   8.4158e-22
 5841.97   1.3861e-17   8.4142e-22
 5844.88   1.4501e-17   8.4127e-22
 5847.80   1.4785e-17   8.4112e-22
 5850.71   1.4108e-17   8.4097e-22
 5853.62   1.3952e-17   8.4082e-22
 5856.53   1.4140e-17   8.4068e-22
 5859.44   1.3196e-17   8.4054e-22
 5862.35   1.1799e-17   8.4041e-22
 5865.26   1.3007e-17   8.4027e-22
 5868.18   1.2772e-17   8.4014e-22
 5871.09   1.4959e-17   8.4002e-22
 5874.00   1.5898e-17   8.3989e-22
 5876.91   1.5384e-17   8.3977e-22
 5879.82   1.2905e-17   8.3965e-22
 5882.73   1.5251e-17   8.3953e-22
 5885.65   1.5489e-17   8.3942e-22
 5888.56   1.4606e-17   8.3931e-22
 5891.47   1.5287e-17   8.3920e-22
 5894.38   1.3930e-17   8.3909e-22
 5897.29   1.4837e-17   8.3899e-22
 5900.20   1.6267e-17   8.3889e-22
 5903.11   1.5962e-17   8.3879e-22
 5906.02   1.5292e-17   8.3870e-22
 5908.94   1.4502e-17   8.3860e-22
 5911.85   1.4910e-17   8.3851e-22
 5914.76   1.4501e-17   8.3843e-22
 5917.67   1.4931e-17   8.3834e-22
 5920.58   1.4725e-17   8.3826e-22
 5923.49   1.3948e-17   8.3818e-22
 5926.40   1.4259e-17   8.3810e-22
 5929.32   1.2933e-17   8.3803e-22
 5932.23   1.0568e-17   8.3796e-22
 5935.14   1.3324e-17   8.3789e-22
 5938.05   1.1888e-17   8.3782e-22
 5940.96   1.3179e-17   8.3775e-22
 5943.87   1.3824e-17   8.3769e-22
 5946.79   1.2054e-17   8.3763e-22
 5949.70   1.4005e-17   8.3757e-22
 5952.61   1.2810e-17   8.3752e-22
 5955.52   1.3449e-17   8.3747e-22
 5958.43   1.2956e-17   8.3742e-22
 5961.34   1.2936e-17   8.3737e-22
 5964.25   1.5666e-17   8.3732e-22
 5967.17   1.4306e-17   8.3728e-22
 5970.08   1.4519e-17   8.3724e-22
 5972.99   1.2618e-17   8.3720e-22
 5975.90   1.3709e-17   8.3716e-22
 5978.81   1.2475e-17   8.3713e-22
 5981.72   1.2240e-17   8.3710e-22
 5984.63   1.4502e-17   8.3707e-22
 5987.54   1.5620e-17   8.3704e-22
 5990.46   1.4720e-17   8.3702e-22
 5993.37   1.4232e-17   8.3699e-22
 5996.28   1.3521e-17   8.3697e-22
 5999.19   1.3387e-17   8.3695e-22
 6002.10   1.2527e-17   8.3684e-22
 6005.01   1.4110e-17   8.3669e-22
 6007.93   1.6103e-17   8.3654e-22
 6010.84   1.2649e-17   8.3639e-22
 6013.75   1.4515e-17   8.3624e-22
 6016.66   1.1972e-17   8.3610e-22
 6019.57   1.4579e-17   8.3596e-22
 6022.48   1.1887e-17   8.3582e-22
 6025.39   1.1055e-17   8.3569e-22
 6028.31   1.1138e-17   8.3555e-22
 6031.22   1.2415e-17   8.3542e-22
 6034.13   1.3043e-17   8.3529e-22
 6037.04   1.1922e-17   8.3516e-22
 6039.95   1.2891e-17   8.3503e-22
 6042.86   1.2388e-17   8.3491e-22
 6045.77   1.0856e-17   8.3478e-22
 6048.69   1.1160e-17   8.3466e-22
 6051.60   1.2375e-17   8.3454e-22
 6054.51   1.3803e-17   8.3443e-22
 6057.42   1.3604e-17   8.3431e-22
 6060.33   1.3115e-17   8.3420e-22
 6063.24   1.4927e-17   8.3409e-22
 6066.15   1.4743e-17   8.3398e-22
 6069.07   1.3344e-17   8.3387e-22
 6071.98   1.5447e-17   8.3376e-22
 6074.89   1.2930e-17   8.3366e-22
 6077.80   1.5831e-17   8.3356e-22
 6080.71   1.6142e-17   8.3345e-22
 6083.62   1.3999e-17   8.3336e-22
 6086.54   1.2263e-17   8.3326e-22
 6089.45   1.3669e-17   8.3316e-22
 6092.36   1.4565e-17   8.3307e-22
 6095.27   1.3964e-17   8.3298e-22
 6098.18   1.3645e-17   8.3288e-22
 6101.09   1.5039e-17   8.3279e-22
 6104.00   1.4073e-17   8.3271e-22
 6106.92   1.4868e-17   8.3262e-22
 6109.83   1.3792e-17   8.3254e-22
 6112.74   1.3810e-17   8.3245e-22
 6115.65   1.1240e-17   8.3237e-22
 6118.56   1.1854e-17   8.3229e-22
 6121.47   1.4445e-17   8.3221e-22
 6124.38   1.4932e-17   8.3214e-22
 6127.29   1.2478e-17   8.3206e-22
 6130.21   1.1462e-17   8.3199e-22
 6133.12   1.2605e-17   8.3192e-22
 6136.03   1.4778e-17   8.3184e-22
 6138.94   1.3811e-17   8.3177e-22
 6141.85   1.3139e-17   8.3171e-22
 6144.76   1.4574e-17   8.3164e-22
 6147.67   1.4578e-17   8.3157e-22
 6150.59   1.4264e-17   8.3151e-22
 6153.50   1.3415e-17   8.3145e-22
 6156.41   1.4653e-17   8.3138e-22
 6159.32   1.5285e-17   8.3132e-22
 6162.23   1.4408e-17   8.3126e-22
 6165.14   1.4505e-17   8.3121e-22
 6168.06   1.6423e-17   8.3115e-22
 6170.97   1.3376e-17   8.3109e-22
 6173.88   1.4485e-17   8.3104e-22
 6176.79   1.3090e-17   8.3099e-22
 6179.70   1.5246e-17   8.3094e-22
 6182.61   1.5316e-17   8.3089e-22
 6185.52   1.6367e-17   8.3084e-22
 6188.44   1.6136e-17   8.3079e-22
 6191.35   1.5797e-17   8.3074e-22
 6194.26   1.5662e-17   8.3069e-22
 6197.17   1.5088e-17   8.3065e-22
 6200.08   1.5121e-17   8.3060e-22
 6202.99   1.3598e-17   8.3056e-22
 6205.90   1.3701e-17   8.3052e-22
 6208.82   1.4869e-17   8.3048e-22
 6211.73   1.5809e-17   8.3044e-22
 6214.64   1.4138e-17   8.3040e-22
 6217.55   1.2993e-17   8.3036e-22
 6220.46   1.2991e-17   8.3032e-22
 6223.37   1.4609e-17   8.3029e-22
 6226.29   1.6421e-17   8.3025e-22
 6229.20   1.5879e-17   8.3022e-22
 6232.11   1.5925e-17   8.3018e-22
 6235.02   1.6353e-17   8.3015e-22
 6237.93   1.6741e-17   8.3012e-22
 6240.84   1.3488e-17   8.3008e-22
 6243.75   1.5887e-17   8.3005e-22
 6246.67   1.4823e-17   8.3002e-22
 6249.58   1.5843e-17   8.3000e-22
 6252.49   1.6200e-17   8.2997e-22
 6255.40   1.5811e-17   8.2994e-22
 6258.31   1.5551e-17   8.2991e-22
 6261.22   1.3028e-17   8.2989e-22
 6264.13   1.4823e-17   8.2986e-22
 6267.04   1.5615e-17   8.2984e-22
 6269.96   1.3934e-17   8.2981e-22
 6272.87   1.3692e-17   8.2979e-22
 6275.78   1.4480e-17   8.2976e-22
 6278.69   1.5071e-17   8.2974e-22
 6334.01   1.6388e-17   8.2940e-22
 6336.92   1.6594e-17   8.2938e-22
 6339.83   1.5648e-17   8.2937e-22
 6342.74   1.7525e-17   8.2935e-22
 6380.59   1.6174e-17   8.2917e-22
 6383.50   1.3909e-17   8.2916e-22
 6386.42   1.7058e-17   8.2914e-22
 6389.33   1.6992e-17   8.2913e-22
 6392.24   1.5835e-17   8.2911e-22
 6395.15   1.9877e-17   8.2910e-22
 6398.06   1.5424e-17   8.2909e-22
 6400.97   1.6431e-17   8.2907e-22
 6403.88   1.6617e-17   8.2906e-22
 6406.79   1.6537e-17   8.2904e-22
 6409.71   1.8074e-17   8.2902e-22
 6412.62   1.5836e-17   8.2901e-22
 6415.53   1.5377e-17   8.2899e-22
 6418.44   1.6688e-17   8.2898e-22
 6421.35   1.6595e-17   8.2896e-22
 6424.26   1.6278e-17   8.2894e-22
 6427.17   1.8032e-17   8.2893e-22
 6430.09   1.9084e-17   8.2891e-22
 6433.00   1.9397e-17   8.2889e-22
 6435.91   1.7949e-17   8.2887e-22
 6438.82   1.7048e-17   8.2885e-22
 6441.73   1.7882e-17   8.2883e-22
 6444.64   1.6179e-17   8.2881e-22
 6447.56   1.4949e-17   8.2879e-22
 6450.47   1.6928e-17   8.2877e-22
 6453.38   1.7544e-17   8.2875e-22
 6456.29   1.7779e-17   8.2873e-22
 6459.20   1.4622e-17   8.2871e-22
 6462.11   1.7520e-17   8.2869e-22
 6465.02   1.8508e-17   8.2866e-22
 6467.94   1.4499e-17   8.2864e-22
 6470.85   1.5865e-17   8.2861e-22
 6473.76   1.6636e-17   8.2859e-22
 6476.67   1.6076e-17   8.2856e-22
 6479.58   1.7059e-17   8.2854e-22
 6482.49   1.6187e-17   8.2851e-22
 6485.40   1.6826e-17   8.2848e-22
 6488.32   1.7217e-17   8.2845e-22
 6491.23   1.7207e-17   8.2842e-22
 6494.14   1.7392e-17   8.2840e-22
 6497.05   1.7214e-17   8.2836e-22
 6499.96   1.6376e-17   8.2833e-22
 6502.87   1.5307e-17   8.2837e-22
 6505.79   1.7264e-17   8.2840e-22
 6508.70   1.6527e-17   8.2844e-22
 6511.61   1.6776e-17   8.2847e-22
 6514.52   1.6123e-17   8.2850e-22
 6517.43   1.3861e-17   8.2853e-22
 6520.34   1.5596e-17   8.2856e-22
 6523.25   1.6414e-17   8.2859e-22
 6526.17   1.7710e-17   8.2862e-22
 6529.08   1.6708e-17   8.2865e-22
 6531.99   1.9057e-17   8.2867e-22
 6534.90   1.7499e-17   8.2870e-22
 6537.81   1.5690e-17   8.2872e-22
 6540.72   1.5417e-17   8.2875e-22
 6543.63   1.5684e-17   8.2877e-22
 6546.54   1.7272e-17   8.2879e-22
 6549.46   1.7960e-17   8.2881e-22
 6552.37   1.6634e-17   8.2883e-22
 6555.28   1.5681e-17   8.2885e-22
 6558.19   1.5929e-17   8.2887e-22
 6561.10   1.6472e-17   8.2888e-22
 6564.01   1.7064e-17   8.2890e-22
 6566.92   1.6313e-17   8.2891e-22
 6569.84   1.6058e-17   8.2892e-22
 6572.75   1.5822e-17   8.2894e-22
 6575.66   1.5214e-17   8.2895e-22
 6578.57   1.5404e-17   8.2895e-22
 6581.48   1.6599e-17   8.2896e-22
 6584.39   1.7327e-17   8.2897e-22
 6587.31   1.6264e-17   8.2897e-22
 6590.22   1.5002e-17   8.2898e-22
 6593.13   1.6967e-17   8.2898e-22
 6596.04   1.7032e-17   8.2898e-22
 6598.95   1.6533e-17   8.2898e-22
 6601.86   1.4537e-17   8.2898e-22
 6604.77   1.6186e-17   8.2898e-22
 6607.69   1.5274e-17   8.2897e-22
 6610.60   1.3390e-17   8.2897e-22
 6613.51   1.7666e-17   8.2896e-22
 6616.42   1.6995e-17   8.2895e-22
 6619.33   1.7974e-17   8.2894e-22
 6622.24   1.8501e-17   8.2893e-22
 6625.15   1.5502e-17   8.2891e-22
 6628.07   1.7765e-17   8.2890e-22
 6630.98   1.8320e-17   8.2888e-22
 6633.89   1.4274e-17   8.2887e-22
 6636.80   1.4882e-17   8.2885e-22
 6639.71   1.6335e-17   8.2883e-22
 6642.62   1.8855e-17   8.2880e-22
 6645.53   1.8732e-17   8.2878e-22
 6648.45   1.7234e-17   8.2875e-22
 6651.36   1.7443e-17   8.2873e-22
 6654.27   1.5760e-17   8.2870e-22
 6657.18   1.5905e-17   8.2867e-22
 6660.09   1.5302e-17   8.2864e-22
 6663.00   1.5467e-17   8.2860e-22
 6665.92   1.4436e-17   8.2857e-22
 6668.83   1.4696e-17   8.2853e-22
 6671.74   1.4741e-17   8.2849e-22
 6674.65   1.3645e-17   8.2845e-22
 6677.56   1.6451e-17   8.2841e-22
 6680.47   1.6072e-17   8.2836e-22
 6683.38   1.3835e-17   8.2832e-22
 6686.29   1.5231e-17   8.2827e-22
 6689.21   1.4353e-17   8.2822e-22
 6692.12   1.3093e-17   8.2817e-22
 6695.03   1.5652e-17   8.2811e-22
 6697.94   1.5820e-17   8.2806e-22
 6700.85   1.6514e-17   8.2800e-22
 6703.76   1.7181e-17   8.2794e-22
 6706.67   1.5574e-17   8.2788e-22
 6709.59   1.4829e-17   8.2782e-22
 6712.50   1.3802e-17   8.2776e-22
 6715.41   1.4871e-17   8.2769e-22
 6718.32   1.4264e-17   8.2762e-22
 6721.23   1.4584e-17   8.2755e-22
 6724.14   1.4853e-17   8.2748e-22
 6727.06   1.5285e-17   8.2741e-22
 6729.97   1.5637e-17   8.2733e-22
 6732.88   1.5718e-17   8.2725e-22
 6735.79   1.4410e-17   8.2717e-22
 6738.70   1.4348e-17   8.2709e-22
 6741.61   1.5625e-17   8.2701e-22
 6744.52   1.5456e-17   8.2692e-22
 6747.44   1.5722e-17   8.2683e-22
 6750.35   1.6368e-17   8.2674e-22
 6753.26   1.7073e-17   8.2665e-22
 6756.17   1.5635e-17   8.2655e-22
 6759.08   1.6469e-17   8.2646e-22
 6761.99   1.6325e-17   8.2636e-22
 6764.90   1.6327e-17   8.2626e-22
 6767.82   1.6133e-17   8.2616e-22
 6770.73   1.6219e-17   8.2605e-22
 6773.64   1.6996e-17   8.2594e-22
 6776.55   1.3864e-17   8.2584e-22
 6779.46   1.4414e-17   8.2572e-22
 6782.37   1.6360e-17   8.2561e-22
 6785.28   1.4356e-17   8.2550e-22
 6788.20   1.6779e-17   8.2538e-22
 6791.11   1.6746e-17   8.2526e-22
 6794.02   1.7089e-17   8.2514e-22
 6796.93   1.6808e-17   8.2501e-22
 6799.84   1.6513e-17   8.2488e-22
 6802.75   1.6144e-17   8.2476e-22
 6805.67   1.7182e-17   8.2462e-22
 6808.58   1.6120e-17   8.2449e-22
 6811.49   1.5351e-17   8.2436e-22
 6814.40   1.5963e-17   8.2422e-22
 6817.31   1.5930e-17   8.2408e-22
 6820.22   1.6148e-17   8.2394e-22
 6823.13   1.5955e-17   8.2379e-22
 6826.04   1.4261e-17   8.2364e-22
 6828.96   1.4119e-17   8.2349e-22
 6831.87   1.5151e-17   8.2334e-22
 6834.78   1.5433e-17   8.2319e-22
 6837.69   1.4800e-17   8.2303e-22
 6840.60   1.7835e-17   8.2288e-22
 6843.51   1.7185e-17   8.2271e-22
 6846.42   1.1717e-17   8.2255e-22
 6849.34   1.5492e-17   8.2239e-22
 6852.25   1.7576e-17   8.2222e-22
 6855.16   1.7687e-17   8.2205e-22
 6858.07   1.7103e-17   8.2188e-22
 6860.98   1.2249e-17   8.2170e-22
 6863.89   1.3372e-17   8.2152e-22
 6866.81   1.3210e-17   8.2134e-22
 6869.72   1.1975e-17   8.2116e-22
 6872.63   1.3122e-17   8.2098e-22
 6875.54   1.4734e-17   8.2079e-22
 6878.45   1.5288e-17   8.2060e-22
 6881.36   1.4235e-17   8.2041e-22
 6884.27   1.2958e-17   8.2022e-22
 6887.19   1.2962e-17   8.2002e-22
 6890.10   1.4239e-17   8.1982e-22
 6893.01   1.5291e-17   8.1962e-22
 6895.92   1.4889e-17   8.1942e-22
 6898.83   1.3458e-17   8.1921e-22
 6901.74   1.4278e-17   8.1900e-22
 6904.65   1.4906e-17   8.1879e-22
 6907.57   1.4191e-17   8.1858e-22
 6910.48   1.3559e-17   8.1836e-22
 6913.39   1.5173e-17   8.1814e-22
 6916.30   1.5217e-17   8.1792e-22
 6919.21   1.4452e-17   8.1770e-22
 6922.12   1.2904e-17   8.1748e-22
 6925.03   1.4580e-17   8.1725e-22
 6927.95   1.5230e-17   8.1702e-22
 6930.86   1.5075e-17   8.1678e-22
 6933.77   1.5926e-17   8.1655e-22
 6936.68   1.4489e-17   8.1631e-22
 6939.59   1.5419e-17   8.1607e-22
 6942.50   1.6492e-17   8.1583e-22
 6945.42   1.6315e-17   8.1558e-22
 6948.33   1.5190e-17   8.1534e-22
 6951.24   1.4764e-17   8.1509e-22
 6954.15   1.3226e-17   8.1483e-22
 6957.06   1.2940e-17   8.1458e-22
 6959.97   1.2767e-17   8.1432e-22
 6962.88   1.2065e-17   8.1406e-22
 6965.79   1.3697e-17   8.1380e-22
 6968.71   1.4204e-17   8.1354e-22
 6971.62   1.4578e-17   8.1327e-22
 6974.53   1.4035e-17   8.1300e-22
 6977.44   1.3923e-17   8.1273e-22
 6980.35   1.3296e-17   8.1245e-22
 6983.26   1.3386e-17   8.1218e-22
 6986.17   1.6238e-17   8.1190e-22
 6989.09   1.5854e-17   8.1162e-22
 6992.00   1.5405e-17   8.1133e-22
 6994.91   1.5519e-17   8.1105e-22
 6997.82   1.7183e-17   8.1076e-22
 7000.73   1.6776e-17   8.1049e-22
 7003.64   1.5734e-17   8.1029e-22
 7006.56   1.6311e-17   8.1009e-22
 7009.47   1.5128e-17   8.0989e-22
 7012.38   1.5037e-17   8.0968e-22
 7015.29   1.7614e-17   8.0948e-22
 7018.20   1.6037e-17   8.0927e-22
 7021.11   1.6455e-17   8.0906e-22
 7024.02   1.5565e-17   8.0884e-22
 7026.94   1.5870e-17   8.0862e-22
 7029.85   1.4454e-17   8.0840e-22
 7032.76   1.6648e-17   8.0818e-22
 7035.67   1.6594e-17   8.0796e-22
 7038.58   1.6452e-17   8.0773e-22
 7041.49   1.5173e-17   8.0750e-22
 7044.40   1.4234e-17   8.0727e-22
 7047.32   1.4924e-17   8.0704e-22
 7050.23   1.5973e-17   8.0680e-22
 7053.14   1.5666e-17   8.0656e-22
 7056.05   1.5980e-17   8.0632e-22
 7058.96   1.4494e-17   8.0607e-22
 7061.87   1.5413e-17   8.0583e-22
 7064.78   1.7252e-17   8.0558e-22
 7067.70   1.5836e-17   8.0533e-22
 7070.61   1.4857e-17   8.0507e-22
 7073.52   1.5820e-17   8.0482e-22
 7076.43   1.5826e-17   8.0456e-22
 7079.34   1.4046e-17   8.0430e-22
 7082.25   1.6069e-17   8.0404e-22
 7085.17   1.4239e-17   8.0377e-22
 7088.08   1.6235e-17   8.0350e-22
 7090.99   1.5796e-17   8.0323e-22
 7093.90   1.4331e-17   8.0296e-22
 7096.81   1.4781e-17   8.0268e-22
 7099.72   1.4594e-17   8.0241e-22
 7102.63   1.4581e-17   8.0213e-22
 7105.54   1.4383e-17   8.0185e-22
 7108.46   1.6799e-17   8.0156e-22
 7111.37   1.3651e-17   8.0128e-22
 7114.28   1.4976e-17   8.0099e-22
 7117.19   1.6097e-17   8.0070e-22
 7120.10   1.4513e-17   8.0040e-22
 7123.01   1.5170e-17   8.0011e-22
 7125.92   1.6132e-17   7.9981e-22
 7128.84   1.5457e-17   7.9951e-22
 7131.75   1.5167e-17   7.9921e-22
 7134.66   1.5667e-17   7.9890e-22
 7137.57   1.5324e-17   7.9860e-22
 7140.48   1.4569e-17   7.9829e-22
 7143.39   1.5029e-17   7.9798e-22
 7146.31   1.6001e-17   7.9766e-22
 7149.22   1.5176e-17   7.9735e-22
 7152.13   1.4691e-17   7.9703e-22
 7155.04   1.5083e-17   7.9671e-22
 7157.95   1.5195e-17   7.9639e-22
 7160.86   1.4796e-17   7.9606e-22
 7163.77   1.4031e-17   7.9574e-22
 7166.69   1.3050e-17   7.9541e-22
 7169.60   1.3965e-17   7.9508e-22
 7172.51   1.2820e-17   7.9474e-22
 7175.42   1.2454e-17   7.9441e-22
 7178.33   1.0958e-17   7.9407e-22
 7181.24   1.0362e-17   7.9373e-22
 7184.15   1.1703e-17   7.9339e-22
 7187.07   1.0765e-17   7.9305e-22
 7189.98   1.1133e-17   7.9271e-22
 7192.89   1.0930e-17   7.9236e-22
 7195.80   1.3004e-17   7.9201e-22
 7198.71   1.1663e-17   7.9166e-22
 7201.62   1.3405e-17   7.9131e-22
 7204.53   1.1561e-17   7.9095e-22
 7207.45   1.1646e-17   7.9059e-22
 7210.36   1.3344e-17   7.9024e-22
 7213.27   1.1624e-17   7.8987e-22
 7216.18   1.3018e-17   7.8951e-22
 7219.09   1.4089e-17   7.8915e-22
 7222.00   1.4454e-17   7.8878e-22
 7224.92   1.3242e-17   7.8841e-22
 7227.83   1.2970e-17   7.8804e-22
 7230.74   1.4281e-17   7.8767e-22
 7233.65   1.3136e-17   7.8730e-22
 7236.56   1.1766e-17   7.8692e-22
 7239.47   1.0857e-17   7.8654e-22
 7242.38   1.0963e-17   7.8616e-22
 7245.29   1.1220e-17   7.8578e-22
 7248.21   1.2523e-17   7.8540e-22
 7251.12   1.3799e-17   7.8501e-22
 7254.03   1.5327e-17   7.8463e-22
 7256.94   1.3702e-17   7.8424e-22
 7259.85   1.6518e-17   7.8385e-22
 7262.76   1.6787e-17   7.8346e-22
 7265.67   1.5281e-17   7.8307e-22
 7268.59   1.2830e-17   7.8267e-22
 7271.50   1.2308e-17   7.8227e-22
 7274.41   1.3398e-17   7.8188e-22
 7277.32   1.0809e-17   7.8148e-22
 7280.23   1.1233e-17   7.8108e-22
 7283.14   1.1508e-17   7.8067e-22
 7286.06   1.2945e-17   7.8027e-22
 7288.97   1.2725e-17   7.7986e-22
 7291.88   9.6798e-18   7.7945e-22
 7294.79   1.1425e-17   7.7905e-22
 7297.70   1.0731e-17   7.7863e-22
 7300.61   1.0985e-17   7.7822e-22
 7303.52   1.0069e-17   7.7781e-22
 7306.44   1.4619e-17   7.7739e-22
 7309.35   1.4067e-17   7.7698e-22
 7312.26   1.4253e-17   7.7656e-22
 7315.17   1.5565e-17   7.7614e-22
 7318.08   1.4688e-17   7.7572e-22
 7320.99   1.1810e-17   7.7530e-22
 7323.90   1.2365e-17   7.7487e-22
 7326.82   1.3214e-17   7.7445e-22
 7329.73   1.5555e-17   7.7402e-22
 7332.64   1.5645e-17   7.7360e-22
 7335.55   1.5089e-17   7.7317e-22
 7338.46   1.3903e-17   7.7274e-22
 7341.37   1.2166e-17   7.7231e-22
 7344.28   1.3510e-17   7.7187e-22
 7347.20   1.4307e-17   7.7144e-22
 7350.11   1.3961e-17   7.7100e-22
 7353.02   1.2722e-17   7.7057e-22
 7355.93   1.3666e-17   7.7013e-22
 7358.84   1.4801e-17   7.6969e-22
 7361.75   1.2902e-17   7.6925e-22
 7364.67   1.2231e-17   7.6881e-22
 7367.58   1.2378e-17   7.6837e-22
 7370.49   1.3234e-17   7.6793e-22
 7373.40   1.1738e-17   7.6748e-22
 7376.31   1.0091e-17   7.6704e-22
 7379.22   1.2177e-17   7.6659e-22
 7382.13   1.3016e-17   7.6615e-22
 7385.04   1.0241e-17   7.6570e-22
 7387.96   1.2299e-17   7.6525e-22
 7390.87   1.4356e-17   7.6480e-22
 7393.78   1.3491e-17   7.6435e-22
 7396.69   1.4438e-17   7.6390e-22
 7399.60   1.1967e-17   7.6344e-22
 7402.51   1.3594e-17   7.6299e-22
 7405.42   1.4717e-17   7.6254e-22
 7408.34   1.1918e-17   7.6208e-22
 7411.25   1.4185e-17   7.6162e-22
 7414.16   1.3222e-17   7.6117e-22
 7417.07   1.4595e-17   7.6071e-22
 7419.98   1.3270e-17   7.6025e-22
 7422.89   1.2210e-17   7.5979e-22
 7425.81   1.3112e-17   7.5933e-22
 7428.72   1.4366e-17   7.5887e-22
 7431.63   1.4172e-17   7.5841e-22
 7434.54   1.4786e-17   7.5795e-22
 7437.45   1.5357e-17   7.5748e-22
 7440.36   1.4389e-17   7.5702e-22
 7443.27   1.1903e-17   7.5656e-22
 7446.19   1.2266e-17   7.5609e-22
 7449.10   1.4320e-17   7.5563e-22
 7452.01   1.5106e-17   7.5516e-22
 7454.92   1.4673e-17   7.5469e-22
 7457.83   1.2881e-17   7.5423e-22
 7460.74   1.2706e-17   7.5376e-22
 7463.65   1.4330e-17   7.5329e-22
 7466.57   1.4333e-17   7.5282e-22
 7469.48   1.3215e-17   7.5236e-22
 7472.39   1.3340e-17   7.5189e-22
 7475.30   1.4424e-17   7.5142e-22
 7478.21   7.1740e-18   7.5095e-22
 7481.12   4.9035e-18   7.5048e-22
 7484.03   5.0193e-18   7.5001e-22
 7486.95   1.1020e-17   7.4953e-22
 7489.86   1.4152e-17   7.4906e-22
 7492.77   1.5131e-17   7.4859e-22
 7495.68   1.4246e-17   7.4812e-22
 7498.59   1.1513e-17   7.4765e-22
 7501.50   1.2683e-17   7.4717e-22
 7504.42   1.3534e-17   7.4670e-22
 7507.33   1.3564e-17   7.4623e-22
 7510.24   1.4031e-17   7.4576e-22
 7513.15   1.5177e-17   7.4528e-22
 7516.06   1.3598e-17   7.4481e-22
 7518.97   1.4725e-17   7.4434e-22
 7521.88   1.4070e-17   7.4386e-22
 7524.79   1.4886e-17   7.4339e-22
 7527.71   1.4215e-17   7.4291e-22
 7530.62   1.2551e-17   7.4244e-22
 7533.53   1.4636e-17   7.4197e-22
 7536.44   1.3860e-17   7.4149e-22
 7539.35   1.3766e-17   7.4102e-22
 7542.26   1.3175e-17   7.4054e-22
 7545.17   1.3255e-17   7.4007e-22
 7548.09   1.3047e-17   7.3960e-22
 7551.00   1.3014e-17   7.3912e-22
 7553.91   1.3687e-17   7.3865e-22
 7556.82   1.4861e-17   7.3818e-22
 7559.73   1.4623e-17   7.3770e-22
 7562.64   1.2804e-17   7.3723e-22
 7565.56   1.3408e-17   7.3676e-22
 7568.47   1.3818e-17   7.3628e-22
 7571.38   1.3749e-17   7.3581e-22
 7574.29   1.4614e-17   7.3534e-22
 7577.20   1.4195e-17   7.3487e-22
 7580.11   1.4305e-17   7.3439e-22
 7583.02   1.3686e-17   7.3392e-22
 7585.94   1.2604e-17   7.3345e-22
 7588.85   1.1416e-17   7.3298e-22
 7591.76   8.0726e-18   7.3251e-22
 7594.67   5.6692e-18   7.3204e-22
 7597.58   7.6247e-18   7.3157e-22
 7600.49   5.4181e-18   7.3110e-22
 7603.40   6.5150e-18   7.3063e-22
 7606.32   6.4131e-18   7.3016e-22
 7609.23   6.5065e-18   7.2970e-22
 7612.14   6.7881e-18   7.2923e-22
 7615.05   7.1594e-18   7.2876e-22
 7617.96   7.7171e-18   7.2829e-22
 7620.87   8.3484e-18   7.2783e-22
 7623.78   7.3759e-18   7.2736e-22
 7626.70   6.6007e-18   7.2690e-22
 7629.61   6.8669e-18   7.2643e-22
 7632.52   7.5105e-18   7.2597e-22
 7635.43   7.3988e-18   7.2551e-22
 7638.34   7.9184e-18   7.2504e-22
 7641.25   8.9221e-18   7.2458e-22
 7644.17   8.6151e-18   7.2412e-22
 7647.08   8.2216e-18   7.2366e-22
 7649.99   8.8069e-18   7.2320e-22
 7652.90   9.8162e-18   7.2274e-22
 7655.81   1.0340e-17   7.2228e-22
 7658.72   1.0216e-17   7.2183e-22
 7661.63   1.0358e-17   7.2137e-22
 7664.54   1.1112e-17   7.2091e-22
 7667.46   1.1667e-17   7.2046e-22
 7670.37   1.0460e-17   7.2000e-22
 7673.28   1.0842e-17   7.1955e-22
 7676.19   1.3750e-17   7.1910e-22
 7679.10   1.4030e-17   7.1865e-22
 7682.01   1.3716e-17   7.1820e-22
 7684.92   1.3272e-17   7.1775e-22
 7687.84   1.3125e-17   7.1730e-22
 7690.75   1.2020e-17   7.1685e-22
 7693.66   1.5008e-17   7.1640e-22
 7696.57   1.5851e-17   7.1596e-22
 7699.48   1.6765e-17   7.1551e-22
 7702.39   1.5336e-17   7.1507e-22
 7705.31   1.3626e-17   7.1463e-22
 7708.22   1.5475e-17   7.1419e-22
 7711.13   1.6174e-17   7.1375e-22
 7714.04   1.4786e-17   7.1331e-22
 7716.95   1.0877e-17   7.1287e-22
 7719.86   1.0244e-17   7.1243e-22
 7722.77   1.5346e-17   7.1200e-22
 7725.69   1.4693e-17   7.1156e-22
 7728.60   1.3450e-17   7.1113e-22
 7731.51   1.4982e-17   7.1070e-22
 7734.42   1.4425e-17   7.1027e-22
 7737.33   1.4781e-17   7.0984e-22
 7740.24   2.0800e-17   7.0941e-22
 7743.15   2.2618e-17   7.0898e-22
 7746.07   2.2659e-17   7.0855e-22
 7748.98   2.0745e-17   7.0813e-22
 7751.89   1.9129e-17   7.0771e-22
 7754.80   2.1432e-17   7.0729e-22
 7757.71   1.9659e-17   7.0686e-22
 7760.62   1.7880e-17   7.0645e-22
 7763.53   1.5132e-17   7.0603e-22
 7766.45   1.6202e-17   7.0561e-22
 7769.36   1.6754e-17   7.0520e-22
 7772.27   1.6100e-17   7.0478e-22
 7775.18   1.5984e-17   7.0437e-22
 7778.09   1.4687e-17   7.0396e-22
 7781.00   1.7478e-17   7.0355e-22
 7783.92   1.7905e-17   7.0315e-22
 7786.83   1.7633e-17   7.0274e-22
 7789.74   1.5792e-17   7.0234e-22
 7792.65   1.6897e-17   7.0193e-22
 7795.56   1.6535e-17   7.0153e-22
 7798.47   1.4237e-17   7.0113e-22
 7801.38   1.4859e-17   7.0074e-22
 7804.29   1.2905e-17   7.0034e-22
 7807.21   1.5035e-17   6.9994e-22
 7810.12   1.1538e-17   6.9955e-22
 7813.03   1.2621e-17   6.9916e-22
 7815.94   1.2555e-17   6.9877e-22
 7818.85   1.3523e-17   6.9838e-22
 7821.76   1.3108e-17   6.9800e-22
 7824.67   1.1670e-17   6.9761e-22
 7827.59   1.2381e-17   6.9723e-22
 7830.50   1.3892e-17   6.9685e-22
 7833.41   2.7051e-17   6.9647e-22
 7836.32   3.0172e-17   6.9609e-22
 7839.23   2.8978e-17   6.9572e-22
 7842.14   2.0052e-17   6.9535e-22
 7845.06   1.6470e-17   6.9498e-22
 7847.97   1.3564e-17   6.9461e-22
 7850.88   1.4794e-17   6.9424e-22
 7853.79   1.4653e-17   6.9387e-22
 7856.70   1.7114e-17   6.9351e-22
 7859.61   1.4012e-17   6.9315e-22
 7862.52   1.7729e-17   6.9279e-22
 7865.44   1.0681e-17   6.9243e-22
 7868.35   1.4849e-17   6.9207e-22
 7871.26   9.3082e-18   6.9172e-22
 7874.17   1.3566e-17   6.9137e-22
 7877.08   1.5403e-17   6.9102e-22
 7879.99   1.4355e-17   6.9067e-22
 7882.90   1.3410e-17   6.9032e-22
 7885.82   1.3990e-17   6.8998e-22
 7888.73   1.4357e-17   6.8964e-22
 7891.64   1.2933e-17   6.8930e-22
 7894.55   1.4858e-17   6.8896e-22
 7897.46   1.5930e-17   6.8863e-22
 7900.37   1.2347e-17   6.8829e-22
 7903.29   9.8101e-18   6.8796e-22
 7906.20   1.1583e-17   6.8763e-22
 7909.11   1.1937e-17   6.8731e-22
 7912.02   1.2729e-17   6.8698e-22
 7914.93   1.4283e-17   6.8666e-22
 7917.84   1.5503e-17   6.8634e-22
 7920.75   1.5490e-17   6.8603e-22
 7923.67   1.3071e-17   6.8571e-22
 7926.58   1.3507e-17   6.8540e-22
 7929.49   1.3244e-17   6.8509e-22
 7932.40   1.4201e-17   6.8478e-22
 7935.31   1.5832e-17   6.8447e-22
 7938.22   1.5761e-17   6.8417e-22
 7941.13   1.4555e-17   6.8387e-22
 7944.04   1.5332e-17   6.8357e-22
 7946.96   1.5283e-17   6.8327e-22
 7949.87   1.4922e-17   6.8298e-22
 7952.78   1.6002e-17   6.8269e-22
 7955.69   1.6659e-17   6.8240e-22
 7958.60   1.2840e-17   6.8211e-22
 7961.51   1.3809e-17   6.8183e-22
 7964.42   1.4098e-17   6.8155e-22
 7967.34   1.2275e-17   6.8127e-22
 7970.25   1.2904e-17   6.8099e-22
 7973.16   1.3854e-17   6.8072e-22
 7976.07   1.3406e-17   6.8045e-22
 7978.98   1.2609e-17   6.8018e-22
 7981.89   1.3498e-17   6.7991e-22
 7984.81   1.2490e-17   6.7965e-22
 7987.72   1.2877e-17   6.7939e-22
 7990.63   1.3714e-17   6.7913e-22
 7993.54   1.2903e-17   6.7887e-22
 7996.45   1.2167e-17   6.7862e-22
 7999.36   1.1651e-17   6.7837e-22
 8002.27   1.4482e-17   6.7814e-22
 8005.19   1.2695e-17   6.7792e-22
 8008.10   1.1605e-17   6.7771e-22
 8011.01   1.4830e-17   6.7750e-22
 8013.92   1.3727e-17   6.7729e-22
 8016.83   1.3750e-17   6.7708e-22
 8019.74   1.3307e-17   6.7688e-22
 8022.65   1.3292e-17   6.7668e-22
 8025.57   1.0634e-17   6.7648e-22
 8028.48   1.3911e-17   6.7628e-22
 8031.39   1.4114e-17   6.7609e-22
 8034.30   1.2112e-17   6.7590e-22
 8037.21   1.1312e-17   6.7571e-22
 8040.12   1.2389e-17   6.7553e-22
 8043.04   1.3349e-17   6.7535e-22
 8045.95   1.1971e-17   6.7517e-22
 8048.86   1.1289e-17   6.7499e-22
 8051.77   1.1397e-17   6.7482e-22
 8054.68   1.0336e-17   6.7465e-22
 8057.59   1.0916e-17   6.7449e-22
 8060.50   1.1284e-17   6.7432e-22
 8063.42   1.0622e-17   6.7416e-22
 8066.33   1.1428e-17   6.7400e-22
 8069.24   1.1145e-17   6.7385e-22
 8072.15   1.1013e-17   6.7370e-22
 8075.06   1.2142e-17   6.7355e-22
 8077.97   1.0802e-17   6.7340e-22
 8080.88   1.2138e-17   6.7326e-22
