 
TRANSIENT_NAME:     DES15E1iuh 
SNID:               1317523    
OBS_DATE:           2015-10-01
MJD:                57296. 
PHASE_EXP:          +13.   
MJD_EXP:            57281.1 (De Jaeger et. al.: MNRAS, 495, 4860D, 2020)
TYPE:               29 
SPEC_EVAL:          SNII
REDSHIFT:           0.1050  
REDSHIFT_ERR:       0.0005  
REDSHIFT_SOURCE:    Z_GAL
TELESCOPE:          VLT
INSTRUMENT:         X-SHOOTER
 
======================================
 
# WAVE  FLUX  FLUX_ERR
 3050.00   3.4735e-17   9.9999e+04
 3055.00   3.4735e-17   3.9708e-17
 3060.00   2.4614e-17   3.1927e-17
 3065.00   3.0444e-17   2.5753e-17
 3070.00  -7.1339e-18   2.0400e-17
 3075.00   9.0282e-18   1.6809e-17
 3080.00   1.8662e-17   1.4614e-17
 3085.00   2.0060e-17   1.2661e-17
 3090.00   4.4587e-18   1.0834e-17
 3095.00   1.0451e-17   9.4150e-18
 3100.00   1.8050e-17   8.4502e-18
 3105.00   1.2837e-17   7.7811e-18
 3110.00   1.4136e-17   7.2639e-18
 3115.00   2.6295e-17   6.7636e-18
 3120.00   1.5346e-17   6.3607e-18
 3125.00   1.1495e-17   5.9767e-18
 3130.00   1.4295e-17   5.8599e-18
 3135.00   2.4366e-17   5.7878e-18
 3140.00   1.8159e-17   5.7420e-18
 3145.00   2.0724e-17   5.6816e-18
 3150.00   9.8063e-18   5.7283e-18
 3155.00   1.2919e-17   5.6691e-18
 3160.00   1.2156e-17   5.6535e-18
 3165.00   2.1622e-17   5.6070e-18
 3170.00   1.9077e-17   5.5623e-18
 3175.00   1.6658e-17   5.4534e-18
 3180.00   1.3830e-17   5.2281e-18
 3185.00   2.0099e-17   4.9172e-18
 3190.00   2.4862e-17   4.6499e-18
 3195.00   1.0663e-17   4.4021e-18
 3200.00   1.8776e-17   4.2973e-18
 3205.00   1.7170e-17   4.0081e-18
 3210.00   2.0611e-17   3.8017e-18
 3215.00   2.2093e-17   3.4084e-18
 3220.00   1.8920e-17   3.2348e-18
 3225.00   1.7532e-17   3.0239e-18
 3230.00   2.4407e-17   2.8527e-18
 3235.00   2.6437e-17   2.6957e-18
 3240.00   2.5543e-17   2.6119e-18
 3245.00   2.2935e-17   2.5398e-18
 3250.00   2.4285e-17   2.4838e-18
 3255.00   2.2026e-17   2.4666e-18
 3260.00   2.2804e-17   2.5175e-18
 3265.00   1.8636e-17   2.4924e-18
 3270.00   2.6913e-17   2.5361e-18
 3275.00   2.3999e-17   2.5490e-18
 3280.00   2.4643e-17   2.5660e-18
 3285.00   2.4711e-17   2.6449e-18
 3290.00   1.8209e-17   2.6748e-18
 3295.00   2.7341e-17   2.8710e-18
 3300.00   2.6185e-17   2.8510e-18
 3305.00   2.0664e-17   2.8489e-18
 3310.00   1.9074e-17   2.8585e-18
 3315.00   2.0700e-17   2.8854e-18
 3320.00   1.9771e-17   2.8299e-18
 3325.00   2.0801e-17   2.7448e-18
 3330.00   2.1443e-17   2.6236e-18
 3335.00   2.0188e-17   2.4882e-18
 3340.00   2.1003e-17   2.3716e-18
 3345.00   1.8997e-17   2.2551e-18
 3350.00   1.6560e-17   2.1547e-18
 3355.00   1.8453e-17   2.0957e-18
 3360.00   1.8462e-17   1.9299e-18
 3365.00   2.3276e-17   1.9349e-18
 3370.00   2.0021e-17   1.9558e-18
 3375.00   2.3748e-17   1.8601e-18
 3380.00   2.2836e-17   1.7788e-18
 3385.00   2.0865e-17   1.7310e-18
 3390.00   2.1393e-17   1.7054e-18
 3395.00   2.1322e-17   1.6726e-18
 3400.00   1.9575e-17   1.6893e-18
 3405.00   2.4499e-17   1.6624e-18
 3410.00   1.8784e-17   1.6492e-18
 3415.00   2.3524e-17   1.6590e-18
 3420.00   2.0963e-17   1.7328e-18
 3425.00   2.3903e-17   1.8290e-18
 3430.00   2.0820e-17   1.8125e-18
 3435.00   2.1373e-17   1.8736e-18
 3440.00   1.7350e-17   1.8712e-18
 3445.00   2.0285e-17   1.9016e-18
 3450.00   2.4487e-17   2.0208e-18
 3455.00   1.7045e-17   2.0519e-18
 3460.00   2.1134e-17   2.0424e-18
 3465.00   1.8547e-17   2.0542e-18
 3470.00   2.5241e-17   2.0500e-18
 3475.00   2.1227e-17   1.9659e-18
 3480.00   2.4108e-17   1.9663e-18
 3485.00   2.1670e-17   1.8739e-18
 3490.00   1.9042e-17   1.8108e-18
 3495.00   2.2461e-17   1.6785e-18
 3500.00   2.1169e-17   1.6045e-18
 3505.00   2.2632e-17   1.5634e-18
 3510.00   2.2905e-17   1.5209e-18
 3515.00   2.1213e-17   1.3972e-18
 3520.00   1.9599e-17   1.3347e-18
 3525.00   1.8800e-17   1.2657e-18
 3530.00   2.2315e-17   1.2523e-18
 3535.00   2.0926e-17   1.2019e-18
 3540.00   2.0607e-17   1.2096e-18
 3545.00   1.9973e-17   1.2415e-18
 3550.00   2.1896e-17   1.1798e-18
 3555.00   1.9655e-17   1.1484e-18
 3560.00   2.0917e-17   1.1122e-18
 3565.00   1.8212e-17   1.0128e-18
 3570.00   1.6356e-17   9.6859e-19
 3575.00   1.9347e-17   1.0009e-18
 3580.00   1.6417e-17   9.5197e-19
 3585.00   1.6334e-17   9.4746e-19
 3590.00   1.9691e-17   1.0305e-18
 3595.00   1.9063e-17   1.1136e-18
 3600.00   1.8198e-17   1.2139e-18
 3605.00   1.5813e-17   1.2163e-18
 3610.00   1.8743e-17   1.2602e-18
 3615.00   1.7635e-17   1.3208e-18
 3620.00   1.7195e-17   1.3557e-18
 3625.00   1.8157e-17   1.4097e-18
 3630.00   2.1193e-17   1.4242e-18
 3635.00   2.0146e-17   1.4461e-18
 3640.00   1.8715e-17   1.4506e-18
 3645.00   1.8126e-17   1.3999e-18
 3650.00   1.8365e-17   1.3535e-18
 3655.00   1.9142e-17   1.3292e-18
 3660.00   1.9284e-17   1.2782e-18
 3665.00   1.7026e-17   1.1951e-18
 3670.00   1.9334e-17   1.1292e-18
 3675.00   1.8909e-17   1.0908e-18
 3680.00   2.0822e-17   1.0339e-18
 3685.00   1.8925e-17   9.7473e-19
 3690.00   1.9643e-17   9.3765e-19
 3695.00   2.1388e-17   9.0515e-19
 3700.00   1.8848e-17   9.0677e-19
 3705.00   1.7604e-17   8.4979e-19
 3710.00   1.9788e-17   8.3014e-19
 3715.00   1.7878e-17   8.2982e-19
 3720.00   1.7785e-17   7.5044e-19
 3725.00   1.7781e-17   7.7671e-19
 3730.00   1.9623e-17   7.8222e-19
 3735.00   1.8847e-17   7.3390e-19
 3740.00   1.8791e-17   7.8154e-19
 3745.00   1.7673e-17   7.2790e-19
 3750.00   2.0128e-17   7.1363e-19
 3755.00   1.7478e-17   7.6519e-19
 3760.00   1.6574e-17   7.2976e-19
 3765.00   1.8020e-17   7.5371e-19
 3770.00   1.7305e-17   7.7527e-19
 3775.00   1.9871e-17   8.4085e-19
 3780.00   1.7408e-17   8.6392e-19
 3785.00   1.8124e-17   8.8478e-19
 3790.00   1.8054e-17   8.7777e-19
 3795.00   1.8805e-17   9.0137e-19
 3800.00   1.8552e-17   9.0425e-19
 3805.00   1.9724e-17   9.3594e-19
 3810.00   1.7846e-17   9.4475e-19
 3815.00   1.7858e-17   9.4061e-19
 3820.00   2.0635e-17   9.2235e-19
 3825.00   2.0618e-17   8.9553e-19
 3830.00   1.8815e-17   9.0152e-19
 3835.00   1.9673e-17   8.8176e-19
 3840.00   1.9296e-17   8.5439e-19
 3845.00   1.8300e-17   8.5755e-19
 3850.00   1.7450e-17   8.2171e-19
 3855.00   1.9928e-17   7.9279e-19
 3860.00   1.7990e-17   7.6292e-19
 3865.00   1.9776e-17   7.6966e-19
 3870.00   2.0747e-17   7.1950e-19
 3875.00   1.9028e-17   7.1519e-19
 3880.00   1.9816e-17   6.7165e-19
 3885.00   1.9177e-17   6.5343e-19
 3890.00   1.8700e-17   6.4835e-19
 3895.00   1.8888e-17   6.5991e-19
 3900.00   1.8796e-17   6.3593e-19
 3905.00   1.9739e-17   6.2852e-19
 3910.00   1.8508e-17   6.4249e-19
 3915.00   2.1212e-17   6.4242e-19
 3920.00   2.0196e-17   6.0270e-19
 3925.00   2.0109e-17   5.9046e-19
 3930.00   2.1355e-17   5.5526e-19
 3935.00   1.9232e-17   5.3353e-19
 3940.00   2.1493e-17   5.9314e-19
 3945.00   2.0483e-17   6.0468e-19
 3950.00   1.9614e-17   6.1481e-19
 3955.00   1.8897e-17   6.0574e-19
 3960.00   1.9912e-17   6.0416e-19
 3965.00   1.9718e-17   5.7357e-19
 3970.00   1.9735e-17   5.5916e-19
 3975.00   2.0066e-17   6.2347e-19
 3980.00   1.9837e-17   6.5316e-19
 3985.00   2.0299e-17   6.5975e-19
 3990.00   1.9240e-17   6.7913e-19
 3995.00   1.9971e-17   6.8288e-19
 4000.00   1.9351e-17   7.0401e-19
 4005.00   1.9278e-17   6.9626e-19
 4010.00   1.9023e-17   7.2607e-19
 4015.00   1.8602e-17   7.2239e-19
 4020.00   1.7643e-17   7.2333e-19
 4025.00   1.8996e-17   7.2380e-19
 4030.00   2.0124e-17   7.1546e-19
 4035.00   1.8975e-17   7.0254e-19
 4040.00   1.9840e-17   7.1685e-19
 4045.00   1.7988e-17   6.9448e-19
 4050.00   1.8713e-17   6.9448e-19
 4055.00   1.9178e-17   6.7088e-19
 4060.00   1.8956e-17   6.6289e-19
 4065.00   1.9659e-17   6.9136e-19
 4070.00   1.9495e-17   6.7272e-19
 4075.00   1.8985e-17   6.4248e-19
 4080.00   1.9509e-17   6.4178e-19
 4085.00   1.8604e-17   6.0579e-19
 4090.00   1.9623e-17   5.9845e-19
 4095.00   1.9126e-17   5.7463e-19
 4100.00   1.8930e-17   5.4009e-19
 4105.00   1.9251e-17   5.5949e-19
 4110.00   1.8683e-17   5.4277e-19
 4115.00   1.9152e-17   5.4752e-19
 4120.00   2.0705e-17   5.3684e-19
 4125.00   2.0670e-17   5.3590e-19
 4130.00   1.8220e-17   5.1780e-19
 4135.00   1.9114e-17   5.2390e-19
 4140.00   1.8210e-17   5.2051e-19
 4145.00   1.7839e-17   5.0811e-19
 4150.00   1.8135e-17   5.1000e-19
 4155.00   1.7614e-17   5.1937e-19
 4160.00   1.7148e-17   5.2330e-19
 4165.00   1.7574e-17   5.3541e-19
 4170.00   1.8815e-17   5.3850e-19
 4175.00   1.8581e-17   5.2847e-19
 4180.00   1.7719e-17   5.3447e-19
 4185.00   1.7810e-17   5.3461e-19
 4190.00   1.7911e-17   5.3599e-19
 4195.00   1.8051e-17   5.4538e-19
 4200.00   1.7068e-17   5.3282e-19
 4205.00   1.7221e-17   5.5279e-19
 4210.00   1.7408e-17   5.6830e-19
 4215.00   1.7162e-17   5.6449e-19
 4220.00   1.7613e-17   5.7451e-19
 4225.00   1.6859e-17   5.5172e-19
 4230.00   1.6106e-17   5.8372e-19
 4235.00   1.5661e-17   5.7705e-19
 4240.00   1.5317e-17   5.8704e-19
 4245.00   1.6260e-17   5.8817e-19
 4250.00   1.6012e-17   5.8068e-19
 4255.00   1.7075e-17   5.9254e-19
 4260.00   1.5991e-17   5.7676e-19
 4265.00   1.7045e-17   5.9527e-19
 4270.00   1.7461e-17   5.7008e-19
 4275.00   1.5298e-17   5.6792e-19
 4280.00   1.7329e-17   5.7052e-19
 4285.00   1.6741e-17   5.5529e-19
 4290.00   1.5699e-17   5.8253e-19
 4295.00   1.7473e-17   5.6960e-19
 4300.00   1.7266e-17   5.2466e-19
 4305.00   1.8303e-17   5.1679e-19
 4310.00   1.7930e-17   4.9781e-19
 4315.00   1.8456e-17   5.2469e-19
 4320.00   1.8449e-17   5.1805e-19
 4325.00   1.9181e-17   4.7394e-19
 4330.00   1.8214e-17   4.9112e-19
 4335.00   1.8291e-17   4.8726e-19
 4340.00   1.9129e-17   4.4622e-19
 4345.00   1.8508e-17   4.5817e-19
 4350.00   1.7876e-17   4.4756e-19
 4355.00   1.8051e-17   4.4689e-19
 4360.00   1.8138e-17   4.5240e-19
 4365.00   1.8409e-17   4.4311e-19
 4370.00   1.8007e-17   4.4050e-19
 4375.00   1.6067e-17   4.4092e-19
 4380.00   1.7522e-17   4.4024e-19
 4385.00   1.7655e-17   4.0869e-19
 4390.00   1.7462e-17   4.2771e-19
 4395.00   1.7539e-17   4.2983e-19
 4400.00   1.7334e-17   4.3612e-19
 4405.00   1.6852e-17   4.3697e-19
 4410.00   1.6113e-17   4.5206e-19
 4415.00   1.7060e-17   4.4744e-19
 4420.00   1.5720e-17   4.5558e-19
 4425.00   1.5971e-17   4.5388e-19
 4430.00   1.6124e-17   4.5287e-19
 4435.00   1.6380e-17   4.5570e-19
 4440.00   1.6165e-17   4.6789e-19
 4445.00   1.6234e-17   4.7005e-19
 4450.00   1.7205e-17   4.7617e-19
 4455.00   1.6192e-17   4.7341e-19
 4460.00   1.6152e-17   4.7349e-19
 4465.00   1.6586e-17   4.9265e-19
 4470.00   1.7886e-17   5.0120e-19
 4475.00   1.7088e-17   5.2683e-19
 4480.00   1.6084e-17   5.0282e-19
 4485.00   1.8377e-17   5.2302e-19
 4490.00   1.7991e-17   5.1825e-19
 4495.00   1.7085e-17   5.2792e-19
 4500.00   1.6429e-17   5.2983e-19
 4505.00   1.7588e-17   5.3734e-19
 4510.00   1.7950e-17   5.3655e-19
 4515.00   1.7642e-17   5.3013e-19
 4520.00   1.8196e-17   5.3211e-19
 4525.00   1.6545e-17   5.2356e-19
 4530.00   1.8156e-17   5.2124e-19
 4535.00   1.7018e-17   5.3420e-19
 4540.00   1.7204e-17   5.8741e-19
 4545.00   1.6272e-17   5.6195e-19
 4550.00   1.7321e-17   5.3582e-19
 4555.00   1.6157e-17   5.1729e-19
 4560.00   1.6680e-17   5.1152e-19
 4565.00   1.6950e-17   4.9018e-19
 4570.00   1.6439e-17   4.7621e-19
 4575.00   1.5222e-17   4.7132e-19
 4580.00   1.5447e-17   4.5412e-19
 4585.00   1.6398e-17   4.4584e-19
 4590.00   1.6443e-17   4.3622e-19
 4595.00   1.5979e-17   4.2762e-19
 4600.00   1.5719e-17   4.1710e-19
 4605.00   1.5419e-17   4.0830e-19
 4610.00   1.5300e-17   4.0858e-19
 4615.00   1.4942e-17   4.0201e-19
 4620.00   1.5083e-17   3.9868e-19
 4625.00   1.5087e-17   3.9523e-19
 4630.00   1.5778e-17   3.8670e-19
 4635.00   1.5189e-17   3.8137e-19
 4640.00   1.4894e-17   3.8132e-19
 4645.00   1.4585e-17   3.7514e-19
 4650.00   1.4988e-17   3.7108e-19
 4655.00   1.4411e-17   3.7326e-19
 4660.00   1.4373e-17   3.8119e-19
 4665.00   1.3791e-17   3.6488e-19
 4670.00   1.4508e-17   3.7006e-19
 4675.00   1.4181e-17   3.7567e-19
 4680.00   1.3738e-17   3.6890e-19
 4685.00   1.3879e-17   3.7625e-19
 4690.00   1.4816e-17   3.7883e-19
 4695.00   1.6037e-17   3.8327e-19
 4700.00   1.4615e-17   3.7664e-19
 4705.00   1.5141e-17   3.8342e-19
 4710.00   1.5726e-17   3.9402e-19
 4715.00   1.5754e-17   3.9917e-19
 4720.00   1.5834e-17   4.1173e-19
 4725.00   1.5574e-17   3.9950e-19
 4730.00   1.4945e-17   3.9583e-19
 4735.00   1.5350e-17   4.1909e-19
 4740.00   1.5288e-17   4.1388e-19
 4745.00   1.5576e-17   4.1391e-19
 4750.00   1.5484e-17   4.1042e-19
 4755.00   1.6002e-17   4.1493e-19
 4760.00   1.6095e-17   4.2116e-19
 4765.00   1.4796e-17   4.1911e-19
 4770.00   1.5443e-17   4.2598e-19
 4775.00   1.5297e-17   4.3243e-19
 4780.00   1.4475e-17   4.3710e-19
 4785.00   1.5414e-17   4.3118e-19
 4790.00   1.5384e-17   4.3508e-19
 4795.00   1.5566e-17   4.4352e-19
 4800.00   1.6202e-17   4.4318e-19
 4805.00   1.4325e-17   4.4122e-19
 4810.00   1.4783e-17   4.4105e-19
 4815.00   1.4377e-17   4.5085e-19
 4820.00   1.4003e-17   5.3239e-19
 4825.00   1.3887e-17   5.0877e-19
 4830.00   1.3223e-17   4.9242e-19
 4835.00   1.3802e-17   4.8224e-19
 4840.00   1.3584e-17   4.6185e-19
 4845.00   1.3807e-17   4.5310e-19
 4850.00   1.3808e-17   4.3610e-19
 4855.00   1.4850e-17   4.2169e-19
 4860.00   1.5078e-17   3.9589e-19
 4865.00   1.4335e-17   3.9505e-19
 4870.00   1.4463e-17   3.9054e-19
 4875.00   1.4104e-17   3.8861e-19
 4880.00   1.4058e-17   3.8043e-19
 4885.00   1.4441e-17   3.7027e-19
 4890.00   1.4533e-17   3.6325e-19
 4895.00   1.3891e-17   3.6377e-19
 4900.00   1.3815e-17   3.5466e-19
 4905.00   1.3985e-17   3.5170e-19
 4910.00   1.4446e-17   3.4386e-19
 4915.00   1.2583e-17   3.4030e-19
 4920.00   1.4224e-17   3.2618e-19
 4925.00   1.3934e-17   3.3340e-19
 4930.00   1.3428e-17   3.3694e-19
 4935.00   1.2512e-17   3.2994e-19
 4940.00   1.3537e-17   3.2346e-19
 4945.00   1.4230e-17   3.2460e-19
 4950.00   1.2164e-17   3.2386e-19
 4955.00   1.3601e-17   3.2174e-19
 4960.00   1.3550e-17   3.1964e-19
 4965.00   1.3986e-17   3.2472e-19
 4970.00   1.3070e-17   3.2464e-19
 4975.00   1.3040e-17   3.2339e-19
 4980.00   1.3367e-17   3.2104e-19
 4985.00   1.3155e-17   3.1359e-19
 4990.00   1.3841e-17   3.2422e-19
 4995.00   1.3298e-17   3.2289e-19
 5000.00   1.4126e-17   3.2323e-19
 5005.00   1.3795e-17   3.2123e-19
 5010.00   1.3565e-17   3.2743e-19
 5015.00   1.1837e-17   3.2869e-19
 5020.00   1.2266e-17   3.2611e-19
 5025.00   1.2161e-17   3.3256e-19
 5030.00   1.2245e-17   3.3706e-19
 5035.00   1.2464e-17   3.4304e-19
 5040.00   1.2630e-17   3.3565e-19
 5045.00   1.2618e-17   3.5242e-19
 5050.00   1.2622e-17   3.4954e-19
 5055.00   1.2836e-17   3.6367e-19
 5060.00   1.2752e-17   3.5059e-19
 5065.00   1.2553e-17   3.4704e-19
 5070.00   1.2579e-17   3.4731e-19
 5075.00   1.2144e-17   3.4947e-19
 5080.00   1.2113e-17   3.4944e-19
 5085.00   1.1567e-17   3.5324e-19
 5090.00   1.1608e-17   3.5451e-19
 5095.00   1.2769e-17   3.6111e-19
 5100.00   1.2452e-17   3.5669e-19
 5105.00   1.1853e-17   3.6212e-19
 5110.00   1.1629e-17   3.6307e-19
 5115.00   1.2606e-17   3.6901e-19
 5120.00   1.1888e-17   3.6905e-19
 5125.00   1.1733e-17   3.6430e-19
 5130.00   1.2699e-17   3.7122e-19
 5135.00   1.1869e-17   3.7288e-19
 5140.00   1.0891e-17   4.5503e-19
 5145.00   1.2106e-17   4.5798e-19
 5150.00   1.2635e-17   4.4626e-19
 5155.00   1.1097e-17   4.3082e-19
 5160.00   1.1161e-17   4.1953e-19
 5165.00   1.1570e-17   3.9700e-19
 5170.00   1.1057e-17   3.8077e-19
 5175.00   1.1671e-17   3.7712e-19
 5180.00   1.0551e-17   3.7302e-19
 5185.00   1.1183e-17   3.4736e-19
 5190.00   1.1221e-17   3.5510e-19
 5195.00   1.0282e-17   3.5317e-19
 5200.00   1.1284e-17   3.8723e-19
 5205.00   1.1005e-17   3.3710e-19
 5210.00   1.0814e-17   3.2611e-19
 5215.00   1.0914e-17   3.2325e-19
 5220.00   1.0075e-17   3.1944e-19
 5225.00   1.1054e-17   3.1145e-19
 5230.00   1.1340e-17   3.1488e-19
 5235.00   1.0701e-17   3.0532e-19
 5240.00   1.1697e-17   3.1175e-19
 5245.00   1.0625e-17   2.9981e-19
 5250.00   1.1198e-17   2.9606e-19
 5255.00   1.1422e-17   3.0028e-19
 5260.00   1.2691e-17   2.9777e-19
 5265.00   1.2827e-17   2.8762e-19
 5270.00   1.2825e-17   2.8644e-19
 5275.00   1.3379e-17   2.9190e-19
 5280.00   1.2856e-17   2.9173e-19
 5285.00   1.3361e-17   2.9282e-19
 5290.00   1.3929e-17   2.9500e-19
 5295.00   1.2403e-17   2.9252e-19
 5300.00   1.3476e-17   2.9091e-19
 5305.00   1.3372e-17   2.9259e-19
 5310.00   1.3420e-17   2.9446e-19
 5315.00   1.3635e-17   2.9159e-19
 5320.00   1.3601e-17   2.9193e-19
 5325.00   1.2442e-17   2.8850e-19
 5330.00   1.2516e-17   2.8985e-19
 5335.00   1.3416e-17   2.9204e-19
 5340.00   1.3466e-17   2.9127e-19
 5345.00   1.3252e-17   2.9280e-19
 5350.00   1.3255e-17   2.9391e-19
 5355.00   1.3146e-17   2.9676e-19
 5360.00   1.2005e-17   2.9404e-19
 5365.00   1.2160e-17   2.9191e-19
 5370.00   1.2894e-17   2.9185e-19
 5375.00   1.2870e-17   3.0062e-19
 5380.00   1.3966e-17   3.0581e-19
 5385.00   1.2553e-17   3.0128e-19
 5390.00   1.2290e-17   3.0404e-19
 5395.00   1.2600e-17   3.0201e-19
 5400.00   1.3103e-17   3.1122e-19
 5405.00   1.1273e-17   3.0502e-19
 5410.00   1.1445e-17   3.1296e-19
 5415.00   1.1547e-17   3.2115e-19
 5420.00   1.1155e-17   3.2651e-19
 5425.00   1.1727e-17   3.3217e-19
 5430.00   1.0563e-17   3.3488e-19
 5435.00   1.1637e-17   3.4778e-19
 5440.00   1.1863e-17   3.6037e-19
 5445.00   1.0392e-17   3.5550e-19
 5450.00   1.0966e-17   3.4444e-19
 5455.00   1.1522e-17   3.4819e-19
 5460.00   1.1534e-17   3.6573e-19
 5465.00   1.1081e-17   3.6334e-19
 5470.00   1.0913e-17   3.7371e-19
 5475.00   1.1303e-17   3.7726e-19
 5480.00   1.0999e-17   3.8515e-19
 5485.00   1.3668e-17   3.9892e-19
 5490.00   1.0245e-17   3.9404e-19
 5495.00   9.9740e-18   3.9007e-19
 5500.00   1.0466e-17   3.9263e-19
 5505.00   1.1002e-17   5.2331e-19
 5510.00   1.1613e-17   5.1835e-19
 5515.00   9.7594e-18   5.0082e-19
 5520.00   1.0728e-17   4.9335e-19
 5525.00   1.0571e-17   4.8180e-19
 5530.00   9.0772e-18   4.6706e-19
 5535.00   1.0136e-17   4.6511e-19
 5540.00   1.5078e-17   4.8523e-19
 5545.00   1.0219e-17   4.6126e-19
 5550.00   9.8295e-18   4.5948e-19
 5555.00   9.9609e-18   4.6109e-19
 5560.00   1.0052e-17   4.6612e-19
 5565.00   8.7594e-18   4.8420e-19
 5570.00   1.0482e-17   4.7939e-19
 5575.00   9.0450e-18   5.5091e-19
 5580.00   9.4100e-18   5.2313e-19
 5585.00   1.0302e-17   4.8001e-19
 5590.00   1.0536e-17   4.9051e-19
 5595.00   1.0192e-17   4.8603e-19
 5600.00   9.1641e-18   4.8928e-19
 5605.00   8.4659e-18   5.0127e-19
 5610.00   9.2812e-18   5.6351e-19
 5615.00   1.0759e-17   6.3510e-19
 5620.00   8.1769e-18   5.9785e-19
 5625.00   9.6817e-18   5.7853e-19
 5630.00   9.2129e-18   5.5645e-19
 5635.00   8.3895e-18   5.3172e-19
 5640.00   9.7146e-18   5.1754e-19
 5645.00   7.7953e-18   5.1863e-19
 5650.00   9.1196e-18   4.9756e-19
 5655.00   9.3983e-18   4.8349e-19
 5660.00   8.7409e-18   4.7292e-19
 5665.00   9.2272e-18   4.7622e-19
 5670.00   9.0734e-18   4.7377e-19
 5675.00   8.5265e-18   4.7343e-19
 5680.00   9.4657e-18   4.7645e-19
 5685.00   9.2820e-18   4.8136e-19
 5690.00   9.7252e-18   5.0249e-19
 5695.00   9.1715e-18   5.0654e-19
 5700.00   8.8555e-18   5.1979e-19
 5705.00   8.2814e-18   5.4566e-19
 5710.00   8.5324e-18   5.2233e-19
 5715.00   8.6358e-18   5.4484e-19
 5720.00   9.1758e-18   5.4842e-19
 5725.00   8.9728e-18   5.6746e-19
 5730.00   7.9553e-18   5.7595e-19
 5735.00   6.7321e-18   6.0790e-19
 5740.00   9.2239e-18   7.1385e-19
 5745.00   9.3914e-18   5.7277e-19
 5750.00   8.1774e-18   5.4836e-19
 5755.00   8.4069e-18   5.3572e-19
 5760.00   7.8365e-18   5.5414e-19
 5765.00   9.9714e-18   5.1031e-19
 5770.00   8.9895e-18   5.0000e-19
 5775.00   9.4210e-18   4.9069e-19
 5780.00   8.6875e-18   4.8025e-19
 5785.00   8.4335e-18   4.7349e-19
 5790.00   8.5573e-18   4.6801e-19
 5795.00   7.3856e-18   4.6074e-19
 5800.00   9.1472e-18   4.5914e-19
 5805.00   8.0317e-18   4.5049e-19
 5810.00   8.3787e-18   4.4687e-19
 5815.00   8.8785e-18   4.4224e-19
 5820.00   8.5902e-18   4.3914e-19
 5825.00   8.8143e-18   4.3473e-19
 5830.00   7.9660e-18   4.2965e-19
 5835.00   8.6805e-18   4.2632e-19
 5840.00   8.3318e-18   4.3082e-19
 5845.00   8.4935e-18   4.2988e-19
 5850.00   8.5332e-18   4.3854e-19
 5855.00   8.2468e-18   4.3543e-19
 5860.00   8.0121e-18   4.3331e-19
 5865.00   7.3555e-18   4.5479e-19
 5870.00   8.3638e-18   4.5740e-19
 5875.00   7.4624e-18   4.5356e-19
 5880.00   8.1302e-18   4.5725e-19
 5885.00   8.1644e-18   4.6484e-19
 5890.00   7.3054e-18   5.2915e-19
 5895.00   7.8203e-18   5.1635e-19
 5900.00   7.6873e-18   4.8595e-19
 5905.00   7.5340e-18   5.0435e-19
 5910.00   1.0561e-17   5.0645e-19
 5915.00   9.1104e-18   5.0301e-19
 5920.00   7.5467e-18   4.6633e-19
 5925.00   8.6629e-18   4.7493e-19
 5930.00   6.1746e-18   4.6430e-19
 5935.00   8.1268e-18   4.8163e-19
 5940.00   7.4077e-18   4.6208e-19
 5945.00   7.9597e-18   5.3856e-19
 5950.00   7.8167e-18   6.5828e-19
 5955.00   7.8018e-18   6.4155e-19
 5960.00   8.3025e-18   5.9493e-19
 5965.00   6.7428e-18   5.6454e-19
 5970.00   8.3219e-18   5.5131e-19
 5975.00   8.4987e-18   5.2956e-19
 5980.00   7.3112e-18   5.0175e-19
 5985.00   9.6563e-18   4.8942e-19
 5990.00   8.2289e-18   4.7488e-19
 5995.00   7.6537e-18   4.5998e-19
 6000.00   6.9250e-18   4.4772e-19
 6005.00   7.6813e-18   4.5009e-19
 6010.00   8.0997e-18   4.5071e-19
 6015.00   8.2750e-18   4.2118e-19
 6020.00   7.7066e-18   4.0820e-19
 6025.00   6.8867e-18   4.0687e-19
 6030.00   8.5705e-18   4.0866e-19
 6035.00   7.7902e-18   4.0965e-19
 6040.00   9.4588e-18   3.9112e-19
 6045.00   6.9779e-18   3.8397e-19
 6050.00   7.4318e-18   3.7482e-19
 6055.00   8.2472e-18   3.7088e-19
 6060.00   6.9872e-18   3.6703e-19
 6065.00   6.6456e-18   3.6203e-19
 6070.00   7.1469e-18   3.6908e-19
 6075.00   6.7856e-18   3.5889e-19
 6080.00   6.9080e-18   3.5818e-19
 6085.00   7.0293e-18   3.6920e-19
 6090.00   7.5787e-18   3.6554e-19
 6095.00   7.2050e-18   3.6482e-19
 6100.00   6.9789e-18   3.6726e-19
 6105.00   7.4091e-18   3.7502e-19
 6110.00   7.2061e-18   3.7801e-19
 6115.00   7.4690e-18   3.8791e-19
 6120.00   6.7301e-18   3.9070e-19
 6125.00   7.4143e-18   3.9884e-19
 6130.00   8.2532e-18   4.1189e-19
 6135.00   7.1997e-18   4.0827e-19
 6140.00   7.4092e-18   3.8489e-19
 6145.00   7.2118e-18   3.9261e-19
 6150.00   7.2895e-18   3.9058e-19
 6155.00   7.8038e-18   3.8949e-19
 6160.00   7.8883e-18   3.8781e-19
 6165.00   6.8959e-18   3.8265e-19
 6170.00   7.4459e-18   4.8062e-19
 6175.00   6.8044e-18   5.3103e-19
 6180.00   7.0247e-18   5.0023e-19
 6185.00   6.0409e-18   4.8381e-19
 6190.00   7.0936e-18   4.5613e-19
 6195.00   6.3355e-18   4.4220e-19
 6200.00   7.2210e-18   4.2816e-19
 6205.00   7.5612e-18   4.1762e-19
 6210.00   7.1026e-18   3.9549e-19
 6215.00   7.8132e-18   3.8400e-19
 6220.00   7.5054e-18   3.8294e-19
 6225.00   7.0990e-18   3.6572e-19
 6230.00   7.8129e-18   3.5463e-19
 6235.00   7.1122e-18   3.8967e-19
 6240.00   7.5246e-18   3.5566e-19
 6245.00   6.4713e-18   3.4139e-19
 6250.00   6.9312e-18   3.3096e-19
 6255.00   7.3372e-18   3.3053e-19
 6260.00   6.8362e-18   3.4562e-19
 6265.00   7.1473e-18   3.3179e-19
 6270.00   8.2593e-18   3.3168e-19
 6275.00   6.8361e-18   3.1769e-19
 6280.00   6.6358e-18   3.0847e-19
 6285.00   6.8691e-18   3.2046e-19
 6290.00   6.3336e-18   3.2188e-19
 6295.00   6.5085e-18   3.1493e-19
 6300.00   8.5547e-18   4.1587e-19
 6305.00   6.8498e-18   3.3691e-19
 6310.00   7.2117e-18   3.1548e-19
 6315.00   6.7896e-18   3.1570e-19
 6320.00   6.8263e-18   3.3198e-19
 6325.00   6.1409e-18   3.2274e-19
 6330.00   6.9816e-18   3.5020e-19
 6335.00   6.5889e-18   3.3079e-19
 6340.00   6.7359e-18   3.3771e-19
 6345.00   6.7035e-18   3.4442e-19
 6350.00   6.2750e-18   3.5874e-19
 6355.00   7.4212e-18   3.7346e-19
 6360.00   7.1033e-18   3.6406e-19
 6365.00   6.6979e-18   4.2138e-19
 6370.00   7.8079e-18   3.6495e-19
 6375.00   7.1788e-18   4.0989e-19
 6380.00   7.4407e-18   5.0667e-19
 6385.00   7.9916e-18   4.1589e-19
 6390.00   7.8782e-18   3.5253e-19
 6395.00   6.9514e-18   3.4708e-19
 6400.00   6.5525e-18   3.4040e-19
 6405.00   6.9739e-18   3.4110e-19
 6410.00   6.9460e-18   3.7172e-19
 6415.00   7.5112e-18   4.6277e-19
 6420.00   7.9520e-18   4.4371e-19
 6425.00   7.1177e-18   4.1925e-19
 6430.00   6.7422e-18   3.9994e-19
 6435.00   7.5591e-18   3.8802e-19
 6440.00   7.8152e-18   3.7363e-19
 6445.00   6.9700e-18   3.6052e-19
 6450.00   7.6928e-18   3.5232e-19
 6455.00   6.6124e-18   3.3992e-19
 6460.00   6.8645e-18   3.3174e-19
 6465.00   8.0101e-18   3.4797e-19
 6470.00   7.1553e-18   3.3241e-19
 6475.00   6.5375e-18   3.0360e-19
 6480.00   7.0839e-18   3.0522e-19
 6485.00   7.5287e-18   2.9324e-19
 6490.00   6.3591e-18   2.8912e-19
 6495.00   6.7400e-18   2.8940e-19
 6500.00   6.7827e-18   3.0466e-19
 6505.00   5.4945e-18   3.0322e-19
 6510.00   9.0369e-18   2.7450e-19
 6515.00   6.3918e-18   2.7916e-19
 6520.00   7.0290e-18   2.7498e-19
 6525.00   8.0160e-18   2.7523e-19
 6530.00   7.1908e-18   2.6951e-19
 6535.00   8.1511e-18   2.8407e-19
 6540.00   7.5949e-18   2.7360e-19
 6545.00   7.2165e-18   2.7984e-19
 6550.00   6.9480e-18   2.6955e-19
 6555.00   6.6271e-18   2.8636e-19
 6560.00   6.4378e-18   2.6465e-19
 6565.00   6.5154e-18   2.7283e-19
 6570.00   6.7461e-18   2.8037e-19
 6575.00   6.5493e-18   2.8524e-19
 6580.00   7.2083e-18   2.8692e-19
 6585.00   6.8042e-18   2.7988e-19
 6590.00   6.8992e-18   2.8274e-19
 6595.00   6.2766e-18   2.8777e-19
 6600.00   6.4265e-18   2.8769e-19
 6605.00   6.2102e-18   3.0324e-19
 6610.00   6.6632e-18   2.9802e-19
 6615.00   7.3676e-18   3.0344e-19
 6620.00   6.1817e-18   3.0751e-19
 6625.00   6.3537e-18   3.1547e-19
 6630.00   6.4639e-18   3.2399e-19
 6635.00   7.0134e-18   2.9545e-19
 6640.00   5.3563e-18   2.8342e-19
 6645.00   5.7454e-18   2.8584e-19
 6650.00   6.4337e-18   2.8793e-19
 6655.00   6.9654e-18   2.8902e-19
 6660.00   7.1247e-18   2.9140e-19
 6665.00   6.0613e-18   2.8764e-19
 6670.00   5.9226e-18   3.0144e-19
 6675.00   6.0340e-18   3.8659e-19
 6680.00   6.5392e-18   3.7129e-19
 6685.00   6.5503e-18   3.6161e-19
 6690.00   6.4116e-18   3.4865e-19
 6695.00   6.0857e-18   3.3447e-19
 6700.00   6.0340e-18   3.3112e-19
 6705.00   6.5328e-18   3.1983e-19
 6710.00   6.2133e-18   3.1056e-19
 6715.00   5.7713e-18   3.0124e-19
 6720.00   5.9680e-18   2.9616e-19
 6725.00   6.3680e-18   2.8762e-19
 6730.00   6.0546e-18   2.8188e-19
 6735.00   5.7876e-18   2.7530e-19
 6740.00   6.6694e-18   2.7358e-19
 6745.00   5.8702e-18   2.6839e-19
 6750.00   6.0428e-18   2.6174e-19
 6755.00   6.2133e-18   2.5941e-19
 6760.00   5.8750e-18   2.5553e-19
 6765.00   6.2993e-18   2.5271e-19
 6770.00   5.7350e-18   2.4871e-19
 6775.00   5.8259e-18   2.4627e-19
 6780.00   6.3042e-18   2.4570e-19
 6785.00   5.4886e-18   2.4222e-19
 6790.00   6.2460e-18   2.4342e-19
 6795.00   5.5471e-18   2.3742e-19
 6800.00   5.8406e-18   2.3799e-19
 6805.00   5.6418e-18   2.3474e-19
 6810.00   5.7842e-18   2.3627e-19
 6815.00   6.0269e-18   2.3812e-19
 6820.00   6.1942e-18   2.3568e-19
 6825.00   5.6934e-18   2.4161e-19
 6830.00   5.3222e-18   2.7619e-19
 6835.00   5.3750e-18   2.6854e-19
 6840.00   5.3395e-18   2.5000e-19
 6845.00   5.7362e-18   2.3927e-19
 6850.00   4.6874e-18   2.4289e-19
 6855.00   6.0472e-18   2.4254e-19
 6860.00   5.7604e-18   2.4900e-19
 6865.00   5.3011e-18   2.8852e-19
 6870.00   3.8370e-18   2.3501e-19
 6875.00   4.3564e-18   2.3573e-19
 6880.00   5.1542e-18   2.6389e-19
 6885.00   5.2643e-18   2.5727e-19
 6890.00   5.3285e-18   2.7649e-19
 6895.00   5.1196e-18   2.6261e-19
 6900.00   5.8288e-18   2.9168e-19
 6905.00   5.2785e-18   2.7836e-19
 6910.00   4.5771e-18   2.9951e-19
 6915.00   5.1975e-18   2.6014e-19
 6920.00   5.7307e-18   2.5389e-19
 6925.00   6.1003e-18   2.7530e-19
 6930.00   5.7771e-18   2.4977e-19
 6935.00   5.1814e-18   2.4806e-19
 6940.00   6.0718e-18   2.6353e-19
 6945.00   6.1559e-18   2.4820e-19
 6950.00   5.3836e-18   2.7135e-19
 6955.00   4.7848e-18   2.9550e-19
 6960.00   5.0153e-18   3.2202e-19
 6965.00   6.2130e-18   3.1555e-19
 6970.00   5.0631e-18   3.1412e-19
 6975.00   5.8431e-18   2.9230e-19
 6980.00   4.6614e-18   3.0379e-19
 6985.00   4.1199e-18   2.7368e-19
 6990.00   5.2848e-18   2.7171e-19
 6995.00   5.8089e-18   2.6175e-19
 7000.00   6.1517e-18   2.5626e-19
 7005.00   5.2091e-18   2.5557e-19
 7010.00   5.3748e-18   2.5589e-19
 7015.00   5.2470e-18   2.3526e-19
 7020.00   5.2880e-18   2.3267e-19
 7025.00   5.0307e-18   2.2666e-19
 7030.00   5.0962e-18   2.2672e-19
 7035.00   5.4032e-18   2.2213e-19
 7040.00   4.8469e-18   2.2317e-19
 7045.00   5.2434e-18   2.2205e-19
 7050.00   5.1464e-18   2.3203e-19
 7055.00   5.7576e-18   2.1664e-19
 7060.00   5.5697e-18   2.1211e-19
 7065.00   5.3732e-18   2.1460e-19
 7070.00   5.1859e-18   2.1113e-19
 7075.00   5.7873e-18   2.1077e-19
 7080.00   5.8361e-18   2.1123e-19
 7085.00   6.5752e-18   2.0837e-19
 7090.00   6.3969e-18   2.1275e-19
 7095.00   6.2154e-18   2.0522e-19
 7100.00   6.8670e-18   2.0636e-19
 7105.00   6.6235e-18   2.0430e-19
 7110.00   7.0927e-18   2.0603e-19
 7115.00   7.4539e-18   2.0718e-19
 7120.00   7.1372e-18   2.0566e-19
 7125.00   7.5947e-18   2.1047e-19
 7130.00   7.1464e-18   2.1479e-19
 7135.00   7.8887e-18   2.1681e-19
 7140.00   8.4537e-18   2.1560e-19
 7145.00   7.7587e-18   2.2418e-19
 7150.00   7.4265e-18   2.1913e-19
 7155.00   8.2278e-18   2.1914e-19
 7160.00   8.2176e-18   2.2518e-19
 7165.00   7.8251e-18   2.2407e-19
 7170.00   7.2948e-18   2.2325e-19
 7175.00   7.3296e-18   2.2456e-19
 7180.00   7.5970e-18   2.2985e-19
 7185.00   6.7085e-18   2.2270e-19
 7190.00   7.8218e-18   2.3188e-19
 7195.00   7.9651e-18   2.3520e-19
 7200.00   7.1962e-18   2.3686e-19
 7205.00   7.0722e-18   2.4332e-19
 7210.00   6.7607e-18   2.5373e-19
 7215.00   7.6994e-18   2.6013e-19
 7220.00   7.5594e-18   2.2463e-19
 7225.00   6.6797e-18   2.2320e-19
 7230.00   6.6362e-18   2.2459e-19
 7235.00   5.9441e-18   2.2074e-19
 7240.00   6.7457e-18   3.0326e-19
 7245.00   6.6080e-18   2.6683e-19
 7250.00   6.4134e-18   2.2743e-19
 7255.00   6.7641e-18   2.4344e-19
 7260.00   1.1525e-17   2.3493e-19
 7265.00   6.8714e-18   2.7343e-19
 7270.00   6.1721e-18   2.8976e-19
 7275.00   6.0648e-18   3.2496e-19
 7280.00   6.8891e-18   2.6943e-19
 7285.00   7.4283e-18   2.9490e-19
 7290.00   6.3660e-18   2.5072e-19
 7295.00   6.7461e-18   2.5846e-19
 7300.00   7.3625e-18   2.3798e-19
 7305.00   6.3115e-18   2.5516e-19
 7310.00   6.2888e-18   2.3204e-19
 7315.00   6.9057e-18   2.5393e-19
 7320.00   6.1005e-18   2.1818e-19
 7325.00   6.9294e-18   2.1551e-19
 7330.00   6.4222e-18   2.3837e-19
 7335.00   6.5297e-18   2.0851e-19
 7340.00   6.1982e-18   2.3733e-19
 7345.00   6.1853e-18   2.1123e-19
 7350.00   6.1847e-18   2.0624e-19
 7355.00   6.3456e-18   2.0045e-19
 7360.00   6.2919e-18   2.1834e-19
 7365.00   6.0638e-18   1.9802e-19
 7370.00   5.9863e-18   2.2265e-19
 7375.00   5.5745e-18   1.9494e-19
 7380.00   6.3530e-18   1.9293e-19
 7385.00   5.7963e-18   1.8875e-19
 7390.00   5.3178e-18   2.0582e-19
 7395.00   5.7712e-18   1.9054e-19
 7400.00   6.4419e-18   2.1449e-19
 7405.00   5.9921e-18   1.8774e-19
 7410.00   5.1568e-18   1.8968e-19
 7415.00   6.1739e-18   1.8794e-19
 7420.00   5.2537e-18   1.8360e-19
 7425.00   5.5325e-18   1.8495e-19
 7430.00   5.7600e-18   1.9977e-19
 7435.00   5.6792e-18   1.8623e-19
 7440.00   5.2846e-18   2.0469e-19
 7445.00   6.2039e-18   1.8786e-19
 7450.00   5.4333e-18   1.8606e-19
 7455.00   5.7510e-18   1.8721e-19
 7460.00   5.0776e-18   1.9466e-19
 7465.00   5.2678e-18   2.0748e-19
 7470.00   4.8729e-18   2.0616e-19
 7475.00   4.3846e-18   2.0681e-19
 7480.00   5.5746e-18   2.1927e-19
 7485.00   4.9240e-18   2.1587e-19
 7490.00   4.8197e-18   1.9836e-19
 7495.00   4.8650e-18   2.0717e-19
 7500.00   5.0390e-18   2.0240e-19
 7505.00   4.8329e-18   2.0357e-19
 7510.00   5.9217e-18   2.0664e-19
 7515.00   7.6951e-18   2.1371e-19
 7520.00   5.6839e-18   2.2046e-19
 7525.00   5.1636e-18   2.5841e-19
 7530.00   4.3365e-18   2.5035e-19
 7535.00   5.4132e-18   2.2486e-19
 7540.00   5.0347e-18   2.3811e-19
 7545.00   5.1341e-18   2.3393e-19
 7550.00   4.4515e-18   2.1650e-19
 7555.00   4.5293e-18   2.0437e-19
 7560.00   5.3978e-18   2.0477e-19
 7565.00   4.6136e-18   2.0034e-19
 7570.00   4.6915e-18   2.2420e-19
 7575.00   5.0288e-18   2.0388e-19
 7580.00   4.7839e-18   1.9655e-19
 7585.00   6.0434e-18   2.1103e-19
 7590.00   4.9853e-18   1.9524e-19
 7595.00   1.9570e-18   1.7010e-19
 7600.00   1.4794e-18   1.9338e-19
 7605.00   1.0450e-18   1.9105e-19
 7610.00   1.4773e-18   1.8824e-19
 7615.00   2.8505e-18   1.9923e-19
 7620.00   3.3738e-18   2.2680e-19
 7625.00   2.2014e-18   1.8418e-19
 7630.00   2.1723e-18   1.9717e-19
 7635.00   2.7290e-18   1.7691e-19
 7640.00   2.0591e-18   1.7605e-19
 7645.00   3.2751e-18   1.7699e-19
 7650.00   3.1781e-18   1.7602e-19
 7655.00   3.6891e-18   1.8576e-19
 7660.00   3.7210e-18   1.8505e-19
 7665.00   3.7772e-18   1.8254e-19
 7670.00   4.2648e-18   1.7969e-19
 7675.00   5.0783e-18   1.8201e-19
 7680.00   4.5958e-18   1.8309e-19
 7685.00   4.2144e-18   1.9507e-19
 7690.00   4.2170e-18   1.9573e-19
 7695.00   4.5280e-18   1.8548e-19
 7700.00   4.6292e-18   1.9130e-19
 7705.00   4.4748e-18   1.7556e-19
 7710.00   4.4517e-18   1.8803e-19
 7715.00   4.8362e-18   2.7298e-19
 7720.00   4.6210e-18   1.9355e-19
 7725.00   4.0247e-18   2.0614e-19
 7730.00   4.8503e-18   1.7682e-19
 7735.00   4.9564e-18   1.8581e-19
 7740.00   4.9245e-18   1.7728e-19
 7745.00   4.6189e-18   1.7460e-19
 7750.00   4.8205e-18   2.2349e-19
 7755.00   4.4471e-18   1.7743e-19
 7760.00   5.1288e-18   1.9423e-19
 7765.00   4.7552e-18   1.7006e-19
 7770.00   4.7573e-18   1.8932e-19
 7775.00   4.6419e-18   2.1750e-19
 7780.00   4.4714e-18   1.9250e-19
 7785.00   4.1792e-18   1.7738e-19
 7790.00   4.5584e-18   1.8512e-19
 7795.00   4.3811e-18   2.0105e-19
 7800.00   3.7208e-18   1.6919e-19
 7805.00   4.5012e-18   1.7464e-19
 7810.00   4.1000e-18   1.9998e-19
 7815.00   4.7580e-18   1.8118e-19
 7820.00   5.0337e-18   2.1419e-19
 7825.00   4.0210e-18   1.8428e-19
 7830.00   4.3444e-18   1.8104e-19
 7835.00   4.1923e-18   1.8024e-19
 7840.00   4.8306e-18   2.0120e-19
 7845.00   4.0483e-18   1.7907e-19
 7850.00   4.7020e-18   2.1272e-19
 7855.00   4.5646e-18   2.1947e-19
 7860.00   4.7521e-18   2.2904e-19
 7865.00   4.2162e-18   1.9058e-19
 7870.00   4.6725e-18   2.3016e-19
 7875.00   4.1538e-18   1.9050e-19
 7880.00   4.0732e-18   2.4628e-19
 7885.00   4.6260e-18   2.1011e-19
 7890.00   4.0161e-18   2.4801e-19
 7895.00   4.4674e-18   2.1319e-19
 7900.00   4.1043e-18   2.0658e-19
 7905.00   3.9563e-18   2.1623e-19
 7910.00   4.3500e-18   2.2973e-19
 7915.00   4.5641e-18   2.2927e-19
 7920.00   4.5738e-18   2.2274e-19
 7925.00   3.7955e-18   1.8014e-19
 7930.00   4.4095e-18   2.1724e-19
 7935.00   4.0127e-18   1.7848e-19
 7940.00   3.8885e-18   1.7833e-19
 7945.00   3.7753e-18   1.8332e-19
 7950.00   3.9974e-18   1.9865e-19
 7955.00   3.9748e-18   1.7559e-19
 7960.00   3.9203e-18   1.7473e-19
 7965.00   4.3468e-18   2.0449e-19
 7970.00   4.0833e-18   2.0649e-19
 7975.00   4.5642e-18   2.3685e-19
 7980.00   4.0924e-18   2.5318e-19
 7985.00   4.5359e-18   2.1483e-19
 7990.00   4.2198e-18   2.1605e-19
 7995.00   3.5311e-18   2.4751e-19
 8000.00   3.8485e-18   2.1004e-19
 8005.00   4.0843e-18   1.9912e-19
 8010.00   4.2022e-18   1.9637e-19
 8015.00   5.0232e-18   2.1950e-19
 8020.00   3.8320e-18   1.9893e-19
 8025.00   3.8580e-18   2.2105e-19
 8030.00   4.3979e-18   2.0513e-19
 8035.00   4.1652e-18   1.8239e-19
 8040.00   3.6912e-18   1.8210e-19
 8045.00   3.9665e-18   1.7470e-19
 8050.00   4.0765e-18   1.9408e-19
 8055.00   3.8687e-18   1.7317e-19
 8060.00   3.9058e-18   1.8843e-19
 8065.00   4.8374e-18   1.7602e-19
 8070.00   4.2039e-18   1.6448e-19
 8075.00   3.6587e-18   1.6773e-19
 8080.00   4.0982e-18   1.6378e-19
 8085.00   3.6976e-18   1.6836e-19
 8090.00   4.1114e-18   1.5989e-19
 8095.00   4.4587e-18   1.7141e-19
 8100.00   3.8077e-18   1.6774e-19
 8105.00   3.6225e-18   1.6794e-19
 8110.00   4.0226e-18   1.5655e-19
 8115.00   3.8487e-18   1.5295e-19
 8120.00   3.6243e-18   1.5292e-19
 8125.00   3.6074e-18   1.5185e-19
 8130.00   3.8243e-18   1.5435e-19
 8135.00   3.8523e-18   1.5165e-19
 8140.00   3.7750e-18   1.5917e-19
 8145.00   3.7431e-18   1.5795e-19
 8150.00   3.1718e-18   1.4809e-19
 8155.00   3.6806e-18   1.4559e-19
 8160.00   3.2989e-18   1.4309e-19
 8165.00   3.7934e-18   1.4517e-19
 8170.00   3.6803e-18   1.4468e-19
 8175.00   3.6277e-18   1.5046e-19
 8180.00   3.1101e-18   1.4413e-19
 8185.00   3.6937e-18   1.4763e-19
 8190.00   3.3347e-18   1.5225e-19
 8195.00   3.8074e-18   1.5433e-19
 8200.00   3.6666e-18   1.4788e-19
 8205.00   3.9255e-18   1.5723e-19
 8210.00   3.7633e-18   1.5843e-19
 8215.00   4.0093e-18   1.5788e-19
 8220.00   3.6513e-18   1.5529e-19
 8225.00   3.4244e-18   1.5596e-19
 8230.00   3.3940e-18   1.4743e-19
 8235.00   3.5550e-18   1.5907e-19
 8240.00   3.3970e-18   1.6611e-19
 8245.00   3.1138e-18   1.6415e-19
 8250.00   3.8972e-18   1.7004e-19
 8255.00   3.4368e-18   1.7049e-19
 8260.00   3.8497e-18   1.6871e-19
 8265.00   3.6156e-18   1.6978e-19
 8270.00   3.9776e-18   1.7468e-19
 8275.00   3.5103e-18   1.7365e-19
 8280.00   3.5297e-18   2.7071e-19
 8285.00   3.4822e-18   2.1282e-19
 8290.00   3.7314e-18   2.2212e-19
 8295.00   3.6074e-18   2.0367e-19
 8300.00   3.7749e-18   2.2633e-19
 8305.00   3.1737e-18   1.9577e-19
 8310.00   3.4149e-18   2.1918e-19
 8315.00   3.5235e-18   1.9408e-19
 8320.00   2.7662e-18   1.6279e-19
 8325.00   3.2939e-18   1.6141e-19
 8330.00   4.0847e-18   1.6091e-19
 8335.00   3.3463e-18   1.6146e-19
 8340.00   3.1775e-18   1.6691e-19
 8345.00   3.5365e-18   2.2249e-19
 8350.00   3.4352e-18   1.7954e-19
 8355.00   3.3397e-18   1.8337e-19
 8360.00   3.7419e-18   1.7188e-19
 8365.00   2.9946e-18   1.9639e-19
 8370.00   3.5053e-18   1.6064e-19
 8375.00   3.2399e-18   1.6280e-19
 8380.00   3.0386e-18   2.2640e-19
 8385.00   3.4851e-18   2.0737e-19
 8390.00   3.5232e-18   2.0020e-19
 8395.00   3.5467e-18   1.9005e-19
 8400.00   3.6974e-18   2.3165e-19
 8405.00   3.1950e-18   1.8345e-19
 8410.00   3.4567e-18   1.8158e-19
 8415.00   2.8408e-18   2.1192e-19
 8420.00   3.3788e-18   1.7712e-19
 8425.00   2.9641e-18   1.8673e-19
 8430.00   3.6751e-18   2.2022e-19
 8435.00   3.3148e-18   1.7631e-19
 8440.00   3.1955e-18   1.6629e-19
 8445.00   3.1068e-18   1.8252e-19
 8450.00   2.9906e-18   1.8002e-19
 8455.00   3.1817e-18   1.7093e-19
 8460.00   3.5831e-18   1.6201e-19
 8465.00   3.2735e-18   1.9347e-19
 8470.00   3.5178e-18   1.5611e-19
 8475.00   3.6901e-18   1.6341e-19
 8480.00   3.6612e-18   1.5289e-19
 8485.00   3.6219e-18   1.5402e-19
 8490.00   3.5826e-18   1.5083e-19
 8495.00   2.8899e-18   1.7890e-19
 8500.00   3.5314e-18   1.5474e-19
 8505.00   2.3620e-18   1.8444e-19
 8510.00   3.2995e-18   1.4631e-19
 8515.00   3.2408e-18   1.4456e-19
 8520.00   3.1006e-18   1.4699e-19
 8525.00   3.6706e-18   1.4368e-19
 8530.00   3.8513e-18   1.4263e-19
 8535.00   3.4062e-18   1.4091e-19
 8540.00   3.4406e-18   1.5429e-19
 8545.00   3.5235e-18   1.3893e-19
 8550.00   3.6574e-18   1.7126e-19
 8555.00   3.5758e-18   1.4105e-19
 8560.00   3.1367e-18   1.3746e-19
 8565.00   3.4437e-18   1.4142e-19
 8570.00   3.3588e-18   1.4191e-19
 8575.00   3.1989e-18   1.4493e-19
 8580.00   3.4144e-18   1.3889e-19
 8585.00   3.2971e-18   1.3906e-19
 8590.00   3.5327e-18   1.5280e-19
 8595.00   3.2437e-18   1.5070e-19
 8600.00   3.4708e-18   1.4173e-19
 8605.00   3.7364e-18   1.4122e-19
 8610.00   3.1817e-18   1.4646e-19
 8615.00   3.0023e-18   1.7051e-19
 8620.00   3.8715e-18   1.9462e-19
 8625.00   3.2964e-18   2.0570e-19
 8630.00   3.7084e-18   2.1833e-19
 8635.00   3.7566e-18   2.0416e-19
 8640.00   3.1187e-18   1.7869e-19
 8645.00   3.5357e-18   1.5563e-19
 8650.00   3.3626e-18   1.8729e-19
 8655.00   3.3741e-18   1.8930e-19
 8660.00   2.7944e-18   1.8179e-19
 8665.00   3.0097e-18   1.8367e-19
 8670.00   3.3059e-18   1.8485e-19
 8675.00   3.1304e-18   1.7732e-19
 8680.00   3.0593e-18   1.7279e-19
 8685.00   3.1967e-18   1.6226e-19
 8690.00   3.0572e-18   1.5944e-19
 8695.00   3.1567e-18   1.6031e-19
 8700.00   2.7947e-18   1.7110e-19
 8705.00   2.9251e-18   1.6624e-19
 8710.00   3.3506e-18   1.6580e-19
 8715.00   3.4051e-18   1.6029e-19
 8720.00   3.3420e-18   1.6619e-19
 8725.00   3.2736e-18   1.6998e-19
 8730.00   3.1646e-18   1.6583e-19
 8735.00   2.6783e-18   1.6795e-19
 8740.00   3.1790e-18   1.7807e-19
 8745.00   3.0374e-18   1.7973e-19
 8750.00   3.2197e-18   1.8099e-19
 8755.00   2.8881e-18   1.8496e-19
 8760.00   2.1117e-18   3.0689e-19
 8765.00   3.0232e-18   1.9387e-19
 8770.00   3.4179e-18   1.8713e-19
 8775.00   3.7266e-18   1.8179e-19
 8780.00   3.1633e-18   1.8279e-19
 8785.00   3.7884e-18   1.5294e-19
 8790.00   3.6643e-18   1.8313e-19
 8795.00   3.2177e-18   1.5205e-19
 8800.00   2.9652e-18   1.5256e-19
 8805.00   2.8081e-18   1.4854e-19
 8810.00   3.2356e-18   1.6598e-19
 8815.00   3.1745e-18   1.5203e-19
 8820.00   3.2083e-18   1.5242e-19
 8825.00   3.2387e-18   2.1211e-19
 8830.00   3.1633e-18   2.0529e-19
 8835.00   3.0031e-18   2.9054e-19
 8840.00   2.9832e-18   1.8309e-19
 8845.00   3.4273e-18   1.8931e-19
 8850.00   3.3891e-18   2.1329e-19
 8855.00   3.2332e-18   1.7654e-19
 8860.00   2.9462e-18   1.7700e-19
 8865.00   2.6289e-18   1.9419e-19
 8870.00   3.0968e-18   1.8186e-19
 8875.00   2.9880e-18   1.5912e-19
 8880.00   2.6492e-18   1.5902e-19
 8885.00   3.0079e-18   2.0763e-19
 8890.00   3.1207e-18   1.6379e-19
 8895.00   2.1098e-18   1.6385e-19
 8900.00   2.9285e-18   1.5899e-19
 8905.00   3.2179e-18   1.8539e-19
 8910.00   3.1510e-18   1.6141e-19
 8915.00   2.6357e-18   1.4747e-19
 8920.00   3.5487e-18   2.0094e-19
 8925.00   3.2152e-18   1.5172e-19
 8930.00   2.9210e-18   1.5313e-19
 8935.00   2.8985e-18   1.4924e-19
 8940.00   3.0276e-18   1.4405e-19
 8945.00   2.8174e-18   1.6614e-19
 8950.00   3.0473e-18   1.3730e-19
 8955.00   2.6948e-18   1.4252e-19
 8960.00   2.9032e-18   1.6752e-19
 8965.00   2.1143e-18   1.2963e-19
 8970.00   3.0810e-18   1.4156e-19
 8975.00   2.6014e-18   1.3070e-19
 8980.00   2.4429e-18   1.4392e-19
 8985.00   2.4622e-18   1.3723e-19
 8990.00   2.1734e-18   1.5177e-19
 8995.00   3.0888e-18   1.3482e-19
 9000.00   2.6358e-18   1.6022e-19
 9005.00   2.3898e-18   1.2422e-19
 9010.00   2.5831e-18   1.2172e-19
 9015.00   2.3070e-18   1.2076e-19
 9020.00   2.5922e-18   1.3182e-19
 9025.00   2.5571e-18   1.2207e-19
 9030.00   2.9875e-18   1.3602e-19
 9035.00   2.8593e-18   1.3111e-19
 9040.00   2.7662e-18   1.4743e-19
 9045.00   2.5814e-18   1.3375e-19
 9050.00   2.8445e-18   1.6639e-19
 9055.00   2.8165e-18   1.3513e-19
 9060.00   2.7618e-18   1.3002e-19
 9065.00   2.4928e-18   1.3810e-19
 9070.00   2.5840e-18   1.3638e-19
 9075.00   3.5258e-18   1.3353e-19
 9080.00   2.4258e-18   1.2712e-19
 9085.00   2.6806e-18   1.3381e-19
 9090.00   3.5604e-18   1.4030e-19
 9095.00   1.8641e-18   1.4674e-19
 9100.00   1.9528e-18   1.3946e-19
 9105.00   2.2195e-18   1.4819e-19
 9110.00   2.6362e-18   1.3595e-19
 9115.00   2.3958e-18   1.3709e-19
 9120.00   2.4052e-18   1.3528e-19
 9125.00   3.0693e-18   1.4155e-19
 9130.00   2.3374e-18   1.3723e-19
 9135.00   2.8822e-18   1.4239e-19
 9140.00   2.6683e-18   1.4838e-19
 9145.00   2.6442e-18   1.4896e-19
 9150.00   2.7089e-18   1.6255e-19
 9155.00   1.9438e-18   1.5568e-19
 9160.00   2.8440e-18   1.8641e-19
 9165.00   2.4947e-18   1.5419e-19
 9170.00   2.5999e-18   1.5670e-19
 9175.00   2.2819e-18   1.5401e-19
 9180.00   2.9120e-18   1.6401e-19
 9185.00   2.7267e-18   1.6246e-19
 9190.00   3.0541e-18   1.6639e-19
 9195.00   2.7439e-18   1.6459e-19
 9200.00   2.6356e-18   1.7335e-19
 9205.00   2.0407e-18   1.7403e-19
 9210.00   2.7325e-18   1.7755e-19
 9215.00   2.4320e-18   1.9557e-19
 9220.00   2.5829e-18   1.8581e-19
 9225.00   2.5836e-18   2.1785e-19
 9230.00   3.2489e-18   1.9201e-19
 9235.00   2.6831e-18   1.9602e-19
 9240.00   2.6757e-18   1.9497e-19
 9245.00   2.4875e-18   1.9994e-19
 9250.00   2.9722e-18   2.2279e-19
 9255.00   2.4630e-18   2.1521e-19
 9260.00   2.5165e-18   1.7770e-19
 9265.00   2.1078e-18   1.9099e-19
 9270.00   2.1819e-18   1.6904e-19
 9275.00   2.2871e-18   1.6629e-19
 9280.00   2.3715e-18   1.6321e-19
 9285.00   2.5261e-18   1.7877e-19
 9290.00   2.5879e-18   1.7412e-19
 9295.00   1.4894e-18   1.8625e-19
 9300.00   2.4278e-18   1.6597e-19
 9305.00   3.0091e-18   2.3801e-19
 9310.00   1.1703e-18   2.9447e-19
 9315.00   7.9329e-19   2.3095e-19
 9320.00   1.8152e-18   2.0496e-19
 9325.00   1.9777e-18   2.2809e-19
 9330.00   1.6473e-18   2.0135e-19
 9335.00   8.7377e-19   1.9951e-19
 9340.00   1.4145e-18   2.1776e-19
 9345.00   8.9581e-19   1.7593e-19
 9350.00   2.2464e-18   2.5076e-19
 9355.00   7.0234e-19   1.8561e-19
 9360.00   1.3050e-18   1.9278e-19
 9365.00   1.5524e-18   1.8688e-19
 9370.00   7.1878e-19   1.9095e-19
 9375.00   2.6708e-18   4.3645e-19
 9380.00   5.5673e-19   1.9116e-19
 9385.00   2.1080e-18   2.2162e-19
 9390.00   2.3815e-18   1.8471e-19
 9395.00   2.8290e-18   2.0400e-19
 9400.00   2.3177e-18   2.1777e-19
 9405.00   2.2831e-18   2.0105e-19
 9410.00   1.4055e-18   1.7369e-19
 9415.00   2.0769e-18   1.9261e-19
 9420.00   1.7595e-18   2.6001e-19
 9425.00   1.9680e-18   1.8543e-19
 9430.00   1.0712e-18   1.6176e-19
 9435.00   2.6118e-18   1.8929e-19
 9440.00   7.3052e-19   2.9524e-19
 9445.00   1.7750e-18   1.7975e-19
 9450.00   2.7822e-18   2.0216e-19
 9455.00   2.3467e-18   1.7766e-19
 9460.00   1.2455e-18   2.2444e-19
 9465.00   2.8252e-18   1.7132e-19
 9470.00   1.5570e-18   1.6683e-19
 9475.00   2.0635e-18   2.3478e-19
 9480.00   1.2751e-18   1.8398e-19
 9485.00   1.7278e-18   1.8260e-19
 9490.00   1.8618e-18   1.8524e-19
 9495.00   1.1296e-18   1.5636e-19
 9500.00   8.1868e-19   1.7238e-19
 9505.00   2.4554e-18   2.0796e-19
 9510.00   2.7610e-18   1.7329e-19
 9515.00   2.2332e-18   1.6928e-19
 9520.00   1.2976e-18   2.3062e-19
 9525.00   2.2893e-18   1.6908e-19
 9530.00   2.2361e-18   1.8143e-19
 9535.00   2.0402e-18   1.9266e-19
 9540.00   1.9481e-18   1.6454e-19
 9545.00   1.7240e-18   1.5583e-19
 9550.00   2.3738e-18   1.9249e-19
 9555.00   1.4057e-18   1.7768e-19
 9560.00   1.7036e-18   1.7966e-19
 9565.00   1.6298e-18   2.0194e-19
 9570.00   2.0750e-18   2.1624e-19
 9575.00   2.2035e-18   1.8028e-19
 9580.00   1.1384e-18   1.5951e-19
 9585.00   2.2168e-18   1.6970e-19
 9590.00   1.1680e-18   1.6558e-19
 9595.00   1.9582e-18   1.7162e-19
 9600.00   2.4284e-18   1.7198e-19
 9605.00   1.7822e-18   1.9145e-19
 9610.00   1.5277e-18   2.0405e-19
 9615.00   1.8446e-18   1.8593e-19
 9620.00   1.8665e-18   2.3986e-19
 9625.00   1.6054e-18   1.9510e-19
 9630.00   2.1691e-18   2.0520e-19
 9635.00   1.7688e-18   1.8413e-19
 9640.00   1.9445e-18   1.8598e-19
 9645.00   1.8284e-18   1.8139e-19
 9650.00   2.2270e-18   2.0307e-19
 9655.00   2.3298e-18   2.2243e-19
 9660.00   1.7785e-18   2.2164e-19
 9665.00   1.7706e-18   2.0258e-19
 9670.00   2.0905e-18   2.8718e-19
 9675.00   2.6182e-18   2.4137e-19
 9680.00   1.2559e-18   3.3151e-19
 9685.00   2.3204e-18   2.5099e-19
 9690.00   1.9109e-18   2.5814e-19
 9695.00   1.8867e-18   2.3563e-19
 9700.00   1.7011e-18   3.2006e-19
 9705.00   2.5741e-18   2.3931e-19
 9710.00   1.7960e-18   2.7852e-19
 9715.00   2.1920e-18   2.4531e-19
 9720.00   3.1620e-18   3.7705e-19
 9725.00   1.7936e-18   2.6251e-19
 9730.00   2.5994e-18   2.6550e-19
 9735.00   1.8603e-18   3.1570e-19
 9740.00   3.5973e-18   3.0951e-19
 9745.00   1.9126e-18   3.1760e-19
 9750.00   1.8859e-18   2.6774e-19
 9755.00   2.2289e-18   2.7589e-19
 9760.00   2.2812e-18   2.7339e-19
 9765.00   1.9456e-18   2.8489e-19
 9770.00   1.1665e-18   2.8761e-19
 9775.00   1.7497e-18   3.0005e-19
 9780.00   1.9515e-18   3.0828e-19
 9785.00   3.4852e-18   3.2524e-19
 9790.00   1.7589e-18   6.1088e-19
 9795.00   1.9807e-18   3.4267e-19
 9800.00   2.8937e-18   3.8392e-19
 9805.00   2.8419e-18   3.0962e-19
 9810.00   2.4374e-18   4.0640e-19
 9815.00   2.0467e-18   5.2619e-19
 9820.00   2.1163e-18   4.8416e-19
 9825.00   2.7800e-18   4.6984e-19
 9830.00   1.8247e-18   4.7362e-19
 9835.00   1.2469e-18   4.3725e-19
 9840.00   2.8159e-18   4.2660e-19
 9845.00   6.9997e-19   4.5891e-19
 9850.00   1.7521e-18   5.4448e-19
 9855.00   1.0820e-18   4.1332e-19
 9860.00   1.9927e-18   4.1722e-19
 9865.00   2.3104e-18   4.2571e-19
 9870.00   3.3191e-18   6.1429e-19
 9875.00   2.9057e-18   5.1121e-19
 9880.00   1.1590e-18   4.0836e-19
 9885.00   1.7807e-18   4.5305e-19
 9890.00   2.4206e-18   4.2003e-19
 9895.00   6.1922e-19   5.9929e-19
 9900.00   2.5313e-18   4.1967e-19
 9905.00   1.7318e-18   4.0479e-19
 9910.00   2.5525e-18   4.4724e-19
 9915.00   2.7676e-18   7.4856e-19
 9920.00   2.7856e-18   4.2176e-19
 9925.00   1.8348e-18   3.8966e-19
 9930.00   1.6177e-18   3.8463e-19
 9935.00   1.6969e-18   4.1081e-19
 9940.00   2.9210e-18   5.7860e-19
 9945.00   3.1641e-21   9.4598e-19
 9950.00   2.6092e-18   6.0176e-19
 9955.00   3.8015e-18   6.6503e-19
 9960.00   3.0647e-18   7.6729e-19
 9965.00   1.6461e-18   4.8993e-19
 9970.00   1.9796e-18   4.9667e-19
 9975.00   9.2019e-19   5.0799e-19
 9980.00   2.8327e-18   4.6952e-19
 9985.00   1.4384e-18   3.9786e-19
 9990.00   1.4424e-18   4.0975e-19
 9995.00   1.4424e-18   9.9999e+04
10000.00   1.4424e-18   9.9999e+04
