 
TRANSIENT_NAME:     DES13X3abaw
SNID:               1264419    
OBS_DATE:           2014-01-23
MJD:                56680. 
PHASE_EXP:          +28.   
MJD_EXP:            56650.1 (derived from r-band light-curve)
TYPE:               39 
SPEC_EVAL:          SNIb/c
REDSHIFT:           0.0700  
REDSHIFT_ERR:       0.0005  
REDSHIFT_SOURCE:    Z_GAL
TELESCOPE:          SALT
INSTRUMENT:         RSS
 
======================================
 
# WAVE  FLUX  FLUX_ERR
 3803.23   3.2517e-18   1.8197e-20
 3806.23   1.6343e-17   1.8107e-20
 3809.23   6.2909e-18   1.8018e-20
 3812.24   5.7684e-18   1.7929e-20
 3815.24   3.4822e-18   1.7841e-20
 3818.25   1.7807e-17   1.7754e-20
 3821.25   2.4982e-17   1.7667e-20
 3824.25   2.2185e-17   1.7581e-20
 3827.26   1.4898e-17   1.7495e-20
 3830.26   1.8995e-17   1.7410e-20
 3833.26   2.7746e-17   1.7325e-20
 3836.27   3.1073e-17   1.7241e-20
 3839.27   3.7654e-17   1.7158e-20
 3842.28   3.9484e-17   1.7075e-20
 3845.28   4.6861e-17   1.6993e-20
 3848.28   4.6631e-17   1.6911e-20
 3851.29   3.9804e-17   1.6830e-20
 3854.29   3.0611e-17   1.6749e-20
 3857.30   2.1151e-17   1.6668e-20
 3860.30   3.6421e-17   1.6589e-20
 3863.30   4.3349e-17   1.6509e-20
 3866.31   4.5877e-17   1.6431e-20
 3869.31   4.4339e-17   1.6352e-20
 3872.31   3.0895e-17   1.6275e-20
 3875.32   3.2981e-17   1.6197e-20
 3878.32   4.1964e-17   1.6121e-20
 3881.33   5.3712e-17   1.6044e-20
 3884.33   7.1125e-17   1.5969e-20
 3887.33   6.3046e-17   1.5893e-20
 3890.34   6.2219e-17   1.5818e-20
 3893.34   6.0514e-17   1.5744e-20
 3896.35   3.7758e-17   1.5670e-20
 3899.35   5.8837e-17   1.5597e-20
 3902.35   6.6968e-17   1.5524e-20
 3905.36   6.7160e-17   1.5451e-20
 3908.36   6.0520e-17   1.5379e-20
 3911.37   5.8646e-17   1.5307e-20
 3914.37   6.3674e-17   1.5236e-20
 3917.37   6.1552e-17   1.5165e-20
 3920.38   4.6649e-17   1.5095e-20
 3923.38   6.3867e-17   1.5025e-20
 3926.39   6.5529e-17   1.4956e-20
 3929.39   6.3968e-17   1.4887e-20
 3932.39   6.2199e-17   1.4818e-20
 3935.40   7.4948e-17   1.4750e-20
 3938.40   6.7593e-17   1.4682e-20
 3941.41   6.4280e-17   1.4615e-20
 3944.41   6.4870e-17   1.4548e-20
 3947.41   6.8761e-17   1.4481e-20
 3950.42   6.5138e-17   1.4415e-20
 3953.42   6.3451e-17   1.4349e-20
 3956.43   6.2827e-17   1.4284e-20
 3959.43   8.0110e-17   1.4219e-20
 3962.43   7.8879e-17   1.4154e-20
 3965.44   7.1743e-17   1.4090e-20
 3968.44   7.6642e-17   1.4026e-20
 3971.45   8.1529e-17   1.3963e-20
 3974.45   9.9486e-17   1.3900e-20
 3977.45   1.1934e-16   1.3837e-20
 3980.46   1.1639e-16   1.3775e-20
 3983.46   1.0469e-16   1.3713e-20
 3986.47   8.5401e-17   1.3652e-20
 3989.47   8.7499e-17   1.3590e-20
 3992.47   8.9445e-17   1.3529e-20
 3995.48   7.9509e-17   1.3469e-20
 3998.48   6.5457e-17   1.3409e-20
 4001.49   7.8956e-17   1.3355e-20
 4004.49   7.9486e-17   1.3307e-20
 4007.49   7.8476e-17   1.3260e-20
 4010.50   8.2554e-17   1.3213e-20
 4013.50   8.4963e-17   1.3166e-20
 4016.50   8.2532e-17   1.3119e-20
 4019.51   7.1501e-17   1.3072e-20
 4022.51   9.4323e-17   1.3026e-20
 4025.52   9.1106e-17   1.2980e-20
 4028.52   9.1155e-17   1.2934e-20
 4031.52   6.8780e-17   1.2889e-20
 4034.53   7.5280e-17   1.2844e-20
 4037.53   8.0117e-17   1.2799e-20
 4040.54   8.8920e-17   1.2754e-20
 4043.54   8.5202e-17   1.2709e-20
 4046.54   9.4851e-17   1.2665e-20
 4049.55   1.0283e-16   1.2621e-20
 4052.55   8.9526e-17   1.2577e-20
 4055.55   8.7642e-17   1.2533e-20
 4058.56   8.7652e-17   1.2490e-20
 4061.56   9.1664e-17   1.2447e-20
 4064.57   9.1010e-17   1.2404e-20
 4067.57   9.9111e-17   1.2361e-20
 4070.57   9.6023e-17   1.2318e-20
 4073.58   1.0659e-16   1.2276e-20
 4076.58   1.0369e-16   1.2234e-20
 4079.59   9.8517e-17   1.2192e-20
 4082.59   9.7698e-17   1.2150e-20
 4085.59   9.6062e-17   1.2109e-20
 4088.60   8.6767e-17   1.2068e-20
 4091.60   7.9185e-17   1.2027e-20
 4094.61   7.9603e-17   1.1986e-20
 4097.61   8.5500e-17   1.1945e-20
 4100.62   8.4833e-17   1.1905e-20
 4103.62   9.2357e-17   1.1864e-20
 4106.62   1.0119e-16   1.1824e-20
 4109.63   9.9678e-17   1.1785e-20
 4112.63   1.0341e-16   1.1745e-20
 4115.63   9.8758e-17   1.1706e-20
 4118.64   9.5153e-17   1.1666e-20
 4121.64   1.0231e-16   1.1627e-20
 4124.65   1.0927e-16   1.1588e-20
 4127.65   1.1430e-16   1.1550e-20
 4130.65   1.1497e-16   1.1511e-20
 4133.66   1.1132e-16   1.1473e-20
 4136.66   1.1082e-16   1.1435e-20
 4139.67   1.0223e-16   1.1397e-20
 4142.67   1.0431e-16   1.1359e-20
 4145.67   1.0294e-16   1.1322e-20
 4148.68   1.1620e-16   1.1284e-20
 4151.68   9.6543e-17   1.1247e-20
 4154.69   1.0871e-16   1.1210e-20
 4157.69   1.0814e-16   1.1173e-20
 4160.69   1.0512e-16   1.1137e-20
 4163.70   9.6316e-17   1.1100e-20
 4166.70   1.0185e-16   1.1064e-20
 4169.71   1.0962e-16   1.1028e-20
 4172.71   1.0607e-16   1.0992e-20
 4175.71   1.0816e-16   1.0956e-20
 4178.72   1.1364e-16   1.0920e-20
 4181.72   1.2021e-16   1.0885e-20
 4184.73   1.2437e-16   1.0850e-20
 4187.73   1.1617e-16   1.0815e-20
 4190.73   1.3119e-16   1.0780e-20
 4193.74   1.0371e-16   1.0745e-20
 4196.74   9.8480e-17   1.0710e-20
 4199.75   1.0515e-16   1.0676e-20
 4202.75   1.0473e-16   1.0642e-20
 4205.75   1.0178e-16   1.0608e-20
 4208.76   9.6320e-17   1.0574e-20
 4211.76   1.1007e-16   1.0540e-20
 4214.76   1.1524e-16   1.0506e-20
 4217.77   1.0629e-16   1.0473e-20
 4220.77   1.0066e-16   1.0439e-20
 4223.78   9.9206e-17   1.0406e-20
 4226.78   1.1250e-16   1.0373e-20
 4229.78   1.1094e-16   1.0340e-20
 4232.79   1.0578e-16   1.0308e-20
 4235.79   9.6364e-17   1.0275e-20
 4238.80   7.8963e-17   1.0243e-20
 4241.80   8.7361e-17   1.0211e-20
 4244.80   8.5574e-17   1.0179e-20
 4247.81   9.4499e-17   1.0147e-20
 4250.81   1.1789e-16   1.0115e-20
 4253.81   1.1759e-16   1.0083e-20
 4256.82   1.1977e-16   1.0052e-20
 4259.82   1.2402e-16   1.0020e-20
 4262.83   1.2162e-16   9.9890e-21
 4265.83   1.3946e-16   9.9579e-21
 4268.83   1.3939e-16   9.9270e-21
 4271.84   1.2582e-16   9.8962e-21
 4274.84   1.3932e-16   9.8655e-21
 4277.85   1.4560e-16   9.8350e-21
 4280.85   1.4288e-16   9.8046e-21
 4283.85   1.3872e-16   9.7744e-21
 4286.86   1.4401e-16   9.7443e-21
 4289.86   1.4103e-16   9.7143e-21
 4292.87   1.2580e-16   9.6845e-21
 4295.87   1.1765e-16   9.6548e-21
 4298.88   1.3432e-16   9.6252e-21
 4301.88   1.3755e-16   9.5958e-21
 4304.88   1.3854e-16   9.5665e-21
 4307.89   1.3357e-16   9.5373e-21
 4310.89   1.3432e-16   9.5083e-21
 4313.89   1.3637e-16   9.4793e-21
 4316.90   1.4650e-16   9.4506e-21
 4319.90   1.2124e-16   9.4219e-21
 4322.91   1.3488e-16   9.3934e-21
 4325.91   1.4672e-16   9.3650e-21
 4328.91   1.3915e-16   9.3367e-21
 4331.92   1.2317e-16   9.3085e-21
 4334.92   1.1302e-16   9.2805e-21
 4337.93   1.2220e-16   9.2526e-21
 4340.93   1.3131e-16   9.2248e-21
 4343.93   1.3433e-16   9.1971e-21
 4346.94   1.2789e-16   9.1696e-21
 4349.94   1.2987e-16   9.1422e-21
 4352.95   1.2387e-16   9.1149e-21
 4355.95   1.1615e-16   9.0877e-21
 4358.95   1.3799e-16   9.0606e-21
 4361.96   1.4240e-16   9.0337e-21
 4364.96   1.4155e-16   9.0068e-21
 4367.96   1.2064e-16   8.9801e-21
 4370.97   1.0850e-16   8.9535e-21
 4373.97   1.1574e-16   8.9270e-21
 4376.98   1.2108e-16   8.9007e-21
 4379.98   1.2287e-16   8.8744e-21
 4382.98   1.2329e-16   8.8483e-21
 4385.99   1.1946e-16   8.8222e-21
 4388.99   1.1887e-16   8.7963e-21
 4392.00   1.1767e-16   8.7705e-21
 4395.00   1.2529e-16   8.7448e-21
 4398.00   1.2935e-16   8.7192e-21
 4401.01   1.2815e-16   8.6937e-21
 4404.01   1.3457e-16   8.6684e-21
 4407.02   1.3105e-16   8.6431e-21
 4410.02   1.3531e-16   8.6179e-21
 4413.02   1.3148e-16   8.5929e-21
 4416.03   1.2780e-16   8.5679e-21
 4419.03   1.3535e-16   8.5431e-21
 4422.04   1.3256e-16   8.5184e-21
 4425.04   1.3900e-16   8.4937e-21
 4428.04   1.3268e-16   8.4692e-21
 4431.05   1.3759e-16   8.4448e-21
 4434.05   1.3985e-16   8.4205e-21
 4437.06   1.3909e-16   8.3962e-21
 4440.06   1.4451e-16   8.3721e-21
 4443.06   1.4465e-16   8.3481e-21
 4446.07   1.2501e-16   8.3242e-21
 4449.07   1.3439e-16   8.3004e-21
 4452.08   1.3544e-16   8.2767e-21
 4455.08   1.3385e-16   8.2530e-21
 4458.08   1.3017e-16   8.2295e-21
 4461.09   1.1868e-16   8.2061e-21
 4464.09   1.3029e-16   8.1828e-21
 4467.10   1.2375e-16   8.1595e-21
 4470.10   1.2484e-16   8.1364e-21
 4473.10   1.2255e-16   8.1134e-21
 4476.11   1.3003e-16   8.0904e-21
 4479.11   1.3473e-16   8.0676e-21
 4482.12   1.3094e-16   8.0448e-21
 4485.12   1.3615e-16   8.0221e-21
 4488.12   1.2088e-16   7.9996e-21
 4491.13   1.2553e-16   7.9771e-21
 4494.13   1.2289e-16   7.9547e-21
 4497.13   1.1594e-16   7.9324e-21
 4500.14   1.3006e-16   7.9104e-21
 4503.14   1.2685e-16   7.8921e-21
 4506.15   1.3615e-16   7.8738e-21
 4509.15   1.3340e-16   7.8557e-21
 4512.15   1.4148e-16   7.8376e-21
 4515.16   1.2905e-16   7.8195e-21
 4518.16   1.3361e-16   7.8016e-21
 4521.17   1.3743e-16   7.7837e-21
 4524.17   1.3649e-16   7.7659e-21
 4527.17   1.3912e-16   7.7481e-21
 4530.18   1.3538e-16   7.7304e-21
 4533.18   1.4044e-16   7.7128e-21
 4536.19   1.4264e-16   7.6953e-21
 4539.19   1.2868e-16   7.6778e-21
 4542.19   1.1971e-16   7.6603e-21
 4545.20   1.2784e-16   7.6430e-21
 4548.20   1.4086e-16   7.6257e-21
 4551.21   1.3616e-16   7.6085e-21
 4554.21   1.3139e-16   7.5913e-21
 4557.21   1.3606e-16   7.5742e-21
 4560.22   1.3484e-16   7.5572e-21
 4563.22   1.3799e-16   7.5402e-21
 4566.23   1.3822e-16   7.5233e-21
 4569.23   1.3017e-16   7.5065e-21
 4572.23   1.3020e-16   7.4897e-21
 4575.24   1.2467e-16   7.4730e-21
 4578.24   1.2836e-16   7.4563e-21
 4581.25   1.3667e-16   7.4397e-21
 4584.25   1.3498e-16   7.4232e-21
 4587.25   1.1995e-16   7.4067e-21
 4590.26   1.2115e-16   7.3903e-21
 4593.26   1.3149e-16   7.3740e-21
 4596.27   1.2124e-16   7.3577e-21
 4599.27   1.2038e-16   7.3415e-21
 4602.27   1.2903e-16   7.3253e-21
 4605.28   1.3230e-16   7.3092e-21
 4608.28   1.1558e-16   7.2931e-21
 4611.29   1.1598e-16   7.2771e-21
 4614.29   1.3148e-16   7.2612e-21
 4617.29   1.2865e-16   7.2453e-21
 4620.30   1.2162e-16   7.2295e-21
 4623.30   1.2738e-16   7.2138e-21
 4626.30   1.1678e-16   7.1981e-21
 4629.31   1.3145e-16   7.1824e-21
 4632.31   1.2858e-16   7.1668e-21
 4635.32   1.1549e-16   7.1513e-21
 4638.32   1.2666e-16   7.1358e-21
 4641.32   1.1680e-16   7.1204e-21
 4644.33   1.2422e-16   7.1050e-21
 4647.33   1.2838e-16   7.0897e-21
 4650.34   1.3083e-16   7.0745e-21
 4653.34   1.2595e-16   7.0593e-21
 4656.34   1.2864e-16   7.0441e-21
 4659.35   1.4471e-16   7.0290e-21
 4662.35   1.3240e-16   7.0140e-21
 4665.36   1.3699e-16   6.9990e-21
 4668.36   1.2494e-16   6.9841e-21
 4671.36   1.2455e-16   6.9692e-21
 4674.37   1.3654e-16   6.9544e-21
 4677.37   1.2732e-16   6.9396e-21
 4680.38   1.3280e-16   6.9249e-21
 4683.38   1.3370e-16   6.9102e-21
 4686.38   1.3193e-16   6.8956e-21
 4689.39   1.3105e-16   6.8810e-21
 4692.39   1.3823e-16   6.8665e-21
 4695.40   1.3141e-16   6.8521e-21
 4698.40   1.2982e-16   6.8377e-21
 4701.40   1.3103e-16   6.8233e-21
 4704.41   1.3627e-16   6.8090e-21
 4707.41   1.4040e-16   6.7947e-21
 4710.42   1.5099e-16   6.7805e-21
 4713.42   1.3373e-16   6.7664e-21
 4716.42   1.2546e-16   6.7523e-21
 4719.43   1.3133e-16   6.7382e-21
 4722.43   1.3450e-16   6.7242e-21
 4725.44   1.4015e-16   6.7102e-21
 4728.44   1.4112e-16   6.6963e-21
 4731.44   1.2699e-16   6.6825e-21
 4734.45   1.2042e-16   6.6687e-21
 4737.45   1.2748e-16   6.6549e-21
 4740.45   1.3582e-16   6.6412e-21
 4743.46   1.3444e-16   6.6275e-21
 4746.46   1.3163e-16   6.6139e-21
 4749.47   1.3513e-16   6.6003e-21
 4752.47   1.3332e-16   6.5868e-21
 4755.47   1.2839e-16   6.5733e-21
 4758.48   1.3313e-16   6.5598e-21
 4761.48   1.3353e-16   6.5465e-21
 4764.49   1.2869e-16   6.5331e-21
 4767.49   1.2930e-16   6.5198e-21
 4770.49   1.2843e-16   6.5066e-21
 4773.50   1.3591e-16   6.4933e-21
 4776.50   1.3428e-16   6.4802e-21
 4779.51   1.2534e-16   6.4671e-21
 4782.51   1.2224e-16   6.4540e-21
 4785.51   1.3173e-16   6.4410e-21
 4788.52   1.3996e-16   6.4280e-21
 4791.52   1.2956e-16   6.4150e-21
 4794.53   1.4700e-16   6.4021e-21
 4797.53   1.3988e-16   6.3893e-21
 4800.53   1.1908e-16   6.3765e-21
 4803.54   1.3133e-16   6.3637e-21
 4806.54   1.3103e-16   6.3510e-21
 4809.54   1.2683e-16   6.3383e-21
 4812.55   1.3520e-16   6.3257e-21
 4815.55   1.3153e-16   6.3131e-21
 4818.56   1.3365e-16   6.3005e-21
 4821.56   1.4015e-16   6.2880e-21
 4824.56   1.3999e-16   6.2755e-21
 4827.57   1.5082e-16   6.2631e-21
 4830.57   1.3654e-16   6.2507e-21
 4833.58   1.2908e-16   6.2384e-21
 4836.58   1.2952e-16   6.2261e-21
 4839.58   1.2842e-16   6.2138e-21
 4842.59   1.3385e-16   6.2016e-21
 4845.59   1.3463e-16   6.1894e-21
 4848.60   1.2741e-16   6.1772e-21
 4851.60   1.2671e-16   6.1651e-21
 4854.60   1.3293e-16   6.1531e-21
 4857.61   1.3185e-16   6.1411e-21
 4860.61   1.2699e-16   6.1291e-21
 4863.62   1.3673e-16   6.1171e-21
 4866.62   1.3736e-16   6.1052e-21
 4869.62   1.2991e-16   6.0934e-21
 4872.63   1.2843e-16   6.0816e-21
 4875.63   1.3486e-16   6.0698e-21
 4878.64   1.3481e-16   6.0580e-21
 4881.64   1.2692e-16   6.0463e-21
 4884.64   1.3933e-16   6.0346e-21
 4887.65   1.3652e-16   6.0230e-21
 4890.65   1.3983e-16   6.0114e-21
 4893.66   1.3587e-16   5.9999e-21
 4896.66   1.2829e-16   5.9883e-21
 4899.66   1.2765e-16   5.9769e-21
 4902.67   1.2822e-16   5.9654e-21
 4905.67   1.2633e-16   5.9540e-21
 4908.68   1.2905e-16   5.9426e-21
 4911.68   1.2997e-16   5.9313e-21
 4914.68   1.3252e-16   5.9200e-21
 4917.69   1.3059e-16   5.9088e-21
 4920.69   1.3491e-16   5.8975e-21
 4923.69   1.2728e-16   5.8864e-21
 4926.70   1.3020e-16   5.8752e-21
 4929.70   1.3425e-16   5.8641e-21
 5121.96   1.2744e-16   5.2799e-21
 5124.96   1.2596e-16   5.2722e-21
 5127.96   1.2305e-16   5.2645e-21
 5130.97   1.2356e-16   5.2568e-21
 5133.97   1.2461e-16   5.2491e-21
 5136.98   1.2292e-16   5.2415e-21
 5139.98   1.1862e-16   5.2339e-21
 5142.98   1.2436e-16   5.2263e-21
 5145.99   1.2678e-16   5.2187e-21
 5148.99   1.2496e-16   5.2112e-21
 5152.00   1.1609e-16   5.2037e-21
 5155.00   1.2407e-16   5.1962e-21
 5158.00   1.2575e-16   5.1887e-21
 5161.01   1.1804e-16   5.1813e-21
 5164.01   1.2028e-16   5.1738e-21
 5167.02   1.2635e-16   5.1664e-21
 5170.02   1.2023e-16   5.1590e-21
 5173.02   1.2852e-16   5.1517e-21
 5176.03   1.3323e-16   5.1443e-21
 5179.03   1.3232e-16   5.1370e-21
 5182.04   1.2660e-16   5.1297e-21
 5185.04   1.2037e-16   5.1224e-21
 5188.04   1.1269e-16   5.1152e-21
 5191.05   1.3031e-16   5.1080e-21
 5194.05   1.3286e-16   5.1007e-21
 5197.06   1.2855e-16   5.0935e-21
 5200.06   1.3601e-16   5.0864e-21
 5203.06   1.1693e-16   5.0792e-21
 5206.07   1.2500e-16   5.0721e-21
 5209.07   1.2552e-16   5.0650e-21
 5212.08   1.2132e-16   5.0579e-21
 5215.08   1.1950e-16   5.0508e-21
 5218.08   1.2088e-16   5.0438e-21
 5221.09   1.1734e-16   5.0368e-21
 5224.09   1.2097e-16   5.0297e-21
 5227.09   1.2103e-16   5.0228e-21
 5230.10   1.1182e-16   5.0158e-21
 5233.10   1.2355e-16   5.0089e-21
 5236.11   1.3163e-16   5.0019e-21
 5239.11   1.2815e-16   4.9950e-21
 5242.11   1.2858e-16   4.9881e-21
 5245.12   1.3088e-16   4.9813e-21
 5248.12   1.2481e-16   4.9744e-21
 5251.13   1.3833e-16   4.9676e-21
 5254.13   1.2670e-16   4.9608e-21
 5257.13   1.2823e-16   4.9540e-21
 5260.14   1.2906e-16   4.9472e-21
 5263.14   1.2183e-16   4.9405e-21
 5266.15   1.2725e-16   4.9338e-21
 5269.15   1.1963e-16   4.9271e-21
 5272.15   1.2029e-16   4.9204e-21
 5275.16   1.2874e-16   4.9137e-21
 5278.16   1.3151e-16   4.9070e-21
 5281.17   1.3358e-16   4.9004e-21
 5284.17   1.3421e-16   4.8938e-21
 5287.17   1.3016e-16   4.8872e-21
 5290.18   1.2828e-16   4.8806e-21
 5293.18   1.2668e-16   4.8741e-21
 5296.19   1.3683e-16   4.8675e-21
 5299.19   1.2625e-16   4.8610e-21
 5302.19   1.2813e-16   4.8545e-21
 5305.20   1.3384e-16   4.8480e-21
 5308.20   1.2966e-16   4.8416e-21
 5311.21   1.3547e-16   4.8351e-21
 5314.21   1.4009e-16   4.8287e-21
 5317.21   1.3986e-16   4.8223e-21
 5320.22   1.3415e-16   4.8159e-21
 5323.22   1.3534e-16   4.8095e-21
 5326.23   1.3460e-16   4.8032e-21
 5329.23   1.2596e-16   4.7968e-21
 5332.23   1.2902e-16   4.7905e-21
 5335.24   1.3447e-16   4.7842e-21
 5338.24   1.3192e-16   4.7779e-21
 5341.24   1.2798e-16   4.7716e-21
 5344.25   1.3184e-16   4.7654e-21
 5347.25   1.3954e-16   4.7592e-21
 5350.26   1.3711e-16   4.7530e-21
 5353.26   1.3340e-16   4.7468e-21
 5356.26   1.3765e-16   4.7406e-21
 5359.27   1.4163e-16   4.7344e-21
 5362.27   1.4010e-16   4.7283e-21
 5365.28   1.2809e-16   4.7221e-21
 5368.28   1.2089e-16   4.7160e-21
 5371.28   1.2477e-16   4.7099e-21
 5374.29   1.2415e-16   4.7039e-21
 5377.29   1.2175e-16   4.6978e-21
 5380.30   1.3001e-16   4.6918e-21
 5383.30   1.2360e-16   4.6857e-21
 5386.30   1.2589e-16   4.6797e-21
 5389.31   1.3267e-16   4.6737e-21
 5392.31   1.2921e-16   4.6678e-21
 5395.32   1.2772e-16   4.6618e-21
 5398.32   1.3047e-16   4.6559e-21
 5401.32   1.3317e-16   4.6499e-21
 5404.33   1.2593e-16   4.6440e-21
 5407.33   1.3349e-16   4.6381e-21
 5410.33   1.3582e-16   4.6323e-21
 5413.34   1.3290e-16   4.6264e-21
 5416.34   1.2613e-16   4.6206e-21
 5419.35   1.2577e-16   4.6147e-21
 5422.35   1.2332e-16   4.6089e-21
 5425.35   1.3000e-16   4.6031e-21
 5428.36   1.3189e-16   4.5974e-21
 5431.36   1.3265e-16   4.5916e-21
 5434.37   1.2146e-16   4.5859e-21
 5437.37   1.2701e-16   4.5801e-21
 5440.38   1.2354e-16   4.5744e-21
 5443.38   1.1996e-16   4.5687e-21
 5446.38   1.3285e-16   4.5630e-21
 5449.39   1.3514e-16   4.5574e-21
 5452.39   1.2361e-16   4.5517e-21
 5455.40   1.3565e-16   4.5461e-21
 5458.40   1.2219e-16   4.5404e-21
 5461.40   1.2931e-16   4.5348e-21
 5464.41   1.2068e-16   4.5293e-21
 5467.41   1.2476e-16   4.5237e-21
 5470.41   1.2406e-16   4.5181e-21
 5473.42   1.3641e-16   4.5126e-21
 5476.42   1.2415e-16   4.5070e-21
 5479.43   1.1509e-16   4.5015e-21
 5482.43   1.2463e-16   4.4960e-21
 5485.43   1.2941e-16   4.4905e-21
 5488.44   1.2667e-16   4.4851e-21
 5491.44   1.1748e-16   4.4796e-21
 5494.45   1.2575e-16   4.4742e-21
 5497.45   1.2457e-16   4.4688e-21
 5500.45   1.2575e-16   4.4634e-21
 5503.46   1.2762e-16   4.4583e-21
 5506.46   1.2157e-16   4.4532e-21
 5509.47   1.1910e-16   4.4482e-21
 5512.47   1.1965e-16   4.4431e-21
 5515.47   1.1272e-16   4.4381e-21
 5518.48   1.2350e-16   4.4331e-21
 5521.48   1.3682e-16   4.4281e-21
 5524.49   1.1621e-16   4.4231e-21
 5527.49   1.1752e-16   4.4181e-21
 5530.49   1.2250e-16   4.4131e-21
 5533.50   1.1197e-16   4.4082e-21
 5536.50   1.1438e-16   4.4033e-21
 5539.50   1.2296e-16   4.3983e-21
 5542.51   1.1904e-16   4.3934e-21
 5545.51   1.0890e-16   4.3885e-21
 5548.52   1.1192e-16   4.3837e-21
 5551.52   1.2055e-16   4.3788e-21
 5554.52   1.2042e-16   4.3739e-21
 5596.58   1.1784e-16   4.3073e-21
 5599.58   1.1869e-16   4.3027e-21
 5602.59   1.1900e-16   4.2980e-21
 5605.59   1.1467e-16   4.2934e-21
 5608.60   1.2278e-16   4.2888e-21
 5611.60   1.2958e-16   4.2841e-21
 5614.60   1.2205e-16   4.2795e-21
 5617.61   1.1781e-16   4.2750e-21
 5620.61   1.2371e-16   4.2704e-21
 5623.62   1.2656e-16   4.2658e-21
 5626.62   1.2346e-16   4.2613e-21
 5629.62   1.2266e-16   4.2567e-21
 5632.63   1.1846e-16   4.2522e-21
 5635.63   1.1603e-16   4.2477e-21
 5638.64   1.2180e-16   4.2432e-21
 5641.64   1.1956e-16   4.2387e-21
 5644.64   1.1567e-16   4.2342e-21
 5647.65   1.1380e-16   4.2298e-21
 5650.65   1.1026e-16   4.2253e-21
 5653.66   1.1566e-16   4.2209e-21
 5656.66   1.2374e-16   4.2164e-21
 5659.66   1.2850e-16   4.2120e-21
 5662.67   1.2202e-16   4.2076e-21
 5665.67   1.2254e-16   4.2032e-21
 5668.67   1.2014e-16   4.1989e-21
 5671.68   1.1642e-16   4.1945e-21
 5674.68   1.2864e-16   4.1901e-21
 5677.69   1.2709e-16   4.1858e-21
 5680.69   1.2509e-16   4.1814e-21
 5683.69   1.2142e-16   4.1771e-21
 5686.70   1.1889e-16   4.1728e-21
 5689.70   1.2303e-16   4.1685e-21
 5692.71   1.2256e-16   4.1642e-21
 5695.71   1.1928e-16   4.1600e-21
 5698.71   1.2206e-16   4.1557e-21
 5701.72   1.1918e-16   4.1514e-21
 5704.72   1.1651e-16   4.1472e-21
 5707.73   1.1977e-16   4.1430e-21
 5710.73   1.1082e-16   4.1387e-21
 5713.73   1.1670e-16   4.1345e-21
 5716.74   1.2144e-16   4.1303e-21
 5719.74   1.1280e-16   4.1262e-21
 5722.75   1.2812e-16   4.1220e-21
 5725.75   1.2172e-16   4.1178e-21
 5728.75   1.2296e-16   4.1137e-21
 5731.76   1.2340e-16   4.1095e-21
 5734.76   1.1464e-16   4.1054e-21
 5737.77   1.1818e-16   4.1013e-21
 5740.77   1.2843e-16   4.0972e-21
 5743.77   1.2067e-16   4.0931e-21
 5746.78   1.1470e-16   4.0890e-21
 5749.78   1.1712e-16   4.0849e-21
 5752.79   1.2240e-16   4.0808e-21
 5755.79   1.2251e-16   4.0768e-21
 5758.79   1.1688e-16   4.0728e-21
 5761.80   1.1619e-16   4.0687e-21
 5764.80   1.1695e-16   4.0647e-21
 5767.81   1.1330e-16   4.0607e-21
 5770.81   1.1854e-16   4.0567e-21
 5773.81   1.1315e-16   4.0527e-21
 5776.82   1.0767e-16   4.0487e-21
 5779.82   1.1836e-16   4.0448e-21
 5782.83   1.0777e-16   4.0408e-21
 5785.83   1.2215e-16   4.0369e-21
 5788.83   1.1021e-16   4.0329e-21
 5791.84   1.1368e-16   4.0290e-21
 5794.84   1.1833e-16   4.0251e-21
 5797.85   1.1229e-16   4.0212e-21
 5800.85   1.1318e-16   4.0173e-21
 5803.85   1.1274e-16   4.0134e-21
 5806.86   1.1297e-16   4.0095e-21
 5809.86   1.1475e-16   4.0057e-21
 5812.87   1.2243e-16   4.0018e-21
 5815.87   1.2349e-16   3.9980e-21
 5818.87   1.1166e-16   3.9941e-21
 5821.88   1.1614e-16   3.9903e-21
 5824.88   1.1260e-16   3.9865e-21
 5827.88   1.1195e-16   3.9827e-21
 5830.89   1.1500e-16   3.9789e-21
 5833.89   1.1179e-16   3.9751e-21
 5836.90   1.0932e-16   3.9713e-21
 5839.90   1.1445e-16   3.9676e-21
 5842.90   1.1426e-16   3.9638e-21
 5845.91   1.1472e-16   3.9601e-21
 5848.91   1.2142e-16   3.9564e-21
 5851.92   1.1946e-16   3.9526e-21
 5854.92   1.0814e-16   3.9489e-21
 5857.92   1.1018e-16   3.9452e-21
 5860.93   1.0913e-16   3.9415e-21
 5863.93   9.9934e-17   3.9378e-21
 5866.94   1.1375e-16   3.9342e-21
 5869.94   1.1582e-16   3.9305e-21
 5872.94   1.1419e-16   3.9269e-21
 5875.95   1.1483e-16   3.9232e-21
 5878.95   1.0449e-16   3.9196e-21
 5881.96   1.1693e-16   3.9160e-21
 5884.96   1.2419e-16   3.9123e-21
 5887.96   1.1179e-16   3.9087e-21
 5890.97   1.0956e-16   3.9051e-21
 5893.97   1.1376e-16   3.9016e-21
 5896.98   1.0477e-16   3.8980e-21
 5899.98   9.7398e-17   3.8944e-21
 5902.98   1.0006e-16   3.8909e-21
 5905.99   1.0469e-16   3.8873e-21
 5908.99   1.0993e-16   3.8838e-21
 5912.00   1.1048e-16   3.8802e-21
 5915.00   1.0814e-16   3.8767e-21
 5918.00   1.0875e-16   3.8732e-21
 5921.01   1.0841e-16   3.8697e-21
 5924.01   1.0865e-16   3.8662e-21
 5927.02   1.0847e-16   3.8627e-21
 5930.02   1.1419e-16   3.8593e-21
 5933.02   1.0932e-16   3.8558e-21
 5936.03   1.0850e-16   3.8523e-21
 5939.03   1.0975e-16   3.8489e-21
 5942.04   1.0975e-16   3.8455e-21
 5945.04   1.1148e-16   3.8420e-21
 5948.04   1.1283e-16   3.8386e-21
 5951.05   1.0835e-16   3.8352e-21
 5954.05   1.0878e-16   3.8318e-21
 5957.06   1.1134e-16   3.8284e-21
 5960.06   1.1663e-16   3.8250e-21
 5963.06   1.1578e-16   3.8216e-21
 5966.07   1.1216e-16   3.8183e-21
 5969.07   1.0873e-16   3.8149e-21
 5972.08   1.0552e-16   3.8116e-21
 5975.08   1.0644e-16   3.8082e-21
 5978.08   1.0533e-16   3.8049e-21
 5981.09   1.0464e-16   3.8016e-21
 5984.09   1.0466e-16   3.7983e-21
 5987.10   1.0360e-16   3.7950e-21
 5990.10   1.0587e-16   3.7917e-21
 5993.10   1.0908e-16   3.7884e-21
 5996.11   1.1014e-16   3.7851e-21
 5999.11   1.0907e-16   3.7819e-21
 6002.12   1.0595e-16   3.7781e-21
 6005.12   1.0478e-16   3.7743e-21
 6008.12   1.0838e-16   3.7704e-21
 6011.13   1.0972e-16   3.7665e-21
 6014.13   1.1048e-16   3.7627e-21
 6017.13   1.1124e-16   3.7588e-21
 6020.14   1.0545e-16   3.7550e-21
 6023.14   1.0502e-16   3.7511e-21
 6026.15   1.1015e-16   3.7473e-21
 6029.15   1.1038e-16   3.7435e-21
 6032.15   1.1215e-16   3.7397e-21
 6035.16   1.1430e-16   3.7359e-21
 6038.16   1.1397e-16   3.7321e-21
 6041.17   1.1091e-16   3.7284e-21
 6044.17   1.0964e-16   3.7246e-21
 6047.17   1.0656e-16   3.7209e-21
 6050.18   1.0541e-16   3.7171e-21
 6053.18   1.0999e-16   3.7134e-21
 6056.19   1.1272e-16   3.7097e-21
 6059.19   1.1139e-16   3.7060e-21
 6062.19   1.0812e-16   3.7023e-21
 6065.20   1.0529e-16   3.6986e-21
 6068.20   1.0711e-16   3.6949e-21
 6071.21   1.1230e-16   3.6912e-21
 6074.21   1.1734e-16   3.6875e-21
 6077.21   1.1598e-16   3.6839e-21
 6080.22   1.1387e-16   3.6802e-21
 6083.22   1.1426e-16   3.6766e-21
 6086.23   1.1517e-16   3.6730e-21
 6089.23   1.1446e-16   3.6693e-21
 6092.23   1.1488e-16   3.6657e-21
 6095.24   1.1324e-16   3.6621e-21
 6098.24   1.1262e-16   3.6585e-21
 6101.25   1.0761e-16   3.6549e-21
 6104.25   1.0606e-16   3.6514e-21
 6107.25   1.0524e-16   3.6478e-21
 6110.26   1.0453e-16   3.6442e-21
 6113.26   1.0316e-16   3.6407e-21
 6116.27   1.0861e-16   3.6372e-21
 6119.27   1.0291e-16   3.6336e-21
 6122.27   1.0553e-16   3.6301e-21
 6125.28   1.1414e-16   3.6266e-21
 6128.28   1.1268e-16   3.6231e-21
 6131.29   1.1151e-16   3.6196e-21
 6134.29   1.2049e-16   3.6161e-21
 6137.29   1.1829e-16   3.6126e-21
 6140.30   1.2109e-16   3.6092e-21
 6143.30   1.1320e-16   3.6057e-21
 6146.30   1.1392e-16   3.6022e-21
 6149.31   1.0986e-16   3.5988e-21
 6152.31   1.0549e-16   3.5954e-21
 6155.32   1.1406e-16   3.5919e-21
 6158.32   1.0852e-16   3.5885e-21
 6161.32   1.1256e-16   3.5851e-21
 6164.33   1.1094e-16   3.5817e-21
 6167.33   1.1013e-16   3.5783e-21
 6170.34   1.0434e-16   3.5749e-21
 6173.34   1.0985e-16   3.5716e-21
 6176.34   1.1101e-16   3.5682e-21
 6179.35   1.0618e-16   3.5648e-21
 6182.35   1.1803e-16   3.5615e-21
 6185.36   1.0237e-16   3.5582e-21
 6188.36   1.0612e-16   3.5548e-21
 6191.36   1.0859e-16   3.5515e-21
 6194.37   1.1027e-16   3.5482e-21
 6197.37   1.0516e-16   3.5449e-21
 6200.38   1.0760e-16   3.5416e-21
 6203.38   1.1650e-16   3.5383e-21
 6206.38   1.1416e-16   3.5350e-21
 6209.39   1.0486e-16   3.5317e-21
 6212.39   1.1518e-16   3.5285e-21
 6215.40   1.0545e-16   3.5252e-21
 6218.40   1.1992e-16   3.5220e-21
 6221.40   1.0671e-16   3.5187e-21
 6224.41   1.1382e-16   3.5155e-21
 6227.41   1.1941e-16   3.5123e-21
 6230.42   1.1855e-16   3.5091e-21
 6233.42   1.0987e-16   3.5059e-21
 6236.42   1.1452e-16   3.5027e-21
 6239.43   1.1781e-16   3.4995e-21
 6242.43   1.1440e-16   3.4963e-21
 6245.44   1.0359e-16   3.4931e-21
 6248.44   1.0073e-16   3.4899e-21
 6251.44   1.1678e-16   3.4868e-21
 6254.45   1.0777e-16   3.4836e-21
 6257.45   1.1517e-16   3.4805e-21
 6260.46   1.0830e-16   3.4773e-21
 6263.46   1.0773e-16   3.4742e-21
 6266.46   1.1422e-16   3.4711e-21
 6269.47   1.0371e-16   3.4680e-21
 6272.47   9.2946e-17   3.4649e-21
 6275.48   1.1173e-16   3.4618e-21
 6278.48   1.1214e-16   3.4587e-21
 6332.55   9.2133e-17   3.4044e-21
 6335.55   9.5313e-17   3.4015e-21
 6338.56   1.0703e-16   3.3986e-21
 6341.56   1.0192e-16   3.3956e-21
 6392.63   1.0412e-16   3.3470e-21
 6395.63   1.0794e-16   3.3442e-21
 6398.64   1.0775e-16   3.3414e-21
 6401.64   1.0662e-16   3.3386e-21
 6404.65   1.0234e-16   3.3358e-21
 6407.65   1.0715e-16   3.3331e-21
 6410.65   1.1164e-16   3.3303e-21
 6413.66   1.0241e-16   3.3276e-21
 6416.66   1.0079e-16   3.3248e-21
 6419.67   1.0862e-16   3.3221e-21
 6422.67   1.0804e-16   3.3193e-21
 6425.67   1.0470e-16   3.3166e-21
 6428.68   1.1044e-16   3.3139e-21
 6431.68   1.1033e-16   3.3112e-21
 6434.68   1.0781e-16   3.3085e-21
 6437.69   1.0482e-16   3.3058e-21
 6440.69   1.0371e-16   3.3031e-21
 6443.70   1.0421e-16   3.3004e-21
 6446.70   1.0440e-16   3.2977e-21
 6449.70   1.0397e-16   3.2951e-21
 6452.71   1.0991e-16   3.2924e-21
 6455.71   1.1300e-16   3.2897e-21
 6458.72   1.1320e-16   3.2871e-21
 6461.72   1.1026e-16   3.2845e-21
 6464.72   1.0569e-16   3.2818e-21
 6467.73   1.0797e-16   3.2792e-21
 6470.73   1.0402e-16   3.2766e-21
 6473.74   9.7017e-17   3.2740e-21
 6476.74   9.1916e-17   3.2713e-21
 6479.74   9.1420e-17   3.2687e-21
 6482.75   9.3184e-17   3.2661e-21
 6485.75   9.7223e-17   3.2636e-21
 6488.76   1.0694e-16   3.2610e-21
 6491.76   1.0902e-16   3.2584e-21
 6494.76   1.0295e-16   3.2558e-21
 6497.77   1.0826e-16   3.2533e-21
 6500.77   1.0552e-16   3.2508e-21
 6503.78   1.0479e-16   3.2485e-21
 6506.78   1.0216e-16   3.2462e-21
 6509.78   8.8047e-17   3.2440e-21
 6512.79   9.3364e-17   3.2417e-21
 6515.79   9.6543e-17   3.2395e-21
 6518.79   1.0012e-16   3.2372e-21
 6521.80   1.0629e-16   3.2350e-21
 6524.80   1.1062e-16   3.2328e-21
 6527.81   1.0357e-16   3.2305e-21
 6530.81   9.8351e-17   3.2283e-21
 6533.81   1.0475e-16   3.2261e-21
 6536.82   1.0755e-16   3.2239e-21
 6539.82   1.0338e-16   3.2217e-21
 6542.83   1.0182e-16   3.2195e-21
 6545.83   1.0322e-16   3.2173e-21
 6548.83   1.0469e-16   3.2151e-21
 6551.84   1.1075e-16   3.2130e-21
 6554.84   1.0567e-16   3.2108e-21
 6557.85   9.8159e-17   3.2086e-21
 6560.85   9.6202e-17   3.2065e-21
 6563.85   9.0277e-17   3.2043e-21
 6566.86   8.9664e-17   3.2022e-21
 6569.86   9.8702e-17   3.2000e-21
 6572.87   9.2464e-17   3.1979e-21
 6575.87   8.7742e-17   3.1958e-21
 6578.87   9.2755e-17   3.1937e-21
 6581.88   1.0202e-16   3.1915e-21
 6584.88   1.0258e-16   3.1894e-21
 6587.89   9.2819e-17   3.1873e-21
 6590.89   9.5071e-17   3.1852e-21
 6593.89   1.0055e-16   3.1831e-21
 6596.90   1.0382e-16   3.1811e-21
 6599.90   1.0346e-16   3.1790e-21
 6602.91   1.0091e-16   3.1769e-21
 6605.91   9.9700e-17   3.1748e-21
 6608.91   9.9130e-17   3.1728e-21
 6611.92   8.9524e-17   3.1707e-21
 6614.92   8.8744e-17   3.1687e-21
 6617.93   9.1593e-17   3.1666e-21
 6620.93   9.6684e-17   3.1646e-21
 6623.93   1.0545e-16   3.1625e-21
 6626.94   1.0246e-16   3.1605e-21
 6629.94   9.8437e-17   3.1585e-21
 6632.95   1.0147e-16   3.1565e-21
 6635.95   9.7423e-17   3.1545e-21
 6638.95   9.1236e-17   3.1525e-21
 6641.96   9.1739e-17   3.1505e-21
 6644.96   9.2110e-17   3.1485e-21
 6647.97   9.0532e-17   3.1465e-21
 6650.97   9.2339e-17   3.1445e-21
 6653.97   9.1238e-17   3.1425e-21
 6656.98   8.9132e-17   3.1405e-21
 6659.98   8.9861e-17   3.1386e-21
 6662.98   8.9861e-17   3.1366e-21
 6665.99   8.7108e-17   3.1347e-21
 6668.99   9.1518e-17   3.1327e-21
 6672.00   8.8707e-17   3.1308e-21
 6675.00   8.2301e-17   3.1288e-21
 6678.00   8.4991e-17   3.1269e-21
 6681.01   8.8991e-17   3.1250e-21
 6684.01   8.9636e-17   3.1231e-21
 6687.02   8.8749e-17   3.1212e-21
 6690.02   9.2063e-17   3.1192e-21
 6693.02   9.1170e-17   3.1173e-21
 6696.03   8.3845e-17   3.1154e-21
 6699.03   8.6560e-17   3.1136e-21
 6702.04   9.4744e-17   3.1117e-21
 6705.04   9.1511e-17   3.1098e-21
 6708.04   9.0773e-17   3.1079e-21
 6711.05   9.0577e-17   3.1060e-21
 6714.05   9.2797e-17   3.1042e-21
 6717.06   9.2009e-17   3.1023e-21
 6720.06   9.0744e-17   3.1005e-21
 6723.06   8.8151e-17   3.0986e-21
 6726.07   8.7213e-17   3.0968e-21
 6729.07   8.6948e-17   3.0949e-21
 6732.08   9.1759e-17   3.0931e-21
 6735.08   9.3680e-17   3.0913e-21
 6738.08   9.0414e-17   3.0895e-21
 6741.09   9.0842e-17   3.0876e-21
 6744.09   8.9759e-17   3.0858e-21
 6747.10   8.9238e-17   3.0840e-21
 6750.10   8.7124e-17   3.0822e-21
 6753.10   8.4506e-17   3.0804e-21
 6756.11   9.1639e-17   3.0787e-21
 6759.11   9.3451e-17   3.0769e-21
 6762.12   9.2680e-17   3.0751e-21
 6765.12   9.3030e-17   3.0733e-21
 6768.12   9.0950e-17   3.0716e-21
 6771.13   9.2862e-17   3.0698e-21
 6774.13   8.9910e-17   3.0680e-21
 6777.14   8.9776e-17   3.0663e-21
 6780.14   9.0140e-17   3.0645e-21
 6783.14   8.8954e-17   3.0628e-21
 6786.15   9.0407e-17   3.0611e-21
 6789.15   8.9714e-17   3.0593e-21
 6792.16   8.8395e-17   3.0576e-21
 6795.16   8.6680e-17   3.0559e-21
 6798.16   9.0959e-17   3.0542e-21
 6801.17   9.2362e-17   3.0525e-21
 6804.17   9.1449e-17   3.0508e-21
 6807.17   8.8612e-17   3.0491e-21
 6810.18   9.0269e-17   3.0474e-21
 6813.18   9.2748e-17   3.0457e-21
 6816.19   9.6398e-17   3.0440e-21
 6819.19   1.0872e-16   3.0424e-21
 6822.19   1.1226e-16   3.0407e-21
 6825.20   1.0415e-16   3.0390e-21
 6828.20   9.9685e-17   3.0374e-21
 6831.21   9.3551e-17   3.0357e-21
 6834.21   8.3260e-17   3.0341e-21
 6837.21   7.3339e-17   3.0324e-21
 6840.22   7.2979e-17   3.0308e-21
 6843.22   7.1321e-17   3.0291e-21
 6846.23   7.1521e-17   3.0275e-21
 6849.23   8.8334e-17   3.0259e-21
 6852.23   1.0247e-16   3.0243e-21
 6855.24   1.0323e-16   3.0227e-21
 6858.24   8.4181e-17   3.0210e-21
 6861.25   7.5591e-17   3.0194e-21
 6864.25   7.5019e-17   3.0178e-21
 6867.25   6.8893e-17   3.0163e-21
 6870.26   6.4219e-17   3.0147e-21
 6873.26   4.5219e-17   3.0131e-21
 6876.27   4.0864e-17   3.0115e-21
 6879.27   7.1733e-17   3.0099e-21
 6882.27   7.9394e-17   3.0084e-21
 6885.28   7.6491e-17   3.0068e-21
 6888.28   8.0453e-17   3.0052e-21
 6891.29   8.0737e-17   3.0037e-21
 6894.29   7.9248e-17   3.0022e-21
 6897.29   7.4793e-17   3.0006e-21
 6900.30   7.5840e-17   2.9991e-21
 6903.30   8.3047e-17   2.9975e-21
 6906.31   8.3700e-17   2.9960e-21
 6909.31   8.3285e-17   2.9945e-21
 6912.31   8.6599e-17   2.9930e-21
 6915.32   8.9352e-17   2.9915e-21
 6918.32   8.1716e-17   2.9900e-21
 6921.33   7.2192e-17   2.9885e-21
 6924.33   7.2508e-17   2.9870e-21
 6927.33   7.9732e-17   2.9855e-21
 6930.34   7.7697e-17   2.9840e-21
 6933.34   7.3481e-17   2.9825e-21
 6936.35   7.8666e-17   2.9810e-21
 6939.35   9.3165e-17   2.9796e-21
 6942.35   9.0125e-17   2.9781e-21
 6945.36   7.7920e-17   2.9766e-21
 6948.36   7.3765e-17   2.9752e-21
 6951.37   7.5003e-17   2.9737e-21
 6954.37   8.2009e-17   2.9723e-21
 6957.37   7.3388e-17   2.9708e-21
 6960.38   6.6459e-17   2.9694e-21
 6963.38   8.1744e-17   2.9680e-21
 6966.38   9.0868e-17   2.9665e-21
 6969.39   9.2853e-17   2.9651e-21
 6972.39   8.4171e-17   2.9637e-21
 6975.40   8.3385e-17   2.9623e-21
 6978.40   7.8879e-17   2.9609e-21
 6981.40   7.9664e-17   2.9595e-21
 6984.41   8.2255e-17   2.9581e-21
 6987.41   7.5023e-17   2.9567e-21
 6990.42   7.5856e-17   2.9553e-21
 6993.42   8.9829e-17   2.9539e-21
 6996.42   8.8162e-17   2.9526e-21
 6999.43   9.1094e-17   2.9512e-21
 7002.43   9.7078e-17   2.9501e-21
 7005.44   9.0583e-17   2.9491e-21
 7008.44   9.7850e-17   2.9481e-21
 7011.44   1.1560e-16   2.9471e-21
 7014.45   1.2907e-16   2.9461e-21
 7017.45   1.3653e-16   2.9451e-21
 7020.46   1.3916e-16   2.9442e-21
 7023.46   1.3918e-16   2.9432e-21
 7026.46   1.4035e-16   2.9422e-21
 7029.47   1.2805e-16   2.9413e-21
 7032.47   1.1010e-16   2.9403e-21
 7035.48   1.0448e-16   2.9394e-21
 7038.48   1.0562e-16   2.9384e-21
 7041.48   1.0338e-16   2.9375e-21
 7044.49   1.0631e-16   2.9365e-21
 7047.49   1.0335e-16   2.9356e-21
 7050.50   9.8953e-17   2.9346e-21
 7053.50   9.4337e-17   2.9337e-21
 7056.50   8.6945e-17   2.9328e-21
 7059.51   8.0253e-17   2.9319e-21
 7062.51   7.6999e-17   2.9310e-21
 7065.52   8.0796e-17   2.9301e-21
 7068.52   8.5298e-17   2.9291e-21
 7071.52   8.5799e-17   2.9282e-21
 7074.53   9.0443e-17   2.9274e-21
 7077.53   8.6676e-17   2.9265e-21
 7080.54   8.4408e-17   2.9256e-21
 7083.54   8.7465e-17   2.9247e-21
 7086.54   8.5535e-17   2.9238e-21
 7089.55   8.1630e-17   2.9229e-21
 7092.55   7.8351e-17   2.9221e-21
 7095.56   7.8037e-17   2.9212e-21
 7098.56   7.3827e-17   2.9203e-21
 7101.56   7.4466e-17   2.9195e-21
 7104.57   7.9050e-17   2.9186e-21
 7107.57   7.9922e-17   2.9178e-21
 7110.58   7.9962e-17   2.9170e-21
 7113.58   8.0556e-17   2.9161e-21
 7116.58   8.2461e-17   2.9153e-21
 7119.59   8.0255e-17   2.9145e-21
 7122.59   8.0391e-17   2.9136e-21
 7125.60   8.2537e-17   2.9128e-21
 7128.60   8.4170e-17   2.9120e-21
 7131.60   8.3211e-17   2.9112e-21
 7134.61   8.0784e-17   2.9104e-21
 7137.61   8.1886e-17   2.9096e-21
 7140.62   8.0584e-17   2.9088e-21
 7143.62   8.2002e-17   2.9080e-21
 7146.62   8.1811e-17   2.9072e-21
 7149.63   7.8550e-17   2.9064e-21
 7152.63   7.8371e-17   2.9056e-21
 7155.63   7.5138e-17   2.9049e-21
 7158.64   7.3745e-17   2.9041e-21
 7161.64   7.5828e-17   2.9033e-21
 7164.65   7.5454e-17   2.9026e-21
 7167.65   7.4765e-17   2.9018e-21
 7170.65   6.9617e-17   2.9011e-21
 7173.66   6.3131e-17   2.9003e-21
 7176.66   6.5069e-17   2.8996e-21
 7179.67   7.0936e-17   2.8988e-21
 7182.67   7.3063e-17   2.8981e-21
 7185.67   7.5647e-17   2.8974e-21
 7188.68   7.4614e-17   2.8967e-21
 7191.68   7.4058e-17   2.8959e-21
 7194.69   7.8401e-17   2.8952e-21
 7197.69   7.7320e-17   2.8945e-21
 7200.69   7.4788e-17   2.8938e-21
 7203.70   7.5934e-17   2.8931e-21
 7206.70   7.8412e-17   2.8924e-21
 7209.71   7.7125e-17   2.8917e-21
 7212.71   7.4494e-17   2.8910e-21
 7215.71   7.6382e-17   2.8903e-21
 7218.72   7.5714e-17   2.8897e-21
 7221.72   7.5561e-17   2.8890e-21
 7224.73   8.3757e-17   2.8883e-21
 7227.73   9.9609e-17   2.8876e-21
 7230.73   1.0159e-16   2.8870e-21
 7233.74   1.0140e-16   2.8863e-21
 7236.74   8.5615e-17   2.8857e-21
 7239.75   6.6717e-17   2.8850e-21
 7242.75   6.4248e-17   2.8844e-21
 7245.75   5.6616e-17   2.8837e-21
 7248.76   3.2927e-17   2.8831e-21
 7251.76   2.9007e-17   2.8825e-21
 7254.77   3.4989e-17   2.8818e-21
 7257.77   5.1358e-17   2.8812e-21
 7260.77   6.7500e-17   2.8806e-21
 7263.78   8.9454e-17   2.8800e-21
 7266.78   1.0104e-16   2.8794e-21
 7269.79   8.4642e-17   2.8788e-21
 7272.79   8.6842e-17   2.8782e-21
 7275.79   8.2019e-17   2.8776e-21
 7278.80   7.1217e-17   2.8770e-21
 7281.80   5.6718e-17   2.8764e-21
 7284.81   3.5263e-17   2.8758e-21
 7287.81   3.6506e-17   2.8752e-21
 7290.81   5.6265e-17   2.8747e-21
 7293.82   5.5679e-17   2.8741e-21
 7296.82   5.5921e-17   2.8735e-21
 7299.83   7.2335e-17   2.8730e-21
 7302.83   8.5589e-17   2.8724e-21
 7305.83   1.0374e-16   2.8719e-21
 7308.84   8.7428e-17   2.8713e-21
 7311.84   6.6572e-17   2.8708e-21
 7314.85   6.9141e-17   2.8703e-21
 7317.85   8.0187e-17   2.8697e-21
 7320.85   7.6559e-17   2.8692e-21
 7323.86   4.4218e-17   2.8687e-21
 7326.86   5.1432e-17   2.8681e-21
 7329.87   9.8129e-17   2.8676e-21
 7332.87   8.6134e-17   2.8671e-21
 7335.87   6.2408e-17   2.8666e-21
 7338.88   5.6249e-17   2.8661e-21
 7341.88   6.4087e-17   2.8656e-21
 7344.88   7.4784e-17   2.8651e-21
 7347.89   5.9491e-17   2.8646e-21
 7350.89   4.6304e-17   2.8642e-21
 7353.90   7.4193e-17   2.8637e-21
 7356.90   9.0007e-17   2.8632e-21
 7359.90   8.2630e-17   2.8627e-21
 7362.91   7.7775e-17   2.8623e-21
 7365.91   6.0483e-17   2.8618e-21
 7368.92   5.1724e-17   2.8613e-21
 7371.92   7.2518e-17   2.8609e-21
 7374.92   6.5485e-17   2.8604e-21
 7377.93   4.7877e-17   2.8600e-21
 7380.93   6.4122e-17   2.8596e-21
 7383.94   7.5890e-17   2.8591e-21
 7386.94   7.6097e-17   2.8587e-21
 7389.94   9.6869e-17   2.8583e-21
 7392.95   8.2330e-17   2.8579e-21
 7395.95   7.2161e-17   2.8574e-21
 7398.96   5.7864e-17   2.8570e-21
 7401.96   7.3032e-17   2.8566e-21
 7404.96   7.0092e-17   2.8562e-21
 7407.97   6.4958e-17   2.8558e-21
 7410.97   5.0153e-17   2.8554e-21
 7413.98   6.4056e-17   2.8550e-21
 7416.98   7.0545e-17   2.8547e-21
 7419.98   7.6772e-17   2.8543e-21
 7422.99   7.8784e-17   2.8539e-21
 7425.99   8.3469e-17   2.8535e-21
 7429.00   9.1508e-17   2.8532e-21
 7432.00   7.8977e-17   2.8528e-21
 7435.00   7.2622e-17   2.8524e-21
 7438.01   7.3673e-17   2.8521e-21
 7441.01   7.4245e-17   2.8517e-21
 7444.02   6.6772e-17   2.8514e-21
 7447.02   6.7356e-17   2.8511e-21
 7450.02   6.8431e-17   2.8507e-21
 7453.03   7.7530e-17   2.8504e-21
 7456.03   8.4169e-17   2.8501e-21
 7459.04   8.2172e-17   2.8498e-21
 7462.04   7.9337e-17   2.8494e-21
 7465.04   7.3188e-17   2.8491e-21
 7468.05   8.0868e-17   2.8488e-21
 7471.05   8.3184e-17   2.8485e-21
 7474.06   7.4778e-17   2.8482e-21
 7477.06   6.7613e-17   2.8479e-21
 7480.06   6.3895e-17   2.8476e-21
 7483.07   6.6282e-17   2.8473e-21
 7486.07   6.7575e-17   2.8471e-21
 7489.08   6.0195e-17   2.8468e-21
 7492.08   6.2121e-17   2.8465e-21
 7495.08   6.7401e-17   2.8463e-21
 7498.09   7.0317e-17   2.8460e-21
 7501.09   7.4005e-17   2.8457e-21
 7504.09   6.9903e-17   2.8455e-21
 7507.10   8.0149e-17   2.8452e-21
 7510.10   9.1302e-17   2.8450e-21
 7513.11   9.7785e-17   2.8448e-21
 7516.11   8.3958e-17   2.8445e-21
 7519.11   7.5906e-17   2.8443e-21
 7522.12   7.5998e-17   2.8441e-21
 7525.12   8.0300e-17   2.8438e-21
 7528.13   6.5764e-17   2.8436e-21
 7531.13   3.7399e-17   2.8434e-21
 7534.13   5.3866e-17   2.8432e-21
 7537.14   6.2411e-17   2.8430e-21
 7540.14   6.9214e-17   2.8428e-21
 7543.15   7.6637e-17   2.8426e-21
 7546.15   7.7608e-17   2.8424e-21
 7549.15   7.5958e-17   2.8423e-21
 7552.16   6.9007e-17   2.8421e-21
 7555.16   7.6078e-17   2.8419e-21
 7558.17   8.2676e-17   2.8417e-21
 7561.17   8.3642e-17   2.8416e-21
 7564.17   6.9901e-17   2.8414e-21
 7567.18   7.0310e-17   2.8413e-21
 7570.18   7.3678e-17   2.8411e-21
 7573.19   7.5684e-17   2.8410e-21
 7576.19   6.8859e-17   2.8408e-21
 7579.19   4.8941e-17   2.8407e-21
 7582.20   5.1040e-17   2.8405e-21
 7585.20   5.6862e-17   2.8404e-21
 7588.21   5.5749e-17   2.8403e-21
 7591.21   4.1507e-17   2.8402e-21
 7594.21   3.0735e-17   2.8401e-21
 7597.22   2.6532e-17   2.8400e-21
 7600.22   2.5839e-17   2.8398e-21
 7603.23   2.3896e-17   2.8398e-21
 7606.23   2.4333e-17   2.8397e-21
 7609.23   3.2110e-17   2.8396e-21
 7612.24   3.9886e-17   2.8395e-21
 7615.24   3.8289e-17   2.8394e-21
 7618.25   4.1731e-17   2.8393e-21
 7621.25   4.2502e-17   2.8393e-21
 7624.25   3.4943e-17   2.8392e-21
 7627.26   3.0138e-17   2.8391e-21
 7630.26   3.1346e-17   2.8391e-21
 7633.27   3.6995e-17   2.8390e-21
 7636.27   3.3254e-17   2.8390e-21
 7639.27   4.3743e-17   2.8389e-21
 7642.28   5.0588e-17   2.8389e-21
 7645.28   5.0636e-17   2.8389e-21
 7648.29   5.7412e-17   2.8388e-21
 7651.29   5.8192e-17   2.8388e-21
 7654.29   5.5740e-17   2.8388e-21
 7657.30   6.0176e-17   2.8388e-21
 7660.30   5.5789e-17   2.8388e-21
 7663.30   6.0904e-17   2.8388e-21
 7666.31   6.1423e-17   2.8388e-21
 7669.31   6.5173e-17   2.8388e-21
 7672.32   6.9753e-17   2.8388e-21
 7675.32   6.5906e-17   2.8388e-21
 7678.32   6.7394e-17   2.8388e-21
 7681.33   6.6945e-17   2.8388e-21
 7684.33   6.8297e-17   2.8389e-21
 7687.34   7.0383e-17   2.8389e-21
 7690.34   6.9072e-17   2.8390e-21
 7693.34   7.1081e-17   2.8390e-21
 7696.35   7.9029e-17   2.8390e-21
 7699.35   9.1312e-17   2.8391e-21
 7702.36   9.5514e-17   2.8392e-21
 7705.36   8.9973e-17   2.8392e-21
 7708.36   8.0001e-17   2.8393e-21
 7711.37   7.3343e-17   2.8394e-21
 7714.37   8.0370e-17   2.8394e-21
 7717.38   5.5811e-17   2.8395e-21
 7720.38   3.1164e-17   2.8396e-21
 7723.38   3.7210e-17   2.8397e-21
 7726.39   4.7991e-17   2.8398e-21
 7729.39   7.0313e-17   2.8399e-21
 7732.40   8.1306e-17   2.8400e-21
 7735.40   8.0224e-17   2.8401e-21
 7738.40   8.4029e-17   2.8403e-21
 7741.41   8.5986e-17   2.8404e-21
 7744.41   8.1618e-17   2.8405e-21
 7747.42   8.1217e-17   2.8406e-21
 7750.42   7.9391e-17   2.8408e-21
 7753.42   5.8195e-17   2.8409e-21
 7756.43   3.9269e-17   2.8411e-21
 7759.43   4.9661e-17   2.8412e-21
 7762.44   6.3095e-17   2.8414e-21
 7765.44   6.8968e-17   2.8415e-21
 7768.44   6.7839e-17   2.8417e-21
 7771.45   6.8451e-17   2.8419e-21
 7774.45   7.5536e-17   2.8421e-21
 7777.46   8.2291e-17   2.8423e-21
 7780.46   7.7120e-17   2.8424e-21
 7783.46   6.9811e-17   2.8426e-21
 7786.47   7.7133e-17   2.8428e-21
 7789.47   7.3462e-17   2.8430e-21
 7792.48   7.7271e-17   2.8432e-21
 7795.48   7.2333e-17   2.8435e-21
 7798.48   5.7971e-17   2.8437e-21
 7801.49   5.8104e-17   2.8439e-21
 7804.49   7.3349e-17   2.8441e-21
 7807.50   8.2213e-17   2.8444e-21
 7810.50   7.4811e-17   2.8446e-21
 7813.50   6.3734e-17   2.8449e-21
 7816.51   5.9257e-17   2.8451e-21
 7819.51   6.5239e-17   2.8454e-21
 7822.51   6.6137e-17   2.8456e-21
 7825.52   5.4270e-17   2.8459e-21
 7828.52   4.5425e-17   2.8462e-21
 7831.53   6.5313e-17   2.8464e-21
 7834.53   8.7003e-17   2.8467e-21
 7837.53   7.0396e-17   2.8470e-21
 7840.54   7.5481e-17   2.8473e-21
 7843.54   7.8041e-17   2.8476e-21
 7846.55   7.9214e-17   2.8479e-21
 7849.55   7.2115e-17   2.8482e-21
 7852.55   7.2975e-17   2.8485e-21
 7855.56   5.4684e-17   2.8488e-21
 7858.56   4.1437e-17   2.8492e-21
 7861.57   4.5986e-17   2.8495e-21
 7864.57   5.5959e-17   2.8498e-21
 7867.57   6.2697e-17   2.8502e-21
 7870.58   7.0729e-17   2.8505e-21
 7873.58   5.8351e-17   2.8509e-21
 7876.59   5.9556e-17   2.8512e-21
 7879.59   6.1404e-17   2.8516e-21
 7882.59   6.3690e-17   2.8519e-21
 7885.60   7.5768e-17   2.8523e-21
 7888.60   6.4746e-17   2.8527e-21
 7891.60   6.8849e-17   2.8531e-21
 7894.61   6.8695e-17   2.8535e-21
 7897.61   7.3165e-17   2.8539e-21
 7900.62   7.0500e-17   2.8542e-21
 7903.62   6.2471e-17   2.8547e-21
 7906.62   7.7220e-17   2.8551e-21
 7909.63   7.1933e-17   2.8555e-21
 7912.63   6.5120e-17   2.8559e-21
 7915.64   5.6737e-17   2.8563e-21
 7918.64   3.2703e-17   2.8568e-21
 7921.65   4.6428e-17   2.8572e-21
 7924.65   5.8457e-17   2.8576e-21
 7927.65   5.6359e-17   2.8581e-21
 7930.66   6.9173e-17   2.8585e-21
 7933.66   6.0988e-17   2.8590e-21
 7936.67   6.0697e-17   2.8595e-21
 7939.67   7.5674e-17   2.8599e-21
 7942.67   8.3103e-17   2.8604e-21
 7945.68   7.9311e-17   2.8609e-21
 7948.68   6.4624e-17   2.8614e-21
 7951.69   6.0313e-17   2.8619e-21
 7954.69   3.9293e-17   2.8624e-21
 7957.69   5.6622e-17   2.8629e-21
 7960.70   5.8345e-17   2.8634e-21
 7963.70   6.8147e-17   2.8639e-21
 7966.71   6.1599e-17   2.8644e-21
 7969.71   5.4779e-17   2.8649e-21
 7972.71   5.0952e-17   2.8655e-21
 7975.72   7.1029e-17   2.8660e-21
 7978.72   7.2907e-17   2.8666e-21
 7981.72   8.5794e-17   2.8671e-21
 7984.73   6.2827e-17   2.8677e-21
 7987.73   5.7994e-17   2.8682e-21
 7990.74   6.6782e-17   2.8688e-21
 7993.74   7.1483e-17   2.8694e-21
 7996.74   6.0972e-17   2.8699e-21
 7999.75   4.5001e-17   2.8705e-21
 8002.75   4.7807e-17   2.8712e-21
 8005.76   5.7573e-17   2.8719e-21
 8008.76   6.2231e-17   2.8727e-21
 8011.76   5.8733e-17   2.8734e-21
 8014.77   6.4154e-17   2.8741e-21
 8017.77   6.0188e-17   2.8749e-21
 8020.78   5.7397e-17   2.8756e-21
 8023.78   5.9005e-17   2.8764e-21
 8026.78   5.2152e-17   2.8771e-21
 8029.79   6.0438e-17   2.8779e-21
 8032.79   6.2642e-17   2.8787e-21
 8035.80   6.0969e-17   2.8794e-21
 8038.80   7.0695e-17   2.8802e-21
 8041.80   6.8021e-17   2.8810e-21
 8044.81   6.6436e-17   2.8818e-21
 8047.81   6.8866e-17   2.8826e-21
 8050.82   7.6138e-17   2.8834e-21
 8053.82   7.5045e-17   2.8842e-21
 8056.82   7.3428e-17   2.8850e-21
 8059.83   6.5781e-17   2.8859e-21
 8062.83   7.3085e-17   2.8867e-21
 8065.83   7.5428e-17   2.8875e-21
 8068.84   7.3753e-17   2.8884e-21
 8071.84   6.3515e-17   2.8892e-21
 8074.85   6.8027e-17   2.8901e-21
 8077.85   6.9069e-17   2.8910e-21
 8080.85   6.6060e-17   2.8918e-21
 8083.86   6.5871e-17   2.8927e-21
 8086.86   6.8347e-17   2.8936e-21
 8089.87   7.0769e-17   2.8945e-21
 8092.87   7.0292e-17   2.8954e-21
 8095.88   6.5142e-17   2.8963e-21
 8098.88   7.1544e-17   2.8972e-21
 8101.88   7.2104e-17   2.8981e-21
 8104.89   6.7479e-17   2.8990e-21
 8107.89   6.8881e-17   2.8999e-21
 8110.90   7.1844e-17   2.9009e-21
