 
TRANSIENT_NAME:     DES14C1coz 
SNID:               1297049    
OBS_DATE:           2014-12-01
MJD:                56992. 
PHASE_EXP:          +56.   
MJD_EXP:            56914.3 (derived from r-band light-curve)
TYPE:               29 
SPEC_EVAL:          SNII
REDSHIFT:           0.3900  
REDSHIFT_ERR:       0.0050  
REDSHIFT_SOURCE:    Z_SN
TELESCOPE:          VLT
INSTRUMENT:         X-SHOOTER
 
======================================
 
# WAVE  FLUX  FLUX_ERR
 3400.00  -1.1064e-18   9.9999e+04
 3405.00  -1.1064e-18   1.5998e-18
 3410.00  -1.0883e-18   1.5953e-18
 3415.00  -3.5043e-18   1.7041e-18
 3420.00  -1.1652e-18   1.6927e-18
 3425.00  -4.4802e-18   1.7654e-18
 3430.00   5.7499e-19   1.7865e-18
 3435.00  -1.9715e-18   1.8955e-18
 3440.00  -1.6661e-18   1.8890e-18
 3445.00   1.1795e-18   1.9176e-18
 3450.00  -6.4204e-19   2.0484e-18
 3455.00   3.8891e-18   2.1238e-18
 3460.00  -1.4980e-18   2.1146e-18
 3465.00   1.3543e-18   2.0919e-18
 3470.00  -3.8411e-19   2.0864e-18
 3475.00  -1.8659e-18   1.9951e-18
 3480.00  -1.4470e-18   2.0649e-18
 3485.00   7.6809e-18   1.9733e-18
 3490.00   9.9542e-19   1.8454e-18
 3495.00   7.0366e-18   1.7321e-18
 3500.00   1.0562e-19   1.6007e-18
 3505.00   2.4399e-18   1.5356e-18
 3510.00   4.5119e-18   1.5083e-18
 3515.00  -1.1076e-18   1.3772e-18
 3520.00   1.6414e-18   1.2999e-18
 3525.00   8.5880e-19   1.2239e-18
 3530.00   2.4972e-18   1.2004e-18
 3535.00   1.7896e-18   1.1528e-18
 3540.00  -1.3277e-18   1.1844e-18
 3545.00  -1.2106e-18   1.2762e-18
 3550.00  -7.4904e-19   1.1815e-18
 3555.00   1.4112e-18   1.2000e-18
 3560.00  -3.1289e-19   1.1487e-18
 3565.00  -1.1058e-18   1.0240e-18
 3570.00   2.2175e-19   9.9168e-19
 3575.00  -1.3022e-18   9.6227e-19
 3580.00  -2.2912e-19   9.5535e-19
 3585.00  -9.1304e-19   9.6245e-19
 3590.00  -2.5103e-19   1.0189e-18
 3595.00   1.0071e-18   1.1212e-18
 3600.00   2.0387e-18   1.2023e-18
 3605.00  -1.0196e-18   1.2246e-18
 3610.00  -1.3128e-18   1.2801e-18
 3615.00  -2.5528e-19   1.3950e-18
 3620.00   2.4764e-18   1.4512e-18
 3625.00   3.9715e-19   1.4638e-18
 3630.00   2.5741e-18   1.5146e-18
 3635.00  -1.1228e-18   1.5495e-18
 3640.00   6.2833e-20   1.5231e-18
 3645.00   2.1495e-18   1.4563e-18
 3650.00   5.1938e-19   1.3764e-18
 3655.00  -4.6101e-19   1.3224e-18
 3660.00   2.7385e-18   1.3186e-18
 3665.00  -5.4600e-20   1.1642e-18
 3670.00   1.9926e-18   1.0865e-18
 3675.00   2.7992e-18   1.0201e-18
 3680.00   1.1915e-18   9.6152e-19
 3685.00   1.3788e-18   9.0982e-19
 3690.00   8.8056e-19   8.6488e-19
 3695.00   2.2031e-18   8.4297e-19
 3700.00   1.4864e-19   8.6568e-19
 3705.00   1.9045e-18   8.2698e-19
 3710.00  -1.5368e-18   7.6957e-19
 3715.00  -3.2648e-19   7.7243e-19
 3720.00   1.2319e-19   7.2012e-19
 3725.00   1.6581e-19   7.3996e-19
 3730.00   2.0013e-19   7.7093e-19
 3735.00   1.1676e-18   7.7276e-19
 3740.00  -6.1865e-19   8.0746e-19
 3745.00   1.9492e-18   7.6904e-19
 3750.00  -6.1008e-19   7.2589e-19
 3755.00   4.9687e-19   8.2090e-19
 3760.00  -2.7768e-19   7.3438e-19
 3765.00  -4.3820e-19   7.5129e-19
 3770.00   1.1401e-18   7.8338e-19
 3775.00  -3.3009e-19   8.6470e-19
 3780.00  -9.9271e-20   8.6391e-19
 3785.00   2.9009e-19   8.9182e-19
 3790.00   5.8253e-19   9.1117e-19
 3795.00  -1.2855e-18   9.3905e-19
 3800.00  -2.5099e-19   9.5044e-19
 3805.00   8.8062e-19   9.8698e-19
 3810.00  -3.5243e-19   9.9224e-19
 3815.00   5.8886e-19   1.0226e-18
 3820.00   2.9678e-18   1.0183e-18
 3825.00   1.1341e-18   9.9193e-19
 3830.00   1.1571e-18   1.0261e-18
 3835.00  -1.7273e-18   9.7240e-19
 3840.00   1.9220e-19   9.4350e-19
 3845.00   6.3110e-19   9.1276e-19
 3850.00   4.0649e-19   8.5947e-19
 3855.00   2.5181e-19   8.1827e-19
 3860.00   1.6033e-18   7.7507e-19
 3865.00   1.2271e-18   7.5144e-19
 3870.00   1.5432e-19   6.8785e-19
 3875.00   1.2016e-18   6.7899e-19
 3880.00   1.2292e-18   6.3570e-19
 3885.00   6.1033e-19   6.0615e-19
 3890.00   3.4321e-19   6.1098e-19
 3895.00   5.0664e-19   5.9657e-19
 3900.00   4.3471e-19   5.8692e-19
 3905.00  -7.4891e-19   5.8719e-19
 3910.00   9.4144e-19   6.0199e-19
 3915.00   2.2645e-18   5.8393e-19
 3920.00  -2.1705e-19   5.4431e-19
 3925.00   8.6581e-19   5.3158e-19
 3930.00  -1.8273e-19   5.0950e-19
 3935.00  -1.3002e-19   4.9530e-19
 3940.00   1.2442e-18   5.5236e-19
 3945.00   1.2709e-18   5.6332e-19
 3950.00  -8.0504e-19   5.5441e-19
 3955.00   2.4150e-19   5.4247e-19
 3960.00  -3.3128e-21   5.4065e-19
 3965.00   6.9560e-19   5.3035e-19
 3970.00   2.0268e-19   5.2138e-19
 3975.00  -2.7701e-19   5.7047e-19
 3980.00  -2.1098e-19   6.0089e-19
 3985.00   4.7844e-19   6.0352e-19
 3990.00   6.2551e-19   6.2651e-19
 3995.00  -7.6933e-19   6.3443e-19
 4000.00   2.3944e-18   6.6417e-19
 4005.00   8.4060e-19   6.6307e-19
 4010.00   1.7925e-18   7.0827e-19
 4015.00   8.9982e-19   7.0609e-19
 4020.00  -3.7994e-19   7.1304e-19
 4025.00   3.3136e-18   7.0832e-19
 4030.00  -3.1535e-19   6.9931e-19
 4035.00   1.0935e-18   6.8564e-19
 4040.00  -4.6054e-19   7.1292e-19
 4045.00   1.3288e-18   7.1275e-19
 4050.00   2.1290e-18   6.8387e-19
 4055.00   4.2287e-19   6.4932e-19
 4060.00   6.4425e-19   6.6479e-19
 4065.00   2.4978e-18   6.6690e-19
 4070.00  -7.1504e-19   6.3541e-19
 4075.00   2.2765e-18   6.1323e-19
 4080.00   3.4484e-18   5.9454e-19
 4085.00   1.9169e-18   5.6827e-19
 4090.00  -1.2894e-19   5.4664e-19
 4095.00  -2.3592e-19   5.2674e-19
 4100.00   1.3526e-18   5.0169e-19
 4105.00   2.6764e-19   4.8823e-19
 4110.00   2.0582e-18   4.9241e-19
 4115.00   1.4126e-18   4.9382e-19
 4120.00   4.6376e-19   4.9045e-19
 4125.00   4.0270e-19   4.8057e-19
 4130.00  -2.3233e-19   4.7307e-19
 4135.00   1.5163e-18   4.7745e-19
 4140.00   3.1893e-19   4.7004e-19
 4145.00   1.2616e-18   4.5619e-19
 4150.00   1.7694e-18   4.5818e-19
 4155.00   2.5905e-18   4.8012e-19
 4160.00   1.6086e-18   4.8172e-19
 4165.00   1.4793e-18   5.0229e-19
 4170.00   1.4189e-18   5.1162e-19
 4175.00   9.0614e-19   4.8685e-19
 4180.00   6.4778e-19   4.9436e-19
 4185.00   1.1795e-18   4.8687e-19
 4190.00  -1.4514e-19   4.8556e-19
 4195.00   1.3752e-18   4.9641e-19
 4200.00   1.9052e-18   4.9762e-19
 4205.00   1.3956e-18   5.0866e-19
 4210.00   7.6520e-19   5.2228e-19
 4215.00   8.7047e-19   5.2625e-19
 4220.00   1.5480e-18   5.3898e-19
 4225.00   1.4995e-18   5.3157e-19
 4230.00   1.3171e-18   5.5409e-19
 4235.00   4.1787e-19   5.5420e-19
 4240.00   1.4587e-18   5.6417e-19
 4245.00   1.1050e-18   5.7583e-19
 4250.00   3.3055e-19   5.7227e-19
 4255.00   8.7651e-19   5.7798e-19
 4260.00   9.3846e-19   5.7211e-19
 4265.00  -3.5856e-19   5.7381e-19
 4270.00   1.1988e-18   5.6038e-19
 4275.00  -3.7654e-19   5.5029e-19
 4280.00   5.7775e-19   5.5311e-19
 4285.00   1.9131e-18   5.3870e-19
 4290.00   1.8310e-18   5.4558e-19
 4295.00  -3.8204e-19   5.2514e-19
 4300.00   2.1618e-18   4.9942e-19
 4305.00  -1.2097e-18   5.0054e-19
 4310.00   3.4439e-19   4.6902e-19
 4315.00   7.2802e-19   4.8474e-19
 4320.00   1.6875e-18   4.7571e-19
 4325.00   9.3316e-19   4.3177e-19
 4330.00   9.0061e-19   4.3399e-19
 4335.00   1.7352e-18   4.2831e-19
 4340.00   1.4139e-18   4.0408e-19
 4345.00   3.4019e-19   4.0794e-19
 4350.00   8.7406e-19   4.0124e-19
 4355.00   6.5668e-19   3.9777e-19
 4360.00   1.0900e-18   4.0059e-19
 4365.00   5.5758e-19   3.9158e-19
 4370.00   1.1400e-18   3.9260e-19
 4375.00   1.0891e-18   3.8703e-19
 4380.00   6.0134e-19   3.8874e-19
 4385.00   9.1944e-19   3.7483e-19
 4390.00   9.9862e-19   3.8004e-19
 4395.00   1.0134e-18   3.8927e-19
 4400.00   7.7008e-19   3.9705e-19
 4405.00   1.4942e-18   4.1201e-19
 4410.00   6.3569e-20   4.1440e-19
 4415.00   1.2702e-18   4.1681e-19
 4420.00   4.4843e-19   4.2314e-19
 4425.00   1.5870e-18   4.2503e-19
 4430.00   4.5745e-19   4.2203e-19
 4435.00   7.5654e-19   4.1766e-19
 4440.00  -1.4740e-19   4.3511e-19
 4445.00   1.8028e-18   4.3900e-19
 4450.00   1.1485e-18   4.4700e-19
 4455.00   1.8485e-18   4.4158e-19
 4460.00   8.8614e-19   4.3795e-19
 4465.00   1.1153e-18   4.5961e-19
 4470.00   1.6931e-18   4.6563e-19
 4475.00   1.8310e-18   4.7803e-19
 4480.00   1.3104e-18   4.7646e-19
 4485.00   1.5177e-18   4.9273e-19
 4490.00   1.0650e-18   4.9118e-19
 4495.00   1.8566e-18   5.0232e-19
 4500.00  -2.1640e-19   5.0285e-19
 4505.00   2.3250e-18   5.1838e-19
 4510.00   1.2303e-18   5.0867e-19
 4515.00   1.4089e-18   5.0941e-19
 4520.00   3.8339e-19   5.0492e-19
 4525.00   1.2952e-18   5.0946e-19
 4530.00   1.1160e-18   5.0792e-19
 4535.00   1.0459e-18   5.2007e-19
 4540.00  -2.3155e-19   5.5181e-19
 4545.00   3.4002e-19   5.3745e-19
 4550.00   2.5695e-18   5.1135e-19
 4555.00   2.9614e-19   4.8786e-19
 4560.00   2.2499e-19   4.7373e-19
 4565.00   1.9316e-19   4.5062e-19
 4570.00   6.0152e-19   4.3965e-19
 4575.00  -7.7690e-20   4.3274e-19
 4580.00   7.2796e-19   4.2199e-19
 4585.00   5.0389e-20   4.1211e-19
 4590.00  -8.3592e-19   3.9799e-19
 4595.00   5.7875e-20   3.8685e-19
 4600.00   6.0609e-19   3.7873e-19
 4605.00   7.3528e-19   3.7521e-19
 4610.00   9.5986e-19   3.7894e-19
 4615.00   1.6221e-18   3.6987e-19
 4620.00   9.7863e-19   3.6524e-19
 4625.00   1.0322e-18   3.6088e-19
 4630.00   3.1661e-19   3.5219e-19
 4635.00   5.1073e-19   3.4518e-19
 4640.00   1.5636e-18   3.4967e-19
 4645.00   2.2560e-19   3.4163e-19
 4650.00   1.0604e-18   3.3940e-19
 4655.00   7.4814e-19   3.4635e-19
 4660.00   1.2417e-18   3.5865e-19
 4665.00   4.7398e-19   3.4058e-19
 4670.00   8.6886e-19   3.4440e-19
 4675.00   1.5199e-18   3.5656e-19
 4680.00   1.6523e-19   3.4710e-19
 4685.00   9.0228e-19   3.5458e-19
 4690.00   1.0843e-18   3.4993e-19
 4695.00   1.6811e-19   3.5297e-19
 4700.00   9.9979e-19   3.6341e-19
 4705.00   1.1811e-18   3.6040e-19
 4710.00   1.1465e-18   3.6580e-19
 4715.00   1.2102e-18   3.6900e-19
 4720.00   8.8804e-19   3.6965e-19
 4725.00   1.0304e-18   3.7088e-19
 4730.00   1.7524e-18   3.7554e-19
 4735.00   1.4081e-18   3.8497e-19
 4740.00   3.7131e-19   3.8381e-19
 4745.00   1.3495e-18   3.9605e-19
 4750.00   6.3287e-19   3.9055e-19
 4755.00   2.2335e-18   4.0184e-19
 4760.00  -3.0777e-19   3.9942e-19
 4765.00   1.6987e-18   4.0878e-19
 4770.00   7.9889e-19   4.0876e-19
 4775.00   2.1601e-18   4.2606e-19
 4780.00   1.5301e-18   4.2728e-19
 4785.00   1.3489e-18   4.2495e-19
 4790.00   4.5229e-20   4.2310e-19
 4795.00   5.6938e-19   4.3322e-19
 4800.00   1.3474e-18   4.4718e-19
 4805.00   1.0424e-18   4.3971e-19
 4810.00   1.3791e-18   4.3568e-19
 4815.00   1.7437e-18   4.4596e-19
 4820.00   3.2873e-18   5.4502e-19
 4825.00   2.2436e-18   5.1309e-19
 4830.00   2.1964e-18   4.9689e-19
 4835.00  -5.3183e-19   4.7265e-19
 4840.00   1.5592e-18   4.6207e-19
 4845.00   1.8514e-18   4.4847e-19
 4850.00   1.3118e-18   4.2359e-19
 4855.00   2.1805e-18   4.1247e-19
 4860.00   1.2401e-18   4.0008e-19
 4865.00   1.1470e-18   3.8396e-19
 4870.00   8.9348e-19   3.7284e-19
 4875.00   4.5251e-19   3.6098e-19
 4880.00   1.7574e-18   3.6731e-19
 4885.00   1.0433e-18   3.5365e-19
 4890.00   1.5865e-18   3.4629e-19
 4895.00   8.6026e-19   3.4316e-19
 4900.00   1.6453e-18   3.3663e-19
 4905.00   1.3445e-18   3.3036e-19
 4910.00   8.8239e-19   3.2001e-19
 4915.00   7.4261e-21   3.2128e-19
 4920.00   1.8355e-18   3.0893e-19
 4925.00   1.7017e-18   3.1624e-19
 4930.00   1.5741e-18   3.1412e-19
 4935.00   1.3138e-18   3.0888e-19
 4940.00   1.0753e-18   3.0455e-19
 4945.00   8.4130e-19   3.0153e-19
 4950.00   1.3967e-18   3.0735e-19
 4955.00   1.4409e-18   3.0390e-19
 4960.00   8.8117e-19   3.0122e-19
 4965.00   1.0178e-18   3.0814e-19
 4970.00   1.5644e-18   3.1252e-19
 4975.00   1.1094e-18   3.0840e-19
 4980.00   3.1436e-19   2.9855e-19
 4985.00   1.7139e-18   2.9843e-19
 4990.00   1.1755e-18   3.0734e-19
 4995.00   1.4607e-18   3.1031e-19
 5000.00   1.0643e-18   3.0894e-19
 5005.00   9.0554e-19   3.1329e-19
 5010.00   1.5012e-18   3.1611e-19
 5015.00   1.7400e-18   3.1794e-19
 5020.00   2.0773e-18   3.2162e-19
 5025.00   1.1231e-18   3.2156e-19
 5030.00   1.6020e-18   3.2857e-19
 5035.00   8.0236e-19   3.2923e-19
 5040.00   1.6660e-18   3.2923e-19
 5045.00   8.9692e-19   3.4385e-19
 5050.00   1.2278e-18   3.4247e-19
 5055.00   6.6315e-19   3.5415e-19
 5060.00   1.1364e-18   3.4778e-19
 5065.00   1.4225e-18   3.4240e-19
 5070.00   9.2850e-19   3.5072e-19
 5075.00   1.2322e-18   3.5081e-19
 5080.00   1.2195e-18   3.5061e-19
 5085.00   1.1645e-18   3.5844e-19
 5090.00   9.0570e-19   3.5976e-19
 5095.00   2.4089e-18   3.6887e-19
 5100.00   2.1398e-18   3.6860e-19
 5105.00   8.7619e-19   3.6825e-19
 5110.00   8.3601e-19   3.6894e-19
 5115.00   1.5177e-18   3.7778e-19
 5120.00   1.4521e-18   3.8014e-19
 5125.00   1.0461e-18   3.7658e-19
 5130.00   1.1951e-18   3.8087e-19
 5135.00   1.9424e-18   3.8870e-19
 5140.00   1.1335e-18   4.8071e-19
 5145.00   1.0009e-18   4.7690e-19
 5150.00  -5.9736e-19   4.5405e-19
 5155.00   1.2039e-18   4.4869e-19
 5160.00   1.2614e-18   4.3358e-19
 5165.00  -7.2647e-19   4.1692e-19
 5170.00   1.9047e-18   3.9613e-19
 5175.00   2.5678e-18   3.9396e-19
 5180.00   9.3012e-19   3.7922e-19
 5185.00   1.2155e-18   3.5979e-19
 5190.00   2.1432e-18   3.6836e-19
 5195.00   1.7058e-18   3.5767e-19
 5200.00   1.6006e-18   3.9211e-19
 5205.00   1.7429e-18   3.4489e-19
 5210.00   1.1268e-18   3.3022e-19
 5215.00   6.3249e-19   3.2621e-19
 5220.00   1.9524e-18   3.2931e-19
 5225.00   2.2891e-18   3.2509e-19
 5230.00   1.6074e-18   3.1334e-19
 5235.00   1.3673e-18   3.0407e-19
 5240.00   2.1061e-18   3.1514e-19
 5245.00   2.1303e-18   3.0128e-19
 5250.00   1.2982e-18   2.9998e-19
 5255.00   2.1133e-18   3.0458e-19
 5260.00   1.4172e-18   2.9217e-19
 5265.00   1.6689e-18   2.7742e-19
 5270.00   1.9503e-18   2.8118e-19
 5275.00   1.5331e-18   2.8911e-19
 5280.00   1.5694e-18   2.8363e-19
 5285.00   1.1470e-18   2.8138e-19
 5290.00   1.2117e-18   2.8284e-19
 5295.00   1.0209e-18   2.8560e-19
 5300.00   2.1926e-18   2.8668e-19
 5305.00   2.0352e-18   2.8656e-19
 5310.00   1.5549e-18   2.8568e-19
 5315.00   9.7775e-19   2.8217e-19
 5320.00   1.1200e-18   2.8486e-19
 5325.00   7.9238e-19   2.8386e-19
 5330.00   2.4012e-18   2.9229e-19
 5335.00   1.6772e-18   2.8474e-19
 5340.00   1.7344e-18   2.8217e-19
 5345.00   2.1918e-18   2.8840e-19
 5350.00   1.8634e-18   2.8793e-19
 5355.00   8.1958e-19   2.8751e-19
 5360.00   1.0867e-18   2.8883e-19
 5365.00   1.5230e-18   2.8828e-19
 5370.00   1.9350e-18   2.8941e-19
 5375.00   1.4316e-18   2.9712e-19
 5380.00   7.0563e-20   3.1042e-19
 5385.00   1.2128e-18   2.9835e-19
 5390.00   1.6708e-18   2.9861e-19
 5395.00   1.9710e-18   2.9986e-19
 5400.00   1.5748e-18   3.0629e-19
 5405.00   1.8268e-18   3.0496e-19
 5410.00   2.1228e-18   3.1723e-19
 5415.00   1.0873e-18   3.1876e-19
 5420.00  -4.2862e-19   3.4395e-19
 5425.00   5.1647e-19   3.2976e-19
 5430.00   2.2369e-18   3.4296e-19
 5435.00   2.5027e-18   3.5505e-19
 5440.00   1.8627e-18   3.6920e-19
 5445.00   1.7379e-18   3.6355e-19
 5450.00   2.1444e-18   3.5518e-19
 5455.00   1.9428e-18   3.6511e-19
 5460.00   2.1381e-18   3.9199e-19
 5465.00   2.6733e-19   3.8070e-19
 5470.00   1.5586e-18   3.9954e-19
 5475.00   1.2856e-18   3.9784e-19
 5480.00   2.3904e-18   4.1345e-19
 5485.00   1.4718e-18   4.2788e-19
 5490.00   2.0824e-18   4.2611e-19
 5495.00   1.2896e-18   4.2450e-19
 5500.00   1.5510e-18   4.2759e-19
 5505.00  -4.3253e-20   5.5705e-19
 5510.00   1.2042e-18   5.6793e-19
 5515.00   7.5257e-19   5.4708e-19
 5520.00   1.6092e-18   5.3683e-19
 5525.00   3.3110e-18   5.1941e-19
 5530.00   2.3974e-18   5.0678e-19
 5535.00   1.5979e-18   5.0670e-19
 5540.00   4.1366e-18   5.1965e-19
 5545.00   3.0161e-18   5.1859e-19
 5550.00   1.0475e-18   4.9659e-19
 5555.00   2.5680e-18   5.0557e-19
 5560.00   2.2809e-18   5.1082e-19
 5565.00   2.7034e-18   5.3316e-19
 5570.00   3.2699e-18   5.3117e-19
 5575.00   4.4697e-18   6.5169e-19
 5580.00   2.1817e-18   6.0446e-19
 5585.00   1.6852e-18   5.4066e-19
 5590.00   3.6930e-18   5.6007e-19
 5595.00   4.1696e-18   5.6295e-19
 5600.00   3.0439e-18   5.6487e-19
 5605.00   1.1958e-17   5.8544e-19
 5610.00   4.2486e-18   6.7256e-19
 5615.00   9.7332e-19   7.7367e-19
 5620.00   3.3241e-18   7.4527e-19
 5625.00   2.1545e-18   7.1859e-19
 5630.00   9.7103e-19   6.6853e-19
 5635.00   2.2972e-18   6.4815e-19
 5640.00   6.5739e-19   6.2800e-19
 5645.00   8.0286e-20   6.0499e-19
 5650.00  -6.3571e-20   6.0531e-19
 5655.00   1.3790e-18   5.7798e-19
 5660.00   2.6724e-18   5.6694e-19
 5665.00   2.6928e-18   5.6189e-19
 5670.00   3.0983e-18   5.6058e-19
 5675.00   2.8336e-20   5.4704e-19
 5680.00   1.5820e-18   5.5773e-19
 5685.00   2.3745e-18   5.6833e-19
 5690.00   1.3932e-18   5.7778e-19
 5695.00   4.0764e-18   6.0777e-19
 5700.00   1.9460e-18   6.1510e-19
 5705.00   1.2843e-18   6.4526e-19
 5710.00   2.6347e-18   6.4127e-19
 5715.00   1.4959e-18   6.5092e-19
 5720.00   1.3770e-18   6.7707e-19
 5725.00   7.3608e-19   7.0249e-19
 5730.00   1.2971e-18   7.2493e-19
 5735.00   2.3964e-18   7.6831e-19
 5740.00   1.9052e-18   8.5935e-19
 5745.00   1.2884e-18   6.7547e-19
 5750.00   6.4476e-19   6.4538e-19
 5755.00   5.0420e-19   6.3247e-19
 5760.00  -5.6792e-19   6.2454e-19
 5765.00   9.4010e-19   5.9199e-19
 5770.00  -2.6570e-19   5.7828e-19
 5775.00   3.0511e-18   5.7896e-19
 5780.00   1.2691e-18   5.5985e-19
 5785.00   2.4285e-18   5.5348e-19
 5790.00   6.1422e-19   5.4842e-19
 5795.00   5.0933e-18   5.6611e-19
 5800.00  -1.6571e-18   5.4730e-19
 5805.00   8.5676e-19   5.3485e-19
 5810.00   1.9553e-18   5.2181e-19
 5815.00   2.5218e-18   5.1741e-19
 5820.00   1.8117e-18   5.1578e-19
 5825.00   1.2203e-18   5.1227e-19
 5830.00   8.9269e-19   5.0508e-19
 5835.00   4.3785e-19   5.0197e-19
 5840.00   1.7845e-18   5.0560e-19
 5845.00   1.4947e-18   5.1078e-19
 5850.00   1.6789e-18   5.1842e-19
 5855.00   1.7824e-18   5.1583e-19
 5860.00   1.3942e-18   5.1150e-19
 5865.00   1.9977e-18   5.4487e-19
 5870.00   1.9648e-18   5.4653e-19
 5875.00   1.2228e-19   5.4018e-19
 5880.00   1.5168e-18   5.3974e-19
 5885.00   1.2083e-18   5.7152e-19
 5890.00   9.1172e-19   6.2570e-19
 5895.00   2.2041e-19   6.0970e-19
 5900.00   7.8374e-19   5.7945e-19
 5905.00   4.7307e-19   6.0146e-19
 5910.00   6.9036e-19   6.0338e-19
 5915.00   1.4314e-18   6.1422e-19
 5920.00   9.6802e-20   5.6443e-19
 5925.00   1.9351e-18   5.7916e-19
 5930.00  -4.7944e-19   5.5873e-19
 5935.00   2.2891e-18   5.9313e-19
 5940.00   1.2166e-18   5.6485e-19
 5945.00   1.6813e-18   6.5712e-19
 5950.00   1.1207e-18   8.0559e-19
 5955.00   4.1316e-18   7.8498e-19
 5960.00   1.3138e-18   7.2338e-19
 5965.00   2.8030e-18   6.9250e-19
 5970.00   2.1084e-18   6.6389e-19
 5975.00   6.1824e-19   6.4273e-19
 5980.00   6.7655e-19   6.3153e-19
 5985.00   1.2980e-18   5.7670e-19
 5990.00   1.2606e-18   5.6602e-19
 5995.00   5.6941e-19   5.3571e-19
 6000.00   1.2541e-18   5.3567e-19
 6005.00   2.3540e-18   5.4084e-19
 6010.00   2.7175e-18   5.4304e-19
 6015.00   2.5859e-18   4.9628e-19
 6020.00   1.0824e-18   4.8810e-19
 6025.00   1.2972e-18   4.7615e-19
 6030.00   1.1091e-18   4.6680e-19
 6035.00   4.6251e-18   4.6750e-19
 6040.00   1.4396e-18   4.4793e-19
 6045.00   1.5752e-18   4.4735e-19
 6050.00   2.7985e-18   4.3988e-19
 6055.00   1.6790e-18   4.2858e-19
 6060.00   2.5526e-18   4.3186e-19
 6065.00   1.1486e-18   4.1883e-19
 6070.00   1.3655e-18   4.2001e-19
 6075.00   1.7350e-18   4.1758e-19
 6080.00   2.0931e-18   4.1495e-19
 6085.00   1.0823e-18   4.1410e-19
 6090.00   1.9909e-18   4.2440e-19
 6095.00   1.4832e-18   4.3126e-19
 6100.00   1.2517e-18   4.2854e-19
 6105.00   1.2288e-18   4.3463e-19
 6110.00   8.8182e-19   4.4296e-19
 6115.00   2.1171e-18   4.6073e-19
 6120.00   2.0131e-18   4.6280e-19
 6125.00   3.2761e-18   4.7690e-19
 6130.00   9.9274e-19   4.9034e-19
 6135.00   8.6298e-19   4.9287e-19
 6140.00   1.8724e-18   4.7063e-19
 6145.00   1.7859e-18   4.8477e-19
 6150.00   9.1130e-19   4.8015e-19
 6155.00   2.1868e-18   4.8042e-19
 6160.00   1.6147e-18   4.7797e-19
 6165.00   2.8270e-19   4.6508e-19
 6170.00   1.5084e-18   5.8941e-19
 6175.00   3.6734e-18   6.5909e-19
 6180.00   1.7721e-19   6.1714e-19
 6185.00   1.3595e-18   5.7835e-19
 6190.00  -3.1783e-19   5.5706e-19
 6195.00   1.9560e-18   5.2302e-19
 6200.00   2.3903e-18   5.0977e-19
 6205.00   1.4777e-18   4.9403e-19
 6210.00   7.5534e-19   4.6368e-19
 6215.00   2.0994e-18   4.5859e-19
 6220.00   1.1709e-18   4.4974e-19
 6225.00   1.4660e-18   4.2586e-19
 6230.00   4.6945e-19   4.1158e-19
 6235.00   1.5304e-18   4.7339e-19
 6240.00   7.8216e-19   4.1714e-19
 6245.00   1.0807e-18   4.0110e-19
 6250.00   5.8455e-19   3.8610e-19
 6255.00   1.0495e-18   3.8619e-19
 6260.00   1.7110e-18   4.0920e-19
 6265.00   3.7980e-19   3.8592e-19
 6270.00   2.2171e-18   3.8126e-19
 6275.00   1.8268e-18   3.6976e-19
 6280.00   2.1690e-18   3.6865e-19
 6285.00   1.7633e-18   3.8100e-19
 6290.00   1.5707e-18   3.7692e-19
 6295.00   1.0741e-18   3.6614e-19
 6300.00   9.1288e-19   4.9347e-19
 6305.00   2.7384e-18   4.0291e-19
 6310.00   1.4378e-18   3.6612e-19
 6315.00   1.2581e-18   3.6951e-19
 6320.00   2.5610e-18   3.9323e-19
 6325.00   1.3164e-18   3.7966e-19
 6330.00   2.0574e-18   4.1595e-19
 6335.00   1.0805e-18   3.9226e-19
 6340.00   9.3291e-19   3.9946e-19
 6345.00   2.3002e-18   4.1644e-19
 6350.00   2.5308e-18   4.3569e-19
 6355.00   2.2036e-18   4.4834e-19
 6360.00   1.7832e-18   4.3666e-19
 6365.00   2.8824e-18   5.0122e-19
 6370.00   1.9937e-18   4.4433e-19
 6375.00   1.9226e-18   5.0540e-19
 6380.00   2.0242e-18   6.8458e-19
 6385.00   1.8317e-18   4.8429e-19
 6390.00   2.7530e-18   4.3679e-19
 6395.00   9.5841e-19   4.2328e-19
 6400.00   1.6794e-18   4.1765e-19
 6405.00   1.0889e-18   4.2534e-19
 6410.00   2.2815e-18   4.6107e-19
 6415.00   3.8892e-18   5.7933e-19
 6420.00   1.7744e-18   5.4723e-19
 6425.00   9.1848e-19   5.1016e-19
 6430.00   8.1542e-18   4.9035e-19
 6435.00   2.6604e-18   4.6982e-19
 6440.00   1.3216e-18   4.4139e-19
 6445.00   1.7204e-18   4.3349e-19
 6450.00   1.2225e-18   4.2645e-19
 6455.00   3.2806e-19   4.0539e-19
 6460.00   2.3030e-18   4.0151e-19
 6465.00   1.9203e-18   4.1948e-19
 6470.00   3.0126e-18   4.0005e-19
 6475.00   1.7664e-18   3.6633e-19
 6480.00   1.0655e-18   3.5959e-19
 6485.00   2.7068e-18   3.4705e-19
 6490.00   1.4758e-18   3.3695e-19
 6495.00   2.0118e-18   3.3296e-19
 6500.00   1.3995e-18   3.5802e-19
 6505.00   2.1945e-18   3.4217e-19
 6510.00   1.8861e-18   3.2406e-19
 6515.00   2.1083e-18   3.2264e-19
 6520.00   1.8557e-18   3.2229e-19
 6525.00   1.5026e-18   3.2343e-19
 6530.00   1.0637e-18   3.1262e-19
 6535.00   9.7022e-19   3.3630e-19
 6540.00   1.7490e-18   3.2078e-19
 6545.00   2.3397e-18   3.3461e-19
 6550.00   1.5680e-18   3.1607e-19
 6555.00   1.4056e-18   3.4032e-19
 6560.00   6.9440e-19   3.1324e-19
 6565.00   2.2836e-18   3.4432e-19
 6570.00   1.3530e-18   3.3565e-19
 6575.00   1.4696e-18   3.3925e-19
 6580.00   2.4176e-18   3.3498e-19
 6585.00   2.8966e-18   3.4052e-19
 6590.00   2.2600e-18   3.3815e-19
 6595.00   1.3000e-18   3.4754e-19
 6600.00   2.4656e-18   3.4397e-19
 6605.00   2.4008e-18   3.6906e-19
 6610.00   1.2373e-18   3.5231e-19
 6615.00   1.7128e-18   3.6273e-19
 6620.00   1.4922e-18   3.6932e-19
 6625.00   1.9008e-18   3.8344e-19
 6630.00   2.0327e-18   3.9374e-19
 6635.00   1.1049e-18   3.6321e-19
 6640.00   1.7367e-18   3.5020e-19
 6645.00   1.7828e-18   3.5095e-19
 6650.00   1.8121e-18   3.5688e-19
 6655.00   1.7011e-18   3.5479e-19
 6660.00   2.2990e-18   3.5931e-19
 6665.00   1.8981e-18   3.5601e-19
 6670.00   1.2848e-18   3.7274e-19
 6675.00   2.3877e-18   4.7329e-19
 6680.00   2.4767e-18   4.6399e-19
 6685.00   2.0280e-18   4.4093e-19
 6690.00   2.1052e-18   4.3003e-19
 6695.00   2.7294e-18   4.1496e-19
 6700.00   1.9322e-18   4.0369e-19
 6705.00   2.3346e-18   3.8992e-19
 6710.00   1.8053e-18   3.7695e-19
 6715.00   2.4541e-18   3.7300e-19
 6720.00   1.4108e-18   3.5352e-19
 6725.00   2.0705e-18   3.4825e-19
 6730.00   4.4188e-18   3.4871e-19
 6735.00   2.6537e-18   3.3302e-19
 6740.00   2.6705e-18   3.3009e-19
 6745.00   3.3921e-18   3.2929e-19
 6750.00   2.3890e-18   3.1618e-19
 6755.00   2.5900e-18   3.1265e-19
 6760.00   2.1373e-18   3.0545e-19
 6765.00   2.5778e-18   3.0334e-19
 6770.00   2.5224e-18   2.9728e-19
 6775.00   2.1561e-18   2.9449e-19
 6780.00   2.5066e-18   2.9162e-19
 6785.00   1.6222e-18   2.9062e-19
 6790.00   2.1577e-18   2.9101e-19
 6795.00   1.6752e-18   2.8387e-19
 6800.00   1.5899e-18   2.8243e-19
 6805.00   2.6840e-18   2.8377e-19
 6810.00   1.7349e-18   2.8293e-19
 6815.00   1.3944e-18   2.8221e-19
 6820.00   2.5247e-18   2.8298e-19
 6825.00   1.8204e-18   2.8970e-19
 6830.00   1.9243e-18   3.4218e-19
 6835.00   2.3243e-18   3.2949e-19
 6840.00   1.9115e-18   3.0785e-19
 6845.00   2.5078e-18   2.8582e-19
 6850.00   2.1048e-18   2.9466e-19
 6855.00   2.0730e-18   2.9535e-19
 6860.00   1.4888e-18   3.0218e-19
 6865.00   1.6556e-18   3.4494e-19
 6870.00   1.2234e-18   2.9455e-19
 6875.00   2.0087e-18   2.9312e-19
 6880.00   2.6864e-18   3.3188e-19
 6885.00   1.5173e-18   3.1690e-19
 6890.00   8.8458e-19   3.3551e-19
 6895.00   1.4027e-18   3.2519e-19
 6900.00   1.9798e-18   3.6249e-19
 6905.00   1.6473e-18   3.4489e-19
 6910.00   1.9997e-18   3.6386e-19
 6915.00   2.1784e-18   3.2693e-19
 6920.00   2.2251e-18   3.1472e-19
 6925.00   2.9266e-18   3.4588e-19
 6930.00   1.6098e-18   3.1127e-19
 6935.00   1.9314e-18   3.0963e-19
 6940.00   2.1300e-18   3.2996e-19
 6945.00   2.5802e-18   3.1071e-19
 6950.00   2.8571e-18   3.4512e-19
 6955.00   1.4071e-18   3.5245e-19
 6960.00   2.2303e-18   3.9985e-19
 6965.00   1.9386e-18   3.9162e-19
 6970.00   1.9296e-18   3.9190e-19
 6975.00   1.6734e-18   3.6156e-19
 6980.00   3.3603e-18   3.7661e-19
 6985.00   1.9509e-18   3.4080e-19
 6990.00   1.1830e-18   3.3286e-19
 6995.00   1.6832e-18   3.2084e-19
 7000.00   1.9763e-18   3.1622e-19
 7005.00   1.9309e-18   3.1308e-19
 7010.00   1.4908e-18   3.1419e-19
 7015.00   1.7866e-18   2.8596e-19
 7020.00   1.8291e-18   2.8192e-19
 7025.00   1.8760e-18   2.7820e-19
 7030.00   1.4734e-18   2.7542e-19
 7035.00   1.2038e-18   2.6823e-19
 7040.00   1.7147e-18   2.7159e-19
 7045.00   1.5830e-18   2.7086e-19
 7050.00   1.2619e-18   2.9498e-19
 7055.00   9.4077e-19   2.6247e-19
 7060.00   1.4876e-18   2.5655e-19
 7065.00   7.4744e-19   2.6350e-19
 7070.00   1.7477e-18   2.5678e-19
 7075.00   1.5218e-18   2.5542e-19
 7080.00   6.0556e-19   2.5649e-19
 7085.00   1.2963e-18   2.4980e-19
 7090.00   1.0855e-18   2.5699e-19
 7095.00   1.2342e-18   2.4099e-19
 7100.00   1.8598e-18   2.4285e-19
 7105.00   1.5593e-18   2.4088e-19
 7110.00   1.4681e-18   2.4210e-19
 7115.00   1.9068e-18   2.4158e-19
 7120.00   1.8074e-18   2.4066e-19
 7125.00   1.2908e-18   2.4438e-19
 7130.00   1.2830e-18   2.4616e-19
 7135.00   1.3345e-18   2.4727e-19
 7140.00   2.3933e-18   2.5201e-19
 7145.00   1.3294e-18   2.8093e-19
 7150.00   1.8518e-18   2.5895e-19
 7155.00   1.7213e-18   2.5482e-19
 7160.00   1.9609e-19   2.7994e-19
 7165.00   1.3476e-18   2.6417e-19
 7170.00   1.7458e-18   2.6410e-19
 7175.00   1.5273e-18   2.6875e-19
 7180.00   1.0428e-18   2.7260e-19
 7185.00   1.6024e-18   2.6696e-19
 7190.00   1.3610e-18   2.7383e-19
 7195.00   1.0572e-18   2.7786e-19
 7200.00   8.8569e-19   2.8600e-19
 7205.00   2.0295e-18   2.9467e-19
 7210.00   1.9960e-18   3.0602e-19
 7215.00   8.1470e-19   3.1019e-19
 7220.00   8.3039e-19   2.8058e-19
 7225.00   6.9271e-19   2.8230e-19
 7230.00   1.7279e-18   2.8066e-19
 7235.00   1.4592e-18   2.7555e-19
 7240.00   1.2356e-18   3.9235e-19
 7245.00   2.7537e-18   3.4580e-19
 7250.00   2.0509e-18   2.8651e-19
 7255.00   8.6804e-19   3.0546e-19
 7260.00   2.0166e-18   2.7478e-19
 7265.00   1.5727e-18   3.4241e-19
 7270.00   1.0182e-18   3.6159e-19
 7275.00   1.8536e-18   4.0541e-19
 7280.00   2.0248e-18   3.3449e-19
 7285.00   1.8642e-18   3.6414e-19
 7290.00   1.6139e-18   3.0636e-19
 7295.00   1.3506e-18   3.1852e-19
 7300.00   1.4552e-18   2.8399e-19
 7305.00   2.0005e-18   3.1591e-19
 7310.00   1.4838e-18   2.8220e-19
 7315.00   1.4681e-18   3.0284e-19
 7320.00   1.9170e-18   2.6475e-19
 7325.00   1.3682e-18   2.5593e-19
 7330.00  -1.2862e-19   2.9672e-19
 7335.00   1.6561e-18   2.5229e-19
 7340.00   1.6206e-18   2.8720e-19
 7345.00   1.4451e-18   2.5222e-19
 7350.00   1.1349e-18   2.5085e-19
 7355.00   1.5086e-18   2.4402e-19
 7360.00   2.8956e-18   2.6926e-19
 7365.00   2.1029e-18   2.4577e-19
 7370.00   1.3722e-18   2.6908e-19
 7375.00   1.6770e-18   2.3886e-19
 7380.00   1.5688e-18   2.3290e-19
 7385.00   1.1699e-18   2.2926e-19
 7390.00   2.0792e-18   2.5145e-19
 7395.00   1.3836e-18   2.2941e-19
 7400.00   1.6700e-18   2.5698e-19
 7405.00   1.7866e-18   2.2572e-19
 7410.00   2.0788e-18   2.2610e-19
 7415.00   2.1877e-18   2.3173e-19
 7420.00   1.7705e-18   2.2454e-19
 7425.00   2.1139e-18   2.2559e-19
 7430.00   1.5495e-18   2.4013e-19
 7435.00   2.1188e-18   2.2532e-19
 7440.00   1.7737e-18   2.5427e-19
 7445.00   1.3929e-18   2.2454e-19
 7450.00   2.5261e-18   2.2847e-19
 7455.00   1.8674e-18   2.2720e-19
 7460.00   1.6047e-18   2.3799e-19
 7465.00   1.8523e-18   2.5482e-19
 7470.00   1.8807e-18   2.5853e-19
 7475.00   1.0163e-18   2.5463e-19
 7480.00   1.1541e-18   2.7783e-19
 7485.00   1.6947e-18   2.6544e-19
 7490.00   2.1937e-18   2.4653e-19
 7495.00   1.9788e-18   2.6044e-19
 7500.00   1.6057e-18   2.5054e-19
 7505.00   1.3828e-18   2.5019e-19
 7510.00   1.2735e-19   2.6534e-19
 7515.00   1.6463e-18   2.7166e-19
 7520.00   2.1808e-18   2.7930e-19
 7525.00  -9.6300e-19   3.3374e-19
 7530.00   1.8188e-18   3.0280e-19
 7535.00   2.2818e-18   2.8577e-19
 7540.00   1.4112e-18   3.0094e-19
 7545.00   2.0989e-18   2.9811e-19
 7550.00   1.4387e-18   2.7970e-19
 7555.00   2.6330e-18   2.6721e-19
 7560.00   2.1337e-18   2.6579e-19
 7565.00   2.0455e-18   2.6010e-19
 7570.00   1.7460e-18   2.9273e-19
 7575.00   1.8127e-18   2.7126e-19
 7580.00   1.5089e-18   2.5260e-19
 7585.00   2.2469e-18   2.6772e-19
 7590.00   2.1237e-18   2.5331e-19
 7595.00   1.0549e-18   2.2650e-19
 7600.00   4.8984e-19   2.6439e-19
 7605.00   5.2567e-19   2.6823e-19
 7610.00   3.8265e-19   2.6604e-19
 7615.00   1.0956e-18   2.6766e-19
 7620.00   7.4276e-19   3.0648e-19
 7625.00   1.5729e-18   2.5989e-19
 7630.00   5.6229e-19   2.6405e-19
 7635.00   1.2603e-18   2.4051e-19
 7640.00   1.2068e-18   2.4180e-19
 7645.00   1.3784e-18   2.3831e-19
 7650.00   1.1850e-18   2.3258e-19
 7655.00   1.4722e-18   2.4126e-19
 7660.00   1.4843e-18   2.3734e-19
 7665.00   1.9109e-18   2.3212e-19
 7670.00   1.8598e-18   2.2478e-19
 7675.00   2.0889e-18   2.2829e-19
 7680.00   2.1183e-18   2.3315e-19
 7685.00   1.9143e-18   2.3328e-19
 7690.00   1.1580e-18   2.3719e-19
 7695.00   1.4487e-18   2.2689e-19
 7700.00   2.2351e-18   2.4154e-19
 7705.00   2.1186e-18   2.2060e-19
 7710.00   9.4774e-19   2.3308e-19
 7715.00   1.2919e-18   3.5685e-19
 7720.00   2.3999e-18   2.4417e-19
 7725.00   2.0147e-18   2.6722e-19
 7730.00   1.7002e-18   2.2066e-19
 7735.00   1.4061e-18   2.3563e-19
 7740.00   1.9714e-19   2.2815e-19
 7745.00   1.3782e-18   2.2009e-19
 7750.00   1.2138e-18   2.8597e-19
 7755.00   1.5252e-18   2.2357e-19
 7760.00   1.4462e-18   2.4176e-19
 7765.00   2.4718e-18   2.1602e-19
 7770.00   2.2776e-18   2.4030e-19
 7775.00   2.3948e-18   2.8629e-19
 7780.00   1.1583e-18   2.4349e-19
 7785.00   2.1706e-18   2.2945e-19
 7790.00   9.7165e-19   2.4038e-19
 7795.00   1.2397e-18   2.5980e-19
 7800.00   1.8541e-18   2.1851e-19
 7805.00   1.7716e-18   2.2369e-19
 7810.00   1.1865e-18   2.6319e-19
 7815.00   1.2914e-18   2.3654e-19
 7820.00   2.0909e-18   2.8470e-19
 7825.00   2.0031e-18   2.3169e-19
 7830.00   1.4800e-18   2.3190e-19
 7835.00   1.7495e-18   2.3139e-19
 7840.00   1.9149e-18   2.5941e-19
 7845.00   1.7420e-18   2.2890e-19
 7850.00   1.7825e-18   2.7786e-19
 7855.00   1.4205e-18   2.8190e-19
 7860.00   1.8100e-18   2.9339e-19
 7865.00   1.8199e-18   2.4764e-19
 7870.00   2.4666e-18   2.9956e-19
 7875.00   1.4794e-18   2.4515e-19
 7880.00   1.4973e-18   3.2046e-19
 7885.00   1.8102e-18   2.7840e-19
 7890.00   2.3425e-18   3.3804e-19
 7895.00   1.4782e-18   2.8438e-19
 7900.00   1.7793e-18   2.7284e-19
 7905.00   1.2552e-18   3.0462e-19
 7910.00   1.4409e-18   3.0566e-19
 7915.00   1.4853e-18   2.9787e-19
 7920.00   1.6474e-18   2.9798e-19
 7925.00   1.4026e-18   2.3861e-19
 7930.00   2.6456e-18   2.9590e-19
 7935.00   2.1010e-18   2.3940e-19
 7940.00   1.5130e-18   2.3944e-19
 7945.00   1.6868e-18   2.4668e-19
 7950.00   1.7295e-18   2.6008e-19
 7955.00   1.6320e-18   2.3158e-19
 7960.00   1.9851e-18   2.3126e-19
 7965.00   9.2508e-19   2.6937e-19
 7970.00   2.0430e-18   2.7745e-19
 7975.00   1.1338e-18   3.1611e-19
 7980.00   2.2071e-18   3.3765e-19
 7985.00   1.6510e-18   2.8100e-19
 7990.00   8.3441e-19   2.8634e-19
 7995.00   1.8667e-18   3.3312e-19
 8000.00   1.7195e-18   2.8523e-19
 8005.00   5.8682e-19   2.5756e-19
 8010.00   8.4592e-19   2.6005e-19
 8015.00   1.2893e-18   2.8856e-19
 8020.00   1.3616e-18   2.6527e-19
 8025.00   2.1058e-18   2.9629e-19
 8030.00   2.1322e-18   2.7738e-19
 8035.00   2.5635e-18   2.4291e-19
 8040.00   2.0905e-18   2.3842e-19
 8045.00   1.1015e-18   2.2500e-19
 8050.00   1.2515e-18   2.5612e-19
 8055.00   1.7840e-18   2.2275e-19
 8060.00   1.0632e-18   2.4682e-19
 8065.00   9.0257e-19   2.3049e-19
 8070.00   1.7131e-18   2.1210e-19
 8075.00   2.1346e-18   2.2201e-19
 8080.00   2.2060e-18   2.1435e-19
 8085.00   1.5982e-18   2.2364e-19
 8090.00   1.3484e-18   2.0330e-19
 8095.00   1.4915e-18   2.2155e-19
 8100.00   1.4086e-18   2.1852e-19
 8105.00   3.6848e-19   2.2289e-19
 8110.00   2.5374e-19   2.1662e-19
 8115.00   1.6425e-18   1.9998e-19
 8120.00   1.4143e-18   1.9783e-19
 8125.00   6.8750e-19   2.0887e-19
 8130.00   1.6198e-18   2.0449e-19
 8135.00   1.6478e-18   1.9864e-19
 8140.00   2.1393e-18   2.1208e-19
 8145.00   1.9822e-18   2.0810e-19
 8150.00   1.7632e-18   1.9220e-19
 8155.00   2.0570e-18   1.9054e-19
 8160.00   1.6885e-18   1.8815e-19
 8165.00   1.7500e-18   1.8803e-19
 8170.00   1.8569e-18   1.8934e-19
 8175.00   1.2267e-18   1.9122e-19
 8180.00   1.8477e-18   1.9011e-19
 8185.00   1.7374e-18   1.9425e-19
 8190.00   2.1164e-18   2.0395e-19
 8195.00   1.7535e-18   2.0478e-19
 8200.00   1.2357e-18   1.9199e-19
 8205.00   1.6270e-18   2.0684e-19
 8210.00   3.4674e-19   2.1715e-19
 8215.00   1.6801e-18   2.0746e-19
 8220.00   2.0122e-18   2.0657e-19
 8225.00   1.7442e-18   2.0625e-19
 8230.00   1.8628e-18   1.9677e-19
 8235.00   1.9577e-18   2.1240e-19
 8240.00   1.3791e-18   2.2322e-19
 8245.00   2.0800e-18   2.2373e-19
 8250.00   1.9303e-18   2.2834e-19
 8255.00   1.8199e-18   2.2257e-19
 8260.00   1.3763e-18   2.2294e-19
 8265.00   1.7609e-18   2.2788e-19
 8270.00   8.4049e-19   2.2994e-19
 8275.00   1.5378e-18   2.3144e-19
 8280.00   2.0441e-18   3.7481e-19
 8285.00   1.8872e-18   2.9698e-19
 8290.00   2.5974e-18   3.0358e-19
 8295.00   1.2927e-18   2.7187e-19
 8300.00   1.3520e-18   3.0654e-19
 8305.00   1.1334e-18   2.6755e-19
 8310.00   1.6278e-18   2.9346e-19
 8315.00   1.7380e-18   2.6004e-19
 8320.00   1.5041e-18   2.2584e-19
 8325.00   1.7158e-18   2.1830e-19
 8330.00   1.1515e-18   2.1555e-19
 8335.00   1.7081e-18   2.2358e-19
 8340.00   1.6132e-18   2.2894e-19
 8345.00   1.4817e-18   3.0196e-19
 8350.00   2.2972e-18   2.4450e-19
 8355.00   2.0049e-18   2.4780e-19
 8360.00   1.9958e-18   2.3663e-19
 8365.00   2.1529e-18   2.7048e-19
 8370.00   1.8714e-18   2.1814e-19
 8375.00   1.4581e-18   2.1971e-19
 8380.00   1.1785e-18   3.0751e-19
 8385.00   9.0530e-19   2.7538e-19
 8390.00   1.3355e-18   2.7130e-19
 8395.00   1.5080e-18   2.5468e-19
 8400.00   2.2032e-18   3.0896e-19
 8405.00   1.4233e-18   2.4509e-19
 8410.00   9.9897e-19   2.4164e-19
 8415.00   1.3981e-18   2.7862e-19
 8420.00   1.3593e-18   2.3442e-19
 8425.00   2.4384e-18   2.5653e-19
 8430.00   2.1118e-18   2.9996e-19
 8435.00   2.0029e-18   2.3578e-19
 8440.00   1.6752e-18   2.2434e-19
 8445.00   1.4369e-18   2.4838e-19
 8450.00   1.0926e-18   2.4251e-19
 8455.00   1.9581e-18   2.3023e-19
 8460.00   2.1606e-19   2.1897e-19
 8465.00   2.5245e-18   2.6311e-19
 8470.00   1.7430e-18   2.0970e-19
 8475.00   1.6165e-18   2.1954e-19
 8480.00   1.9927e-18   2.0537e-19
 8485.00   1.3662e-18   2.0405e-19
 8490.00   1.7275e-18   2.0169e-19
 8495.00   1.6390e-18   2.4343e-19
 8500.00   1.4696e-18   2.0934e-19
 8505.00   1.5871e-18   2.5195e-19
 8510.00   1.1430e-18   1.9646e-19
 8515.00   3.7520e-18   1.9627e-19
 8520.00   1.4787e-18   1.9936e-19
 8525.00   1.9421e-18   1.9368e-19
 8530.00   1.6800e-18   1.9370e-19
 8535.00   1.3933e-18   1.8923e-19
 8540.00   1.6179e-18   2.1104e-19
 8545.00   1.9926e-18   1.9185e-19
 8550.00   1.5977e-18   2.3789e-19
 8555.00   1.5702e-18   1.9312e-19
 8560.00   1.7344e-18   1.8343e-19
 8565.00   1.3120e-18   1.8875e-19
 8570.00   2.1793e-18   1.9422e-19
 8575.00   1.6934e-18   2.0023e-19
 8580.00   1.0412e-18   1.8644e-19
 8585.00   1.9380e-18   1.9048e-19
 8590.00   1.6792e-18   2.0846e-19
 8595.00   2.1405e-18   2.0883e-19
 8600.00   2.0396e-18   1.9568e-19
 8605.00   1.5007e-18   1.9173e-19
 8610.00  -5.4652e-19   2.2744e-19
 8615.00   1.9346e-18   2.5716e-19
 8620.00   1.1345e-18   2.9941e-19
 8625.00   1.4655e-18   3.1348e-19
 8630.00   1.5952e-18   3.2761e-19
 8635.00   1.6947e-18   3.0428e-19
 8640.00   2.2078e-18   2.6434e-19
 8645.00   1.9402e-18   2.1475e-19
 8650.00   1.6434e-18   2.7038e-19
 8655.00   1.8799e-18   2.7338e-19
 8660.00   1.8595e-18   2.6556e-19
 8665.00   1.9838e-18   2.6306e-19
 8670.00   4.6250e-19   2.6910e-19
 8675.00   2.0795e-18   2.5603e-19
 8680.00   2.0804e-18   2.5062e-19
 8685.00   8.8473e-19   2.2803e-19
 8690.00   1.3401e-18   2.2235e-19
 8695.00   2.0806e-18   2.2516e-19
 8700.00   1.7743e-18   2.4341e-19
 8705.00   1.4924e-18   2.3522e-19
 8710.00   1.3379e-18   2.2893e-19
 8715.00   1.8306e-18   2.2032e-19
 8720.00   1.8153e-18   2.2189e-19
 8725.00   1.3983e-18   2.3253e-19
 8730.00   9.5575e-19   2.2638e-19
 8735.00   2.0553e-18   2.3554e-19
 8740.00   1.8796e-18   2.5151e-19
 8745.00   2.1799e-18   2.5104e-19
 8750.00   1.2283e-18   2.5020e-19
 8755.00   1.5710e-18   2.5163e-19
 8760.00   3.5027e-19   4.2538e-19
 8765.00   8.2840e-19   2.7669e-19
 8770.00   9.5775e-19   2.6720e-19
 8775.00   1.1394e-18   2.5034e-19
 8780.00   9.1248e-19   2.4905e-19
 8785.00   1.6229e-18   2.1257e-19
 8790.00   9.0130e-19   2.5484e-19
 8795.00   1.3177e-18   2.1471e-19
 8800.00   1.4412e-18   2.1136e-19
 8805.00   1.2323e-18   2.0850e-19
 8810.00   1.2796e-18   2.3655e-19
 8815.00   1.1134e-18   2.0942e-19
 8820.00   2.2028e-18   2.1580e-19
 8825.00   8.2058e-19   2.9648e-19
 8830.00   1.1297e-18   2.9657e-19
 8835.00   5.2126e-19   4.2118e-19
 8840.00   1.0340e-18   2.5503e-19
 8845.00   1.4959e-18   2.6466e-19
 8850.00   1.8997e-18   2.9568e-19
 8855.00   1.5751e-18   2.4850e-19
 8860.00   2.5355e-19   2.6931e-19
 8865.00   7.2655e-19   2.7712e-19
 8870.00   1.2359e-18   2.4915e-19
 8875.00   2.0584e-18   2.2657e-19
 8880.00   1.3043e-18   2.1806e-19
 8885.00   8.0594e-19   2.8403e-19
 8890.00   2.0311e-18   2.3215e-19
 8895.00   1.5259e-18   2.3172e-19
 8900.00   1.7592e-18   2.1936e-19
 8905.00   1.4234e-18   2.5908e-19
 8910.00   1.3604e-18   2.3700e-19
 8915.00   1.1137e-18   2.0422e-19
 8920.00   1.0587e-18   2.7309e-19
 8925.00   1.8392e-18   2.1683e-19
 8930.00   1.6363e-18   2.1734e-19
 8935.00   1.5603e-18   2.1345e-19
 8940.00   1.4758e-18   2.0022e-19
 8945.00   1.1057e-18   2.3159e-19
 8950.00   1.1911e-18   1.8671e-19
 8955.00   1.6620e-18   1.9893e-19
 8960.00   1.3451e-18   2.2261e-19
 8965.00   3.5878e-18   1.8398e-19
 8970.00   1.5418e-18   1.9893e-19
 8975.00   1.8203e-18   1.8459e-19
 8980.00   1.6616e-18   2.0506e-19
 8985.00   1.7162e-18   1.9239e-19
 8990.00   1.6889e-18   2.1389e-19
 8995.00   1.7567e-18   1.8632e-19
 9000.00   1.6492e-18   2.2534e-19
 9005.00   1.2962e-18   1.7295e-19
 9010.00   1.4541e-18   1.7032e-19
 9015.00   1.6990e-18   1.6799e-19
 9020.00   2.2041e-18   1.8590e-19
 9025.00   1.8394e-18   1.7188e-19
 9030.00   2.2698e-18   1.9540e-19
 9035.00   2.1317e-18   1.8505e-19
 9040.00   2.8143e-18   2.0747e-19
 9045.00   2.1607e-18   1.9159e-19
 9050.00   1.7197e-18   2.3877e-19
 9055.00   1.9891e-18   1.9301e-19
 9060.00   2.0020e-18   1.8408e-19
 9065.00   1.7502e-18   2.1227e-19
 9070.00   1.8461e-18   1.9934e-19
 9075.00   2.0853e-18   1.9195e-19
 9080.00   2.2936e-18   1.8375e-19
 9085.00   2.7451e-18   1.9728e-19
 9090.00   2.1037e-18   2.0305e-19
 9095.00   2.3816e-18   2.1402e-19
 9100.00   1.7911e-18   2.0176e-19
 9105.00   4.0885e-18   2.2818e-19
 9110.00   2.9869e-18   1.9912e-19
 9115.00   1.8009e-18   1.9435e-19
 9120.00   1.7299e-18   1.9217e-19
 9125.00   2.7201e-18   2.0087e-19
 9130.00   1.3913e-18   1.9328e-19
 9135.00   2.6624e-18   2.0397e-19
 9140.00   3.2915e-18   2.1719e-19
 9145.00   2.3624e-18   2.1505e-19
 9150.00   1.5059e-18   2.3482e-19
 9155.00   1.2882e-18   2.2620e-19
 9160.00   2.5860e-18   2.7605e-19
 9165.00   2.0862e-18   2.2247e-19
 9170.00   2.5365e-18   2.2346e-19
 9175.00   1.7198e-18   2.1969e-19
 9180.00   1.3131e-18   2.3172e-19
 9185.00   1.5091e-18   2.2790e-19
 9190.00   1.9944e-18   2.3577e-19
 9195.00   1.1673e-18   2.3067e-19
 9200.00   1.7495e-18   2.4560e-19
 9205.00   1.7491e-18   2.4923e-19
 9210.00   1.9893e-18   2.5504e-19
 9215.00   1.9945e-18   2.7975e-19
 9220.00   1.0822e-18   2.6047e-19
 9225.00   1.0383e-18   3.1576e-19
 9230.00   1.9786e-18   2.6777e-19
 9235.00   1.5095e-18   2.6828e-19
 9240.00   1.6829e-18   2.7274e-19
 9245.00   1.0848e-18   2.7899e-19
 9250.00   1.3301e-18   3.1985e-19
 9255.00   8.9861e-19   3.0021e-19
 9260.00   1.6674e-18   2.5059e-19
 9265.00   1.5958e-18   2.6653e-19
 9270.00   9.0446e-19   2.3722e-19
 9275.00   1.3558e-18   2.2959e-19
 9280.00   1.1865e-18   2.2595e-19
 9285.00   1.2755e-18   2.4945e-19
 9290.00   1.8594e-18   2.4216e-19
 9295.00   7.7513e-19   2.6138e-19
 9300.00   7.4669e-19   2.2749e-19
 9305.00   1.0182e-18   3.3260e-19
 9310.00   6.8062e-19   4.1633e-19
 9315.00   8.8992e-19   3.2642e-19
 9320.00   1.5033e-18   2.8587e-19
 9325.00   8.0065e-19   3.1433e-19
 9330.00   8.0810e-19   2.8128e-19
 9335.00   1.4414e-18   2.8613e-19
 9340.00   9.3737e-19   3.0870e-19
 9345.00  -2.3866e-19   2.4701e-19
 9350.00   2.7859e-19   3.5931e-19
 9355.00  -3.9100e-19   2.5615e-19
 9360.00   6.1613e-19   2.7623e-19
 9365.00   1.0274e-18   2.6552e-19
 9370.00   5.9431e-19   2.7642e-19
 9375.00   2.5273e-18   6.3025e-19
 9380.00   1.3342e-19   2.6898e-19
 9385.00   2.9750e-19   2.9739e-19
 9390.00   9.9527e-19   2.5857e-19
 9395.00   1.3403e-18   2.8648e-19
 9400.00   7.8797e-19   3.0431e-19
 9405.00   1.1462e-18   2.8118e-19
 9410.00   6.0409e-19   2.4866e-19
 9415.00  -9.5533e-19   2.8699e-19
 9420.00   1.1648e-18   3.7166e-19
 9425.00   6.2837e-19   2.5815e-19
 9430.00   9.5369e-19   2.3168e-19
 9435.00   5.8681e-19   2.6659e-19
 9440.00  -6.3724e-19   4.2524e-19
 9445.00   3.9531e-19   2.5254e-19
 9450.00   1.2348e-18   2.9457e-19
 9455.00   7.8811e-19   2.5681e-19
 9460.00   5.5671e-19   3.2635e-19
 9465.00   5.6053e-19   2.3613e-19
 9470.00   4.3439e-19   2.3457e-19
 9475.00   1.7128e-18   3.3521e-19
 9480.00  -1.0418e-19   2.5858e-19
 9485.00   4.6390e-19   2.4562e-19
 9490.00   9.8651e-19   2.6249e-19
 9495.00   1.1273e-18   2.2249e-19
 9500.00  -5.6966e-19   2.4715e-19
 9505.00   1.1363e-18   2.9423e-19
 9510.00   8.2748e-19   2.4002e-19
 9515.00   8.2922e-19   2.3691e-19
 9520.00   8.1744e-19   3.1825e-19
 9525.00   5.2131e-19   2.3556e-19
 9530.00   1.5775e-18   2.6613e-19
 9535.00   1.0088e-18   2.8047e-19
 9540.00   2.6008e-18   2.3119e-19
 9545.00   1.2399e-18   2.2141e-19
 9550.00   6.7869e-19   2.7478e-19
 9555.00   8.1881e-19   2.5283e-19
 9560.00   1.6306e-18   2.5708e-19
 9565.00   3.2323e-19   2.7818e-19
 9570.00   6.2033e-19   3.0978e-19
 9575.00   1.0054e-18   2.5641e-19
 9580.00   4.5212e-19   2.2444e-19
 9585.00   5.2697e-19   2.3611e-19
 9590.00   4.4364e-19   2.3305e-19
 9595.00   1.4023e-18   2.4044e-19
 9600.00   1.4157e-18   2.4391e-19
 9605.00   6.6137e-20   2.6214e-19
 9610.00   8.9809e-19   2.8946e-19
 9615.00   6.4534e-19   2.6180e-19
 9620.00   1.7796e-18   3.4727e-19
 9625.00  -2.3495e-19   2.7958e-19
 9630.00   8.4394e-19   2.9933e-19
 9635.00   1.0505e-18   2.6179e-19
 9640.00   9.3676e-19   2.6549e-19
 9645.00  -1.2658e-19   2.5337e-19
 9650.00   1.5806e-18   2.8603e-19
 9655.00   1.1739e-18   3.1514e-19
 9660.00   1.1037e-18   3.1616e-19
 9665.00   7.4543e-19   2.8971e-19
 9670.00   1.6977e-18   4.1836e-19
 9675.00   1.2332e-18   3.3503e-19
 9680.00   2.5601e-18   4.9713e-19
 9685.00   9.8213e-19   3.5384e-19
 9690.00   7.0527e-19   3.6433e-19
 9695.00   9.9667e-19   3.4339e-19
 9700.00   1.0836e-18   4.3712e-19
 9705.00   1.6223e-18   3.4474e-19
 9710.00   1.8940e-18   3.9393e-19
 9715.00   3.9657e-19   3.4427e-19
 9720.00   2.1574e-18   5.2170e-19
 9725.00   1.1218e-18   3.8581e-19
 9730.00   9.5577e-19   3.9073e-19
 9735.00   6.2018e-19   4.5651e-19
 9740.00   1.0797e-18   4.4462e-19
 9745.00   2.3512e-18   4.6982e-19
 9750.00   1.9824e-18   3.8735e-19
 9755.00   2.4828e-19   3.9660e-19
 9760.00  -1.9778e-19   3.9268e-19
 9765.00   1.7434e-18   4.1002e-19
 9770.00   1.1236e-18   4.2021e-19
 9775.00   1.7640e-18   4.3625e-19
 9780.00  -2.1516e-18   4.7786e-19
 9785.00   1.5310e-18   4.7046e-19
 9790.00   3.9248e-19   7.9645e-19
 9795.00  -5.5685e-19   4.7322e-19
 9800.00   1.1457e-19   5.1619e-19
 9805.00  -1.3593e-18   4.6102e-19
 9810.00   2.2631e-19   5.7639e-19
 9815.00   1.6305e-18   7.7123e-19
 9820.00   5.9288e-19   7.2646e-19
 9825.00   1.0753e-18   6.8620e-19
 9830.00   1.3795e-18   6.9636e-19
 9835.00   2.2892e-19   6.4946e-19
 9840.00  -1.6007e-18   6.1043e-19
 9845.00   5.4272e-18   6.8993e-19
 9850.00   1.2716e-19   7.7425e-19
 9855.00   2.3352e-18   6.1938e-19
 9860.00   1.4304e-18   5.9839e-19
 9865.00   2.7366e-18   6.2540e-19
 9870.00   1.7869e-18   8.5350e-19
 9875.00   1.7637e-18   7.1264e-19
 9880.00   1.3975e-18   6.0060e-19
 9885.00   2.1844e-18   6.7590e-19
 9890.00   9.1939e-19   6.0939e-19
 9895.00   3.0842e-18   8.6158e-19
 9900.00   6.7637e-19   6.0264e-19
 9905.00   1.2759e-18   5.8537e-19
 9910.00   3.2198e-18   6.4571e-19
 9915.00   3.3442e-18   1.0136e-18
 9920.00   1.4904e-18   5.9941e-19
 9925.00   1.2203e-18   5.6570e-19
 9930.00  -4.7097e-18   6.1031e-19
 9935.00   7.4616e-19   6.0926e-19
 9940.00   2.7968e-18   8.7424e-19
 9945.00   4.3157e-19   1.3644e-18
 9950.00   4.3830e-18   9.0758e-19
 9955.00   2.1323e-18   9.9518e-19
 9960.00   1.7261e-18   1.1102e-18
 9965.00   1.7728e-18   6.9275e-19
 9970.00   2.8269e-18   7.4724e-19
 9975.00   1.1038e-18   7.3893e-19
 9980.00   6.6460e-19   7.0018e-19
 9985.00   1.1995e-18   5.8043e-19
 9990.00  -1.9170e-18   5.9272e-19
 9995.00  -1.9170e-18   9.9999e+04
10000.00  -1.9170e-18   9.9999e+04
