 
TRANSIENT_NAME:     DES14C3rhw 
SNID:               1319965    
OBS_DATE:           2015-01-28
MJD:                57050. 
PHASE_EXP:          +35.   
MJD_EXP:            57003.0 (De Jaeger et. al.: MNRAS, 495, 4860D, 2020)
TYPE:               29 
SPEC_EVAL:          SNII
REDSHIFT:           0.3407  
REDSHIFT_ERR:       0.0005  
REDSHIFT_SOURCE:    Z_GAL
TELESCOPE:          VLT
INSTRUMENT:         X-SHOOTER
 
======================================
 
# WAVE  FLUX  FLUX_ERR
 3400.00  -2.0785e-18   9.9999e+04
 3405.00  -2.0785e-18   1.1041e-18
 3410.00   1.3788e-18   1.1066e-18
 3415.00  -6.5696e-20   1.0699e-18
 3420.00  -6.9513e-19   1.1710e-18
 3425.00  -2.2587e-18   1.1454e-18
 3430.00   2.7460e-18   1.2257e-18
 3435.00   4.2866e-19   1.2088e-18
 3440.00   1.4509e-18   1.1594e-18
 3445.00   4.9007e-18   1.1820e-18
 3450.00   2.3264e-19   1.2758e-18
 3455.00  -4.1939e-18   1.2868e-18
 3460.00  -1.0524e-20   1.2460e-18
 3465.00   5.7980e-19   1.2725e-18
 3470.00  -6.2453e-19   1.2843e-18
 3475.00  -3.2936e-18   1.1721e-18
 3480.00   1.7718e-18   1.2467e-18
 3485.00   6.7797e-20   1.1987e-18
 3490.00   2.6740e-18   1.1393e-18
 3495.00   4.3352e-19   1.0650e-18
 3500.00  -7.6534e-19   1.0688e-18
 3505.00  -2.9428e-19   1.0499e-18
 3510.00   1.4152e-18   1.0306e-18
 3515.00  -1.1342e-18   9.3452e-19
 3520.00  -1.6212e-18   9.3903e-19
 3525.00   9.6189e-19   8.2382e-19
 3530.00  -7.7043e-19   8.8072e-19
 3535.00   4.1318e-19   8.5221e-19
 3540.00   4.6636e-19   8.5445e-19
 3545.00  -8.2884e-19   8.8689e-19
 3550.00   1.4952e-18   8.4972e-19
 3555.00   2.6854e-18   8.1326e-19
 3560.00   1.2291e-19   7.8862e-19
 3565.00  -9.4077e-19   7.1170e-19
 3570.00   4.0805e-20   6.6408e-19
 3575.00   6.4753e-19   7.1556e-19
 3580.00  -4.2595e-19   6.3561e-19
 3585.00   1.9997e-18   6.5196e-19
 3590.00  -6.3190e-19   7.3538e-19
 3595.00  -2.0256e-19   8.2075e-19
 3600.00   3.2312e-18   8.7223e-19
 3605.00  -7.1936e-19   8.3948e-19
 3610.00  -2.0506e-18   8.3618e-19
 3615.00   2.1650e-18   9.1352e-19
 3620.00   1.7547e-20   8.7623e-19
 3625.00   9.0597e-19   9.7157e-19
 3630.00   1.4340e-18   9.4291e-19
 3635.00   2.5788e-18   9.6055e-19
 3640.00  -6.3753e-19   9.8348e-19
 3645.00  -3.1319e-19   9.2845e-19
 3650.00   1.2945e-18   8.8531e-19
 3655.00   1.1535e-18   9.2024e-19
 3660.00  -7.8362e-20   9.0058e-19
 3665.00   4.7113e-19   8.3308e-19
 3670.00   4.3653e-19   7.9520e-19
 3675.00   5.4726e-19   7.7079e-19
 3680.00  -5.8154e-19   7.1261e-19
 3685.00  -1.2592e-19   6.8873e-19
 3690.00   5.6261e-19   6.7648e-19
 3695.00   1.3897e-18   6.5473e-19
 3700.00   3.4704e-18   6.7866e-19
 3705.00   8.9282e-20   5.9841e-19
 3710.00  -1.2306e-19   5.8913e-19
 3715.00   1.4159e-19   6.3356e-19
 3720.00   9.5753e-19   5.1430e-19
 3725.00   1.3230e-18   5.7937e-19
 3730.00   2.2813e-18   5.7568e-19
 3735.00   8.9717e-19   4.9190e-19
 3740.00   3.5134e-19   5.8462e-19
 3745.00   8.0783e-20   5.1693e-19
 3750.00   1.2436e-18   5.0012e-19
 3755.00   2.1104e-18   6.0449e-19
 3760.00   1.0032e-18   5.4077e-19
 3765.00  -9.4313e-20   5.6057e-19
 3770.00   6.0544e-19   5.9402e-19
 3775.00   8.4162e-19   6.6321e-19
 3780.00   2.1072e-18   6.8425e-19
 3785.00   1.2405e-18   6.7842e-19
 3790.00   8.5695e-19   6.6015e-19
 3795.00   1.3050e-18   6.6053e-19
 3800.00   7.4602e-19   6.5109e-19
 3805.00   7.6233e-19   7.0871e-19
 3810.00   2.8180e-19   7.1756e-19
 3815.00   2.2088e-18   6.6019e-19
 3820.00   7.8555e-19   6.4456e-19
 3825.00   3.6822e-19   6.1787e-19
 3830.00   9.3802e-19   6.1996e-19
 3835.00   1.2237e-18   6.0102e-19
 3840.00   1.9772e-18   5.8435e-19
 3845.00   9.6034e-19   6.3371e-19
 3850.00   4.9411e-19   6.1310e-19
 3855.00   1.7633e-18   5.7894e-19
 3860.00   5.1493e-19   5.3673e-19
 3865.00   4.7860e-19   5.8677e-19
 3870.00   2.0229e-18   5.1980e-19
 3875.00   1.5573e-18   5.3580e-19
 3880.00   1.0935e-18   4.7955e-19
 3885.00   9.2608e-19   4.6452e-19
 3890.00   3.5274e-19   4.8182e-19
 3895.00   4.2686e-19   4.9563e-19
 3900.00   8.5384e-19   4.9095e-19
 3905.00   1.6269e-18   4.6116e-19
 3910.00   1.4432e-18   5.0090e-19
 3915.00  -4.1626e-19   4.8910e-19
 3920.00  -9.7808e-21   4.4586e-19
 3925.00   8.1684e-19   4.3856e-19
 3930.00   1.8023e-18   3.5877e-19
 3935.00   8.7120e-19   3.2131e-19
 3940.00   5.4334e-19   4.0937e-19
 3945.00   1.1692e-18   4.3767e-19
 3950.00   8.5890e-19   4.7069e-19
 3955.00   1.5344e-18   4.5747e-19
 3960.00   1.2586e-18   4.4333e-19
 3965.00   1.3029e-18   3.8605e-19
 3970.00   1.5143e-18   3.4583e-19
 3975.00   1.1632e-18   4.4046e-19
 3980.00   1.4067e-18   4.9912e-19
 3985.00   8.5357e-19   4.9832e-19
 3990.00   9.3604e-19   5.2897e-19
 3995.00   8.2326e-19   5.2444e-19
 4000.00   1.2736e-18   5.3165e-19
 4005.00   2.6787e-19   5.2098e-19
 4010.00   1.3088e-18   5.5978e-19
 4015.00   1.4800e-18   5.5584e-19
 4020.00   1.1107e-18   5.5384e-19
 4025.00   1.8617e-18   5.5732e-19
 4030.00   1.3130e-18   5.4387e-19
 4035.00   1.0655e-18   5.3370e-19
 4040.00   1.4724e-18   5.5602e-19
 4045.00   1.0921e-18   5.0595e-19
 4050.00   1.4973e-18   5.4910e-19
 4055.00   6.0993e-19   5.1918e-19
 4060.00   6.1257e-19   5.1689e-19
 4065.00   1.2731e-18   5.2362e-19
 4070.00   1.6878e-18   5.2043e-19
 4075.00   1.4592e-18   5.1969e-19
 4080.00   1.4509e-18   5.0316e-19
 4085.00   9.2158e-19   4.9089e-19
 4090.00   1.4906e-18   4.9815e-19
 4095.00   2.0760e-18   4.6952e-19
 4100.00   5.3897e-19   4.1977e-19
 4105.00   1.3854e-18   4.4122e-19
 4110.00   1.6317e-18   4.4451e-19
 4115.00   4.6888e-19   4.5563e-19
 4120.00   1.4775e-18   4.3900e-19
 4125.00   9.1383e-19   4.4122e-19
 4130.00   1.0192e-18   4.2352e-19
 4135.00   1.1506e-18   4.2477e-19
 4140.00   1.3214e-18   4.4130e-19
 4145.00   1.7626e-18   4.0928e-19
 4150.00   1.9405e-18   4.2425e-19
 4155.00   5.0851e-19   4.1561e-19
 4160.00   7.9920e-19   4.3212e-19
 4165.00   1.1398e-18   4.4063e-19
 4170.00   1.1115e-18   4.3298e-19
 4175.00   8.3855e-19   4.2973e-19
 4180.00   1.9064e-18   4.2568e-19
 4185.00   1.3234e-18   4.2608e-19
 4190.00   1.9299e-18   4.2838e-19
 4195.00   2.3765e-18   4.4254e-19
 4200.00   3.5673e-19   4.1106e-19
 4205.00   2.1243e-18   4.4296e-19
 4210.00   1.3753e-18   4.5274e-19
 4215.00   1.5758e-18   4.4278e-19
 4220.00   1.0440e-18   4.5732e-19
 4225.00   1.5982e-18   4.0590e-19
 4230.00   4.7296e-19   4.5645e-19
 4235.00   7.5106e-19   4.3925e-19
 4240.00   1.5183e-18   4.5270e-19
 4245.00  -1.8072e-20   4.5481e-19
 4250.00   1.5481e-18   4.4300e-19
 4255.00   8.6230e-19   4.5299e-19
 4260.00   1.0061e-18   4.3330e-19
 4265.00   7.6507e-19   4.6592e-19
 4270.00   1.6431e-18   4.2394e-19
 4275.00   1.7998e-18   4.3492e-19
 4280.00   3.1196e-18   4.4173e-19
 4285.00   1.9264e-18   4.2999e-19
 4290.00   2.3309e-18   4.4983e-19
 4295.00   1.5190e-18   4.4575e-19
 4300.00   1.2016e-18   3.8696e-19
 4305.00   7.3772e-19   3.8170e-19
 4310.00   1.7536e-18   3.6017e-19
 4315.00   2.0784e-18   4.1444e-19
 4320.00   1.7285e-18   4.2746e-19
 4325.00   1.6385e-18   3.5914e-19
 4330.00   6.3795e-19   4.0158e-19
 4335.00   1.9821e-18   3.9117e-19
 4340.00   1.6299e-18   3.3383e-19
 4345.00   1.1066e-18   3.6960e-19
 4350.00   8.4735e-19   3.6959e-19
 4355.00   1.3796e-18   3.6464e-19
 4360.00   2.6417e-18   3.7185e-19
 4365.00   1.8401e-18   3.7109e-19
 4370.00   2.0345e-18   3.6173e-19
 4375.00   1.4361e-18   3.5485e-19
 4380.00   4.2779e-19   3.5981e-19
 4385.00   1.2866e-18   3.1137e-19
 4390.00   1.3194e-18   3.4544e-19
 4395.00   1.5622e-18   3.5462e-19
 4400.00   1.2694e-18   3.5499e-19
 4405.00   5.0630e-19   3.4834e-19
 4410.00   7.5052e-19   3.6677e-19
 4415.00   1.3012e-18   3.6284e-19
 4420.00   1.8919e-18   3.7903e-19
 4425.00   7.0252e-19   3.7193e-19
 4430.00   9.8754e-19   3.7363e-19
 4435.00   1.2957e-18   3.6211e-19
 4440.00   1.0290e-18   3.8357e-19
 4445.00   1.4903e-18   3.7862e-19
 4450.00   2.6533e-20   3.8790e-19
 4455.00   7.1344e-19   3.7112e-19
 4460.00   3.5767e-19   3.7026e-19
 4465.00   1.1682e-18   3.8808e-19
 4470.00   7.6249e-19   3.8644e-19
 4475.00   1.3309e-18   4.0076e-19
 4480.00   1.6664e-18   3.9067e-19
 4485.00   9.1855e-19   4.0539e-19
 4490.00   3.8613e-19   3.9499e-19
 4495.00   7.1680e-19   4.0151e-19
 4500.00   1.3952e-18   4.0636e-19
 4505.00   6.5879e-19   4.1809e-19
 4510.00   8.6199e-19   4.1473e-19
 4515.00   1.2454e-18   4.0731e-19
 4520.00   2.2045e-18   4.1125e-19
 4525.00   2.0142e-18   4.0100e-19
 4530.00   1.3460e-18   3.9341e-19
 4535.00   1.1542e-18   4.0840e-19
 4540.00   2.1941e-18   4.7006e-19
 4545.00   2.0646e-18   4.5073e-19
 4550.00   1.2757e-18   4.2620e-19
 4555.00   5.1190e-19   4.1843e-19
 4560.00   7.9656e-19   4.2096e-19
 4565.00   3.5012e-19   3.9603e-19
 4570.00   1.6583e-18   3.9059e-19
 4575.00   1.6085e-18   3.9056e-19
 4580.00   1.6836e-18   3.7511e-19
 4585.00   2.6080e-18   3.6579e-19
 4590.00   1.4913e-18   3.6143e-19
 4595.00   1.4686e-18   3.5060e-19
 4600.00   1.8242e-18   3.4276e-19
 4605.00   1.8992e-18   3.4104e-19
 4610.00   8.7671e-19   3.4062e-19
 4615.00   1.1175e-18   3.3359e-19
 4620.00   8.2416e-19   3.3092e-19
 4625.00   7.7659e-19   3.2760e-19
 4630.00   1.8672e-18   3.2882e-19
 4635.00   9.3420e-19   3.2144e-19
 4640.00   4.8434e-19   3.1662e-19
 4645.00   1.3915e-18   3.1339e-19
 4650.00   1.1737e-18   3.1177e-19
 4655.00   1.6183e-18   3.1339e-19
 4660.00   1.4212e-18   3.2093e-19
 4665.00   1.5936e-18   3.0529e-19
 4670.00   1.1747e-18   3.0647e-19
 4675.00   1.5978e-18   3.1539e-19
 4680.00   1.9461e-18   3.0806e-19
 4685.00   1.2540e-18   3.1570e-19
 4690.00   1.3988e-18   3.1295e-19
 4695.00   1.4864e-18   3.1878e-19
 4700.00   1.2516e-18   3.1075e-19
 4705.00   2.3094e-18   3.1147e-19
 4710.00   4.7881e-19   3.1705e-19
 4715.00   1.2824e-18   3.2275e-19
 4720.00   1.2007e-18   3.3143e-19
 4725.00   8.5911e-19   3.2404e-19
 4730.00   8.2897e-19   3.1548e-19
 4735.00   2.7456e-18   3.2243e-19
 4740.00   2.2107e-18   3.2728e-19
 4745.00   1.6549e-18   3.2972e-19
 4750.00   1.7504e-18   3.2875e-19
 4755.00   6.2534e-19   3.2344e-19
 4760.00   1.2684e-18   3.2826e-19
 4765.00   1.5340e-18   3.2451e-19
 4770.00   2.6494e-18   3.3510e-19
 4775.00   9.0411e-19   3.3874e-19
 4780.00   1.3051e-18   3.4241e-19
 4785.00   1.0397e-18   3.3443e-19
 4790.00   2.1154e-18   3.3955e-19
 4795.00   1.1762e-18   3.4581e-19
 4800.00   1.1562e-18   3.3987e-19
 4805.00   1.6576e-18   3.4264e-19
 4810.00   1.1264e-18   3.4157e-19
 4815.00   2.1603e-18   3.5153e-19
 4820.00   1.4896e-18   4.2730e-19
 4825.00   1.1899e-18   4.0488e-19
 4830.00   1.5831e-18   3.9562e-19
 4835.00   9.4337e-19   3.8703e-19
 4840.00   9.0973e-19   3.7074e-19
 4845.00   1.0301e-18   3.6449e-19
 4850.00   7.2140e-19   3.5223e-19
 4855.00   1.2790e-18   3.3419e-19
 4860.00   8.2683e-19   3.0124e-19
 4865.00   1.7834e-18   3.1373e-19
 4870.00   7.5041e-19   3.0658e-19
 4875.00   7.3761e-19   3.0981e-19
 4880.00   3.5438e-19   3.0928e-19
 4885.00   1.0983e-18   3.0011e-19
 4890.00   1.5922e-18   2.8507e-19
 4895.00   1.3927e-18   3.0002e-19
 4900.00   1.6954e-18   2.9416e-19
 4905.00   1.6385e-18   2.8766e-19
 4910.00   2.0586e-18   2.7807e-19
 4915.00   1.6508e-18   2.8278e-19
 4920.00   1.5485e-18   2.5730e-19
 4925.00   1.7152e-18   2.7241e-19
 4930.00   1.6133e-18   2.7457e-19
 4935.00   4.7938e-19   2.6588e-19
 4940.00   8.9532e-19   2.6072e-19
 4945.00   1.0071e-18   2.6690e-19
 4950.00   1.3730e-18   2.6903e-19
 4955.00   1.2243e-18   2.5945e-19
 4960.00   1.3347e-18   2.5869e-19
 4965.00   7.9074e-19   2.6436e-19
 4970.00   1.6868e-18   2.6416e-19
 4975.00   1.4583e-18   2.6664e-19
 4980.00   7.3158e-19   2.5827e-19
 4985.00   1.0439e-18   2.4923e-19
 4990.00   1.8671e-18   2.6365e-19
 4995.00   2.5722e-18   2.6676e-19
 5000.00   2.4092e-18   2.6280e-19
 5005.00   2.0696e-18   2.5669e-19
 5010.00   1.2805e-18   2.6494e-19
 5015.00   1.4031e-18   2.5880e-19
 5020.00   1.4245e-18   2.6346e-19
 5025.00   1.2732e-18   2.6860e-19
 5030.00   5.5180e-19   2.7327e-19
 5035.00   1.4437e-18   2.7652e-19
 5040.00   1.7559e-18   2.6640e-19
 5045.00   1.6872e-18   2.8807e-19
 5050.00   1.4902e-18   2.8167e-19
 5055.00   8.7100e-19   2.9395e-19
 5060.00   1.0283e-18   2.8266e-19
 5065.00   9.5245e-19   2.7601e-19
 5070.00   1.3858e-18   2.7768e-19
 5075.00   1.0546e-18   2.7701e-19
 5080.00   8.7308e-19   2.7184e-19
 5085.00   1.4573e-18   2.7951e-19
 5090.00   1.5658e-18   2.8609e-19
 5095.00   1.5754e-18   2.8419e-19
 5100.00   1.3942e-18   2.7847e-19
 5105.00   1.9422e-18   2.8284e-19
 5110.00   1.1420e-18   2.8000e-19
 5115.00   1.2836e-18   2.8662e-19
 5120.00   1.1925e-18   2.8699e-19
 5125.00   1.2503e-18   2.8130e-19
 5130.00   1.8085e-18   2.8401e-19
 5135.00   1.5696e-18   2.8753e-19
 5140.00   8.6721e-19   3.5521e-19
 5145.00   5.5416e-19   3.5723e-19
 5150.00   1.2200e-18   3.4867e-19
 5155.00   8.0038e-19   3.4331e-19
 5160.00   2.1218e-18   3.3746e-19
 5165.00   1.1103e-18   3.0939e-19
 5170.00   9.7890e-19   2.9051e-19
 5175.00   1.5391e-19   2.9291e-19
 5180.00   1.4142e-18   3.0585e-19
 5185.00   7.1442e-19   2.6863e-19
 5190.00   7.0504e-19   2.8426e-19
 5195.00   6.0846e-19   2.7993e-19
 5200.00   5.9572e-19   2.8822e-19
 5205.00   1.0279e-18   2.6982e-19
 5210.00   1.0308e-18   2.6622e-19
 5215.00   1.0596e-18   2.6377e-19
 5220.00   1.0171e-18   2.6713e-19
 5225.00   1.0341e-18   2.4877e-19
 5230.00   8.4377e-19   2.5353e-19
 5235.00   6.3525e-19   2.4544e-19
 5240.00   6.3218e-19   2.5358e-19
 5245.00   9.7183e-19   2.4481e-19
 5250.00   6.2833e-19   2.4186e-19
 5255.00   8.5896e-19   2.4120e-19
 5260.00   1.2597e-18   2.4036e-19
 5265.00   1.1670e-18   2.2208e-19
 5270.00   6.1158e-19   2.2048e-19
 5275.00   1.2582e-18   2.2874e-19
 5280.00   1.4101e-18   2.3189e-19
 5285.00   7.2049e-19   2.2842e-19
 5290.00   8.1853e-19   2.3491e-19
 5295.00   1.6098e-18   2.3122e-19
 5300.00   1.7710e-18   2.2765e-19
 5305.00   1.2186e-18   2.3293e-19
 5310.00   1.1619e-18   2.3355e-19
 5315.00   1.3373e-18   2.3120e-19
 5320.00   1.2206e-18   2.3197e-19
 5325.00   1.3275e-18   2.2646e-19
 5330.00   1.3333e-18   2.2477e-19
 5335.00   1.1282e-18   2.3087e-19
 5340.00   1.2564e-18   2.2714e-19
 5345.00   1.4445e-18   2.3230e-19
 5350.00   1.0578e-18   2.3131e-19
 5355.00   1.1591e-18   2.3639e-19
 5360.00   1.2501e-18   2.3593e-19
 5365.00   7.5700e-19   2.3030e-19
 5370.00   5.0540e-19   2.2577e-19
 5375.00   6.1139e-19   2.3817e-19
 5380.00   9.1567e-19   2.3773e-19
 5385.00   1.0739e-18   2.3823e-19
 5390.00   1.2555e-18   2.3811e-19
 5395.00   6.6892e-19   2.3568e-19
 5400.00   1.1646e-18   2.4051e-19
 5405.00   1.2412e-18   2.3627e-19
 5410.00   9.7168e-19   2.4247e-19
 5415.00   1.1936e-18   2.4980e-19
 5420.00   1.5196e-18   2.5537e-19
 5425.00   8.4930e-19   2.5501e-19
 5430.00   1.0473e-18   2.5848e-19
 5435.00   1.5270e-18   2.6364e-19
 5440.00   1.1470e-18   2.7578e-19
 5445.00   1.7821e-18   2.6612e-19
 5450.00   1.0777e-18   2.5471e-19
 5455.00   1.4336e-18   2.5291e-19
 5460.00   1.0270e-18   2.6357e-19
 5465.00   1.5905e-18   2.6068e-19
 5470.00   1.3274e-18   2.7202e-19
 5475.00   6.9393e-19   2.6791e-19
 5480.00   9.6162e-19   2.7706e-19
 5485.00   9.8807e-19   2.8855e-19
 5490.00   1.3588e-18   2.8960e-19
 5495.00   7.0092e-19   2.9385e-19
 5500.00   1.2430e-18   2.9818e-19
 5505.00   1.7603e-18   4.0022e-19
 5510.00   1.9478e-18   4.0685e-19
 5515.00   7.1706e-19   3.8892e-19
 5520.00   9.8259e-19   3.8599e-19
 5525.00   5.9632e-19   3.7337e-19
 5530.00   5.9016e-19   3.5545e-19
 5535.00   5.8105e-19   3.5126e-19
 5540.00   1.0467e-18   3.4784e-19
 5545.00   8.0405e-19   3.4309e-19
 5550.00   1.1231e-18   3.4255e-19
 5555.00   4.4090e-19   3.3605e-19
 5560.00   1.3145e-18   3.3633e-19
 5565.00   1.8341e-19   3.4277e-19
 5570.00   1.4267e-18   3.3624e-19
 5575.00   7.3397e-19   3.8474e-19
 5580.00   1.4928e-18   3.7160e-19
 5585.00   1.0296e-18   3.3010e-19
 5590.00   9.8442e-19   3.3436e-19
 5595.00   1.2793e-18   3.3697e-19
 5600.00   8.4065e-19   3.4146e-19
 5605.00   1.9517e-18   3.5014e-19
 5610.00   6.9824e-19   4.3823e-19
 5615.00   1.6001e-18   5.7846e-19
 5620.00   1.6987e-18   5.4570e-19
 5625.00   1.5515e-18   5.2059e-19
 5630.00   6.1129e-19   4.9116e-19
 5635.00   1.1583e-18   4.7256e-19
 5640.00   1.4229e-18   4.5930e-19
 5645.00   1.0429e-18   4.4374e-19
 5650.00   9.8533e-19   4.3239e-19
 5655.00  -3.3058e-19   4.1577e-19
 5660.00   1.4691e-18   4.0822e-19
 5665.00   8.0668e-19   4.0387e-19
 5670.00   1.9958e-18   4.0624e-19
 5675.00   1.2970e-18   4.0122e-19
 5680.00   6.9005e-19   3.9829e-19
 5685.00   1.0464e-18   3.9506e-19
 5690.00   1.2151e-18   4.0010e-19
 5695.00   1.7680e-18   4.0870e-19
 5700.00   2.3565e-18   4.1118e-19
 5705.00   3.7550e-19   4.1837e-19
 5710.00   8.4502e-19   3.9405e-19
 5715.00   9.0093e-19   3.9892e-19
 5720.00   4.8832e-19   4.0668e-19
 5725.00   3.8356e-19   4.1776e-19
 5730.00   1.1769e-18   4.2472e-19
 5735.00   1.6799e-18   4.4674e-19
 5740.00   2.0760e-18   5.7030e-19
 5745.00   7.2462e-19   4.7097e-19
 5750.00   7.2672e-19   4.4664e-19
 5755.00   8.2358e-19   4.2445e-19
 5760.00   1.3536e-18   4.0951e-19
 5765.00   3.4811e-19   3.9225e-19
 5770.00   1.1498e-18   3.8320e-19
 5775.00   1.9713e-18   3.7287e-19
 5780.00   9.8245e-19   3.6350e-19
 5785.00   5.4717e-19   3.5825e-19
 5790.00   1.6709e-18   3.5389e-19
 5795.00   1.2030e-18   3.5487e-19
 5800.00   1.2162e-18   3.4727e-19
 5805.00   7.4383e-19   3.4415e-19
 5810.00   1.0143e-18   3.4720e-19
 5815.00   1.2743e-18   3.4221e-19
 5820.00   1.1627e-18   3.4680e-19
 5825.00   1.1505e-18   3.4260e-19
 5830.00   9.8947e-19   3.4290e-19
 5835.00   9.6311e-19   3.4248e-19
 5840.00   1.1429e-18   3.4696e-19
 5845.00   5.0645e-19   3.4301e-19
 5850.00   7.7806e-19   3.4962e-19
 5855.00   1.1881e-18   3.4750e-19
 5860.00   1.4359e-18   3.4772e-19
 5865.00   1.0076e-18   3.6195e-19
 5870.00   9.7930e-19   3.6635e-19
 5875.00   7.1311e-19   3.6499e-19
 5880.00   1.3259e-18   3.6542e-19
 5885.00   1.1827e-18   3.6887e-19
 5890.00   1.6559e-18   3.8790e-19
 5895.00   1.4927e-18   3.8290e-19
 5900.00   1.2389e-18   3.9063e-19
 5905.00   8.3054e-19   4.0712e-19
 5910.00   1.3079e-18   4.0908e-19
 5915.00   1.0703e-18   3.9695e-19
 5920.00   1.4986e-18   3.7590e-19
 5925.00   1.3274e-18   3.7868e-19
 5930.00   1.8489e-18   3.7371e-19
 5935.00   8.1549e-19   3.8376e-19
 5940.00   8.8159e-19   3.7121e-19
 5945.00   1.7396e-18   4.2787e-19
 5950.00   7.3159e-19   5.2180e-19
 5955.00   1.9849e-18   5.0995e-19
 5960.00   1.4564e-18   4.7955e-19
 5965.00   9.8812e-19   4.5284e-19
 5970.00   1.2525e-18   4.4021e-19
 5975.00   1.5771e-18   4.2376e-19
 5980.00   1.4636e-18   4.0420e-19
 5985.00   9.7677e-19   3.9860e-19
 5990.00   1.8743e-18   3.8141e-19
 5995.00   7.8257e-19   3.6967e-19
 6000.00   1.2981e-18   3.6111e-19
 6005.00   5.8553e-19   3.6038e-19
 6010.00   9.0390e-19   3.6239e-19
 6015.00   1.0470e-18   3.3370e-19
 6020.00   1.1212e-18   3.2820e-19
 6025.00   1.2207e-18   3.2831e-19
 6030.00   1.7121e-18   3.2734e-19
 6035.00   1.2385e-18   3.2273e-19
 6040.00   1.3936e-18   3.1413e-19
 6045.00   7.3744e-19   3.0920e-19
 6050.00   1.2320e-18   3.0686e-19
 6055.00   1.4870e-18   3.0109e-19
 6060.00   1.0643e-18   3.0038e-19
 6065.00   1.5021e-18   2.9783e-19
 6070.00   8.9871e-19   2.9844e-19
 6075.00   1.4118e-18   2.9509e-19
 6080.00   7.6189e-19   2.9398e-19
 6085.00   7.6928e-19   2.9271e-19
 6090.00   9.7942e-19   2.9502e-19
 6095.00   8.4716e-19   2.9700e-19
 6100.00   1.7706e-18   3.0119e-19
 6105.00   8.3648e-19   3.0210e-19
 6110.00   9.4195e-19   3.1719e-19
 6115.00   1.6874e-18   3.1412e-19
 6120.00   1.6970e-18   3.1643e-19
 6125.00   1.5518e-18   3.2540e-19
 6130.00   8.2154e-19   3.2867e-19
 6135.00   8.7950e-19   3.2793e-19
 6140.00   1.1817e-18   3.0485e-19
 6145.00   7.6436e-19   3.1357e-19
 6150.00   1.4872e-18   3.0982e-19
 6155.00   1.3069e-18   3.1167e-19
 6160.00   7.7608e-19   3.0733e-19
 6165.00   8.6661e-19   3.0071e-19
 6170.00   1.9271e-18   3.8060e-19
 6175.00   8.2069e-19   4.1696e-19
 6180.00   1.1296e-18   3.9878e-19
 6185.00   5.8318e-19   3.8434e-19
 6190.00   1.0048e-18   3.6146e-19
 6195.00   8.0773e-19   3.5197e-19
 6200.00   1.4459e-18   3.3931e-19
 6205.00   1.1500e-18   3.3308e-19
 6210.00   2.1283e-19   3.1685e-19
 6215.00   8.8787e-19   3.0953e-19
 6220.00   7.9310e-19   3.0431e-19
 6225.00   8.2771e-19   2.9340e-19
 6230.00   8.7178e-19   2.8996e-19
 6235.00   9.3283e-19   3.0527e-19
 6240.00   1.0906e-18   2.8271e-19
 6245.00   1.1028e-18   2.7367e-19
 6250.00   1.2721e-18   2.6802e-19
 6255.00   1.3040e-18   2.6234e-19
 6260.00   1.0481e-18   2.7369e-19
 6265.00   9.9891e-19   2.6654e-19
 6270.00   8.9425e-19   2.5780e-19
 6275.00   8.7026e-19   2.5781e-19
 6280.00   9.4933e-20   2.5381e-19
 6285.00   8.2759e-19   2.5720e-19
 6290.00   8.0557e-19   2.5525e-19
 6295.00   8.5881e-19   2.5116e-19
 6300.00   9.8800e-19   3.0902e-19
 6305.00   1.1656e-18   2.6449e-19
 6310.00   1.4136e-18   2.5306e-19
 6315.00   6.3699e-19   2.5254e-19
 6320.00   8.5788e-19   2.5806e-19
 6325.00   6.1072e-19   2.5901e-19
 6330.00   6.3629e-19   2.7445e-19
 6335.00   1.0362e-18   2.6361e-19
 6340.00   1.3266e-18   2.7143e-19
 6345.00   7.7093e-19   2.7376e-19
 6350.00   1.0341e-18   2.8483e-19
 6355.00   7.6089e-19   2.9209e-19
 6360.00   2.8447e-19   2.8773e-19
 6365.00   6.0586e-19   3.1835e-19
 6370.00   6.6781e-19   2.9143e-19
 6375.00   5.5608e-19   3.1910e-19
 6380.00   1.0715e-18   3.9894e-19
 6385.00   9.6506e-19   3.1094e-19
 6390.00   9.4220e-19   2.7875e-19
 6395.00   3.0953e-19   2.6812e-19
 6400.00   1.3887e-18   2.6739e-19
 6405.00   7.9669e-19   2.6673e-19
 6410.00   1.4003e-18   2.9207e-19
 6415.00   1.8666e-18   3.6377e-19
 6420.00   1.3402e-18   3.4711e-19
 6425.00   1.0410e-18   3.3189e-19
 6430.00   8.2047e-19   3.1549e-19
 6435.00   1.5490e-18   3.0846e-19
 6440.00   1.1456e-18   2.9393e-19
 6445.00   1.1303e-18   2.8647e-19
 6450.00   7.5547e-19   2.7605e-19
 6455.00   7.7671e-19   2.7328e-19
 6460.00   9.5509e-19   2.6516e-19
 6465.00   9.0422e-19   2.6830e-19
 6470.00   1.0293e-18   2.5925e-19
 6475.00   5.8519e-19   2.4258e-19
 6480.00   9.4402e-19   2.4089e-19
 6485.00   1.2075e-18   2.3277e-19
 6490.00   1.4186e-18   2.2996e-19
 6495.00   7.9214e-19   2.2228e-19
 6500.00   1.7711e-18   2.3961e-19
 6505.00   1.6483e-18   2.2855e-19
 6510.00   1.5615e-18   2.2197e-19
 6515.00   1.2515e-18   2.1796e-19
 6520.00   9.8044e-19   2.1829e-19
 6525.00   1.4612e-18   2.1716e-19
 6530.00   1.3452e-18   2.1471e-19
 6535.00   1.3017e-18   2.2543e-19
 6540.00   1.1732e-18   2.1585e-19
 6545.00   1.0574e-18   2.1917e-19
 6550.00   1.0909e-18   2.1358e-19
 6555.00   1.3741e-18   2.2563e-19
 6560.00   1.1943e-18   2.1005e-19
 6565.00   9.2640e-19   2.1964e-19
 6570.00   1.2273e-18   2.2003e-19
 6575.00   7.8582e-19   2.2352e-19
 6580.00   1.3638e-18   2.2408e-19
 6585.00   1.0183e-18   2.2430e-19
 6590.00   9.8954e-19   2.2561e-19
 6595.00   9.9360e-19   2.2833e-19
 6600.00   1.0405e-18   2.3088e-19
 6605.00   1.4106e-18   2.3886e-19
 6610.00   6.4603e-19   2.3595e-19
 6615.00   4.6448e-19   2.4006e-19
 6620.00   8.7578e-19   2.4547e-19
 6625.00   8.2364e-19   2.5096e-19
 6630.00   1.1610e-18   2.5752e-19
 6635.00   1.3030e-18   2.2987e-19
 6640.00   6.3123e-19   2.2458e-19
 6645.00   8.6953e-19   2.2408e-19
 6650.00   1.3640e-18   2.2827e-19
 6655.00   1.2858e-18   2.2676e-19
 6660.00   1.2624e-18   2.2823e-19
 6665.00   8.1721e-19   2.2338e-19
 6670.00   6.8813e-19   2.3507e-19
 6675.00   3.1940e-19   3.0100e-19
 6680.00   5.2015e-19   2.8769e-19
 6685.00   1.4672e-18   2.8085e-19
 6690.00   1.6295e-18   2.7172e-19
 6695.00   1.5964e-18   2.6252e-19
 6700.00   9.5495e-19   2.5564e-19
 6705.00   7.9960e-19   2.4812e-19
 6710.00   1.4200e-18   2.4265e-19
 6715.00   1.0331e-18   2.3921e-19
 6720.00   1.0806e-18   2.2944e-19
 6725.00   1.2151e-18   2.2516e-19
 6730.00   7.4609e-19   2.2133e-19
 6735.00   8.6585e-19   2.1397e-19
 6740.00   8.7384e-19   2.1239e-19
 6745.00   1.0150e-18   2.0997e-19
 6750.00   2.2565e-19   2.0342e-19
 6755.00   9.9541e-19   2.0284e-19
 6760.00   7.5425e-19   2.0039e-19
 6765.00   5.8623e-19   1.9775e-19
 6770.00   7.8713e-19   1.9424e-19
 6775.00   8.7885e-19   1.9672e-19
 6780.00   4.6475e-19   1.9381e-19
 6785.00   7.7275e-19   1.9115e-19
 6790.00   7.7197e-19   1.9121e-19
 6795.00   9.3569e-19   1.8894e-19
 6800.00   6.1518e-19   1.8976e-19
 6805.00   6.9667e-19   1.8734e-19
 6810.00   1.1775e-18   1.8830e-19
 6815.00   8.8682e-19   1.8861e-19
 6820.00   6.2201e-19   1.8780e-19
 6825.00   5.3446e-19   1.9297e-19
 6830.00   1.2598e-18   2.1455e-19
 6835.00   6.4402e-19   2.0907e-19
 6840.00   1.3841e-18   1.9761e-19
 6845.00   1.0588e-18   1.9106e-19
 6850.00   7.0411e-19   1.9536e-19
 6855.00   1.1270e-18   1.9378e-19
 6860.00   1.0263e-18   1.9791e-19
 6865.00   9.4260e-19   2.2172e-19
 6870.00   5.7186e-19   1.8466e-19
 6875.00   8.3204e-19   1.8849e-19
 6880.00   1.0466e-18   2.0792e-19
 6885.00   6.2632e-19   2.0344e-19
 6890.00   7.3955e-19   2.1463e-19
 6895.00   6.4030e-19   2.0824e-19
 6900.00   5.4293e-19   2.2533e-19
 6905.00   4.6339e-19   2.1814e-19
 6910.00   5.9115e-19   2.2687e-19
 6915.00   8.7293e-19   1.9990e-19
 6920.00   8.8855e-19   1.9447e-19
 6925.00   6.2491e-19   2.0808e-19
 6930.00   7.9445e-19   1.9254e-19
 6935.00   8.9965e-19   1.9228e-19
 6940.00   7.7556e-19   2.0163e-19
 6945.00   7.7603e-19   1.9083e-19
 6950.00   9.7071e-19   2.0610e-19
 6955.00   2.6545e-19   2.1735e-19
 6960.00   2.5551e-19   2.4676e-19
 6965.00   9.8786e-19   2.4116e-19
 6970.00   6.8886e-19   2.3986e-19
 6975.00   6.8040e-19   2.2415e-19
 6980.00   1.0855e-18   2.3076e-19
 6985.00   1.2353e-18   2.1338e-19
 6990.00   1.0832e-18   2.1076e-19
 6995.00   1.2206e-18   2.0259e-19
 7000.00   9.4463e-19   2.0001e-19
 7005.00   9.6979e-19   1.9626e-19
 7010.00   6.1996e-19   1.9644e-19
 7015.00   8.4168e-19   1.8239e-19
 7020.00   7.1880e-19   1.8154e-19
 7025.00   8.9242e-19   1.7658e-19
 7030.00   1.2491e-18   1.7686e-19
 7035.00   1.1788e-18   1.7383e-19
 7040.00   3.9778e-19   1.7228e-19
 7045.00   9.0020e-19   1.7364e-19
 7050.00   9.4121e-19   1.7843e-19
 7055.00   7.2954e-19   1.6738e-19
 7060.00   6.5196e-19   1.6503e-19
 7065.00   6.4129e-19   1.6660e-19
 7070.00   1.1201e-18   1.6348e-19
 7075.00   1.1280e-18   1.6419e-19
 7080.00   7.7741e-19   1.6188e-19
 7085.00   9.4324e-19   1.5973e-19
 7090.00   8.5494e-19   1.6215e-19
 7095.00   7.5531e-19   1.5800e-19
 7100.00   1.0526e-18   1.5854e-19
 7105.00   7.2676e-19   1.5701e-19
 7110.00   1.1474e-18   1.5636e-19
 7115.00   9.8725e-19   1.5561e-19
 7120.00   9.0347e-19   1.5489e-19
 7125.00   8.0192e-19   1.5720e-19
 7130.00   9.8459e-19   1.5843e-19
 7135.00   9.5996e-19   1.5891e-19
 7140.00   7.2774e-19   1.6071e-19
 7145.00   9.9438e-19   1.6613e-19
 7150.00   8.9030e-19   1.6126e-19
 7155.00   9.1679e-19   1.6184e-19
 7160.00   1.0859e-18   1.6629e-19
 7165.00   7.9592e-19   1.6323e-19
 7170.00   4.3960e-19   1.6318e-19
 7175.00   6.0879e-19   1.6436e-19
 7180.00   8.5071e-19   1.6790e-19
 7185.00   4.7015e-19   1.6265e-19
 7190.00   6.3896e-19   1.6989e-19
 7195.00   3.1180e-19   1.7142e-19
 7200.00   6.9614e-19   1.7438e-19
 7205.00   9.1451e-19   1.7880e-19
 7210.00   1.0273e-18   1.8987e-19
 7215.00   1.1076e-18   1.9366e-19
 7220.00   8.5906e-19   1.6677e-19
 7225.00   4.2240e-19   1.6550e-19
 7230.00   9.9873e-19   1.6793e-19
 7235.00   7.2659e-19   1.6366e-19
 7240.00   6.6289e-19   2.1547e-19
 7245.00   1.1004e-18   1.9489e-19
 7250.00   8.0105e-19   1.6962e-19
 7255.00   8.3043e-19   1.7879e-19
 7260.00   5.8962e-19   1.6438e-19
 7265.00   7.0182e-19   2.0324e-19
 7270.00   3.6657e-19   2.1406e-19
 7275.00   9.2016e-19   2.5139e-19
 7280.00   6.6269e-19   1.9954e-19
 7285.00   6.5873e-19   2.1462e-19
 7290.00   7.5458e-19   1.8531e-19
 7295.00   1.0619e-18   1.9222e-19
 7300.00   9.8477e-19   1.7886e-19
 7305.00   8.5776e-19   1.8853e-19
 7310.00   6.6842e-19   1.7102e-19
 7315.00   6.0641e-19   1.8769e-19
 7320.00   5.0014e-19   1.6387e-19
 7325.00   8.5610e-19   1.6119e-19
 7330.00   8.5786e-19   1.7646e-19
 7335.00   6.4693e-19   1.5663e-19
 7340.00   7.0408e-19   1.7805e-19
 7345.00   6.7737e-19   1.5520e-19
 7350.00   4.9122e-19   1.5369e-19
 7355.00   9.0423e-19   1.5103e-19
 7360.00   1.0092e-18   1.6216e-19
 7365.00   7.6141e-19   1.4834e-19
 7370.00   7.6035e-19   1.6552e-19
 7375.00   8.0303e-19   1.4581e-19
 7380.00   8.3748e-19   1.4371e-19
 7385.00   4.8989e-19   1.4287e-19
 7390.00   6.7921e-19   1.5083e-19
 7395.00   5.4151e-19   1.4283e-19
 7400.00   8.9977e-19   1.5642e-19
 7405.00   9.5501e-19   1.4035e-19
 7410.00   7.8265e-19   1.3843e-19
 7415.00   8.8772e-19   1.3903e-19
 7420.00   6.0116e-19   1.3819e-19
 7425.00   9.1420e-19   1.3875e-19
 7430.00   8.1180e-19   1.4699e-19
 7435.00   4.9838e-19   1.3886e-19
 7440.00   6.3570e-19   1.5204e-19
 7445.00   6.6779e-19   1.3813e-19
 7450.00   9.4031e-19   1.3969e-19
 7455.00   7.3870e-19   1.4044e-19
 7460.00   5.2817e-19   1.4660e-19
 7465.00   7.6939e-19   1.5224e-19
 7470.00   5.2750e-19   1.5297e-19
 7475.00   5.2203e-19   1.5327e-19
 7480.00   7.4220e-19   1.6091e-19
 7485.00   6.9790e-19   1.6025e-19
 7490.00   7.1598e-19   1.4891e-19
 7495.00   9.1953e-19   1.5460e-19
 7500.00   8.0021e-19   1.5274e-19
 7505.00   6.8013e-19   1.5280e-19
 7510.00   1.7315e-19   1.5332e-19
 7515.00   7.3561e-19   1.6123e-19
 7520.00   7.4018e-19   1.6562e-19
 7525.00   7.2943e-19   1.9071e-19
 7530.00   6.8777e-19   1.7926e-19
 7535.00   9.2975e-19   1.7105e-19
 7540.00   7.0330e-19   1.8019e-19
 7545.00   3.4718e-19   1.7576e-19
 7550.00   7.9830e-19   1.6422e-19
 7555.00   8.6885e-19   1.5331e-19
 7560.00   6.2889e-19   1.5398e-19
 7565.00   6.7593e-19   1.5100e-19
 7570.00   7.0884e-19   1.6707e-19
 7575.00   7.1590e-19   1.5400e-19
 7580.00   4.6369e-19   1.4821e-19
 7585.00   1.4263e-18   1.5611e-19
 7590.00   1.0588e-18   1.4817e-19
 7595.00   2.7549e-19   1.2877e-19
 7600.00   3.9616e-19   1.4694e-19
 7605.00   4.5579e-19   1.4719e-19
 7610.00   2.5753e-19   1.4770e-19
 7615.00   5.6612e-19   1.5313e-19
 7620.00   5.3459e-19   1.7418e-19
 7625.00   3.9446e-19   1.4535e-19
 7630.00   3.2531e-19   1.4976e-19
 7635.00   3.5048e-19   1.3714e-19
 7640.00   3.9860e-19   1.3717e-19
 7645.00   6.8177e-19   1.3703e-19
 7650.00   1.4259e-19   1.3595e-19
 7655.00   4.9903e-19   1.4029e-19
 7660.00   1.9175e-19   1.3833e-19
 7665.00   3.4573e-19   1.3896e-19
 7670.00   5.5307e-19   1.3705e-19
 7675.00   1.0516e-18   1.3766e-19
 7680.00   8.7607e-19   1.3816e-19
 7685.00   8.2747e-19   1.3758e-19
 7690.00   5.8917e-19   1.3887e-19
 7695.00   6.8305e-19   1.3516e-19
 7700.00   4.8227e-19   1.3973e-19
 7705.00   6.6292e-19   1.3020e-19
 7710.00   8.3797e-19   1.3935e-19
 7715.00   1.4347e-19   1.9230e-19
 7720.00   4.4554e-19   1.3997e-19
 7725.00   6.5101e-19   1.4956e-19
 7730.00   9.3791e-19   1.3012e-19
 7735.00   6.7335e-19   1.3474e-19
 7740.00   6.6850e-19   1.2908e-19
 7745.00   5.7211e-19   1.2800e-19
 7750.00   7.4874e-19   1.6194e-19
 7755.00   3.9662e-19   1.3048e-19
 7760.00   8.1477e-19   1.4060e-19
 7765.00   1.0434e-18   1.2578e-19
 7770.00   3.9969e-19   1.4339e-19
 7775.00   6.4691e-19   1.7210e-19
 7780.00   6.8204e-19   1.4056e-19
 7785.00   5.0919e-19   1.3118e-19
 7790.00   6.7066e-19   1.3570e-19
 7795.00   2.6599e-19   1.4801e-19
 7800.00   6.7698e-19   1.2767e-19
 7805.00   6.8981e-19   1.3019e-19
 7810.00   6.0369e-19   1.4766e-19
 7815.00   8.0422e-19   1.3614e-19
 7820.00   5.9308e-19   1.5871e-19
 7825.00   6.4180e-19   1.3351e-19
 7830.00   1.0299e-18   1.3513e-19
 7835.00   7.0841e-19   1.3609e-19
 7840.00   9.8328e-19   1.4965e-19
 7845.00   4.5360e-19   1.3417e-19
 7850.00   2.1995e-19   1.5657e-19
 7855.00   6.6576e-19   1.6374e-19
 7860.00   6.3236e-19   1.6776e-19
 7865.00   4.9121e-19   1.4341e-19
 7870.00   5.8427e-19   1.7050e-19
 7875.00   6.6512e-19   1.4337e-19
 7880.00   9.5328e-19   1.8236e-19
 7885.00   6.3674e-19   1.5604e-19
 7890.00   5.0902e-19   1.8247e-19
 7895.00   6.2017e-19   1.5846e-19
 7900.00   8.2455e-19   1.5806e-19
 7905.00   4.6493e-19   1.6247e-19
 7910.00   8.0765e-19   1.7177e-19
 7915.00   1.2114e-18   1.7067e-19
 7920.00   7.3294e-19   1.6337e-19
 7925.00   3.1982e-19   1.3514e-19
 7930.00   8.6362e-19   1.5908e-19
 7935.00   7.9958e-19   1.3422e-19
 7940.00   6.6168e-19   1.3407e-19
 7945.00   7.2191e-19   1.3687e-19
 7950.00   5.1504e-19   1.4853e-19
 7955.00   8.7059e-19   1.3259e-19
 7960.00   1.7267e-19   1.3138e-19
 7965.00   7.6018e-19   1.5221e-19
 7970.00   3.3455e-19   1.5257e-19
 7975.00   7.9876e-19   1.7794e-19
 7980.00   5.3054e-19   1.8603e-19
 7985.00   2.6439e-19   1.5834e-19
 7990.00   6.2988e-19   1.6061e-19
 7995.00   3.5459e-19   1.8349e-19
 8000.00   8.9846e-19   1.5597e-19
 8005.00   6.5609e-19   1.4876e-19
 8010.00   7.9457e-19   1.4823e-19
 8015.00   9.9359e-19   1.6094e-19
 8020.00   6.9120e-19   1.4884e-19
 8025.00   7.0954e-19   1.6334e-19
 8030.00   6.3193e-19   1.4996e-19
 8035.00   3.9072e-19   1.3510e-19
 8040.00   7.2194e-19   1.3404e-19
 8045.00   4.8347e-19   1.3253e-19
 8050.00   5.9544e-19   1.4700e-19
 8055.00   6.1025e-19   1.2916e-19
 8060.00   2.0910e-19   1.3924e-19
 8065.00   5.8966e-19   1.3155e-19
 8070.00   6.5542e-19   1.2309e-19
 8075.00   6.4379e-19   1.2541e-19
 8080.00   6.5787e-19   1.2623e-19
 8085.00   7.5654e-19   1.2601e-19
 8090.00   5.3888e-19   1.1894e-19
 8095.00   5.0538e-19   1.2726e-19
 8100.00   5.8711e-19   1.2404e-19
 8105.00   6.0150e-19   1.2601e-19
 8110.00   8.1271e-19   1.1768e-19
 8115.00   8.7499e-19   1.1707e-19
 8120.00   5.3664e-19   1.1494e-19
 8125.00   6.6356e-19   1.1557e-19
 8130.00   8.1754e-19   1.1666e-19
 8135.00   4.5205e-19   1.1312e-19
 8140.00   7.0912e-19   1.1945e-19
 8145.00   9.0641e-19   1.2020e-19
 8150.00   4.9692e-19   1.1187e-19
 8155.00   6.3620e-19   1.0996e-19
 8160.00   5.6119e-19   1.0900e-19
 8165.00   4.2397e-19   1.0942e-19
 8170.00   4.7936e-19   1.0913e-19
 8175.00   7.6382e-19   1.1153e-19
 8180.00   3.6981e-19   1.0884e-19
 8185.00   5.3597e-19   1.1172e-19
 8190.00   6.7179e-19   1.1713e-19
 8195.00   4.9499e-19   1.1643e-19
 8200.00   5.3752e-19   1.1191e-19
 8205.00   5.8473e-19   1.1947e-19
 8210.00   6.9583e-19   1.1876e-19
 8215.00   8.6595e-19   1.2010e-19
 8220.00   6.1015e-19   1.1730e-19
 8225.00   7.7512e-19   1.1811e-19
 8230.00   3.7801e-19   1.1006e-19
 8235.00   3.6554e-19   1.2078e-19
 8240.00   7.0205e-19   1.2636e-19
 8245.00   7.1714e-19   1.2600e-19
 8250.00   5.9939e-19   1.2948e-19
 8255.00   5.9037e-19   1.2672e-19
 8260.00   7.7173e-19   1.2822e-19
 8265.00   4.8106e-19   1.2955e-19
 8270.00   7.9743e-19   1.3217e-19
 8275.00   5.4601e-19   1.3048e-19
 8280.00   4.8300e-19   1.9274e-19
 8285.00   6.3916e-19   1.5952e-19
 8290.00   5.3558e-19   1.6534e-19
 8295.00   5.9506e-19   1.5173e-19
 8300.00   6.3124e-19   1.6923e-19
 8305.00   6.9685e-19   1.4852e-19
 8310.00   5.8128e-19   1.6515e-19
 8315.00   5.4622e-19   1.4632e-19
 8320.00   4.5403e-19   1.2305e-19
 8325.00   6.9087e-19   1.2214e-19
 8330.00   6.4014e-19   1.2053e-19
 8335.00   4.5107e-19   1.2165e-19
 8340.00   8.1200e-19   1.2634e-19
 8345.00   8.5994e-19   1.6564e-19
 8350.00   6.5089e-19   1.3326e-19
 8355.00   4.2696e-19   1.3677e-19
 8360.00   7.5809e-19   1.2892e-19
 8365.00   9.1242e-19   1.4364e-19
 8370.00   4.2209e-19   1.2126e-19
 8375.00   3.7430e-19   1.2171e-19
 8380.00   3.0140e-19   1.6708e-19
 8385.00   6.1662e-19   1.5675e-19
 8390.00   6.7015e-19   1.4996e-19
 8395.00   2.6448e-19   1.4254e-19
 8400.00   5.0162e-20   1.7233e-19
 8405.00   3.8818e-19   1.3762e-19
 8410.00   7.7950e-19   1.3713e-19
 8415.00   5.8821e-19   1.5439e-19
 8420.00   4.8539e-19   1.3178e-19
 8425.00   5.2637e-19   1.3659e-19
 8430.00   5.5180e-19   1.6332e-19
 8435.00   6.6905e-19   1.3164e-19
 8440.00   5.7942e-19   1.2578e-19
 8445.00   4.2884e-19   1.4261e-19
 8450.00   8.6043e-19   1.3516e-19
 8455.00   9.3417e-19   1.2784e-19
 8460.00   4.3981e-19   1.2061e-19
 8465.00   4.7472e-19   1.4367e-19
 8470.00   6.2078e-19   1.1754e-19
 8475.00   5.2087e-19   1.2261e-19
 8480.00   7.6034e-19   1.1566e-19
 8485.00   3.9234e-19   1.1595e-19
 8490.00   6.7462e-19   1.1317e-19
 8495.00   4.2035e-19   1.3259e-19
 8500.00   3.4884e-19   1.1322e-19
 8505.00   5.9244e-19   1.3821e-19
 8510.00   5.4350e-19   1.1180e-19
 8515.00   4.1941e-19   1.0909e-19
 8520.00   6.5513e-19   1.1179e-19
 8525.00   4.8015e-19   1.0991e-19
 8530.00   6.8803e-19   1.0849e-19
 8535.00   5.8787e-19   1.0672e-19
 8540.00   4.4783e-19   1.1260e-19
 8545.00   2.9594e-19   1.0200e-19
 8550.00   4.7846e-19   1.2713e-19
 8555.00   3.3845e-19   1.0790e-19
 8560.00   5.0024e-19   1.0387e-19
 8565.00   4.9990e-19   1.0738e-19
 8570.00   4.4982e-19   1.0684e-19
 8575.00   4.7254e-19   1.0937e-19
 8580.00   2.1677e-19   1.0496e-19
 8585.00   5.9308e-19   1.0607e-19
 8590.00   3.9500e-19   1.1458e-19
 8595.00   5.5523e-19   1.1318e-19
 8600.00   4.5594e-19   1.0734e-19
 8605.00   4.0224e-19   1.0874e-19
 8610.00   4.4426e-19   1.1298e-19
 8615.00   4.8650e-19   1.3254e-19
 8620.00   7.6565e-19   1.5429e-19
 8625.00   3.1950e-19   1.6022e-19
 8630.00   6.3600e-19   1.6971e-19
 8635.00   3.7270e-19   1.5852e-19
 8640.00   4.5213e-19   1.3743e-19
 8645.00   6.0807e-19   1.1945e-19
 8650.00   8.9663e-19   1.4296e-19
 8655.00   5.2793e-19   1.4565e-19
 8660.00   7.6465e-19   1.3907e-19
 8665.00   6.4303e-19   1.4190e-19
 8670.00   4.7169e-19   1.4267e-19
 8675.00   7.1103e-19   1.3879e-19
 8680.00   6.1547e-19   1.3550e-19
 8685.00   7.6829e-19   1.2731e-19
 8690.00   7.1600e-19   1.2305e-19
 8695.00   7.9269e-19   1.2530e-19
 8700.00   7.6025e-19   1.3049e-19
 8705.00   5.2777e-19   1.2959e-19
 8710.00   5.3661e-19   1.2636e-19
 8715.00   1.0726e-18   1.2598e-19
 8720.00   7.1776e-19   1.2334e-19
 8725.00   7.6914e-19   1.2959e-19
 8730.00   7.3162e-19   1.2729e-19
 8735.00   7.3442e-19   1.3016e-19
 8740.00   9.1135e-19   1.3676e-19
 8745.00   1.0937e-18   1.3846e-19
 8750.00   1.0384e-18   1.3953e-19
 8755.00   6.7014e-19   1.3994e-19
 8760.00   1.4196e-18   2.2443e-19
 8765.00   3.5646e-19   1.4352e-19
 8770.00   7.3572e-19   1.3959e-19
 8775.00   1.0606e-18   1.3530e-19
 8780.00   1.2052e-18   1.3741e-19
 8785.00   9.3607e-19   1.1674e-19
 8790.00   6.1638e-19   1.3859e-19
 8795.00   1.0526e-18   1.1588e-19
 8800.00   1.4118e-18   1.1813e-19
 8805.00   7.2786e-19   1.1343e-19
 8810.00   7.3590e-19   1.2659e-19
 8815.00   8.2022e-19   1.1548e-19
 8820.00   8.8622e-19   1.1622e-19
 8825.00   1.1420e-18   1.5782e-19
 8830.00   4.4819e-19   1.5350e-19
 8835.00   9.0050e-19   2.1323e-19
 8840.00   5.6495e-19   1.4308e-19
 8845.00   5.0351e-19   1.4226e-19
 8850.00   9.2220e-19   1.5910e-19
 8855.00   7.3575e-19   1.3727e-19
 8860.00   5.4177e-19   1.3629e-19
 8865.00   1.0887e-18   1.4797e-19
 8870.00   8.2145e-19   1.3915e-19
 8875.00   9.6224e-19   1.2386e-19
 8880.00   6.2701e-19   1.2194e-19
 8885.00   8.6054e-19   1.5678e-19
 8890.00   3.8485e-19   1.2539e-19
 8895.00   6.1074e-19   1.2489e-19
 8900.00   5.5176e-19   1.2139e-19
 8905.00   2.5717e-19   1.4113e-19
 8910.00   5.2712e-19   1.2294e-19
 8915.00   5.9102e-19   1.1353e-19
 8920.00   9.0574e-19   1.5094e-19
 8925.00   1.0690e-18   1.1804e-19
 8930.00   8.8746e-19   1.1760e-19
 8935.00   4.7032e-19   1.1393e-19
 8940.00   7.2586e-19   1.1007e-19
 8945.00   7.7532e-19   1.2748e-19
 8950.00   4.6494e-19   1.0558e-19
 8955.00   6.0398e-19   1.0831e-19
 8960.00   6.3802e-19   1.2460e-19
 8965.00   6.6770e-19   1.0088e-19
 8970.00   5.3515e-19   1.0904e-19
 8975.00   3.4596e-19   1.0058e-19
 8980.00   4.2260e-19   1.0779e-19
 8985.00   7.1327e-19   1.0455e-19
 8990.00   4.3089e-19   1.1440e-19
 8995.00   4.3101e-19   1.0335e-19
 9000.00   4.4851e-19   1.2262e-19
 9005.00   7.4688e-19   9.6690e-20
 9010.00   4.4993e-19   9.3687e-20
 9015.00   4.9694e-19   9.2423e-20
 9020.00   3.5390e-19   9.9551e-20
 9025.00   3.9962e-19   9.3721e-20
 9030.00   4.7145e-19   1.0341e-19
 9035.00   6.2349e-19   1.0086e-19
 9040.00   2.8165e-19   1.1256e-19
 9045.00   6.4743e-19   1.0271e-19
 9050.00   5.6967e-19   1.2436e-19
 9055.00   4.0306e-19   1.0245e-19
 9060.00   5.2211e-19   9.9267e-20
 9065.00   5.2864e-19   1.0508e-19
 9070.00   4.5353e-19   1.0309e-19
 9075.00   2.1475e-19   1.0051e-19
 9080.00   4.6321e-19   9.7325e-20
 9085.00   3.1425e-19   1.0170e-19
 9090.00   2.9007e-19   1.0557e-19
 9095.00   3.6483e-19   1.1082e-19
 9100.00   2.1446e-19   1.0552e-19
 9105.00   5.0903e-19   1.1274e-19
 9110.00   5.3474e-19   1.0394e-19
 9115.00   6.0097e-19   1.0442e-19
 9120.00   3.1632e-19   1.0211e-19
 9125.00   5.5512e-19   1.0764e-19
 9130.00   5.4752e-19   1.0435e-19
 9135.00   4.9895e-19   1.0723e-19
 9140.00   7.5327e-19   1.1299e-19
 9145.00   5.4299e-19   1.1273e-19
 9150.00   1.5355e-19   1.2187e-19
 9155.00   5.9409e-19   1.1694e-19
 9160.00   3.4367e-19   1.3770e-19
 9165.00   4.6512e-19   1.2207e-19
 9170.00   4.2526e-20   1.1889e-19
 9175.00   2.1980e-19   1.2307e-19
 9180.00   3.6013e-19   1.3372e-19
 9185.00   5.2233e-19   1.2282e-19
 9190.00   2.7431e-19   1.2613e-19
 9195.00   4.4502e-19   1.2475e-19
 9200.00   4.0617e-19   1.3120e-19
 9205.00   5.6250e-19   1.3237e-19
 9210.00   7.5495e-19   1.3656e-19
 9215.00   5.1286e-19   1.4658e-19
 9220.00   4.4088e-19   1.4040e-19
 9225.00   6.8630e-19   1.6318e-19
 9230.00   5.1174e-19   1.4437e-19
 9235.00   3.8506e-19   1.4613e-19
 9240.00   6.5841e-19   1.4889e-19
 9245.00   5.7261e-19   1.5309e-19
 9250.00  -5.7566e-20   1.6706e-19
 9255.00   7.1417e-19   1.6399e-19
 9260.00   5.1923e-19   1.4128e-19
 9265.00   5.5706e-19   1.5564e-19
 9270.00   5.4984e-19   1.2909e-19
 9275.00   1.4274e-19   1.2771e-19
 9280.00   3.1568e-19   1.2568e-19
 9285.00   6.1584e-19   1.3691e-19
 9290.00   5.6439e-19   1.3281e-19
 9295.00   4.7132e-19   1.4193e-19
 9300.00   4.3881e-19   1.2693e-19
 9305.00   4.7463e-19   1.7901e-19
 9310.00  -2.7327e-20   2.1095e-19
 9315.00   1.5494e-19   1.7391e-19
 9320.00   5.7138e-19   1.5450e-19
 9325.00  -7.6595e-20   1.7292e-19
 9330.00   3.8294e-19   1.5474e-19
 9335.00   4.0551e-20   1.5628e-19
 9340.00   2.4880e-19   1.7665e-19
 9345.00   1.6660e-19   1.4089e-19
 9350.00   3.3351e-19   1.9186e-19
 9355.00   1.7244e-19   1.4710e-19
 9360.00   2.4136e-19   1.5223e-19
 9365.00   3.5051e-19   1.4900e-19
 9370.00  -5.0259e-20   1.5521e-19
 9375.00  -3.2927e-19   3.1760e-19
 9380.00   1.1726e-19   1.5152e-19
 9385.00   8.6000e-19   1.6864e-19
 9390.00   2.2056e-19   1.5028e-19
 9395.00   2.6720e-19   1.6284e-19
 9400.00   3.3390e-19   1.7191e-19
 9405.00   7.2852e-19   1.6124e-19
 9410.00   5.1285e-19   1.4321e-19
 9415.00   2.8343e-19   1.4959e-19
 9420.00   2.6700e-19   2.0190e-19
 9425.00   3.2017e-19   1.5094e-19
 9430.00   3.8132e-19   1.3331e-19
 9435.00   3.5050e-19   1.5350e-19
 9440.00  -3.5294e-20   2.2492e-19
 9445.00  -2.2141e-19   1.4329e-19
 9450.00   5.9949e-19   1.6380e-19
 9455.00   1.1846e-19   1.4341e-19
 9460.00   3.4439e-19   1.7696e-19
 9465.00   3.9628e-19   1.4009e-19
 9470.00   4.1959e-19   1.3855e-19
 9475.00   6.4081e-19   1.8621e-19
 9480.00   2.7427e-19   1.4778e-19
 9485.00   2.2265e-20   1.4363e-19
 9490.00   6.2538e-19   1.5278e-19
 9495.00   7.2936e-19   1.3032e-19
 9500.00   2.1202e-20   1.3781e-19
 9505.00   5.8678e-19   1.6924e-19
 9510.00   8.2117e-19   1.4368e-19
 9515.00   4.3018e-19   1.3773e-19
 9520.00   1.1901e-19   1.7563e-19
 9525.00   4.1049e-19   1.3638e-19
 9530.00   4.2656e-19   1.4768e-19
 9535.00   7.4637e-19   1.5631e-19
 9540.00   4.4720e-19   1.3663e-19
 9545.00   4.1691e-19   1.2818e-19
 9550.00   7.0661e-19   1.5522e-19
 9555.00   3.2982e-19   1.4276e-19
 9560.00   6.5854e-19   1.4547e-19
 9565.00   4.3120e-19   1.5954e-19
 9570.00   5.3556e-19   1.7095e-19
 9575.00   3.5931e-19   1.4597e-19
 9580.00   1.0379e-19   1.2889e-19
 9585.00   6.2134e-19   1.3756e-19
 9590.00  -5.1350e-20   1.3145e-19
 9595.00   3.2722e-19   1.3870e-19
 9600.00   1.9278e-19   1.3829e-19
 9605.00   6.6615e-19   1.4952e-19
 9610.00   4.5425e-20   1.6224e-19
 9615.00   1.8863e-19   1.4775e-19
 9620.00  -1.9155e-20   1.8417e-19
 9625.00   1.8004e-19   1.5506e-19
 9630.00   4.2829e-19   1.6323e-19
 9635.00   2.6976e-19   1.4772e-19
 9640.00   5.4852e-19   1.5035e-19
 9645.00   5.4985e-19   1.4570e-19
 9650.00   1.6675e-19   1.5829e-19
 9655.00   3.9176e-19   1.6906e-19
 9660.00   2.7465e-19   1.6987e-19
 9665.00   5.9759e-19   1.5989e-19
 9670.00   1.9036e-19   2.1736e-19
 9675.00  -2.9635e-19   1.8293e-19
 9680.00   1.6134e-22   2.4733e-19
 9685.00   7.9408e-19   1.9525e-19
 9690.00   5.9778e-19   1.9938e-19
 9695.00   4.0391e-19   1.8308e-19
 9700.00   5.7129e-19   2.4034e-19
 9705.00   3.0827e-19   1.8473e-19
 9710.00   2.5838e-19   2.1141e-19
 9715.00   5.1068e-22   1.9060e-19
 9720.00   3.6196e-19   2.8176e-19
 9725.00   6.6258e-19   2.0319e-19
 9730.00   4.0881e-19   2.0397e-19
 9735.00   7.6325e-19   2.3885e-19
 9740.00   8.8987e-20   2.3667e-19
 9745.00   2.7448e-19   2.3988e-19
 9750.00   1.0240e-19   2.0724e-19
 9755.00   2.4202e-19   2.1365e-19
 9760.00   4.1135e-19   2.1217e-19
 9765.00   3.8890e-19   2.1917e-19
 9770.00  -1.3510e-20   2.2002e-19
 9775.00   6.0521e-19   2.3418e-19
 9780.00  -3.2147e-19   2.3859e-19
 9785.00   3.2914e-19   2.4987e-19
 9790.00  -4.0466e-20   4.3474e-19
 9795.00   3.4266e-19   2.5349e-19
 9800.00   1.0844e-18   2.8271e-19
 9805.00   3.5836e-19   2.3452e-19
 9810.00   3.4192e-19   3.0499e-19
 9815.00   1.1528e-18   3.9940e-19
 9820.00   1.2500e-18   3.7375e-19
 9825.00   1.2188e-18   3.5732e-19
 9830.00   8.7516e-19   3.6209e-19
 9835.00  -6.2244e-20   3.3695e-19
 9840.00   3.6090e-19   3.2641e-19
 9845.00   5.0454e-19   3.4827e-19
 9850.00   2.1873e-19   4.1108e-19
 9855.00  -9.6190e-20   3.2068e-19
 9860.00   8.8700e-19   3.1994e-19
 9865.00   6.4815e-19   3.3241e-19
 9870.00   1.0414e-18   4.4946e-19
 9875.00  -1.2456e-19   3.9369e-19
 9880.00  -1.9276e-19   3.1329e-19
 9885.00  -4.2964e-19   3.4282e-19
 9890.00  -4.2173e-20   3.2041e-19
 9895.00   6.1980e-19   4.4348e-19
 9900.00   6.4939e-19   3.2062e-19
 9905.00   2.0092e-19   3.1060e-19
 9910.00   1.7383e-19   3.3681e-19
 9915.00   9.4117e-19   5.3707e-19
 9920.00   3.4608e-19   3.2219e-19
 9925.00   9.1154e-19   3.0353e-19
 9930.00   8.5915e-19   3.0064e-19
 9935.00   4.3143e-19   3.2062e-19
 9940.00   7.8928e-20   4.2617e-19
 9945.00   2.0118e-18   6.6458e-19
 9950.00  -1.7155e-19   4.3862e-19
 9955.00   5.4840e-19   4.7947e-19
 9960.00   1.5931e-18   5.4847e-19
 9965.00   1.0945e-19   3.6389e-19
 9970.00   2.1041e-19   3.7238e-19
 9975.00  -8.0959e-19   3.7433e-19
 9980.00  -2.2910e-19   3.5168e-19
 9985.00   9.4197e-19   3.0709e-19
 9990.00   6.8496e-19   3.1806e-19
 9995.00   6.8496e-19   9.9999e+04
10000.00   6.8496e-19   9.9999e+04
