 
TRANSIENT_NAME:     DES14C3tsg 
SNID:               1323773    
OBS_DATE:           2015-01-27
MJD:                57049. 
PHASE_EXP:          +23.   
MJD_EXP:            57021.6 (derived from r-band light-curve)
TYPE:               29 
SPEC_EVAL:          SNII
REDSHIFT:           0.2100  
REDSHIFT_ERR:       0.0050  
REDSHIFT_SOURCE:    Z_SN
TELESCOPE:          VLT
INSTRUMENT:         X-SHOOTER
 
======================================
 
# WAVE  FLUX  FLUX_ERR
 3400.00  -4.4178e-19   9.9999e+04
 3405.00  -4.4178e-19   3.0625e-18
 3410.00   4.0317e-18   3.0146e-18
 3415.00   1.2739e-18   3.1088e-18
 3420.00   7.1429e-18   3.1535e-18
 3425.00   7.6106e-18   3.3655e-18
 3430.00   5.6292e-18   3.3313e-18
 3435.00   1.3123e-18   3.5252e-18
 3440.00  -9.0395e-18   3.5979e-18
 3445.00  -3.3575e-18   3.7116e-18
 3450.00  -8.8568e-18   3.7701e-18
 3455.00  -2.8666e-18   3.9563e-18
 3460.00  -3.4262e-18   3.9518e-18
 3465.00   5.0141e-18   3.9290e-18
 3470.00   3.0577e-18   3.9052e-18
 3475.00  -9.2387e-18   3.7699e-18
 3480.00  -3.7615e-18   3.7309e-18
 3485.00   3.4001e-18   3.5657e-18
 3490.00  -4.8766e-18   3.3614e-18
 3495.00   4.9785e-18   3.1257e-18
 3500.00  -4.5119e-18   2.9085e-18
 3505.00  -1.5069e-18   2.7433e-18
 3510.00  -2.5458e-19   2.6521e-18
 3515.00  -4.0719e-18   2.4617e-18
 3520.00  -1.3352e-18   2.3278e-18
 3525.00  -1.6058e-18   2.2244e-18
 3530.00  -7.4714e-18   2.1191e-18
 3535.00  -1.8336e-18   2.0284e-18
 3540.00  -2.6594e-18   2.0501e-18
 3545.00   1.3779e-18   2.0994e-18
 3550.00  -8.8200e-19   1.9831e-18
 3555.00   2.6052e-18   2.0018e-18
 3560.00   2.4599e-18   1.8654e-18
 3565.00   1.2786e-18   1.7240e-18
 3570.00   3.8375e-18   1.6937e-18
 3575.00   4.3438e-19   1.6602e-18
 3580.00  -4.5792e-18   1.6348e-18
 3585.00   2.2726e-18   1.6817e-18
 3590.00   2.3714e-18   1.7488e-18
 3595.00  -1.7570e-18   1.8908e-18
 3600.00  -2.8118e-19   2.0668e-18
 3605.00  -1.1349e-18   2.1514e-18
 3610.00   1.3797e-18   2.2387e-18
 3615.00   1.1057e-18   2.3574e-18
 3620.00  -7.4903e-18   2.4698e-18
 3625.00   1.6187e-18   2.5241e-18
 3630.00  -5.3378e-19   2.5819e-18
 3635.00  -3.5222e-18   2.6527e-18
 3640.00   3.3814e-18   2.5759e-18
 3645.00   1.5680e-19   2.5131e-18
 3650.00  -3.7014e-18   2.3613e-18
 3655.00   3.8144e-19   2.2334e-18
 3660.00  -4.4032e-18   2.1164e-18
 3665.00  -9.4957e-19   1.9983e-18
 3670.00  -2.7944e-18   1.8825e-18
 3675.00   2.9666e-19   1.6968e-18
 3680.00   2.2061e-18   1.5839e-18
 3685.00  -2.2587e-18   1.5072e-18
 3690.00  -2.6123e-18   1.3949e-18
 3695.00   2.7032e-18   1.3585e-18
 3700.00   5.3129e-18   1.3686e-18
 3705.00   2.6260e-18   1.2947e-18
 3710.00  -3.4650e-18   1.2307e-18
 3715.00  -6.0349e-19   1.1911e-18
 3720.00  -3.8680e-18   1.1331e-18
 3725.00  -2.5109e-18   1.1464e-18
 3730.00  -2.0822e-19   1.1724e-18
 3735.00   1.0407e-18   1.1838e-18
 3740.00  -1.6533e-20   1.2044e-18
 3745.00   1.0045e-18   1.1504e-18
 3750.00   1.1668e-18   1.1120e-18
 3755.00  -1.7188e-18   1.1342e-18
 3760.00   4.2266e-19   1.1604e-18
 3765.00   1.0965e-18   1.1617e-18
 3770.00   4.8041e-19   1.1941e-18
 3775.00  -1.5174e-18   1.2899e-18
 3780.00  -1.0949e-18   1.3313e-18
 3785.00   1.8354e-18   1.3808e-18
 3790.00   5.6863e-19   1.4523e-18
 3795.00  -1.7567e-18   1.4827e-18
 3800.00   1.0432e-18   1.5132e-18
 3805.00   3.4749e-18   1.5570e-18
 3810.00   2.0368e-18   1.5793e-18
 3815.00   2.0010e-19   1.6102e-18
 3820.00   6.1424e-19   1.5998e-18
 3825.00   1.9668e-19   1.5679e-18
 3830.00  -1.8801e-18   1.5853e-18
 3835.00   2.2879e-18   1.5284e-18
 3840.00   2.4661e-18   1.4565e-18
 3845.00   7.9585e-19   1.4093e-18
 3850.00   3.0930e-18   1.3268e-18
 3855.00   3.7117e-18   1.2402e-18
 3860.00  -4.3370e-19   1.1985e-18
 3865.00  -5.3442e-19   1.1281e-18
 3870.00   2.5243e-18   1.0725e-18
 3875.00   2.3592e-18   1.0416e-18
 3880.00  -7.8722e-19   9.6801e-19
 3885.00   3.8312e-19   9.2866e-19
 3890.00   4.1827e-18   9.0932e-19
 3895.00   1.7780e-18   8.9248e-19
 3900.00   1.5563e-18   8.6906e-19
 3905.00   1.4420e-18   8.7511e-19
 3910.00  -3.9425e-20   8.5949e-19
 3915.00  -1.2110e-18   8.3836e-19
 3920.00  -1.4331e-19   8.0174e-19
 3925.00  -5.4944e-19   7.7383e-19
 3930.00   9.5969e-19   7.5673e-19
 3935.00   6.5609e-19   7.4311e-19
 3940.00   7.5561e-19   7.9285e-19
 3945.00   3.4406e-19   8.1682e-19
 3950.00   2.6715e-18   8.1779e-19
 3955.00   7.7683e-19   7.9492e-19
 3960.00  -4.5254e-19   7.9892e-19
 3965.00  -8.5694e-19   7.8199e-19
 3970.00  -1.5222e-18   7.8792e-19
 3975.00  -5.4974e-19   8.4779e-19
 3980.00   3.2538e-18   8.8587e-19
 3985.00   1.7440e-18   8.8783e-19
 3990.00   1.0929e-18   9.2978e-19
 3995.00  -4.8423e-19   9.3650e-19
 4000.00  -2.3968e-19   9.6547e-19
 4005.00   1.7546e-18   9.8755e-19
 4010.00  -1.0436e-18   1.0185e-18
 4015.00  -9.7154e-19   1.0325e-18
 4020.00  -6.2890e-20   1.0365e-18
 4025.00   7.9496e-19   1.0352e-18
 4030.00   1.2593e-18   1.0402e-18
 4035.00   1.7796e-18   1.0152e-18
 4040.00  -1.6080e-19   1.0169e-18
 4045.00   2.6231e-19   1.0005e-18
 4050.00  -9.8561e-19   9.7912e-19
 4055.00   1.8525e-18   9.3377e-19
 4060.00   1.7049e-18   9.1873e-19
 4065.00  -4.0630e-20   9.3124e-19
 4070.00  -1.5695e-18   8.8359e-19
 4075.00   2.1244e-19   8.5251e-19
 4080.00  -8.1744e-19   8.1334e-19
 4085.00  -2.6011e-19   7.7691e-19
 4090.00  -3.4221e-19   7.3906e-19
 4095.00   7.7779e-19   7.2254e-19
 4100.00  -1.4511e-19   6.9264e-19
 4105.00   4.1208e-19   6.7627e-19
 4110.00   3.9434e-19   6.6955e-19
 4115.00  -2.7945e-19   6.6000e-19
 4120.00   1.1877e-18   6.5347e-19
 4125.00   6.2008e-19   6.5286e-19
 4130.00   1.1013e-19   6.3985e-19
 4135.00   1.9954e-18   6.4162e-19
 4140.00   2.3752e-18   6.3098e-19
 4145.00   1.5575e-18   6.1849e-19
 4150.00   1.1900e-18   6.1561e-19
 4155.00   1.4716e-18   6.3215e-19
 4160.00   8.8338e-19   6.4345e-19
 4165.00   1.4882e-18   6.6181e-19
 4170.00   1.5503e-18   6.8288e-19
 4175.00   1.6760e-18   6.5413e-19
 4180.00   5.5004e-19   6.7189e-19
 4185.00   3.5419e-19   6.5925e-19
 4190.00   2.4120e-19   6.6397e-19
 4195.00   9.2511e-19   6.7781e-19
 4200.00   4.1903e-19   6.7110e-19
 4205.00   1.4990e-18   7.0002e-19
 4210.00  -6.0818e-20   7.1864e-19
 4215.00   9.3316e-19   7.3123e-19
 4220.00   9.0718e-19   7.4147e-19
 4225.00   1.7739e-18   7.5428e-19
 4230.00   4.5830e-19   7.7034e-19
 4235.00   4.5620e-19   7.8419e-19
 4240.00   1.3822e-18   7.8720e-19
 4245.00   1.2863e-18   8.0528e-19
 4250.00   1.4684e-19   8.0207e-19
 4255.00   8.8396e-20   8.0737e-19
 4260.00   1.7747e-18   8.0419e-19
 4265.00  -6.5565e-19   8.0189e-19
 4270.00   1.5274e-18   7.9660e-19
 4275.00   1.8979e-18   7.7510e-19
 4280.00   4.8033e-18   7.6544e-19
 4285.00   1.8374e-18   7.4272e-19
 4290.00   1.6898e-18   7.4262e-19
 4295.00   7.2349e-19   7.2121e-19
 4300.00   3.4763e-19   6.6997e-19
 4305.00   1.3575e-18   6.4492e-19
 4310.00   7.7863e-19   6.3298e-19
 4315.00   2.7161e-18   6.4001e-19
 4320.00   5.6684e-19   6.1786e-19
 4325.00   9.9502e-19   5.8865e-19
 4330.00   1.3826e-19   5.6628e-19
 4335.00  -1.8748e-20   5.5623e-19
 4340.00   1.8279e-18   5.2595e-19
 4345.00   6.7553e-19   5.3038e-19
 4350.00   1.6032e-19   5.2218e-19
 4355.00   1.3044e-18   5.2109e-19
 4360.00   1.8813e-18   5.2864e-19
 4365.00   1.5801e-18   5.0701e-19
 4370.00  -1.3138e-19   5.0566e-19
 4375.00   1.4509e-20   4.9667e-19
 4380.00  -1.1655e-19   5.0011e-19
 4385.00  -1.3795e-20   4.8034e-19
 4390.00   1.4090e-18   4.8822e-19
 4395.00  -4.5560e-20   4.9410e-19
 4400.00   4.0972e-19   5.0497e-19
 4405.00  -6.8172e-19   5.1831e-19
 4410.00   5.4608e-20   5.3099e-19
 4415.00   1.1392e-18   5.3340e-19
 4420.00  -4.1027e-20   5.3971e-19
 4425.00   6.4835e-19   5.4261e-19
 4430.00   1.0288e-19   5.3656e-19
 4435.00   1.4705e-18   5.3440e-19
 4440.00   1.0662e-18   5.6551e-19
 4445.00   2.3615e-19   5.5735e-19
 4450.00   8.2147e-19   5.6394e-19
 4455.00   2.1388e-18   5.6853e-19
 4460.00   2.0790e-18   5.8793e-19
 4465.00   2.2959e-18   6.0444e-19
 4470.00   1.6487e-18   5.9928e-19
 4475.00   6.1294e-19   6.1169e-19
 4480.00   1.2230e-18   6.1941e-19
 4485.00   2.2061e-18   6.4614e-19
 4490.00   5.1933e-19   6.4401e-19
 4495.00   2.4270e-20   6.5719e-19
 4500.00   2.3184e-19   6.5617e-19
 4505.00   1.5708e-18   6.7417e-19
 4510.00  -6.1098e-19   6.6978e-19
 4515.00   1.5701e-18   6.6892e-19
 4520.00   5.8331e-19   6.7301e-19
 4525.00   1.6590e-18   6.7704e-19
 4530.00   2.8317e-18   6.6672e-19
 4535.00   2.1340e-18   6.7412e-19
 4540.00   2.7700e-18   7.2220e-19
 4545.00   2.9588e-18   6.9486e-19
 4550.00  -6.9237e-20   6.5112e-19
 4555.00   5.4510e-19   6.2124e-19
 4560.00   1.8900e-18   6.0203e-19
 4565.00   2.4108e-18   5.7252e-19
 4570.00  -1.9938e-20   5.5122e-19
 4575.00   1.0239e-18   5.4176e-19
 4580.00   9.6060e-19   5.2660e-19
 4585.00   2.1368e-20   5.0857e-19
 4590.00   7.3107e-19   4.9972e-19
 4595.00  -3.8388e-19   4.8686e-19
 4600.00   1.1620e-18   4.7069e-19
 4605.00   7.4803e-19   4.6868e-19
 4610.00   5.5630e-19   4.6023e-19
 4615.00   4.8292e-19   4.4537e-19
 4620.00   4.2091e-19   4.4580e-19
 4625.00   9.8890e-19   4.3677e-19
 4630.00   6.9671e-19   4.4007e-19
 4635.00   8.8542e-19   4.2940e-19
 4640.00   5.4172e-19   4.2658e-19
 4645.00   1.3085e-18   4.1885e-19
 4650.00   4.0288e-19   4.1450e-19
 4655.00   6.1424e-19   4.2108e-19
 4660.00  -8.8958e-20   4.2869e-19
 4665.00   2.4014e-19   4.1979e-19
 4670.00   6.7494e-19   4.1947e-19
 4675.00   1.8188e-18   4.2917e-19
 4680.00   7.6489e-19   4.2415e-19
 4685.00   1.5878e-18   4.3043e-19
 4690.00   2.1681e-19   4.2688e-19
 4695.00   1.2992e-18   4.3516e-19
 4700.00   3.9425e-19   4.3068e-19
 4705.00   1.8145e-18   4.3617e-19
 4710.00   1.0066e-18   4.4571e-19
 4715.00   5.1730e-19   4.4757e-19
 4720.00   3.6316e-19   4.5808e-19
 4725.00   1.5615e-18   4.6043e-19
 4730.00   1.8876e-18   4.6203e-19
 4735.00   8.8662e-19   4.6606e-19
 4740.00   1.7492e-18   4.7973e-19
 4745.00   3.2133e-18   4.9640e-19
 4750.00   2.3149e-18   4.8950e-19
 4755.00   2.6942e-18   5.0252e-19
 4760.00   8.8052e-19   5.0423e-19
 4765.00   1.7856e-18   5.2132e-19
 4770.00   2.2232e-18   5.2544e-19
 4775.00   1.6245e-18   5.3100e-19
 4780.00   2.3618e-18   5.4635e-19
 4785.00   1.2735e-18   5.3499e-19
 4790.00   1.3857e-18   5.4501e-19
 4795.00   5.5023e-19   5.5106e-19
 4800.00   1.0653e-18   5.5629e-19
 4805.00   1.0487e-18   5.4977e-19
 4810.00   1.9904e-18   5.5450e-19
 4815.00   1.2764e-18   5.6063e-19
 4820.00  -2.5659e-19   6.6150e-19
 4825.00   2.0812e-18   6.2649e-19
 4830.00   2.0720e-18   6.1212e-19
 4835.00   1.2642e-18   5.8983e-19
 4840.00   1.3989e-18   5.6372e-19
 4845.00   7.2109e-19   5.4926e-19
 4850.00   1.7638e-18   5.3317e-19
 4855.00   6.0404e-19   4.9676e-19
 4860.00   8.0000e-19   4.8832e-19
 4865.00   1.3307e-18   4.6497e-19
 4870.00   1.3717e-18   4.5789e-19
 4875.00   1.3054e-18   4.4591e-19
 4880.00   2.5547e-18   4.3824e-19
 4885.00   1.8738e-18   4.3015e-19
 4890.00   1.8058e-18   4.2367e-19
 4895.00   2.0783e-18   4.1719e-19
 4900.00   1.8922e-18   4.0403e-19
 4905.00   1.7027e-18   4.0247e-19
 4910.00   1.2731e-18   3.8873e-19
 4915.00   2.2293e-18   3.8799e-19
 4920.00   1.5046e-18   3.7358e-19
 4925.00   1.1504e-18   3.8065e-19
 4930.00   1.9249e-18   3.7426e-19
 4935.00   1.3775e-18   3.6614e-19
 4940.00   2.5507e-18   3.6700e-19
 4945.00   1.5404e-18   3.6166e-19
 4950.00   2.0411e-18   3.6326e-19
 4955.00   1.9966e-18   3.5982e-19
 4960.00   2.5842e-18   3.5531e-19
 4965.00   1.9794e-18   3.6650e-19
 4970.00   1.1490e-18   3.7055e-19
 4975.00   1.9535e-18   3.6266e-19
 4980.00   1.2156e-18   3.5895e-19
 4985.00   1.5147e-18   3.6383e-19
 4990.00   2.2557e-18   3.7087e-19
 4995.00   1.0356e-18   3.6461e-19
 5000.00   1.6673e-18   3.6470e-19
 5005.00   2.0262e-18   3.7200e-19
 5010.00   1.1201e-18   3.6770e-19
 5015.00   1.8053e-18   3.7136e-19
 5020.00   1.4624e-18   3.7681e-19
 5025.00   2.1549e-18   3.8112e-19
 5030.00   1.9042e-18   3.8818e-19
 5035.00   1.5047e-18   3.8988e-19
 5040.00   2.8190e-18   4.0124e-19
 5045.00   1.5351e-18   4.0775e-19
 5050.00   1.6697e-18   4.0565e-19
 5055.00   2.2934e-18   4.2079e-19
 5060.00   2.1591e-18   4.2016e-19
 5065.00   1.5794e-18   4.1795e-19
 5070.00   7.4358e-19   4.2055e-19
 5075.00   1.2935e-18   4.2599e-19
 5080.00   1.5162e-18   4.2873e-19
 5085.00   1.2961e-18   4.3349e-19
 5090.00   1.1758e-18   4.3903e-19
 5095.00   4.9946e-19   4.5461e-19
 5100.00   5.4113e-19   4.4861e-19
 5105.00   5.9473e-19   4.5043e-19
 5110.00   1.5307e-18   4.5746e-19
 5115.00   7.6776e-19   4.5895e-19
 5120.00  -2.1027e-19   4.6093e-19
 5125.00   7.8001e-20   4.5798e-19
 5130.00   3.8062e-19   4.6610e-19
 5135.00   5.5149e-19   4.7581e-19
 5140.00   1.1523e-18   5.8046e-19
 5145.00   3.5951e-19   5.7711e-19
 5150.00   8.9585e-20   5.5493e-19
 5155.00   6.0457e-19   5.3654e-19
 5160.00   1.2254e-18   5.1896e-19
 5165.00   1.6900e-18   4.9325e-19
 5170.00   1.9512e-18   4.7907e-19
 5175.00   1.0732e-18   4.5954e-19
 5180.00   1.5278e-18   4.5711e-19
 5185.00   5.3289e-19   4.3414e-19
 5190.00   1.6152e-18   4.3760e-19
 5195.00   1.9320e-18   4.2716e-19
 5200.00   1.6489e-18   4.3537e-19
 5205.00   2.0684e-18   4.1365e-19
 5210.00   1.6066e-18   3.9605e-19
 5215.00   2.0732e-18   3.8813e-19
 5220.00   1.8314e-18   3.8316e-19
 5225.00   1.9388e-18   3.8023e-19
 5230.00   2.3981e-18   3.7067e-19
 5235.00   2.0311e-18   3.5790e-19
 5240.00   1.5529e-18   3.7308e-19
 5245.00   1.8339e-18   3.4774e-19
 5250.00   1.6725e-18   3.4899e-19
 5255.00   8.5273e-19   3.5679e-19
 5260.00   2.0572e-18   3.3642e-19
 5265.00   1.5588e-18   3.2381e-19
 5270.00   1.7316e-18   3.2845e-19
 5275.00   9.6403e-19   3.4607e-19
 5280.00   8.3707e-19   3.2662e-19
 5285.00   1.8119e-18   3.2484e-19
 5290.00   1.4411e-18   3.3273e-19
 5295.00   1.7422e-18   3.2693e-19
 5300.00   1.8037e-18   3.3160e-19
 5305.00   1.8652e-18   3.3006e-19
 5310.00   1.6446e-18   3.3120e-19
 5315.00   1.4099e-18   3.3451e-19
 5320.00   1.1799e-18   3.2860e-19
 5325.00   1.3065e-18   3.3223e-19
 5330.00   1.7592e-18   3.4738e-19
 5335.00   1.2752e-18   3.2592e-19
 5340.00   1.4872e-18   3.2880e-19
 5345.00   1.8751e-18   3.3548e-19
 5350.00   1.7417e-18   3.3576e-19
 5355.00   1.4135e-18   3.3938e-19
 5360.00   1.6982e-18   3.3883e-19
 5365.00   1.8341e-18   3.3324e-19
 5370.00   1.0877e-18   3.3124e-19
 5375.00   1.1399e-18   3.4003e-19
 5380.00   7.9154e-19   3.4691e-19
 5385.00   1.3286e-18   3.4635e-19
 5390.00   1.5268e-18   3.5000e-19
 5395.00   4.6023e-19   3.4789e-19
 5400.00   2.0944e-18   3.5708e-19
 5405.00   1.0323e-18   3.5697e-19
 5410.00   1.0807e-18   3.6478e-19
 5415.00   1.5226e-18   3.7406e-19
 5420.00   2.1793e-18   3.8497e-19
 5425.00   1.9692e-18   3.8647e-19
 5430.00   1.1759e-18   3.9507e-19
 5435.00   1.8174e-18   4.1266e-19
 5440.00   1.5123e-18   4.2389e-19
 5445.00   1.7228e-18   4.2397e-19
 5450.00   6.9262e-19   4.0870e-19
 5455.00   1.6544e-18   4.2075e-19
 5460.00   1.9062e-18   4.4516e-19
 5465.00   2.3233e-18   4.4892e-19
 5470.00   2.8333e-18   4.6408e-19
 5475.00   1.4702e-18   4.7468e-19
 5480.00   2.3656e-18   4.8852e-19
 5485.00   1.8875e-18   5.1150e-19
 5490.00   1.0110e-18   5.1406e-19
 5495.00   1.8478e-18   5.2776e-19
 5500.00   9.2518e-19   5.3553e-19
 5505.00   1.3181e-18   7.0580e-19
 5510.00   3.1034e-18   7.0842e-19
 5515.00   1.9549e-18   6.8120e-19
 5520.00   8.2099e-19   6.6060e-19
 5525.00  -7.8262e-20   6.3625e-19
 5530.00   4.4548e-18   6.2406e-19
 5535.00   2.3486e-18   6.0346e-19
 5540.00   1.4250e-18   6.0619e-19
 5545.00   1.9788e-18   6.0712e-19
 5550.00   2.0299e-18   5.7967e-19
 5555.00   2.2302e-18   5.7329e-19
 5560.00   1.9556e-18   5.7953e-19
 5565.00   1.6051e-18   6.1312e-19
 5570.00   1.9957e-18   6.0298e-19
 5575.00   1.0300e-18   7.2866e-19
 5580.00   1.7402e-18   6.8975e-19
 5585.00   2.5566e-18   6.1731e-19
 5590.00   2.1537e-18   6.4536e-19
 5595.00   6.8788e-19   6.4371e-19
 5600.00   1.0127e-18   6.6047e-19
 5605.00   1.1741e-18   6.9476e-19
 5610.00   3.2093e-18   8.4998e-19
 5615.00   3.6433e-18   1.1282e-18
 5620.00   4.7822e-18   1.0403e-18
 5625.00   3.1549e-18   9.8879e-19
 5630.00   2.4069e-18   9.2263e-19
 5635.00   1.3795e-18   8.7224e-19
 5640.00  -6.8665e-20   8.3626e-19
 5645.00  -2.4586e-19   8.2068e-19
 5650.00   5.0567e-19   7.8684e-19
 5655.00  -1.2200e-19   7.5975e-19
 5660.00   1.7006e-18   7.5019e-19
 5665.00   2.7877e-18   7.3838e-19
 5670.00   2.1208e-18   7.3578e-19
 5675.00   1.7796e-18   7.2393e-19
 5680.00   9.5540e-19   7.2651e-19
 5685.00   1.5606e-19   7.2316e-19
 5690.00  -1.7339e-19   7.3538e-19
 5695.00  -5.1959e-19   7.5403e-19
 5700.00  -3.1980e-19   7.6754e-19
 5705.00   1.3811e-18   7.9806e-19
 5710.00   2.2593e-18   7.9041e-19
 5715.00   2.4112e-18   7.9938e-19
 5720.00   9.2127e-20   8.2135e-19
 5725.00   2.7107e-18   8.8137e-19
 5730.00   1.7149e-18   8.8562e-19
 5735.00   2.6818e-19   9.3957e-19
 5740.00  -1.6782e-18   1.1738e-18
 5745.00   1.6157e-18   9.5012e-19
 5750.00   1.3214e-18   8.9043e-19
 5755.00   8.7078e-19   8.4297e-19
 5760.00  -7.7687e-19   8.2642e-19
 5765.00  -2.5779e-19   7.7713e-19
 5770.00   1.6985e-18   7.5839e-19
 5775.00   1.5330e-18   7.3718e-19
 5780.00   2.4904e-18   7.1943e-19
 5785.00   2.5176e-18   7.1272e-19
 5790.00   2.7283e-18   7.0090e-19
 5795.00   2.8307e-18   6.9477e-19
 5800.00   1.9645e-19   6.7767e-19
 5805.00   1.5496e-18   6.7653e-19
 5810.00   5.5585e-19   6.8642e-19
 5815.00   1.3337e-18   6.6202e-19
 5820.00  -1.4659e-19   6.6385e-19
 5825.00   6.6613e-19   6.4959e-19
 5830.00   1.9618e-18   6.5237e-19
 5835.00   1.5448e-18   6.4159e-19
 5840.00   3.0786e-18   6.5082e-19
 5845.00   1.1083e-18   6.7871e-19
 5850.00   7.6516e-19   6.5213e-19
 5855.00   1.6926e-18   6.6050e-19
 5860.00   9.2626e-19   6.4887e-19
 5865.00   2.0787e-18   7.1344e-19
 5870.00   3.8856e-18   7.1294e-19
 5875.00   2.3832e-18   6.9941e-19
 5880.00   2.5910e-18   6.9158e-19
 5885.00   2.0409e-18   7.0177e-19
 5890.00   1.8593e-18   8.3209e-19
 5895.00   6.9145e-19   7.9774e-19
 5900.00   2.4023e-18   7.4603e-19
 5905.00   3.8903e-18   7.9725e-19
 5910.00   8.2748e-19   7.7926e-19
 5915.00   4.3223e-19   8.0497e-19
 5920.00   4.3925e-18   7.5287e-19
 5925.00   2.7396e-18   7.6617e-19
 5930.00   1.4755e-18   7.4896e-19
 5935.00   2.2305e-18   7.9200e-19
 5940.00   1.9340e-18   7.4838e-19
 5945.00   3.4286e-18   8.8280e-19
 5950.00   3.2382e-18   1.0759e-18
 5955.00   2.0924e-18   1.0542e-18
 5960.00   1.7600e-18   9.4843e-19
 5965.00   1.2970e-18   8.9939e-19
 5970.00   1.1075e-18   8.8933e-19
 5975.00   1.9796e-18   8.4843e-19
 5980.00   1.8304e-18   7.8321e-19
 5985.00   2.6591e-18   7.4446e-19
 5990.00   2.0286e-18   7.1837e-19
 5995.00   2.4853e-18   6.9882e-19
 6000.00   3.9675e-18   6.8223e-19
 6005.00   1.9169e-18   6.9600e-19
 6010.00   2.6488e-18   7.0639e-19
 6015.00   1.1784e-18   6.2069e-19
 6020.00   8.2808e-19   6.0392e-19
 6025.00   1.6745e-18   6.0398e-19
 6030.00   1.6525e-18   5.9847e-19
 6035.00   2.8988e-18   5.9258e-19
 6040.00   3.4960e-18   5.7464e-19
 6045.00   5.8559e-19   5.6207e-19
 6050.00   1.3338e-18   5.5033e-19
 6055.00   2.0124e-18   5.3848e-19
 6060.00   6.2934e-19   5.3629e-19
 6065.00   1.5529e-18   5.3554e-19
 6070.00   2.4627e-18   5.3472e-19
 6075.00   1.8630e-18   5.2411e-19
 6080.00  -1.3366e-19   5.2088e-19
 6085.00   2.6604e-18   5.2903e-19
 6090.00   1.2010e-18   5.2866e-19
 6095.00   1.3198e-18   5.4049e-19
 6100.00   1.2903e-18   5.4003e-19
 6105.00   1.6810e-18   5.5712e-19
 6110.00   1.6496e-18   5.6110e-19
 6115.00   3.1561e-18   5.7484e-19
 6120.00   1.9140e-18   5.7858e-19
 6125.00   1.5913e-18   5.9389e-19
 6130.00   7.8854e-19   6.1373e-19
 6135.00   1.6780e-18   6.1907e-19
 6140.00   1.8382e-18   5.9880e-19
 6145.00   1.8366e-18   6.1626e-19
 6150.00   5.6140e-19   6.0761e-19
 6155.00   1.2253e-18   6.1510e-19
 6160.00   1.9251e-18   6.1157e-19
 6165.00   3.6144e-18   5.9810e-19
 6170.00   9.5958e-19   7.6206e-19
 6175.00   1.7364e-18   8.3556e-19
 6180.00   1.5604e-18   7.7135e-19
 6185.00  -3.8016e-19   7.3815e-19
 6190.00   2.0132e-18   6.9758e-19
 6195.00   1.0868e-18   6.6565e-19
 6200.00   1.9770e-18   6.4193e-19
 6205.00   1.2382e-18   6.3290e-19
 6210.00   1.9496e-18   5.9303e-19
 6215.00   1.4021e-18   5.7844e-19
 6220.00   9.2930e-19   5.8347e-19
 6225.00   2.5506e-18   5.3560e-19
 6230.00   1.9405e-18   5.1808e-19
 6235.00   2.4052e-18   6.3834e-19
 6240.00   2.5925e-18   5.4415e-19
 6245.00   1.8822e-18   5.1079e-19
 6250.00   1.9995e-18   4.9297e-19
 6255.00   2.7156e-18   4.8322e-19
 6260.00   9.1031e-19   5.1344e-19
 6265.00   1.0421e-18   4.9153e-19
 6270.00   7.5364e-19   4.6393e-19
 6275.00   1.6062e-18   4.6354e-19
 6280.00   1.6783e-18   4.5199e-19
 6285.00   7.9584e-19   4.6813e-19
 6290.00   7.0327e-19   4.6894e-19
 6295.00   1.1169e-18   4.5261e-19
 6300.00   2.0244e-18   5.9484e-19
 6305.00   1.2537e-18   4.8972e-19
 6310.00   1.1772e-18   4.5370e-19
 6315.00   1.3788e-18   4.5385e-19
 6320.00   1.5470e-18   4.8883e-19
 6325.00   1.4890e-18   4.6773e-19
 6330.00   2.7987e-18   5.2281e-19
 6335.00   1.4938e-18   4.8106e-19
 6340.00   2.6871e-18   4.9357e-19
 6345.00   1.8213e-18   5.0378e-19
 6350.00   8.9353e-19   5.3254e-19
 6355.00   8.1834e-19   5.6158e-19
 6360.00   1.3970e-18   5.3933e-19
 6365.00   1.2888e-18   5.8451e-19
 6370.00   1.3961e-18   5.1422e-19
 6375.00   2.9902e-18   6.2412e-19
 6380.00   6.7883e-19   7.1785e-19
 6385.00   1.8978e-18   5.9348e-19
 6390.00   1.9673e-18   5.4139e-19
 6395.00   1.7505e-18   5.2585e-19
 6400.00   4.2246e-19   5.2869e-19
 6405.00   1.2024e-18   5.2345e-19
 6410.00   1.8489e-18   5.6984e-19
 6415.00   1.6377e-18   7.1493e-19
 6420.00   2.4998e-18   6.8416e-19
 6425.00   2.2536e-18   6.3454e-19
 6430.00   1.2345e-18   5.9493e-19
 6435.00   9.7929e-19   5.7573e-19
 6440.00   1.0288e-18   5.4182e-19
 6445.00   1.4480e-18   5.2779e-19
 6450.00   2.2907e-18   5.1889e-19
 6455.00   2.3092e-18   5.0652e-19
 6460.00   1.7130e-18   4.8712e-19
 6465.00   2.3639e-18   5.4328e-19
 6470.00   8.8356e-19   4.9542e-19
 6475.00   2.7029e-18   4.3908e-19
 6480.00   1.9666e-18   4.4119e-19
 6485.00   2.3404e-18   4.1063e-19
 6490.00  -5.5707e-20   4.0105e-19
 6495.00   1.1307e-18   4.0307e-19
 6500.00   2.0561e-18   4.5161e-19
 6505.00   1.7449e-18   4.1466e-19
 6510.00   2.4739e-18   3.8852e-19
 6515.00   1.4570e-18   3.8737e-19
 6520.00   1.5446e-18   3.8443e-19
 6525.00   1.2825e-18   3.8746e-19
 6530.00   1.4895e-18   3.7303e-19
 6535.00   2.1170e-18   4.0941e-19
 6540.00   1.8487e-18   3.8221e-19
 6545.00   2.2058e-18   4.0456e-19
 6550.00   2.0741e-18   3.7899e-19
 6555.00   2.1113e-18   4.1829e-19
 6560.00   1.9652e-18   3.8342e-19
 6565.00   1.0597e-18   4.0574e-19
 6570.00   1.8009e-18   4.0817e-19
 6575.00   1.6419e-18   4.1558e-19
 6580.00  -2.0411e-19   3.9969e-19
 6585.00   7.7014e-19   3.9872e-19
 6590.00   1.6418e-18   4.0749e-19
 6595.00   2.1928e-18   4.2728e-19
 6600.00   1.9064e-18   4.1378e-19
 6605.00   2.2693e-18   4.4991e-19
 6610.00   9.3389e-19   4.2770e-19
 6615.00   1.5409e-18   4.5052e-19
 6620.00   3.6302e-18   4.4792e-19
 6625.00   2.6649e-18   4.5973e-19
 6630.00   1.8961e-18   4.7515e-19
 6635.00   2.3055e-18   4.4962e-19
 6640.00   2.1756e-18   4.2843e-19
 6645.00   1.5133e-18   4.3434e-19
 6650.00   2.3685e-18   4.3448e-19
 6655.00   1.1189e-18   4.3465e-19
 6660.00   3.2956e-18   4.4372e-19
 6665.00   2.3751e-18   4.3646e-19
 6670.00   1.5891e-18   4.5304e-19
 6675.00   1.8072e-18   5.8009e-19
 6680.00   2.7933e-18   5.4912e-19
 6685.00   7.3139e-19   5.3065e-19
 6690.00   1.4255e-18   5.1087e-19
 6695.00   2.4940e-18   4.8865e-19
 6700.00   1.9225e-18   4.8555e-19
 6705.00   2.4088e-18   4.6624e-19
 6710.00   1.3410e-18   4.4355e-19
 6715.00   8.3882e-19   4.3142e-19
 6720.00   2.2719e-18   4.1811e-19
 6725.00   1.7777e-18   4.0872e-19
 6730.00   2.2912e-18   4.0097e-19
 6735.00   1.5246e-18   3.8727e-19
 6740.00   1.4016e-18   3.8322e-19
 6745.00   7.0760e-19   3.8005e-19
 6750.00   2.1938e-18   3.6898e-19
 6755.00   2.1714e-18   3.5927e-19
 6760.00   2.5888e-18   3.5844e-19
 6765.00   1.8100e-18   3.5190e-19
 6770.00   2.8170e-18   3.4727e-19
 6775.00   2.2654e-18   3.4131e-19
 6780.00   3.1843e-18   3.4407e-19
 6785.00   1.8704e-18   3.5931e-19
 6790.00   2.2851e-18   3.4620e-19
 6795.00   8.8170e-19   3.2990e-19
 6800.00   1.5884e-18   3.3100e-19
 6805.00   2.1442e-18   3.3659e-19
 6810.00   3.1049e-18   3.3349e-19
 6815.00   3.2019e-18   3.3067e-19
 6820.00   2.2601e-18   3.3192e-19
 6825.00   2.2526e-18   3.4720e-19
 6830.00   2.9298e-18   4.4637e-19
 6835.00   1.3803e-18   4.1137e-19
 6840.00   1.8009e-18   3.7693e-19
 6845.00   2.0977e-18   3.4066e-19
 6850.00   1.3213e-18   3.5081e-19
 6855.00   1.4236e-18   3.4695e-19
 6860.00   1.2230e-18   3.6080e-19
 6865.00   1.1889e-18   4.2579e-19
 6870.00   4.0317e-19   3.6004e-19
 6875.00   1.1528e-18   3.4431e-19
 6880.00   1.3010e-18   3.9791e-19
 6885.00   2.9043e-18   3.8274e-19
 6890.00   1.5710e-18   4.1233e-19
 6895.00   1.8773e-18   3.9352e-19
 6900.00   8.0114e-19   4.2932e-19
 6905.00   2.0634e-18   4.2065e-19
 6910.00   1.8705e-18   4.2781e-19
 6915.00   2.4228e-19   3.8988e-19
 6920.00   1.3037e-18   3.7421e-19
 6925.00   8.2672e-19   4.2027e-19
 6930.00   1.5105e-18   3.7280e-19
 6935.00   1.6898e-18   3.7151e-19
 6940.00   2.0743e-18   4.0808e-19
 6945.00   1.6130e-18   3.6879e-19
 6950.00   1.5995e-18   4.1986e-19
 6955.00   2.2624e-18   4.2187e-19
 6960.00   2.1600e-18   4.7514e-19
 6965.00   6.6201e-19   4.5948e-19
 6970.00  -1.2449e-19   4.7088e-19
 6975.00   2.0680e-18   4.2217e-19
 6980.00   7.7222e-19   4.5745e-19
 6985.00   1.2695e-18   4.0183e-19
 6990.00   2.9729e-18   3.9233e-19
 6995.00   1.2876e-18   3.7444e-19
 7000.00   9.3172e-19   3.7201e-19
 7005.00   1.7057e-18   3.7146e-19
 7010.00   2.6252e-18   3.8276e-19
 7015.00   1.3377e-18   3.2866e-19
 7020.00   1.2019e-18   3.2782e-19
 7025.00   1.6500e-18   3.2128e-19
 7030.00   1.8861e-18   3.1859e-19
 7035.00   1.7211e-18   3.1065e-19
 7040.00   1.9809e-18   3.2371e-19
 7045.00   2.0326e-18   3.2070e-19
 7050.00   2.0471e-19   3.5222e-19
 7055.00   7.8543e-19   3.1016e-19
 7060.00   7.6456e-19   2.9887e-19
 7065.00   5.5424e-19   3.1891e-19
 7070.00   8.3581e-19   2.9646e-19
 7075.00   1.8934e-18   2.9791e-19
 7080.00   1.2960e-18   3.0003e-19
 7085.00   1.4190e-18   2.9006e-19
 7090.00   1.9932e-18   3.0675e-19
 7095.00   1.6799e-18   2.8019e-19
 7100.00   1.6706e-18   2.7719e-19
 7105.00   1.9251e-18   2.7701e-19
 7110.00   2.0326e-18   2.8002e-19
 7115.00   1.3620e-18   2.7698e-19
 7120.00   1.2563e-18   2.7452e-19
 7125.00   1.6560e-18   2.8108e-19
 7130.00   2.2367e-18   2.9052e-19
 7135.00   1.2889e-18   2.8885e-19
 7140.00   2.0135e-18   2.8912e-19
 7145.00   2.0043e-18   3.2161e-19
 7150.00   1.7074e-18   3.0132e-19
 7155.00   1.8211e-18   2.9031e-19
 7160.00   2.5900e-18   3.0909e-19
 7165.00   1.8823e-18   3.0887e-19
 7170.00   8.6554e-19   3.0375e-19
 7175.00   1.0810e-18   3.1272e-19
 7180.00   1.9368e-18   3.1668e-19
 7185.00   1.4485e-18   3.0812e-19
 7190.00   1.1701e-18   3.1604e-19
 7195.00   3.7779e-19   3.2101e-19
 7200.00   1.0993e-18   3.3023e-19
 7205.00   9.9901e-19   3.3625e-19
 7210.00   1.6249e-18   3.5232e-19
 7215.00   1.2523e-18   3.6037e-19
 7220.00   2.2798e-18   3.2271e-19
 7225.00   2.5414e-18   3.2714e-19
 7230.00   1.4693e-18   3.2860e-19
 7235.00   1.3769e-18   3.2838e-19
 7240.00   4.8815e-19   5.2234e-19
 7245.00   6.7788e-19   4.2732e-19
 7250.00   1.5749e-18   3.4104e-19
 7255.00   1.3155e-18   3.7994e-19
 7260.00   1.4895e-18   3.2588e-19
 7265.00   1.7463e-18   4.0120e-19
 7270.00   1.8259e-18   4.3569e-19
 7275.00  -6.7647e-19   4.9864e-19
 7280.00   1.2736e-18   3.9793e-19
 7285.00   1.7400e-18   4.4315e-19
 7290.00   1.3558e-18   3.6656e-19
 7295.00   1.8575e-18   3.8172e-19
 7300.00   2.4031e-18   3.2968e-19
 7305.00   4.0420e-19   3.7512e-19
 7310.00   2.2670e-18   3.3749e-19
 7315.00   1.9309e-18   3.5575e-19
 7320.00   1.6010e-18   3.0056e-19
 7325.00   1.9102e-18   2.9647e-19
 7330.00   1.8308e-18   3.4723e-19
 7335.00   1.0602e-18   2.8688e-19
 7340.00   2.2792e-18   3.4120e-19
 7345.00   1.5917e-18   2.9526e-19
 7350.00   1.8834e-18   2.9300e-19
 7355.00   1.3770e-18   2.7764e-19
 7360.00   2.4029e-18   3.1335e-19
 7365.00   2.1754e-18   2.7932e-19
 7370.00   2.1402e-18   3.1347e-19
 7375.00   1.6549e-18   2.7439e-19
 7380.00   1.8377e-18   2.6303e-19
 7385.00   1.3460e-18   2.5947e-19
 7390.00   1.6602e-18   2.9214e-19
 7395.00   1.2260e-18   2.6254e-19
 7400.00   1.8679e-18   2.9296e-19
 7405.00   4.5747e-19   2.5232e-19
 7410.00   9.6534e-19   2.5383e-19
 7415.00   1.0651e-18   2.6055e-19
 7420.00   1.4020e-18   2.5109e-19
 7425.00   1.9754e-18   2.5106e-19
 7430.00   2.6840e-18   2.7855e-19
 7435.00   1.5098e-18   2.4953e-19
 7440.00   3.8788e-19   2.9373e-19
 7445.00   1.5506e-18   2.5257e-19
 7450.00   9.0214e-19   2.5127e-19
 7455.00   1.0622e-18   2.5162e-19
 7460.00   1.4532e-18   2.7810e-19
 7465.00   1.2798e-18   3.1152e-19
 7470.00   2.0156e-18   3.0736e-19
 7475.00   1.6666e-18   2.9791e-19
 7480.00   1.5073e-18   3.2587e-19
 7485.00   1.5742e-18   3.1322e-19
 7490.00   2.0125e-18   2.7773e-19
 7495.00   9.7975e-19   2.9657e-19
 7500.00   1.4475e-18   2.8388e-19
 7505.00   2.1939e-18   2.8464e-19
 7510.00   1.3867e-18   2.8829e-19
 7515.00   1.2684e-18   3.0440e-19
 7520.00   8.5684e-19   3.1772e-19
 7525.00   1.4367e-18   3.9908e-19
 7530.00  -1.7350e-19   3.5885e-19
 7535.00   6.7730e-19   3.2044e-19
 7540.00   1.9801e-18   3.5661e-19
 7545.00   5.6041e-19   3.3623e-19
 7550.00   7.8333e-19   3.1518e-19
 7555.00   1.2145e-18   3.0751e-19
 7560.00   6.3205e-19   3.0911e-19
 7565.00  -8.5175e-20   2.9503e-19
 7570.00  -8.6355e-20   3.5250e-19
 7575.00   7.7888e-19   3.1976e-19
 7580.00   8.1542e-19   2.8810e-19
 7585.00   1.4285e-18   3.1738e-19
 7590.00   1.0238e-18   2.8803e-19
 7595.00   2.7274e-19   2.6569e-19
 7600.00   8.8701e-20   3.1857e-19
 7605.00   3.7978e-19   3.1467e-19
 7610.00   1.0756e-18   3.0862e-19
 7615.00   4.6476e-19   3.1845e-19
 7620.00   4.5109e-19   3.5814e-19
 7625.00   2.9130e-19   2.9507e-19
 7630.00   4.2719e-19   3.1565e-19
 7635.00   2.7492e-19   2.7107e-19
 7640.00  -3.6677e-19   2.7148e-19
 7645.00   4.7678e-19   2.6654e-19
 7650.00   1.2650e-18   2.6983e-19
 7655.00   1.0889e-18   2.8173e-19
 7660.00  -1.0331e-19   2.7743e-19
 7665.00   4.1260e-20   2.5986e-19
 7670.00   1.5523e-19   2.4736e-19
 7675.00   1.0556e-18   2.5334e-19
 7680.00   3.4532e-19   2.6145e-19
 7685.00   4.3535e-19   2.5842e-19
 7690.00  -4.1533e-20   2.7190e-19
 7695.00   1.5280e-18   2.4940e-19
 7700.00   1.0966e-18   2.7419e-19
 7705.00   5.6797e-19   2.3715e-19
 7710.00   8.2211e-19   2.5930e-19
 7715.00   2.4378e-18   4.6189e-19
 7720.00   1.6452e-18   2.6959e-19
 7725.00   1.8626e-18   3.1910e-19
 7730.00   1.3610e-18   2.4526e-19
 7735.00   1.8778e-18   2.7350e-19
 7740.00   1.1042e-18   2.4911e-19
 7745.00   1.3220e-18   2.4574e-19
 7750.00   1.7564e-18   3.5151e-19
 7755.00   8.3645e-19   2.5493e-19
 7760.00   8.6023e-19   2.7263e-19
 7765.00   6.9019e-19   2.3363e-19
 7770.00   1.5083e-18   2.7361e-19
 7775.00   1.9804e-18   3.4191e-19
 7780.00   2.1832e-18   2.7878e-19
 7785.00   1.3479e-18   2.5855e-19
 7790.00   1.6139e-18   2.8089e-19
 7795.00   1.8026e-18   2.9754e-19
 7800.00   1.8218e-18   2.4325e-19
 7805.00   1.3054e-18   2.5179e-19
 7810.00   1.7672e-18   3.2060e-19
 7815.00   2.4202e-18   2.7842e-19
 7820.00   1.5730e-18   3.3078e-19
 7825.00   1.6904e-18   2.6447e-19
 7830.00   1.7703e-18   2.6948e-19
 7835.00   1.6857e-18   2.6562e-19
 7840.00   1.3639e-18   2.9964e-19
 7845.00   1.2173e-18   2.5593e-19
 7850.00   2.7432e-18   3.4700e-19
 7855.00   2.2209e-18   3.3201e-19
 7860.00   2.8325e-18   3.5914e-19
 7865.00   1.9082e-18   2.8053e-19
 7870.00   2.3048e-18   3.5904e-19
 7875.00   2.3037e-18   2.8217e-19
 7880.00   2.3560e-18   4.0385e-19
 7885.00   2.6923e-18   3.2984e-19
 7890.00   2.5932e-18   4.1293e-19
 7895.00   2.2439e-18   3.3627e-19
 7900.00   1.6520e-18   3.1514e-19
 7905.00   3.1911e-18   3.4032e-19
 7910.00   1.1613e-18   3.6453e-19
 7915.00   3.5333e-18   3.6339e-19
 7920.00   2.3952e-18   3.8066e-19
 7925.00   2.2575e-18   2.7924e-19
 7930.00   2.3749e-18   3.6625e-19
 7935.00   2.9243e-18   2.8101e-19
 7940.00   2.1505e-18   2.7830e-19
 7945.00   1.5871e-18   2.9725e-19
 7950.00   1.7586e-18   3.1139e-19
 7955.00   1.7682e-18   2.6693e-19
 7960.00   1.6374e-18   2.6499e-19
 7965.00   1.1278e-18   3.1899e-19
 7970.00   2.4520e-18   3.4241e-19
 7975.00   2.4137e-18   3.6788e-19
 7980.00   1.4357e-18   3.9971e-19
 7985.00   2.4795e-18   3.2496e-19
 7990.00   3.6842e-18   3.3963e-19
 7995.00   2.8415e-18   3.9900e-19
 8000.00   2.2124e-18   3.3049e-19
 8005.00   2.2756e-18   2.9914e-19
 8010.00   2.1596e-18   2.9611e-19
 8015.00   3.1008e-18   3.4076e-19
 8020.00   2.3150e-18   3.1216e-19
 8025.00   1.4995e-18   3.4507e-19
 8030.00   1.8585e-18   3.3791e-19
 8035.00   1.5618e-18   2.7474e-19
 8040.00   1.5332e-18   2.6468e-19
 8045.00   2.3259e-18   2.5855e-19
 8050.00   2.7364e-18   3.0393e-19
 8055.00   2.3335e-18   2.5258e-19
 8060.00   2.5093e-18   2.8419e-19
 8065.00   1.3797e-18   2.6091e-19
 8070.00   1.3275e-18   2.3796e-19
 8075.00   1.7468e-18   2.5349e-19
 8080.00   2.7075e-18   2.4450e-19
 8085.00   2.2055e-18   2.6151e-19
 8090.00   2.2187e-18   2.2840e-19
 8095.00   2.0271e-18   2.6182e-19
 8100.00   1.1885e-18   2.5103e-19
 8105.00   9.0356e-19   2.5783e-19
 8110.00   1.5663e-18   2.3229e-19
 8115.00   1.6259e-18   2.2230e-19
 8120.00   2.1650e-18   2.2178e-19
 8125.00   2.2729e-18   2.2715e-19
 8130.00   6.4773e-19   2.2902e-19
 8135.00   2.0913e-18   2.2316e-19
 8140.00   3.0447e-19   2.4788e-19
 8145.00   1.1175e-18   2.4513e-19
 8150.00   2.0367e-18   2.1743e-19
 8155.00   2.0904e-18   2.1046e-19
 8160.00   1.4300e-18   2.1042e-19
 8165.00   1.5920e-18   2.1088e-19
 8170.00   1.5438e-18   2.0770e-19
 8175.00   1.2793e-18   2.1352e-19
 8180.00   1.5012e-18   2.1066e-19
 8185.00   2.0178e-18   2.1495e-19
 8190.00   1.8189e-18   2.3222e-19
 8195.00   1.5965e-18   2.3604e-19
 8200.00   1.3376e-18   2.1273e-19
 8205.00   1.3094e-18   2.3504e-19
 8210.00   1.3188e-18   2.3147e-19
 8215.00   1.5596e-18   2.3599e-19
 8220.00   9.0368e-19   2.2549e-19
 8225.00   4.8551e-19   2.2760e-19
 8230.00   7.9942e-19   2.1466e-19
 8235.00   1.4662e-18   2.3125e-19
 8240.00   1.8005e-18   2.5112e-19
 8245.00   1.0730e-18   2.4732e-19
 8250.00   1.6891e-18   2.5882e-19
 8255.00   1.9776e-18   2.5197e-19
 8260.00   1.7532e-18   2.4772e-19
 8265.00   1.7080e-18   2.5139e-19
 8270.00   1.4600e-18   2.6000e-19
 8275.00   1.0702e-18   2.5987e-19
 8280.00  -5.6609e-19   5.0904e-19
 8285.00   1.1086e-18   3.8765e-19
 8290.00   1.9382e-18   3.5719e-19
 8295.00   1.4754e-18   3.1339e-19
 8300.00   1.4166e-18   3.6389e-19
 8305.00   1.3169e-18   3.0691e-19
 8310.00   1.1509e-18   3.4764e-19
 8315.00   1.2458e-18   2.9324e-19
 8320.00   3.3590e-19   2.5906e-19
 8325.00   1.6543e-18   2.4832e-19
 8330.00   8.3464e-19   2.4490e-19
 8335.00   5.8956e-19   2.4843e-19
 8340.00   1.2692e-18   2.6635e-19
 8345.00   1.5186e-18   3.6739e-19
 8350.00   6.1329e-19   2.9112e-19
 8355.00   1.6029e-18   2.9251e-19
 8360.00   5.2493e-19   2.7643e-19
 8365.00   6.5093e-19   3.3058e-19
 8370.00   1.4732e-18   2.4656e-19
 8375.00   1.0701e-18   2.5207e-19
 8380.00   7.5786e-19   3.7646e-19
 8385.00   1.1042e-18   3.2014e-19
 8390.00   1.7009e-18   3.1260e-19
 8395.00   1.4307e-18   2.8646e-19
 8400.00   1.2608e-18   3.5968e-19
 8405.00   1.0042e-18   2.7475e-19
 8410.00   9.4679e-19   2.7158e-19
 8415.00   1.3811e-18   3.1614e-19
 8420.00   1.8459e-18   2.6524e-19
 8425.00   1.0555e-19   3.0046e-19
 8430.00   9.9973e-19   3.6616e-19
 8435.00  -5.6180e-20   2.6938e-19
 8440.00   1.0394e-18   2.4513e-19
 8445.00   1.6587e-18   2.8505e-19
 8450.00   1.3500e-18   2.7483e-19
 8455.00   1.2633e-18   2.6380e-19
 8460.00   1.9066e-18   2.4659e-19
 8465.00   8.0032e-19   3.0015e-19
 8470.00   1.2325e-18   2.2933e-19
 8475.00   1.4210e-18   2.4831e-19
 8480.00   1.2155e-18   2.2360e-19
 8485.00   8.1478e-19   2.2316e-19
 8490.00   1.1595e-18   2.2051e-19
 8495.00   2.1578e-18   2.9330e-19
 8500.00   1.2378e-18   2.4123e-19
 8505.00   1.3196e-18   2.9470e-19
 8510.00   1.3128e-18   2.1328e-19
 8515.00   1.4617e-18   2.1144e-19
 8520.00   9.5005e-19   2.2101e-19
 8525.00   8.7536e-19   2.1018e-19
 8530.00   1.8460e-18   2.0787e-19
 8535.00   1.7381e-18   2.0789e-19
 8540.00   1.3640e-18   2.5056e-19
 8545.00   1.2370e-18   2.0925e-19
 8550.00   2.2782e-18   2.7901e-19
 8555.00   1.3781e-18   2.1283e-19
 8560.00   6.1510e-19   2.0182e-19
 8565.00   1.1551e-18   2.0849e-19
 8570.00   1.1164e-18   2.1261e-19
 8575.00   1.1242e-18   2.2997e-19
 8580.00   1.1688e-18   2.0740e-19
 8585.00   1.0053e-18   2.0440e-19
 8590.00   8.6932e-19   2.3828e-19
 8595.00   9.8593e-19   2.3192e-19
 8600.00   1.7883e-18   2.1389e-19
 8605.00   1.0149e-18   2.1220e-19
 8610.00   3.4453e-19   2.5242e-19
 8615.00   1.0742e-18   3.0154e-19
 8620.00   1.1063e-18   3.7213e-19
 8625.00   3.8768e-19   3.8131e-19
 8630.00   9.4942e-19   4.0361e-19
 8635.00   1.7568e-18   3.6824e-19
 8640.00   9.6441e-19   3.1570e-19
 8645.00   6.4381e-19   2.4566e-19
 8650.00   1.2526e-18   3.2083e-19
 8655.00   2.0520e-18   3.2089e-19
 8660.00   2.3738e-18   3.1450e-19
 8665.00   3.3504e-19   3.0352e-19
 8670.00   1.1765e-18   3.0003e-19
 8675.00  -5.0433e-20   2.8998e-19
 8680.00   1.0921e-18   2.8838e-19
 8685.00   1.2122e-18   2.6034e-19
 8690.00   1.5147e-18   2.5350e-19
 8695.00   1.1671e-18   2.5761e-19
 8700.00   1.0402e-18   2.8773e-19
 8705.00   1.1484e-18   2.7129e-19
 8710.00   1.5915e-18   2.6352e-19
 8715.00   1.7962e-18   2.4532e-19
 8720.00   6.7527e-19   2.4604e-19
 8725.00   1.3299e-18   2.6539e-19
 8730.00   1.1992e-18   2.5498e-19
 8735.00   1.0910e-19   2.6143e-19
 8740.00   3.2630e-19   2.8541e-19
 8745.00   1.2925e-18   2.8401e-19
 8750.00   1.1980e-18   2.8704e-19
 8755.00   1.5591e-18   2.8222e-19
 8760.00   2.6042e-18   5.8481e-19
 8765.00   1.6122e-18   3.4022e-19
 8770.00   1.1711e-18   3.1470e-19
 8775.00   7.8505e-19   3.0062e-19
 8780.00   4.4252e-19   2.9554e-19
 8785.00   1.2755e-18   2.4078e-19
 8790.00   5.0039e-19   3.0643e-19
 8795.00   1.1998e-18   2.3923e-19
 8800.00   1.4135e-18   2.4157e-19
 8805.00   1.4812e-18   2.3531e-19
 8810.00   1.2090e-18   2.7740e-19
 8815.00   1.1170e-18   2.3670e-19
 8820.00   1.3821e-18   2.4012e-19
 8825.00   9.4862e-19   3.5946e-19
 8830.00   1.1338e-18   3.6676e-19
 8835.00   2.8056e-18   5.6870e-19
 8840.00   5.4225e-19   2.9122e-19
 8845.00   1.7275e-18   3.1315e-19
 8850.00   1.7350e-18   3.4828e-19
 8855.00   1.3343e-18   2.7899e-19
 8860.00   6.8587e-19   2.8903e-19
 8865.00   8.4692e-19   3.2665e-19
 8870.00   2.3170e-19   2.8624e-19
 8875.00   1.9221e-18   2.5027e-19
 8880.00   1.1300e-18   2.4421e-19
 8885.00   2.0654e-18   3.4562e-19
 8890.00   1.4226e-18   2.7286e-19
 8895.00   1.3234e-18   2.6924e-19
 8900.00   1.3122e-18   2.4916e-19
 8905.00   1.1547e-18   3.0712e-19
 8910.00   3.7508e-19   2.6822e-19
 8915.00   7.9912e-19   2.3652e-19
 8920.00   1.7254e-18   3.4088e-19
 8925.00   1.5008e-18   2.5383e-19
 8930.00   4.1416e-19   2.5483e-19
 8935.00   7.3548e-19   2.5018e-19
 8940.00   1.7581e-18   2.3142e-19
 8945.00   2.0538e-18   2.7280e-19
 8950.00   1.0531e-18   2.1237e-19
 8955.00   4.2933e-19   2.2258e-19
 8960.00   6.3500e-19   2.5697e-19
 8965.00   1.3020e-18   2.0458e-19
 8970.00   8.3935e-19   2.2998e-19
 8975.00   8.2382e-19   2.0489e-19
 8980.00   8.3969e-19   2.4573e-19
 8985.00   1.3986e-18   2.2207e-19
 8990.00   1.5694e-18   2.5054e-19
 8995.00   1.5962e-18   2.0934e-19
 9000.00   1.5382e-18   2.6180e-19
 9005.00   9.7554e-19   1.9129e-19
 9010.00   1.3586e-18   1.8564e-19
 9015.00   1.3721e-18   1.8266e-19
 9020.00   9.7070e-19   2.0617e-19
 9025.00   5.9412e-19   1.8647e-19
 9030.00   1.1356e-18   2.2162e-19
 9035.00   1.5229e-18   2.0199e-19
 9040.00   9.2086e-19   2.3154e-19
 9045.00   3.3111e-19   2.1241e-19
 9050.00   2.5561e-19   2.7374e-19
 9055.00   3.2858e-19   2.1387e-19
 9060.00   8.3975e-19   2.0199e-19
 9065.00   9.0419e-19   2.2500e-19
 9070.00   1.2534e-18   2.2521e-19
 9075.00   1.1928e-18   2.0261e-19
 9080.00   6.1444e-19   1.9435e-19
 9085.00   1.2147e-18   2.1771e-19
 9090.00   4.9562e-19   2.1875e-19
 9095.00   5.4688e-19   2.3645e-19
 9100.00   1.5184e-19   2.2087e-19
 9105.00   6.2050e-19   2.3130e-19
 9110.00   1.0510e-18   2.0729e-19
 9115.00   2.7343e-19   2.0693e-19
 9120.00   7.8404e-19   2.0489e-19
 9125.00   1.0565e-18   2.1384e-19
 9130.00   4.4721e-19   2.0779e-19
 9135.00   1.7199e-19   2.2223e-19
 9140.00   7.3604e-19   2.2826e-19
 9145.00   1.2434e-18   2.3151e-19
 9150.00   1.3736e-19   2.5904e-19
 9155.00   1.1336e-18   2.5829e-19
 9160.00   1.2224e-18   3.3650e-19
 9165.00   3.1637e-19   2.3786e-19
 9170.00   6.6034e-19   2.4148e-19
 9175.00   3.0792e-19   2.3837e-19
 9180.00   1.2483e-18   2.5435e-19
 9185.00   5.8959e-19   2.5156e-19
 9190.00   7.5301e-19   2.5567e-19
 9195.00   1.1220e-18   2.5193e-19
 9200.00   1.3052e-18   2.7085e-19
 9205.00   7.5532e-19   2.7306e-19
 9210.00   1.6557e-18   2.8191e-19
 9215.00   1.9827e-18   3.2482e-19
 9220.00   6.2638e-19   2.9663e-19
 9225.00  -2.7672e-19   3.8278e-19
 9230.00   7.6312e-19   3.0444e-19
 9235.00   1.5947e-18   3.0680e-19
 9240.00   8.4349e-19   3.0556e-19
 9245.00   1.2770e-18   3.3355e-19
 9250.00   5.5737e-19   3.8002e-19
 9255.00   1.5892e-18   3.5261e-19
 9260.00   1.4629e-18   2.9903e-19
 9265.00   4.0351e-19   3.2758e-19
 9270.00   1.0357e-18   2.7078e-19
 9275.00   7.4778e-19   2.6920e-19
 9280.00   4.4209e-19   2.6436e-19
 9285.00   3.4792e-19   3.0006e-19
 9290.00   4.4970e-19   2.8621e-19
 9295.00   9.0416e-19   3.2211e-19
 9300.00   6.9769e-19   2.7184e-19
 9305.00   1.5208e-18   4.1301e-19
 9310.00  -1.0165e-19   5.9481e-19
 9315.00   5.9476e-19   4.3128e-19
 9320.00   1.1411e-19   3.4356e-19
 9325.00   7.2651e-19   4.0922e-19
 9330.00   8.0801e-19   3.4522e-19
 9335.00   1.5575e-18   3.4734e-19
 9340.00  -4.1678e-19   3.7199e-19
 9345.00   5.1396e-19   3.1249e-19
 9350.00   7.4962e-19   4.6813e-19
 9355.00   3.8334e-19   3.1994e-19
 9360.00   1.0355e-18   3.3933e-19
 9365.00   2.0890e-19   3.2324e-19
 9370.00  -2.3822e-19   3.4717e-19
 9375.00   2.0721e-18   8.8974e-19
 9380.00  -7.8134e-20   3.5056e-19
 9385.00   7.9252e-19   3.4909e-19
 9390.00   9.5344e-19   3.1034e-19
 9395.00   5.1376e-19   3.5759e-19
 9400.00   1.9811e-18   3.8798e-19
 9405.00   6.1059e-19   3.5092e-19
 9410.00   2.4287e-19   2.9752e-19
 9415.00   2.2401e-19   3.2792e-19
 9420.00   7.9189e-19   5.1955e-19
 9425.00   1.3116e-18   3.3164e-19
 9430.00   1.0826e-18   2.8809e-19
 9435.00   1.1863e-18   3.3771e-19
 9440.00  -3.1415e-19   5.8808e-19
 9445.00  -1.5178e-19   3.2239e-19
 9450.00   3.1047e-19   3.6730e-19
 9455.00   5.4247e-19   3.2628e-19
 9460.00  -2.6578e-19   4.3269e-19
 9465.00   1.2892e-19   2.8868e-19
 9470.00   1.1002e-18   2.9157e-19
 9475.00  -7.5368e-21   4.1740e-19
 9480.00  -1.0789e-20   3.4392e-19
 9485.00   6.3330e-19   3.1652e-19
 9490.00   1.2429e-18   3.3426e-19
 9495.00   7.3096e-19   2.7703e-19
 9500.00   6.3668e-19   3.2048e-19
 9505.00   2.2109e-18   3.8076e-19
 9510.00   1.0678e-18   3.0012e-19
 9515.00   8.2361e-19   2.8683e-19
 9520.00   6.1261e-19   3.7193e-19
 9525.00   1.0824e-18   2.9107e-19
 9530.00   4.3141e-19   3.3384e-19
 9535.00   7.9496e-19   3.6252e-19
 9540.00   4.7564e-19   2.8488e-19
 9545.00   1.7874e-19   2.6923e-19
 9550.00   1.1892e-18   3.4242e-19
 9555.00  -4.5801e-19   3.1911e-19
 9560.00  -1.1015e-19   3.2509e-19
 9565.00   1.0433e-18   3.6480e-19
 9570.00   1.0903e-19   4.0444e-19
 9575.00   6.8286e-19   3.2415e-19
 9580.00   1.2253e-18   2.7485e-19
 9585.00   1.8854e-18   2.9175e-19
 9590.00   4.5237e-19   2.8702e-19
 9595.00  -2.4034e-19   2.8948e-19
 9600.00   5.2373e-19   2.9034e-19
 9605.00   5.2751e-20   3.2971e-19
 9610.00   1.0088e-18   3.6260e-19
 9615.00   1.6607e-19   3.1834e-19
 9620.00   3.6560e-19   4.3602e-19
 9625.00   6.9992e-19   3.5185e-19
 9630.00   7.6086e-19   3.7809e-19
 9635.00  -9.9844e-21   3.1016e-19
 9640.00   3.4595e-19   3.1952e-19
 9645.00  -2.3823e-19   3.0338e-19
 9650.00   1.2522e-18   3.4650e-19
 9655.00  -3.6667e-19   3.8758e-19
 9660.00   2.0977e-18   4.0730e-19
 9665.00   2.7492e-18   3.5334e-19
 9670.00   2.3973e-18   5.4058e-19
 9675.00   1.1921e-18   4.2372e-19
 9680.00  -1.1977e-18   6.4234e-19
 9685.00  -5.0241e-20   4.5686e-19
 9690.00   2.0759e-19   4.6906e-19
 9695.00   8.2761e-19   4.1590e-19
 9700.00  -4.0481e-19   5.9914e-19
 9705.00   5.5603e-19   4.1549e-19
 9710.00  -1.8126e-19   4.9217e-19
 9715.00   1.6620e-18   4.3138e-19
 9720.00  -1.0544e-18   7.2912e-19
 9725.00  -4.1141e-19   4.8047e-19
 9730.00  -2.9476e-19   4.6826e-19
 9735.00  -5.7954e-19   5.8774e-19
 9740.00   2.7880e-19   5.5022e-19
 9745.00   6.9682e-19   5.7737e-19
 9750.00   1.9459e-18   4.5687e-19
 9755.00   3.3094e-18   4.7648e-19
 9760.00   8.0140e-19   4.5913e-19
 9765.00  -8.2683e-19   4.7513e-19
 9770.00   6.4091e-19   4.8655e-19
 9775.00  -2.6103e-19   5.2015e-19
 9780.00   2.4934e-18   5.2809e-19
 9785.00  -2.5472e-20   5.5345e-19
 9790.00   2.7614e-18   1.1235e-18
 9795.00   1.9367e-18   6.1842e-19
 9800.00   5.6542e-19   6.8559e-19
 9805.00  -1.6885e-19   5.5134e-19
 9810.00   1.8461e-18   7.6382e-19
 9815.00   3.2253e-18   9.6790e-19
 9820.00  -1.0792e-18   8.7679e-19
 9825.00   1.7551e-19   8.3711e-19
 9830.00  -3.4712e-19   8.5848e-19
 9835.00  -1.0469e-18   7.7441e-19
 9840.00   2.9972e-19   7.3068e-19
 9845.00   1.3328e-18   8.1982e-19
 9850.00   1.9773e-18   1.0065e-18
 9855.00   7.5685e-19   7.1801e-19
 9860.00   4.9780e-19   6.9813e-19
 9865.00   1.6748e-18   7.4159e-19
 9870.00  -3.0665e-18   1.1954e-18
 9875.00   8.5368e-20   9.4162e-19
 9880.00   4.3721e-19   7.0784e-19
 9885.00  -1.3006e-19   8.4976e-19
 9890.00   1.2403e-18   7.4933e-19
 9895.00  -2.3437e-18   1.2082e-18
 9900.00  -4.8045e-19   7.4980e-19
 9905.00  -1.6967e-18   6.9713e-19
 9910.00  -2.6459e-18   8.1148e-19
 9915.00   1.4033e-18   1.5230e-18
 9920.00  -8.9143e-19   7.6295e-19
 9925.00  -7.7073e-19   6.7361e-19
 9930.00  -6.4163e-19   6.7621e-19
 9935.00  -1.4573e-19   7.3926e-19
 9940.00  -8.2875e-19   1.1482e-18
 9945.00  -1.1955e-18   2.1104e-18
 9950.00  -4.6070e-19   1.2477e-18
 9955.00   2.1339e-21   1.3544e-18
 9960.00   7.0467e-18   1.6562e-18
 9965.00   1.5122e-18   9.3199e-19
 9970.00  -5.5576e-19   9.5096e-19
 9975.00   7.3846e-19   9.7484e-19
 9980.00   9.1333e-19   8.8145e-19
 9985.00   1.1967e-18   6.8502e-19
 9990.00   1.4680e-18   7.1816e-19
 9995.00   1.4680e-18   9.9999e+04
10000.00   1.4680e-18   9.9999e+04
