 
TRANSIENT_NAME:     DES14E2ag  
SNID:               1291517    
OBS_DATE:           2014-09-02
MJD:                56902. 
PHASE_EXP:          post-max (based on r-band light-curve)
MJD_EXP:            ---
TYPE:               33 
SPEC_EVAL:          SNIc
REDSHIFT:           0.2264  
REDSHIFT_ERR:       0.0005  
REDSHIFT_SOURCE:    Z_GAL
TELESCOPE:          VLT
INSTRUMENT:         X-SHOOTER
 
======================================
 
# WAVE  FLUX  FLUX_ERR
 3400.00   4.2992e-17   9.9999e+04
 3405.00   4.2992e-17   1.3637e-17
 3410.00   2.3683e-17   1.3499e-17
 3415.00   6.2138e-18   1.3725e-17
 3420.00  -5.3683e-18   1.4402e-17
 3425.00   1.8315e-17   1.4985e-17
 3430.00  -1.4742e-17   1.5011e-17
 3435.00  -3.1454e-17   1.5898e-17
 3440.00   4.0830e-18   1.6104e-17
 3445.00   1.3857e-17   1.6270e-17
 3450.00  -1.1033e-17   1.7685e-17
 3455.00  -7.6082e-18   1.8462e-17
 3460.00   2.1571e-17   1.8023e-17
 3465.00  -2.9964e-17   1.7807e-17
 3470.00   2.0361e-17   1.7583e-17
 3475.00  -2.2413e-17   1.7023e-17
 3480.00   3.7101e-17   1.8092e-17
 3485.00  -7.0917e-19   1.7153e-17
 3490.00  -1.9194e-18   1.6191e-17
 3495.00   2.9631e-17   1.4580e-17
 3500.00  -6.5475e-19   1.3499e-17
 3505.00  -1.4177e-17   1.2893e-17
 3510.00   7.1252e-18   1.2874e-17
 3515.00   2.6910e-17   1.1950e-17
 3520.00  -1.4444e-19   1.1041e-17
 3525.00   1.5467e-17   1.0678e-17
 3530.00   1.1769e-17   1.0279e-17
 3535.00  -4.3467e-18   9.7945e-18
 3540.00   5.8119e-18   1.0908e-17
 3545.00   4.1148e-17   1.1881e-17
 3550.00  -3.5168e-18   1.0848e-17
 3555.00  -1.8382e-17   1.0944e-17
 3560.00   8.4682e-18   1.0364e-17
 3565.00  -3.6614e-19   9.6777e-18
 3570.00   1.8170e-17   9.4584e-18
 3575.00   2.7230e-17   9.5989e-18
 3580.00  -1.4325e-18   9.4592e-18
 3585.00   1.7341e-17   9.3680e-18
 3590.00  -1.7408e-17   9.6133e-18
 3595.00   1.8151e-17   9.9744e-18
 3600.00  -6.1162e-18   1.0252e-17
 3605.00   7.1209e-18   1.0784e-17
 3610.00   2.2844e-17   1.1041e-17
 3615.00  -2.0487e-17   1.1968e-17
 3620.00   1.6143e-17   1.2894e-17
 3625.00   2.1497e-17   1.2868e-17
 3630.00   7.3517e-18   1.3422e-17
 3635.00  -4.7904e-17   1.3617e-17
 3640.00  -1.3990e-17   1.3368e-17
 3645.00  -1.3633e-17   1.2783e-17
 3650.00   4.8277e-18   1.1971e-17
 3655.00   4.2013e-18   1.1277e-17
 3660.00   1.6906e-17   1.0842e-17
 3665.00  -1.8017e-17   1.0033e-17
 3670.00   2.1239e-17   9.2305e-18
 3675.00   2.5809e-18   8.5183e-18
 3680.00  -1.5776e-17   7.9520e-18
 3685.00   3.2471e-17   7.6336e-18
 3690.00   2.0702e-18   7.2393e-18
 3695.00   1.0383e-17   6.9944e-18
 3700.00  -1.5412e-17   7.5519e-18
 3705.00  -2.0558e-17   7.0968e-18
 3710.00   1.7979e-17   6.7637e-18
 3715.00   3.7197e-18   6.4566e-18
 3720.00  -8.7087e-18   6.0815e-18
 3725.00   2.0794e-19   5.9848e-18
 3730.00   1.1754e-17   6.4417e-18
 3735.00   1.0708e-17   6.8731e-18
 3740.00   1.0434e-17   7.3368e-18
 3745.00  -4.8994e-18   6.7865e-18
 3750.00   9.0744e-18   6.3623e-18
 3755.00   2.1091e-17   6.7002e-18
 3760.00   9.9911e-18   6.5113e-18
 3765.00   1.4542e-17   6.5374e-18
 3770.00   4.2450e-18   6.7529e-18
 3775.00  -8.3206e-19   7.1022e-18
 3780.00   1.4157e-17   7.2885e-18
 3785.00  -6.1767e-18   7.4919e-18
 3790.00   9.3109e-18   7.7294e-18
 3795.00   3.2593e-18   7.9798e-18
 3800.00   2.5275e-17   8.1360e-18
 3805.00   4.5878e-18   8.1496e-18
 3810.00   4.2592e-18   8.3698e-18
 3815.00   4.8279e-18   8.7080e-18
 3820.00  -6.1319e-18   8.6542e-18
 3825.00   1.6405e-17   8.3416e-18
 3830.00   1.6860e-17   9.0045e-18
 3835.00   1.3323e-17   8.4335e-18
 3840.00   1.1228e-17   8.0480e-18
 3845.00   1.2924e-17   7.7554e-18
 3850.00  -2.7406e-20   7.1866e-18
 3855.00   8.1146e-18   6.7481e-18
 3860.00  -1.0273e-17   6.4719e-18
 3865.00  -1.0354e-17   6.0863e-18
 3870.00   7.6024e-18   5.6986e-18
 3875.00   8.2115e-18   5.5558e-18
 3880.00   1.0426e-17   5.2482e-18
 3885.00   7.8206e-18   5.0427e-18
 3890.00  -1.3034e-18   4.8090e-18
 3895.00   8.4493e-19   4.8446e-18
 3900.00   2.3819e-18   4.8248e-18
 3905.00  -3.7774e-18   5.0590e-18
 3910.00   5.3406e-18   5.0944e-18
 3915.00   1.7534e-17   4.8536e-18
 3920.00  -6.0579e-19   4.5403e-18
 3925.00   1.5662e-18   4.4020e-18
 3930.00   6.0074e-18   4.3288e-18
 3935.00   4.6127e-18   4.2114e-18
 3940.00   7.2338e-18   4.7018e-18
 3945.00   9.7298e-18   4.7299e-18
 3950.00   3.3087e-18   4.6850e-18
 3955.00   1.3580e-17   4.6348e-18
 3960.00   1.5892e-17   4.5548e-18
 3965.00   1.0547e-17   4.4472e-18
 3970.00  -1.2216e-18   4.4012e-18
 3975.00   1.9971e-17   5.0078e-18
 3980.00   1.1040e-17   5.1399e-18
 3985.00   5.9453e-18   5.1097e-18
 3990.00   5.9846e-18   5.3011e-18
 3995.00   2.3916e-17   5.3628e-18
 4000.00   1.1268e-17   5.5620e-18
 4005.00   3.6427e-18   5.6750e-18
 4010.00   1.7586e-17   6.1295e-18
 4015.00   3.9871e-18   6.0576e-18
 4020.00   1.6754e-17   6.0776e-18
 4025.00  -8.0803e-19   5.9468e-18
 4030.00   9.1741e-18   5.9735e-18
 4035.00   1.0687e-17   5.9359e-18
 4040.00   2.1012e-17   6.0358e-18
 4045.00   1.4999e-17   5.9929e-18
 4050.00   1.7325e-17   6.0462e-18
 4055.00   7.4384e-18   5.4612e-18
 4060.00   1.3218e-17   5.5544e-18
 4065.00   1.0038e-17   5.8851e-18
 4070.00   7.8039e-18   5.5825e-18
 4075.00  -1.5130e-19   5.2476e-18
 4080.00   3.2989e-18   5.0222e-18
 4085.00  -2.1424e-18   4.8606e-18
 4090.00  -8.1062e-19   4.5609e-18
 4095.00   2.1971e-17   4.5028e-18
 4100.00   1.7072e-18   4.2576e-18
 4105.00   8.5850e-18   4.1623e-18
 4110.00  -3.4025e-18   4.0478e-18
 4115.00   1.0498e-17   4.0541e-18
 4120.00   5.5123e-18   4.0008e-18
 4125.00   5.6894e-18   4.1241e-18
 4130.00   1.5763e-17   4.0587e-18
 4135.00   1.5974e-17   4.1424e-18
 4140.00   1.0407e-18   3.9406e-18
 4145.00   1.8854e-17   3.9202e-18
 4150.00   2.1066e-17   3.8280e-18
 4155.00   1.0815e-17   4.0799e-18
 4160.00   1.0675e-17   4.1416e-18
 4165.00   1.5949e-17   4.3230e-18
 4170.00   1.8684e-17   4.4988e-18
 4175.00   7.5316e-18   4.2683e-18
 4180.00  -3.3848e-19   4.2705e-18
 4185.00   5.1768e-20   4.1432e-18
 4190.00  -3.4420e-18   4.1829e-18
 4195.00   1.9565e-18   4.2641e-18
 4200.00   9.7067e-18   4.1951e-18
 4205.00   1.0586e-17   4.3687e-18
 4210.00   1.6347e-19   4.4601e-18
 4215.00   2.6618e-18   4.4431e-18
 4220.00   1.6385e-17   4.5683e-18
 4225.00   1.4454e-17   4.7552e-18
 4230.00   1.9791e-17   4.6777e-18
 4235.00   1.1035e-17   4.7367e-18
 4240.00  -3.6649e-19   4.7583e-18
 4245.00   2.2564e-17   5.0002e-18
 4250.00   9.2047e-18   5.0185e-18
 4255.00   9.3652e-18   4.9744e-18
 4260.00   1.6672e-17   4.9561e-18
 4265.00   5.9112e-18   4.9386e-18
 4270.00   1.8204e-17   4.8404e-18
 4275.00   1.5643e-17   4.7555e-18
 4280.00   1.4554e-17   4.6477e-18
 4285.00   2.9054e-17   4.5557e-18
 4290.00   1.8305e-17   4.6319e-18
 4295.00   6.7047e-18   4.4966e-18
 4300.00   1.4232e-17   4.2833e-18
 4305.00   6.5306e-18   4.0578e-18
 4310.00   1.2030e-17   4.1200e-18
 4315.00   1.3273e-17   4.1101e-18
 4320.00   2.1034e-17   3.9894e-18
 4325.00   9.6005e-18   3.6783e-18
 4330.00   9.6044e-18   3.6096e-18
 4335.00   1.2759e-17   3.5880e-18
 4340.00   8.0759e-18   3.3311e-18
 4345.00   9.1680e-18   3.4279e-18
 4350.00   1.1925e-17   3.4088e-18
 4355.00   2.2481e-17   3.3490e-18
 4360.00   4.2090e-18   3.3657e-18
 4365.00   1.5999e-17   3.2537e-18
 4370.00   1.9396e-17   3.2901e-18
 4375.00   7.1424e-18   3.2791e-18
 4380.00   8.5053e-18   3.2919e-18
 4385.00   4.6006e-18   3.1906e-18
 4390.00   1.8044e-17   3.3147e-18
 4395.00   5.2334e-18   3.2480e-18
 4400.00   1.6174e-17   3.3641e-18
 4405.00   1.6045e-17   3.5673e-18
 4410.00   9.4323e-18   3.6325e-18
 4415.00   1.9062e-17   3.6620e-18
 4420.00   2.0250e-17   3.6864e-18
 4425.00   1.0682e-17   3.6488e-18
 4430.00   2.8866e-17   3.8363e-18
 4435.00   1.5557e-17   3.5613e-18
 4440.00   1.3266e-17   3.7388e-18
 4445.00   1.1026e-17   3.8465e-18
 4450.00  -8.1277e-18   3.8036e-18
 4455.00   1.0597e-17   3.7392e-18
 4460.00   6.7544e-18   3.7865e-18
 4465.00   1.2601e-17   3.9047e-18
 4470.00   4.9645e-18   3.9064e-18
 4475.00   1.0234e-17   4.0584e-18
 4480.00   1.7041e-17   4.0205e-18
 4485.00   1.0863e-17   4.2040e-18
 4490.00   3.4416e-18   4.1742e-18
 4495.00  -1.4982e-17   4.3455e-18
 4500.00   1.6698e-17   4.3158e-18
 4505.00   7.5107e-18   4.3296e-18
 4510.00   1.1059e-17   4.3309e-18
 4515.00   2.9526e-18   4.3379e-18
 4520.00   5.8593e-18   4.3876e-18
 4525.00   1.3563e-17   4.3326e-18
 4530.00   1.0078e-17   4.4080e-18
 4535.00   5.5421e-18   4.4766e-18
 4540.00   1.9493e-17   4.7304e-18
 4545.00   9.8739e-18   4.5533e-18
 4550.00  -1.7946e-18   4.3093e-18
 4555.00   1.3795e-17   4.1269e-18
 4560.00   1.4414e-17   3.9713e-18
 4565.00   2.0852e-17   3.7951e-18
 4570.00   7.9390e-17   4.1128e-18
 4575.00   4.2259e-17   3.8575e-18
 4580.00   1.5473e-17   3.6016e-18
 4585.00   1.5977e-17   3.5162e-18
 4590.00   1.7976e-17   3.3579e-18
 4595.00   1.7232e-17   3.2656e-18
 4600.00   9.5456e-18   3.1739e-18
 4605.00   1.5184e-17   3.1457e-18
 4610.00   2.2170e-17   3.1392e-18
 4615.00   2.5278e-17   3.0356e-18
 4620.00   1.8655e-17   3.0243e-18
 4625.00   1.8995e-17   2.9747e-18
 4630.00   1.8487e-17   2.9511e-18
 4635.00   2.5411e-17   2.9310e-18
 4640.00   1.7711e-17   2.9278e-18
 4645.00   1.4162e-17   2.8384e-18
 4650.00   2.0891e-17   2.8543e-18
 4655.00   2.0954e-17   2.8795e-18
 4660.00   1.4782e-17   3.0081e-18
 4665.00   2.5582e-17   2.9392e-18
 4670.00   2.3624e-17   2.9463e-18
 4675.00   2.2611e-17   3.0235e-18
 4680.00   1.4509e-17   2.9524e-18
 4685.00   2.2882e-17   2.9936e-18
 4690.00   1.0501e-17   2.9453e-18
 4695.00   1.8356e-17   2.9803e-18
 4700.00   2.1264e-17   2.9444e-18
 4705.00   1.8355e-17   2.9903e-18
 4710.00   2.3213e-17   3.0397e-18
 4715.00   1.6713e-17   3.1015e-18
 4720.00   2.4094e-17   3.1922e-18
 4725.00   1.1417e-17   3.2705e-18
 4730.00   2.4324e-17   3.1709e-18
 4735.00   2.2026e-17   3.1996e-18
 4740.00   2.3285e-17   3.2615e-18
 4745.00   2.8396e-17   3.3386e-18
 4750.00   2.1889e-17   3.2998e-18
 4755.00   1.5535e-17   3.3199e-18
 4760.00   1.6640e-17   3.3994e-18
 4765.00   1.1391e-17   3.4055e-18
 4770.00   1.2959e-17   3.4916e-18
 4775.00   1.3020e-17   3.5087e-18
 4780.00   2.2039e-17   3.5856e-18
 4785.00   1.5614e-17   3.5807e-18
 4790.00   2.0216e-17   3.6622e-18
 4795.00   1.7385e-17   3.7011e-18
 4800.00   9.0204e-18   3.6742e-18
 4805.00   2.7451e-17   3.7252e-18
 4810.00   4.9300e-18   3.7357e-18
 4815.00   2.3977e-17   3.8014e-18
 4820.00   2.6724e-17   4.5154e-18
 4825.00   2.1263e-17   4.2178e-18
 4830.00   2.4723e-17   4.2538e-18
 4835.00   1.6744e-17   4.0127e-18
 4840.00   1.2115e-17   3.8859e-18
 4845.00   2.0044e-17   3.7144e-18
 4850.00   2.0521e-17   3.5390e-18
 4855.00   2.1339e-17   3.3963e-18
 4860.00   1.1889e-17   3.2987e-18
 4865.00   1.7797e-17   3.1461e-18
 4870.00   2.4417e-17   3.1530e-18
 4875.00   2.3867e-17   3.0879e-18
 4880.00   2.2897e-17   3.0792e-18
 4885.00   9.8572e-18   2.9974e-18
 4890.00   2.2063e-17   2.9473e-18
 4895.00   2.0493e-17   2.8889e-18
 4900.00   1.8285e-17   2.8056e-18
 4905.00   3.1662e-17   2.7537e-18
 4910.00   2.2037e-17   2.6937e-18
 4915.00   1.7987e-17   2.6890e-18
 4920.00   1.5474e-17   2.5828e-18
 4925.00   1.9861e-17   2.6069e-18
 4930.00   2.1865e-17   2.6167e-18
 4935.00   2.1285e-17   2.5610e-18
 4940.00   2.0354e-17   2.5434e-18
 4945.00   1.9868e-17   2.5252e-18
 4950.00   2.5570e-17   2.5666e-18
 4955.00   1.3347e-17   2.5981e-18
 4960.00   2.0995e-17   2.5076e-18
 4965.00   1.7784e-17   2.5941e-18
 4970.00   1.5805e-17   2.5468e-18
 4975.00   1.7804e-17   2.5669e-18
 4980.00   1.5904e-17   2.5369e-18
 4985.00   1.6017e-17   2.5617e-18
 4990.00   2.3363e-17   2.6007e-18
 4995.00   2.3904e-17   2.5950e-18
 5000.00   2.1269e-17   2.5967e-18
 5005.00   2.7940e-17   2.6363e-18
 5010.00   2.0489e-17   2.6591e-18
 5015.00   2.1104e-17   2.6570e-18
 5020.00   1.6842e-17   2.6334e-18
 5025.00   9.4947e-18   2.6511e-18
 5030.00   2.6723e-17   2.7774e-18
 5035.00   2.1543e-17   2.7406e-18
 5040.00   1.9028e-17   2.7385e-18
 5045.00   1.9210e-17   2.8472e-18
 5050.00   1.8739e-17   2.8591e-18
 5055.00   2.7411e-17   2.9582e-18
 5060.00   2.1756e-17   2.8987e-18
 5065.00   1.5786e-17   2.8470e-18
 5070.00   2.8258e-17   2.9362e-18
 5075.00   2.7044e-17   2.9319e-18
 5080.00   1.7859e-17   2.9705e-18
 5085.00   1.7110e-17   3.0131e-18
 5090.00   1.9318e-17   3.0545e-18
 5095.00   2.0184e-17   3.0518e-18
 5100.00   2.0956e-17   3.1029e-18
 5105.00   1.5110e-17   3.1267e-18
 5110.00   1.8845e-17   3.1409e-18
 5115.00   2.3777e-17   3.1782e-18
 5120.00   3.2487e-17   3.2185e-18
 5125.00   3.2403e-17   3.2210e-18
 5130.00   1.8092e-17   3.2328e-18
 5135.00   1.5933e-17   3.3229e-18
 5140.00   2.8540e-17   4.0142e-18
 5145.00   2.1634e-17   4.0185e-18
 5150.00   1.7890e-17   3.8057e-18
 5155.00   2.3091e-17   3.7457e-18
 5160.00   2.1228e-17   3.6393e-18
 5165.00   1.5763e-17   3.4333e-18
 5170.00   3.1986e-17   3.3212e-18
 5175.00   2.2688e-17   3.2868e-18
 5180.00   2.1831e-17   3.2094e-18
 5185.00   2.1123e-17   3.0540e-18
 5190.00   1.6160e-17   3.0407e-18
 5195.00   2.0724e-17   2.9537e-18
 5200.00   2.1124e-17   3.0839e-18
 5205.00   1.7960e-17   2.8583e-18
 5210.00   2.3225e-17   2.7630e-18
 5215.00   1.9937e-17   2.7284e-18
 5220.00   1.7312e-17   2.7251e-18
 5225.00   1.5262e-17   2.6487e-18
 5230.00   2.4210e-17   2.6123e-18
 5235.00   2.4701e-17   2.5454e-18
 5240.00   1.5573e-17   2.5693e-18
 5245.00   2.3086e-17   2.4828e-18
 5250.00   2.1223e-17   2.4505e-18
 5255.00   2.6879e-17   2.5038e-18
 5260.00   2.0857e-17   2.3842e-18
 5265.00   1.8026e-17   2.3051e-18
 5270.00   2.0190e-17   2.3166e-18
 5275.00   2.5580e-17   2.3657e-18
 5280.00   2.4186e-17   2.3415e-18
 5285.00   1.5728e-17   2.2849e-18
 5290.00   2.1275e-17   2.3350e-18
 5295.00   2.0578e-17   2.3063e-18
 5300.00   2.2343e-17   2.3473e-18
 5305.00   2.0634e-17   2.3657e-18
 5310.00   2.4281e-17   2.3605e-18
 5315.00   1.5490e-17   2.3411e-18
 5320.00   2.5795e-17   2.4053e-18
 5325.00   3.2431e-17   2.4398e-18
 5330.00   2.3328e-17   2.3871e-18
 5335.00   1.2521e-17   2.5279e-18
 5340.00   2.0726e-17   2.3550e-18
 5345.00   2.1492e-17   2.3833e-18
 5350.00   2.3791e-17   2.3943e-18
 5355.00   2.9772e-17   2.4196e-18
 5360.00   3.0106e-17   2.4121e-18
 5365.00   2.3846e-17   2.4010e-18
 5370.00   1.8215e-17   2.4426e-18
 5375.00   2.6614e-17   2.4960e-18
 5380.00   2.0485e-17   2.4879e-18
 5385.00   2.3913e-17   2.4919e-18
 5390.00   3.1177e-17   2.5401e-18
 5395.00   3.4272e-17   2.5358e-18
 5400.00   2.3326e-17   2.5743e-18
 5405.00   3.1993e-17   2.5776e-18
 5410.00   3.0238e-17   2.6460e-18
 5415.00   2.5315e-17   2.7000e-18
 5420.00   3.1556e-17   2.7792e-18
 5425.00   1.6130e-17   2.8079e-18
 5430.00   3.3264e-17   2.9079e-18
 5435.00   2.2178e-17   2.9636e-18
 5440.00   2.7939e-17   3.0716e-18
 5445.00   2.4572e-17   3.0864e-18
 5450.00   2.2000e-17   2.9919e-18
 5455.00   2.2023e-17   3.0711e-18
 5460.00   2.4017e-17   3.2280e-18
 5465.00   3.8445e-17   3.2652e-18
 5470.00   2.9810e-17   3.3582e-18
 5475.00   2.2133e-17   3.4259e-18
 5480.00   2.6676e-17   3.5112e-18
 5485.00   2.7121e-17   3.6306e-18
 5490.00   3.2424e-17   3.6685e-18
 5495.00   2.4391e-17   3.6923e-18
 5500.00   2.5212e-17   3.7153e-18
 5505.00   3.2626e-17   4.8394e-18
 5510.00   3.1927e-17   4.8114e-18
 5515.00   2.1696e-17   4.6430e-18
 5520.00   3.3860e-17   4.4895e-18
 5525.00   1.9465e-17   4.3425e-18
 5530.00   2.2233e-17   4.2108e-18
 5535.00   3.8348e-17   4.2016e-18
 5540.00   2.3630e-17   4.1223e-18
 5545.00   2.7069e-17   4.2316e-18
 5550.00   3.4423e-17   4.1000e-18
 5555.00   1.9692e-17   4.0715e-18
 5560.00   3.2747e-17   4.1565e-18
 5565.00   1.6510e-17   4.2627e-18
 5570.00   2.7998e-17   4.2931e-18
 5575.00   8.8793e-18   5.5943e-18
 5580.00   2.6182e-17   5.0937e-18
 5585.00   2.5601e-17   4.3095e-18
 5590.00   1.8702e-17   4.3547e-18
 5595.00   1.0468e-17   4.2733e-18
 5600.00   1.8798e-17   4.3631e-18
 5605.00   9.3697e-18   4.5516e-18
 5610.00   1.5880e-17   5.0037e-18
 5615.00   1.4183e-17   5.6737e-18
 5620.00   1.2225e-17   5.3250e-18
 5625.00   1.2739e-17   5.1382e-18
 5630.00   1.0894e-17   4.8493e-18
 5635.00   9.8270e-18   4.6845e-18
 5640.00   1.0941e-17   4.5192e-18
 5645.00   1.5592e-17   4.4022e-18
 5650.00   3.2300e-18   4.2618e-18
 5655.00   1.7866e-17   4.1637e-18
 5660.00   1.6724e-17   4.0725e-18
 5665.00   7.1658e-18   4.0034e-18
 5670.00   7.3409e-18   4.0192e-18
 5675.00   3.1986e-17   3.9753e-18
 5680.00   1.7324e-17   4.0038e-18
 5685.00   1.4848e-17   4.0003e-18
 5690.00   7.2185e-18   4.0751e-18
 5695.00   1.4883e-17   4.2154e-18
 5700.00   2.9969e-18   4.3197e-18
 5705.00   1.4377e-17   4.5008e-18
 5710.00   2.1025e-17   4.4640e-18
 5715.00   1.5170e-17   4.5141e-18
 5720.00   1.4631e-17   4.7382e-18
 5725.00  -2.9048e-18   4.8446e-18
 5730.00   7.8100e-18   4.9562e-18
 5735.00   1.1642e-17   5.3131e-18
 5740.00   2.9832e-17   6.6620e-18
 5745.00   4.9062e-18   5.4558e-18
 5750.00   7.8686e-18   5.2872e-18
 5755.00   1.8137e-17   4.9716e-18
 5760.00   2.4939e-17   4.8064e-18
 5765.00   1.0490e-17   4.6555e-18
 5770.00   8.4992e-18   4.5225e-18
 5775.00   2.0676e-17   4.4347e-18
 5780.00   1.9300e-17   4.3102e-18
 5785.00   2.4501e-17   4.2806e-18
 5790.00   2.3870e-17   4.1658e-18
 5795.00   1.3013e-17   4.1068e-18
 5800.00   4.7567e-18   4.0029e-18
 5805.00   1.2529e-17   3.9366e-18
 5810.00   4.7895e-18   3.8829e-18
 5815.00   1.6418e-17   3.7825e-18
 5820.00   1.6360e-17   3.7370e-18
 5825.00   1.6742e-17   3.7047e-18
 5830.00   9.8435e-18   3.6248e-18
 5835.00   1.8371e-17   3.6439e-18
 5840.00   1.4124e-17   3.6037e-18
 5845.00   1.8483e-17   3.6063e-18
 5850.00   2.0109e-17   3.6616e-18
 5855.00   1.5708e-17   3.6737e-18
 5860.00   1.1764e-17   3.6958e-18
 5865.00   1.9233e-17   3.9313e-18
 5870.00   2.3122e-17   3.9489e-18
 5875.00   2.4177e-17   3.8999e-18
 5880.00   1.4135e-17   3.9032e-18
 5885.00   2.1446e-17   4.0887e-18
 5890.00   1.9339e-17   4.6506e-18
 5895.00   1.8067e-17   4.5493e-18
 5900.00   1.5219e-17   4.1865e-18
 5905.00   1.8852e-17   4.3940e-18
 5910.00   1.0319e-18   4.3946e-18
 5915.00   1.6647e-18   4.3796e-18
 5920.00   1.2036e-17   4.0794e-18
 5925.00   1.9604e-18   4.1349e-18
 5930.00   2.1448e-17   4.0766e-18
 5935.00   3.1190e-17   4.2461e-18
 5940.00   7.4888e-18   4.0336e-18
 5945.00   6.7900e-18   4.6438e-18
 5950.00   1.6612e-17   5.6990e-18
 5955.00   1.1629e-17   5.5442e-18
 5960.00   3.9599e-17   5.2844e-18
 5965.00   1.1962e-17   4.8301e-18
 5970.00   1.8456e-17   4.6584e-18
 5975.00   1.4728e-17   4.5608e-18
 5980.00   1.3806e-17   4.2479e-18
 5985.00   8.0825e-18   4.1481e-18
 5990.00   1.7199e-17   3.9916e-18
 5995.00   1.2104e-17   3.8925e-18
 6000.00   1.0192e-17   3.8020e-18
 6005.00   1.9144e-17   3.8235e-18
 6010.00   1.6439e-17   3.7154e-18
 6015.00   7.3243e-18   3.5389e-18
 6020.00   1.5159e-17   3.4859e-18
 6025.00   1.2548e-17   3.4079e-18
 6030.00   2.3492e-17   3.4136e-18
 6035.00   1.4945e-17   3.3654e-18
 6040.00   2.1716e-17   3.2926e-18
 6045.00   1.2446e-17   3.1938e-18
 6050.00   1.5888e-17   3.1457e-18
 6055.00   1.0232e-17   3.0669e-18
 6060.00   1.0709e-17   3.0615e-18
 6065.00   1.2856e-17   3.0327e-18
 6070.00   1.3315e-17   3.0212e-18
 6075.00   1.3752e-17   2.9923e-18
 6080.00   4.7129e-17   3.1337e-18
 6085.00   1.5927e-17   2.9878e-18
 6090.00   1.3186e-17   2.9733e-18
 6095.00   1.1030e-17   2.9999e-18
 6100.00   1.3919e-17   3.0825e-18
 6105.00   1.6567e-17   3.1184e-18
 6110.00   3.9258e-18   3.1126e-18
 6115.00   1.6239e-17   3.2207e-18
 6120.00   1.1855e-17   3.2757e-18
 6125.00   1.1751e-17   3.3569e-18
 6130.00   1.5835e-17   3.5219e-18
 6135.00   2.5837e-17   3.5650e-18
 6140.00   8.8223e-17   3.6917e-18
 6145.00   2.1790e-17   3.4757e-18
 6150.00   1.4221e-17   3.4359e-18
 6155.00   2.1670e-17   3.4038e-18
 6160.00   1.8850e-17   3.3952e-18
 6165.00   1.3104e-17   3.3878e-18
 6170.00   2.2667e-17   4.2791e-18
 6175.00   1.8333e-17   4.6997e-18
 6180.00   2.9586e-17   4.3932e-18
 6185.00   1.6292e-17   4.1981e-18
 6190.00   1.1304e-17   3.9610e-18
 6195.00   2.6700e-17   3.8145e-18
 6200.00   1.8459e-17   3.6375e-18
 6205.00  -9.7355e-18   3.6054e-18
 6210.00   1.9371e-17   3.3446e-18
 6215.00   1.8871e-17   3.2732e-18
 6220.00   2.0285e-17   3.2415e-18
 6225.00   1.6234e-17   3.0474e-18
 6230.00   1.8877e-17   2.9559e-18
 6235.00   1.4142e-17   3.3728e-18
 6240.00   1.8583e-17   2.9952e-18
 6245.00   2.1092e-17   2.8602e-18
 6250.00   1.7412e-17   2.7483e-18
 6255.00   1.5157e-17   2.7533e-18
 6260.00   2.2378e-17   2.8837e-18
 6265.00   2.3994e-17   2.8025e-18
 6270.00   1.9820e-17   2.7027e-18
 6275.00   1.8191e-17   2.6653e-18
 6280.00   1.3265e-17   2.6479e-18
 6285.00   2.3710e-17   2.7561e-18
 6290.00   5.9784e-18   2.6825e-18
 6295.00   2.3295e-17   2.6283e-18
 6300.00   1.6743e-17   3.2581e-18
 6305.00   3.6019e-17   2.8661e-18
 6310.00   1.6602e-17   2.6588e-18
 6315.00   2.6671e-17   2.6932e-18
 6320.00   2.3125e-17   2.8260e-18
 6325.00   2.4795e-17   2.7500e-18
 6330.00   1.5192e-17   3.0082e-18
 6335.00   2.5822e-17   2.8381e-18
 6340.00   2.8021e-17   2.9002e-18
 6345.00   2.3534e-17   2.9539e-18
 6350.00   1.8624e-17   3.0923e-18
 6355.00   1.7799e-17   3.1920e-18
 6360.00   1.8957e-17   3.1204e-18
 6365.00   1.3675e-17   3.6046e-18
 6370.00   2.8445e-17   3.2445e-18
 6375.00   2.5155e-17   3.1121e-18
 6380.00   2.6221e-17   3.0130e-18
 6385.00   2.5877e-17   3.0903e-18
 6390.00   1.6119e-17   2.9668e-18
 6395.00   2.0978e-17   2.9660e-18
 6400.00   2.8148e-17   3.1987e-18
 6405.00   2.8535e-17   3.1776e-18
 6410.00   2.5859e-17   3.2941e-18
 6415.00   2.6711e-17   4.0098e-18
 6420.00   3.5929e-17   3.9196e-18
 6425.00   2.3679e-17   3.6183e-18
 6430.00   2.4953e-17   3.5251e-18
 6435.00   2.8703e-17   3.3201e-18
 6440.00   3.4529e-17   3.2295e-18
 6445.00   2.9057e-17   3.0646e-18
 6450.00   2.0295e-17   3.0352e-18
 6455.00   1.7792e-17   2.9499e-18
 6460.00   2.6457e-17   2.7972e-18
 6465.00   2.7806e-17   3.0100e-18
 6470.00   3.0991e-17   2.8210e-18
 6475.00   2.6264e-17   2.5948e-18
 6480.00   2.0896e-17   2.5532e-18
 6485.00   2.4749e-17   2.4558e-18
 6490.00   2.1246e-17   2.4289e-18
 6495.00   2.5611e-17   2.3899e-18
 6500.00   2.7874e-17   2.5470e-18
 6505.00   3.0548e-17   2.4245e-18
 6510.00   3.2865e-17   2.2962e-18
 6515.00   2.9027e-17   2.3109e-18
 6520.00   2.7628e-17   2.3036e-18
 6525.00   2.9314e-17   2.2938e-18
 6530.00   2.6196e-17   2.2330e-18
 6535.00   2.4844e-17   2.3771e-18
 6540.00   2.7738e-17   2.2976e-18
 6545.00   3.0252e-17   2.3722e-18
 6550.00   2.6456e-17   2.2413e-18
 6555.00   2.4745e-17   2.4769e-18
 6560.00   2.6858e-17   2.2729e-18
 6565.00   3.0390e-17   2.3918e-18
 6570.00   3.1580e-17   2.4066e-18
 6575.00   2.8293e-17   2.4775e-18
 6580.00   2.5185e-17   2.3963e-18
 6585.00   2.6823e-17   2.3975e-18
 6590.00   3.2016e-17   2.4313e-18
 6595.00   2.3884e-17   2.4723e-18
 6600.00   2.6219e-17   2.4595e-18
 6605.00   3.2191e-17   2.6329e-18
 6610.00   3.2943e-17   2.5675e-18
 6615.00   3.3844e-17   2.5953e-18
 6620.00   3.0799e-17   2.6385e-18
 6625.00   3.0019e-17   2.7116e-18
 6630.00   2.9467e-17   2.8087e-18
 6635.00   2.7001e-17   2.5425e-18
 6640.00   3.6514e-17   2.5268e-18
 6645.00   2.7923e-17   2.4929e-18
 6650.00   2.4715e-17   2.4907e-18
 6655.00   2.5766e-17   2.5129e-18
 6660.00   2.5903e-17   2.5126e-18
 6665.00   2.3999e-17   2.5295e-18
 6670.00   2.7011e-17   2.6181e-18
 6675.00   2.2985e-17   3.4034e-18
 6680.00   3.0108e-17   3.2302e-18
 6685.00   2.6517e-17   3.1181e-18
 6690.00   2.3581e-17   2.9843e-18
 6695.00   2.2298e-17   2.9457e-18
 6700.00   3.6937e-17   2.8773e-18
 6705.00   2.5773e-17   2.7800e-18
 6710.00   2.4550e-17   2.6380e-18
 6715.00   2.7847e-17   2.6055e-18
 6720.00   3.0929e-17   2.4879e-18
 6725.00   2.7085e-17   2.4576e-18
 6730.00   2.3779e-17   2.4036e-18
 6735.00   3.3934e-17   2.3462e-18
 6740.00   2.8841e-17   2.3193e-18
 6745.00   3.0310e-17   2.3076e-18
 6750.00   2.5378e-17   2.2240e-18
 6755.00   2.5343e-17   2.1774e-18
 6760.00   2.4799e-17   2.1610e-18
 6765.00   2.7058e-17   2.1336e-18
 6770.00   2.9762e-17   2.1270e-18
 6775.00   2.6628e-17   2.0901e-18
 6780.00   2.5364e-17   2.0573e-18
 6785.00   2.2201e-17   2.0417e-18
 6790.00   3.0389e-17   2.0398e-18
 6795.00   2.4721e-17   2.0185e-18
 6800.00   2.4443e-17   2.0050e-18
 6805.00   2.4738e-17   2.0053e-18
 6810.00   2.5651e-17   2.0014e-18
 6815.00   1.9111e-17   2.2621e-18
 6820.00   2.0193e-17   1.9790e-18
 6825.00   2.2272e-17   2.0553e-18
 6830.00   2.3147e-17   2.4224e-18
 6835.00   2.0756e-17   2.3100e-18
 6840.00   2.0165e-17   2.1897e-18
 6845.00   2.1529e-17   2.0290e-18
 6850.00   2.1902e-17   2.0873e-18
 6855.00   2.1187e-17   2.0731e-18
 6860.00   2.3598e-17   2.2226e-18
 6865.00   1.4953e-17   2.4275e-18
 6870.00   1.5890e-17   2.1407e-18
 6875.00   2.2271e-17   2.1155e-18
 6880.00   1.9481e-17   2.3438e-18
 6885.00   1.1795e-17   2.2761e-18
 6890.00   2.3980e-17   2.4506e-18
 6895.00   9.2775e-18   2.3405e-18
 6900.00   2.0794e-17   2.5474e-18
 6905.00   2.1442e-17   2.4705e-18
 6910.00   1.7513e-17   2.5517e-18
 6915.00   1.7835e-17   2.3127e-18
 6920.00   1.7530e-17   2.1991e-18
 6925.00   2.6555e-17   2.4251e-18
 6930.00   1.9231e-17   2.1903e-18
 6935.00   1.7264e-17   2.1748e-18
 6940.00   1.8876e-17   2.3511e-18
 6945.00   2.3516e-17   2.1750e-18
 6950.00   2.0609e-17   2.4066e-18
 6955.00   2.0244e-17   2.4996e-18
 6960.00  -1.1992e-18   2.9098e-18
 6965.00   2.4144e-17   2.7415e-18
 6970.00   2.2791e-17   2.7414e-18
 6975.00   2.1157e-17   2.5096e-18
 6980.00   2.5060e-17   2.6880e-18
 6985.00   2.0450e-17   2.4128e-18
 6990.00   1.6978e-17   2.3019e-18
 6995.00   1.7749e-17   2.2726e-18
 7000.00   1.9145e-17   2.1960e-18
 7005.00   1.4198e-17   2.1711e-18
 7010.00   2.7657e-17   2.2372e-18
 7015.00   1.2864e-17   1.9926e-18
 7020.00   1.8882e-17   1.9772e-18
 7025.00   2.3233e-17   1.9386e-18
 7030.00   1.8814e-17   1.9323e-18
 7035.00   1.8221e-17   1.8741e-18
 7040.00   2.0766e-17   1.9150e-18
 7045.00   1.8405e-17   1.9313e-18
 7050.00   2.0246e-17   2.0993e-18
 7055.00   2.3712e-17   1.8774e-18
 7060.00   1.8054e-17   1.8329e-18
 7065.00   1.7908e-17   1.8892e-18
 7070.00   1.9548e-17   1.7981e-18
 7075.00   2.1990e-17   1.7981e-18
 7080.00   1.9211e-17   1.8180e-18
 7085.00   2.3447e-17   1.7763e-18
 7090.00   1.8463e-17   1.8615e-18
 7095.00   1.7818e-17   1.6974e-18
 7100.00   1.5469e-17   1.7365e-18
 7105.00   1.5876e-17   1.7284e-18
 7110.00   2.0634e-17   1.7086e-18
 7115.00   1.6106e-17   1.6807e-18
 7120.00   2.1716e-17   1.6749e-18
 7125.00   2.0915e-17   1.7177e-18
 7130.00   1.7789e-17   1.7396e-18
 7135.00   1.5712e-17   1.7611e-18
 7140.00   1.5564e-17   1.7506e-18
 7145.00   1.6633e-17   1.9099e-18
 7150.00   1.2338e-17   1.7915e-18
 7155.00   1.8028e-17   1.7695e-18
 7160.00   1.9365e-17   1.8636e-18
 7165.00   1.4804e-17   1.8604e-18
 7170.00   1.5675e-17   1.8602e-18
 7175.00   1.7017e-17   1.9107e-18
 7180.00   4.2801e-18   2.0369e-18
 7185.00   1.6619e-17   1.8772e-18
 7190.00   1.1758e-17   1.9303e-18
 7195.00   1.4335e-17   1.9512e-18
 7200.00   1.4411e-17   2.0168e-18
 7205.00   1.3834e-17   2.0494e-18
 7210.00   1.5759e-17   2.1214e-18
 7215.00   1.2044e-17   2.1493e-18
 7220.00   1.9206e-17   1.9212e-18
 7225.00   1.6612e-17   1.9396e-18
 7230.00   1.3332e-17   1.9865e-18
 7235.00   1.4716e-17   1.9668e-18
 7240.00   2.0632e-17   2.8339e-18
 7245.00   1.8308e-17   2.4889e-18
 7250.00   1.3354e-17   2.0355e-18
 7255.00   1.6058e-17   2.1749e-18
 7260.00   1.6361e-17   1.9329e-18
 7265.00   1.1533e-17   2.3921e-18
 7270.00   1.0775e-17   2.6350e-18
 7275.00   1.7732e-17   2.9120e-18
 7280.00   1.8443e-17   2.3509e-18
 7285.00   1.7304e-17   2.5729e-18
 7290.00   1.5714e-17   2.1938e-18
 7295.00   2.2678e-17   2.2560e-18
 7300.00   1.9478e-17   1.9920e-18
 7305.00   1.0413e-17   2.2192e-18
 7310.00   1.6162e-17   1.9775e-18
 7315.00   1.3113e-17   2.2052e-18
 7320.00   1.1764e-17   1.8086e-18
 7325.00   1.6125e-17   1.7905e-18
 7330.00   1.6908e-17   2.0675e-18
 7335.00   1.7784e-17   1.7467e-18
 7340.00   1.2932e-17   1.9882e-18
 7345.00   1.4818e-17   1.7406e-18
 7350.00   1.6355e-17   1.7958e-18
 7355.00   1.4883e-17   1.7048e-18
 7360.00   1.7952e-17   1.8781e-18
 7365.00   1.5432e-17   1.7046e-18
 7370.00   2.2891e-17   1.8818e-18
 7375.00   2.0179e-17   1.6549e-18
 7380.00   1.9545e-17   1.6229e-18
 7385.00   1.4149e-17   1.5826e-18
 7390.00   1.7645e-17   1.7417e-18
 7395.00   2.1319e-17   1.6034e-18
 7400.00   2.0172e-17   1.7916e-18
 7405.00   1.6973e-17   1.5490e-18
 7410.00   1.6779e-17   1.5752e-18
 7415.00   1.2041e-17   1.6023e-18
 7420.00   1.5963e-17   1.5432e-18
 7425.00   1.8023e-17   1.5368e-18
 7430.00   1.5667e-17   1.6594e-18
 7435.00   1.7471e-17   1.5294e-18
 7440.00   1.2982e-17   1.7466e-18
 7445.00   1.7808e-17   1.5511e-18
 7450.00   1.5699e-17   1.5418e-18
 7455.00   1.6107e-17   1.5547e-18
 7460.00   1.3964e-17   1.6281e-18
 7465.00   2.1106e-17   1.7469e-18
 7470.00   1.4451e-17   1.7807e-18
 7475.00   1.6955e-17   1.7614e-18
 7480.00   1.6854e-17   1.8802e-18
 7485.00   1.7974e-17   1.8383e-18
 7490.00   1.6026e-17   1.6799e-18
 7495.00   1.4072e-17   1.7453e-18
 7500.00   1.8262e-17   1.7144e-18
 7505.00   1.5419e-17   1.7185e-18
 7510.00   1.6857e-17   1.7405e-18
 7515.00   1.7861e-17   1.8455e-18
 7520.00   1.6956e-17   1.8967e-18
 7525.00   1.3938e-17   2.2244e-18
 7530.00   2.0910e-17   2.0763e-18
 7535.00   1.7346e-17   2.0036e-18
 7540.00   1.5153e-17   2.0452e-18
 7545.00   1.6444e-17   2.0159e-18
 7550.00   1.8244e-17   1.8856e-18
 7555.00   1.9400e-17   1.7902e-18
 7560.00   1.8509e-17   1.8125e-18
 7565.00   1.5719e-17   1.7658e-18
 7570.00   1.4319e-17   1.9953e-18
 7575.00   2.0945e-17   1.8467e-18
 7580.00   1.7185e-17   1.7139e-18
 7585.00   1.9392e-17   1.8706e-18
 7590.00   9.4178e-18   1.6925e-18
 7595.00   5.8003e-18   1.5948e-18
 7600.00   9.1536e-18   1.9119e-18
 7605.00   1.2214e-18   1.9835e-18
 7610.00   6.8972e-18   2.0082e-18
 7615.00   1.0673e-17   1.9659e-18
 7620.00   1.8797e-17   2.2276e-18
 7625.00  -5.2861e-19   1.9851e-18
 7630.00   8.2764e-18   1.9505e-18
 7635.00   8.8668e-18   1.7525e-18
 7640.00   6.5989e-18   1.7819e-18
 7645.00   1.2182e-17   1.7399e-18
 7650.00   1.5139e-17   1.7129e-18
 7655.00   1.3961e-17   1.7323e-18
 7660.00   3.7519e-18   1.7362e-18
 7665.00   2.0508e-17   1.6579e-18
 7670.00   2.1268e-17   1.5801e-18
 7675.00   1.5773e-17   1.5741e-18
 7680.00   1.9358e-17   1.6263e-18
 7685.00   2.1236e-17   1.6498e-18
 7690.00   2.0069e-17   1.6867e-18
 7695.00   2.4973e-17   1.6361e-18
 7700.00   1.9865e-17   1.6785e-18
 7705.00   2.1309e-17   1.5194e-18
 7710.00   1.8011e-17   1.6459e-18
 7715.00   1.9364e-17   2.5379e-18
 7720.00   2.0874e-17   1.6727e-18
 7725.00   2.4250e-17   1.9138e-18
 7730.00   2.1883e-17   1.5455e-18
 7735.00   2.2228e-17   1.6706e-18
 7740.00   2.5936e-17   1.5453e-18
 7745.00   1.7693e-17   1.5778e-18
 7750.00   2.5062e-17   2.0674e-18
 7755.00   1.5903e-17   1.5822e-18
 7760.00   2.3332e-17   1.6654e-18
 7765.00   2.2661e-17   1.4773e-18
 7770.00   2.1390e-17   1.5444e-18
 7775.00   2.2458e-17   1.7189e-18
 7780.00   2.3954e-17   1.7005e-18
 7785.00   2.3210e-17   1.6372e-18
 7790.00   2.1324e-17   1.7349e-18
 7795.00   2.0538e-17   1.8455e-18
 7800.00   1.9358e-17   1.5472e-18
 7805.00   2.0066e-17   1.5653e-18
 7810.00   2.7342e-17   1.8849e-18
 7815.00   2.2992e-17   1.6990e-18
 7820.00   2.2548e-17   2.0322e-18
 7825.00   2.0025e-17   1.6186e-18
 7830.00   1.8217e-17   1.6399e-18
 7835.00   2.2428e-17   1.6641e-18
 7840.00   2.0258e-17   1.8323e-18
 7845.00   2.2573e-17   1.5996e-18
 7850.00   2.2374e-17   1.9576e-18
 7855.00   2.2423e-17   2.0033e-18
 7860.00   1.8667e-17   2.0603e-18
 7865.00   1.8986e-17   1.7420e-18
 7870.00   1.9676e-17   2.0848e-18
 7875.00   1.9381e-17   1.7189e-18
 7880.00   2.9467e-17   2.3358e-18
 7885.00   1.8047e-17   2.0235e-18
 7890.00   2.1099e-17   2.4218e-18
 7895.00   2.5625e-17   2.0350e-18
 7900.00   2.2036e-17   1.9153e-18
 7905.00   2.1539e-17   2.0254e-18
 7910.00   1.9097e-17   2.1597e-18
 7915.00   2.1068e-17   2.0898e-18
 7920.00   1.9945e-17   2.1526e-18
 7925.00   1.6304e-17   1.6891e-18
 7930.00   1.2655e-17   2.0883e-18
 7935.00   1.6052e-17   1.6380e-18
 7940.00   1.5061e-17   1.6309e-18
 7945.00   1.7453e-17   1.6862e-18
 7950.00   2.1225e-17   1.8113e-18
 7955.00   1.7159e-17   1.5825e-18
 7960.00   1.8248e-17   1.5785e-18
 7965.00   1.9184e-17   1.8845e-18
 7970.00   1.6847e-17   1.9152e-18
 7975.00   2.1800e-17   2.2064e-18
 7980.00   2.1268e-17   2.3033e-18
 7985.00   2.7297e-17   1.9350e-18
 7990.00   2.2153e-17   2.0431e-18
 7995.00   1.6722e-17   2.3117e-18
 8000.00   1.8015e-17   1.9841e-18
 8005.00   1.7964e-17   1.8165e-18
 8010.00   2.1251e-17   1.8045e-18
 8015.00   1.5604e-17   2.0240e-18
 8020.00   1.7412e-17   1.8601e-18
 8025.00   2.0030e-17   2.0616e-18
 8030.00   2.2670e-17   1.9485e-18
 8035.00   1.9799e-17   1.6705e-18
 8040.00   1.4098e-17   1.6390e-18
 8045.00   3.6097e-17   1.6799e-18
 8050.00   6.4974e-17   2.1615e-18
 8055.00   1.8704e-17   1.5835e-18
 8060.00   1.7062e-17   1.7190e-18
 8065.00   1.8090e-17   1.5867e-18
 8070.00   2.0860e-17   1.4804e-18
 8075.00   2.4068e-17   1.5707e-18
 8080.00   1.7699e-17   1.4821e-18
 8085.00   2.0431e-17   1.5697e-18
 8090.00   1.7694e-17   1.4083e-18
 8095.00   1.5746e-17   1.5329e-18
 8100.00   1.6108e-17   1.5464e-18
 8105.00   1.5799e-17   1.5370e-18
 8110.00   1.6664e-17   1.4330e-18
 8115.00   1.3699e-17   1.4238e-18
 8120.00   1.6768e-17   1.3870e-18
 8125.00   1.9949e-17   1.4103e-18
 8130.00   1.3641e-17   1.4147e-18
 8135.00   1.5969e-17   1.3947e-18
 8140.00   1.4932e-17   1.4710e-18
 8145.00   1.4175e-17   1.4546e-18
 8150.00   1.5673e-17   1.3376e-18
 8155.00   1.7926e-17   1.3270e-18
 8160.00   1.5855e-17   1.3194e-18
 8165.00   1.7074e-17   1.3229e-18
 8170.00   1.3230e-17   1.3083e-18
 8175.00   1.2758e-17   1.3125e-18
 8180.00   1.3531e-17   1.3222e-18
 8185.00   1.5468e-17   1.3372e-18
 8190.00   1.3687e-17   1.3989e-18
 8195.00   1.6343e-17   1.4341e-18
 8200.00   1.4983e-17   1.3286e-18
 8205.00   1.8537e-17   1.4255e-18
 8210.00   1.4720e-17   1.4176e-18
 8215.00   1.6721e-17   1.4380e-18
 8220.00   1.3942e-17   1.4107e-18
 8225.00   1.4968e-17   1.4262e-18
 8230.00   1.2772e-17   1.3672e-18
 8235.00   2.9923e-17   1.5248e-18
 8240.00   1.1422e-17   1.5462e-18
 8245.00   1.1667e-17   1.5174e-18
 8250.00   1.4611e-17   1.5674e-18
 8255.00   2.7637e-17   1.6086e-18
 8260.00   1.7700e-17   1.5366e-18
 8265.00   1.7951e-17   1.5580e-18
 8270.00   1.7320e-17   1.5855e-18
 8275.00   1.5565e-17   1.5959e-18
 8280.00   1.3807e-17   2.6890e-18
 8285.00   1.3196e-17   2.0320e-18
 8290.00   1.2903e-17   2.1129e-18
 8295.00   1.2769e-17   1.8841e-18
 8300.00   1.6259e-17   2.1467e-18
 8305.00   1.9141e-17   1.8924e-18
 8310.00   1.8588e-17   2.0538e-18
 8315.00   1.2174e-17   1.8082e-18
 8320.00   9.2187e-18   1.5679e-18
 8325.00   1.1464e-17   1.5003e-18
 8330.00   1.3572e-17   1.5008e-18
 8335.00   1.4296e-17   1.5303e-18
 8340.00   1.4655e-17   1.6174e-18
 8345.00   1.9891e-17   2.0921e-18
 8350.00   1.2693e-17   1.6965e-18
 8355.00   1.6028e-17   1.7136e-18
 8360.00   1.1658e-17   1.6488e-18
 8365.00   1.6285e-17   1.9065e-18
 8370.00   1.2704e-17   1.5138e-18
 8375.00   1.2103e-17   1.5021e-18
 8380.00   1.6151e-17   2.1737e-18
 8385.00   1.4092e-17   1.9067e-18
 8390.00   1.2089e-17   1.8784e-18
 8395.00   1.3404e-17   1.7790e-18
 8400.00   1.7290e-17   2.1458e-18
 8405.00   1.9290e-17   1.6820e-18
 8410.00   1.4438e-17   1.6380e-18
 8415.00   1.7882e-17   1.9185e-18
 8420.00   1.5359e-17   1.6027e-18
 8425.00   1.7476e-17   1.7501e-18
 8430.00   1.4754e-17   2.0642e-18
 8435.00   1.4851e-17   1.5997e-18
 8440.00   7.9309e-18   1.5200e-18
 8445.00   1.0284e-17   1.5022e-18
 8450.00   1.2588e-17   1.6397e-18
 8455.00   1.4525e-17   1.5437e-18
 8460.00   1.3321e-17   1.4657e-18
 8465.00   1.1953e-17   1.7543e-18
 8470.00   1.5267e-17   1.3973e-18
 8475.00   1.6464e-17   1.4546e-18
 8480.00   1.5924e-17   1.3681e-18
 8485.00   1.1966e-17   1.3584e-18
 8490.00   1.0312e-17   1.3370e-18
 8495.00   9.2311e-18   1.6660e-18
 8500.00   1.3094e-17   1.4522e-18
 8505.00   1.9187e-17   1.7289e-18
 8510.00   1.5762e-17   1.3258e-18
 8515.00   1.2130e-17   1.2962e-18
 8520.00   1.5895e-17   1.3427e-18
 8525.00   9.8051e-18   1.3251e-18
 8530.00   1.0280e-17   1.2840e-18
 8535.00   1.2628e-17   1.2742e-18
 8540.00   1.6260e-17   1.4488e-18
 8545.00   1.5044e-17   1.2944e-18
 8550.00   1.2947e-17   1.6205e-18
 8555.00   1.4061e-17   1.2836e-18
 8560.00   1.8221e-17   1.2745e-18
 8565.00   3.5153e-18   1.3290e-18
 8570.00   1.2844e-17   1.3069e-18
 8575.00   1.1887e-17   1.3611e-18
 8580.00   1.3091e-17   1.2818e-18
 8585.00   1.1946e-17   1.2743e-18
 8590.00   1.5200e-17   1.4332e-18
 8595.00   1.4883e-17   1.4194e-18
 8600.00   1.3146e-17   1.3122e-18
 8605.00   1.7069e-17   1.3464e-18
 8610.00   1.2985e-17   1.5649e-18
 8615.00   1.1311e-17   2.0661e-18
 8620.00   1.0755e-17   2.6118e-18
 8625.00   1.2582e-17   2.5993e-18
 8630.00   1.9811e-17   2.6809e-18
 8635.00   1.2722e-17   2.3475e-18
 8640.00   1.6474e-17   1.9698e-18
 8645.00   1.6813e-17   1.5315e-18
 8650.00   1.1237e-17   1.9603e-18
 8655.00   1.0909e-17   2.0124e-18
 8660.00   1.5981e-17   1.9737e-18
 8665.00   1.6315e-17   1.9295e-18
 8670.00   1.5843e-17   1.8932e-18
 8675.00   1.2834e-17   1.8480e-18
 8680.00   1.9908e-17   1.8269e-18
 8685.00   1.6586e-17   1.6645e-18
 8690.00   1.0286e-17   1.5549e-18
 8695.00   1.2989e-17   1.5444e-18
 8700.00   1.2411e-17   1.7244e-18
 8705.00   1.4918e-17   1.6387e-18
 8710.00   1.3271e-17   1.5634e-18
 8715.00   1.6165e-17   1.4598e-18
 8720.00   1.7559e-17   1.5032e-18
 8725.00   1.2888e-17   1.5681e-18
 8730.00   1.3948e-17   1.5112e-18
 8735.00   1.3521e-17   1.5714e-18
 8740.00   1.4010e-17   1.6782e-18
 8745.00   1.6736e-17   1.6688e-18
 8750.00   1.8699e-17   1.7033e-18
 8755.00   1.0490e-17   1.6802e-18
 8760.00   1.2186e-17   3.0069e-18
 8765.00   1.7916e-17   1.9471e-18
 8770.00   1.2563e-17   1.7822e-18
 8775.00   1.9484e-17   1.7559e-18
 8780.00   1.1348e-17   1.6889e-18
 8785.00   1.3852e-17   1.4141e-18
 8790.00   1.5757e-17   1.8313e-18
 8795.00   1.4856e-17   1.4224e-18
 8800.00   1.4606e-17   1.4244e-18
 8805.00   1.8379e-17   1.4037e-18
 8810.00   1.1459e-17   1.6056e-18
 8815.00   1.8017e-17   1.4288e-18
 8820.00   1.3011e-17   1.4352e-18
 8825.00   1.3385e-17   2.0729e-18
 8830.00   1.8076e-17   2.0868e-18
 8835.00   1.4656e-17   3.1036e-18
 8840.00   1.3589e-17   1.7471e-18
 8845.00   2.0600e-17   1.7979e-18
 8850.00   2.2692e-17   2.0283e-18
 8855.00   1.4563e-17   1.6747e-18
 8860.00   1.3210e-17   1.7404e-18
 8865.00   1.6466e-17   1.9735e-18
 8870.00   1.8154e-17   1.7199e-18
 8875.00   1.5962e-17   1.5280e-18
 8880.00   1.5159e-17   1.5016e-18
 8885.00   3.9499e-17   2.0126e-18
 8890.00   1.7531e-17   1.5822e-18
 8895.00   1.2479e-17   1.7455e-18
 8900.00   1.5664e-17   1.5220e-18
 8905.00   1.6648e-17   1.7767e-18
 8910.00   1.4121e-17   1.6030e-18
 8915.00   1.6158e-17   1.4145e-18
 8920.00   1.8932e-17   1.9396e-18
 8925.00   1.7737e-17   1.5192e-18
 8930.00   1.1130e-17   1.4800e-18
 8935.00   1.2717e-17   1.4747e-18
 8940.00   1.5375e-17   1.3939e-18
 8945.00   1.8647e-17   1.6200e-18
 8950.00   1.5826e-17   1.3094e-18
 8955.00   1.9746e-17   1.3579e-18
 8960.00   1.4018e-17   1.5297e-18
 8965.00   1.3086e-17   1.2685e-18
 8970.00   1.5624e-17   1.3899e-18
 8975.00   1.3464e-17   1.3158e-18
 8980.00   1.0649e-17   1.4525e-18
 8985.00   1.4071e-17   1.3504e-18
 8990.00   1.0064e-17   1.4826e-18
 8995.00   1.6292e-17   1.2557e-18
 9000.00   1.0773e-17   1.6267e-18
 9005.00   1.3260e-17   1.1872e-18
 9010.00   9.3910e-18   1.1456e-18
 9015.00   1.0621e-17   1.1229e-18
 9020.00   1.1917e-17   1.2422e-18
 9025.00   1.1194e-17   1.1544e-18
 9030.00   1.0212e-17   1.3360e-18
 9035.00   1.4454e-17   1.2330e-18
 9040.00   1.6135e-17   1.3913e-18
 9045.00   1.1786e-17   1.2766e-18
 9050.00   9.0623e-18   1.6604e-18
 9055.00   1.0487e-17   1.3043e-18
 9060.00   1.3801e-17   1.2415e-18
 9065.00   8.0600e-18   1.4194e-18
 9070.00   9.4709e-18   1.3832e-18
 9075.00   2.5412e-17   1.2713e-18
 9080.00   1.2069e-17   1.2462e-18
 9085.00   7.2602e-18   1.3212e-18
 9090.00   9.1250e-18   1.3689e-18
 9095.00   5.1596e-18   1.4679e-18
 9100.00   8.5803e-18   1.3912e-18
 9105.00   1.4721e-17   1.4558e-18
 9110.00   1.3088e-17   1.3273e-18
 9115.00   1.3713e-17   1.3355e-18
 9120.00   1.7130e-17   1.3358e-18
 9125.00   4.6222e-18   1.3958e-18
 9130.00   1.3154e-17   1.3470e-18
 9135.00   1.2838e-17   1.4335e-18
 9140.00   1.5788e-17   1.4611e-18
 9145.00   1.9757e-17   1.4869e-18
 9150.00   1.6547e-17   1.6313e-18
 9155.00   1.4234e-17   1.6572e-18
 9160.00   1.5064e-17   1.9488e-18
 9165.00   7.6614e-18   1.5675e-18
 9170.00   1.6058e-17   1.5754e-18
 9175.00   1.2098e-17   1.5591e-18
 9180.00   1.7687e-17   1.6487e-18
 9185.00   1.3516e-17   1.6140e-18
 9190.00   1.5543e-17   1.6312e-18
 9195.00   1.3827e-17   1.6172e-18
 9200.00   1.4656e-17   1.7161e-18
 9205.00   1.6272e-17   1.7444e-18
 9210.00   1.1776e-17   1.7968e-18
 9215.00   9.3789e-18   2.1045e-18
 9220.00   1.2920e-17   1.8468e-18
 9225.00   1.8905e-17   2.2639e-18
 9230.00   1.4076e-17   1.8725e-18
 9235.00   1.4871e-17   1.9066e-18
 9240.00   1.4627e-17   1.9396e-18
 9245.00   3.1406e-18   2.0278e-18
 9250.00   1.8773e-17   2.3254e-18
 9255.00   1.5224e-17   2.1388e-18
 9260.00   1.0539e-17   1.6851e-18
 9265.00   1.0389e-17   1.6905e-18
 9270.00   1.5848e-17   1.6456e-18
 9275.00   1.2882e-17   1.6440e-18
 9280.00   9.6529e-18   1.6283e-18
 9285.00   1.5585e-17   1.8362e-18
 9290.00   1.6596e-17   1.7328e-18
 9295.00   1.5624e-17   1.9196e-18
 9300.00   1.3780e-17   1.6554e-18
 9305.00   1.2277e-17   2.3548e-18
 9310.00   1.0910e-17   3.2332e-18
 9315.00   3.9445e-18   2.4186e-18
 9320.00   6.2795e-18   2.0948e-18
 9325.00   9.9069e-18   2.2578e-18
 9330.00   9.4506e-18   2.0521e-18
 9335.00   2.7711e-18   2.0862e-18
 9340.00   4.0678e-18   2.1739e-18
 9345.00   6.6116e-18   1.8374e-18
 9350.00   1.2756e-17   2.6579e-18
 9355.00   7.1590e-18   1.8348e-18
 9360.00   3.1649e-18   1.9699e-18
 9365.00   9.3785e-18   1.8886e-18
 9370.00   1.1344e-17   1.9978e-18
 9375.00  -3.0789e-18   4.5802e-18
 9380.00   8.3620e-18   1.9291e-18
 9385.00   3.2359e-18   2.2592e-18
 9390.00   1.2487e-17   1.7901e-18
 9395.00   1.6669e-17   1.9893e-18
 9400.00   1.5117e-17   2.1914e-18
 9405.00   1.1135e-17   1.9477e-18
 9410.00   1.2608e-17   1.7022e-18
 9415.00   8.2478e-18   1.8156e-18
 9420.00   1.0498e-17   2.6428e-18
 9425.00   2.5250e-18   1.8220e-18
 9430.00   5.6542e-18   1.6020e-18
 9435.00   2.6581e-18   1.9387e-18
 9440.00   6.0943e-18   3.1318e-18
 9445.00   5.7586e-18   1.7999e-18
 9450.00   6.5131e-18   2.0764e-18
 9455.00   8.0991e-18   1.8150e-18
 9460.00   7.2910e-18   2.2947e-18
 9465.00   7.7400e-18   1.6251e-18
 9470.00   7.6623e-18   1.6147e-18
 9475.00   1.0193e-17   2.3381e-18
 9480.00   2.2202e-18   1.8740e-18
 9485.00   4.5385e-18   1.7090e-18
 9490.00   6.4596e-18   1.7819e-18
 9495.00   3.6976e-18   1.5563e-18
 9500.00   6.0565e-18   1.7749e-18
 9505.00   7.3921e-18   1.9856e-18
 9510.00   8.8199e-18   1.6643e-18
 9515.00   1.0922e-18   1.6380e-18
 9520.00   1.4351e-17   2.3487e-18
 9525.00   1.2198e-17   1.6560e-18
 9530.00   5.6632e-18   1.8776e-18
 9535.00   9.4802e-18   2.0145e-18
 9540.00   8.4680e-18   1.6021e-18
 9545.00   3.4373e-18   1.5067e-18
 9550.00   1.2920e-17   1.8947e-18
 9555.00   7.6189e-18   1.7837e-18
 9560.00   1.2574e-17   1.7743e-18
 9565.00   9.0830e-18   2.0011e-18
 9570.00   9.1729e-18   2.2056e-18
 9575.00   8.1207e-18   1.7761e-18
 9580.00   3.4489e-18   1.5615e-18
 9585.00  -1.6984e-17   1.6941e-18
 9590.00   3.7343e-18   1.6401e-18
 9595.00   2.1180e-18   1.6248e-18
 9600.00   3.3584e-18   1.6258e-18
 9605.00   8.5690e-18   1.8509e-18
 9610.00   8.9865e-18   1.9879e-18
 9615.00   4.1438e-18   1.8068e-18
 9620.00   9.4063e-18   2.4666e-18
 9625.00   1.4255e-18   1.9923e-18
 9630.00   6.7920e-18   2.0682e-18
 9635.00   3.4013e-18   1.7979e-18
 9640.00   8.3432e-18   1.8499e-18
 9645.00   2.7373e-18   1.7488e-18
 9650.00   3.7575e-18   1.9295e-18
 9655.00   5.0634e-18   2.1714e-18
 9660.00   4.9992e-18   2.2076e-18
 9665.00   1.1878e-17   2.0465e-18
 9670.00   2.0957e-18   2.8168e-18
 9675.00   4.6296e-18   2.2181e-18
 9680.00  -1.0152e-18   3.3290e-18
 9685.00   1.2342e-17   2.4108e-18
 9690.00   1.3800e-18   2.4726e-18
 9695.00   1.4257e-18   2.2926e-18
 9700.00   7.5892e-18   2.9504e-18
 9705.00   4.0930e-18   2.3189e-18
 9710.00   6.8351e-18   2.6450e-18
 9715.00   5.3018e-18   2.3569e-18
 9720.00   5.9168e-18   3.5174e-18
 9725.00  -1.9608e-18   2.6347e-18
 9730.00   1.8584e-18   2.6559e-18
 9735.00   1.9727e-18   3.2070e-18
 9740.00   2.8239e-18   2.9306e-18
 9745.00   9.2195e-19   3.2521e-18
 9750.00  -2.4333e-18   2.6056e-18
 9755.00  -1.3347e-19   2.7554e-18
 9760.00   6.6334e-18   2.7086e-18
 9765.00   3.9492e-18   2.7553e-18
 9770.00   3.0877e-18   2.8304e-18
 9775.00   1.0483e-17   2.9619e-18
 9780.00  -4.3554e-18   3.0697e-18
 9785.00   8.3510e-18   3.2346e-18
 9790.00   1.0239e-17   5.5778e-18
 9795.00   3.5010e-18   3.2156e-18
 9800.00   1.2127e-17   3.6442e-18
 9805.00   5.7611e-18   3.1200e-18
 9810.00   2.6040e-18   3.9580e-18
 9815.00  -4.8456e-18   5.3481e-18
 9820.00   1.0032e-18   5.1751e-18
 9825.00   5.0440e-18   4.7042e-18
 9830.00   1.2839e-17   4.8552e-18
 9835.00   1.7124e-17   4.4879e-18
 9840.00   1.5022e-17   4.2540e-18
 9845.00   1.9559e-17   4.5715e-18
 9850.00  -1.1216e-17   5.1722e-18
 9855.00   3.4875e-18   4.1592e-18
 9860.00  -1.6406e-18   4.0848e-18
 9865.00   4.9988e-18   4.2307e-18
 9870.00   6.7719e-18   5.8488e-18
 9875.00   1.1121e-17   4.7772e-18
 9880.00  -2.2427e-19   4.0162e-18
 9885.00   7.4019e-18   4.6475e-18
 9890.00   2.1409e-18   4.1023e-18
 9895.00  -1.4587e-17   5.8670e-18
 9900.00   1.0332e-18   4.1779e-18
 9905.00   2.0065e-17   3.9740e-18
 9910.00   4.2137e-18   4.2846e-18
 9915.00   3.8534e-17   6.7729e-18
 9920.00   1.4146e-17   4.0353e-18
 9925.00   4.1229e-19   3.8726e-18
 9930.00   8.0200e-18   3.9210e-18
 9935.00   5.5406e-18   4.1701e-18
 9940.00  -1.0930e-18   6.0790e-18
 9945.00   4.1092e-17   9.8067e-18
 9950.00   1.7442e-17   6.1603e-18
 9955.00   2.2367e-17   6.8858e-18
 9960.00   4.3616e-17   7.6446e-18
 9965.00  -3.7650e-18   4.8343e-18
 9970.00  -7.4013e-18   5.3025e-18
 9975.00  -2.0943e-18   5.2742e-18
 9980.00   1.7602e-17   4.9990e-18
 9985.00   3.3877e-19   4.0898e-18
 9990.00   2.0968e-18   4.1341e-18
 9995.00   2.0968e-18   9.9999e+04
10000.00   2.0968e-18   9.9999e+04
