 
TRANSIENT_NAME:     DES15S2eaq 
SNID:               1306147    
OBS_DATE:           2015-10-15
MJD:                57310. 
PHASE_EXP:          +37.   
MJD_EXP:            57270.0 (De Jaeger et. al.: MNRAS, 495, 4860D, 2020)
TYPE:               129
SPEC_EVAL:          SNII?
REDSHIFT:           0.0680  
REDSHIFT_ERR:       0.0005  
REDSHIFT_SOURCE:    Z_GAL
TELESCOPE:          SALT
INSTRUMENT:         RSS
 
======================================
 
# WAVE  FLUX  FLUX_ERR
 3838.92   5.6609e-19   1.9231e-19
 3841.99   6.0337e-19   1.9202e-19
 3845.06   6.2169e-19   1.9928e-19
 3848.13   6.5320e-19   1.9353e-19
 3851.20   6.7755e-19   1.8639e-19
 3854.27   7.7619e-19   1.9363e-19
 3857.35   8.5986e-19   1.9745e-19
 3860.42   9.3963e-19   1.9054e-19
 3863.49   8.9340e-19   1.9434e-19
 3866.56   7.7528e-19   1.8537e-19
 3869.63   9.2759e-19   1.8630e-19
 3872.70   9.9874e-19   1.9162e-19
 3875.78   9.1328e-19   1.8501e-19
 3878.85   9.5195e-19   1.9103e-19
 3881.92   1.0612e-18   1.8815e-19
 3884.99   1.2149e-18   1.9848e-19
 3888.06   1.1508e-18   1.9734e-19
 3891.13   1.0482e-18   2.0371e-19
 3894.20   1.1380e-18   2.1283e-19
 3897.28   1.0775e-18   2.1203e-19
 3900.35   1.0002e-18   2.1491e-19
 3903.42   1.0911e-18   2.1402e-19
 3906.49   1.0019e-18   2.0729e-19
 3909.56   9.0699e-19   2.0130e-19
 3912.63   9.5697e-19   1.9741e-19
 3915.71   9.3364e-19   1.9279e-19
 3918.78   1.0143e-18   1.9805e-19
 3921.85   9.1775e-19   1.8808e-19
 3924.92   1.0171e-18   1.9359e-19
 3927.99   9.8388e-19   1.9120e-19
 3931.06   1.0724e-18   1.9754e-19
 3934.14   1.0130e-18   1.9556e-19
 3937.21   1.4006e-18   2.0714e-19
 3940.28   1.2859e-18   2.0786e-19
 3943.35   1.2675e-18   2.0621e-19
 3946.42   1.3600e-18   2.0981e-19
 3949.49   1.3118e-18   2.0175e-19
 3952.56   1.2038e-18   1.9595e-19
 3955.64   1.3766e-18   1.9555e-19
 3958.71   1.6805e-18   1.9975e-19
 3961.78   1.8037e-18   1.9585e-19
 3964.85   2.6893e-18   2.1411e-19
 3967.92   3.4809e-18   2.2696e-19
 3970.99   4.1990e-18   2.4013e-19
 3974.06   4.7592e-18   2.5006e-19
 3977.14   4.7414e-18   2.4943e-19
 3980.21   4.0822e-18   2.4011e-19
 3983.28   3.2320e-18   2.3116e-19
 3986.35   2.2316e-18   2.1840e-19
 3989.42   1.4519e-18   2.0724e-19
 3992.49   1.3774e-18   2.1056e-19
 3995.57   1.2663e-18   2.0540e-19
 3998.64   1.3382e-18   2.1583e-19
 4001.71   1.1161e-18   2.1027e-19
 4004.78   1.5516e-18   2.1334e-19
 4007.85   1.4880e-18   2.0919e-19
 4010.92   1.4798e-18   2.0723e-19
 4014.00   1.6072e-18   2.0663e-19
 4017.07   1.5967e-18   2.0494e-19
 4020.14   1.2439e-18   1.9769e-19
 4023.21   1.4085e-18   2.0115e-19
 4026.28   1.6491e-18   2.0657e-19
 4029.35   1.7092e-18   2.0719e-19
 4032.42   1.7458e-18   2.1054e-19
 4035.50   1.7663e-18   2.0821e-19
 4038.57   1.7935e-18   2.1052e-19
 4041.64   1.8803e-18   2.1752e-19
 4044.71   1.8187e-18   2.1477e-19
 4047.78   1.5401e-18   2.0691e-19
 4050.85   1.4955e-18   2.0639e-19
 4053.93   1.5033e-18   2.1183e-19
 4057.00   1.7505e-18   2.1356e-19
 4060.07   1.7074e-18   2.1362e-19
 4063.14   1.8435e-18   2.1698e-19
 4066.21   1.8656e-18   2.1861e-19
 4069.28   1.8180e-18   2.1231e-19
 4072.35   1.7934e-18   2.1177e-19
 4075.43   1.6588e-18   2.1036e-19
 4078.50   1.7403e-18   2.0666e-19
 4081.57   1.7453e-18   2.0608e-19
 4084.64   1.6961e-18   2.0156e-19
 4087.71   1.5534e-18   2.0126e-19
 4090.78   1.6277e-18   2.0106e-19
 4093.86   1.5649e-18   1.9542e-19
 4096.93   1.5478e-18   1.9186e-19
 4100.00   1.7706e-18   1.9537e-19
 4103.07   1.8183e-18   1.9619e-19
 4106.14   1.9410e-18   1.9699e-19
 4109.21   2.2078e-18   2.0001e-19
 4112.28   2.2128e-18   2.0418e-19
 4115.36   2.1084e-18   2.0312e-19
 4118.43   2.0222e-18   1.9893e-19
 4121.50   2.3574e-18   2.0587e-19
 4124.57   2.1199e-18   2.0554e-19
 4127.64   2.0950e-18   2.0272e-19
 4130.71   2.2406e-18   2.0667e-19
 4133.79   2.2304e-18   2.0868e-19
 4136.86   2.0985e-18   2.0221e-19
 4139.93   1.7954e-18   1.9527e-19
 4143.00   1.8403e-18   1.9625e-19
 4146.07   2.0109e-18   2.0191e-19
 4149.14   1.9778e-18   2.0434e-19
 4152.21   1.7026e-18   1.9860e-19
 4155.29   1.8619e-18   2.0081e-19
 4158.36   1.9410e-18   2.0445e-19
 4161.43   2.0758e-18   2.1248e-19
 4164.50   2.1110e-18   2.0827e-19
 4167.57   2.2665e-18   2.0999e-19
 4170.64   2.3138e-18   2.1157e-19
 4173.72   2.1696e-18   2.0571e-19
 4176.79   2.1833e-18   2.0446e-19
 4179.86   2.5505e-18   2.0760e-19
 4182.93   2.4886e-18   2.0541e-19
 4186.00   2.1123e-18   1.9675e-19
 4189.07   2.1449e-18   1.9259e-19
 4192.14   2.0874e-18   1.9217e-19
 4195.22   2.0132e-18   1.9034e-19
 4198.29   2.0843e-18   1.9050e-19
 4201.36   2.1687e-18   1.9129e-19
 4204.43   2.1829e-18   1.9129e-19
 4207.50   2.4222e-18   1.9617e-19
 4210.57   2.4407e-18   1.9330e-19
 4213.65   2.3268e-18   1.8981e-19
 4216.72   2.3262e-18   1.8771e-19
 4219.79   2.4084e-18   1.8910e-19
 4222.86   2.2395e-18   1.8584e-19
 4225.93   2.2822e-18   1.8663e-19
 4229.00   2.0968e-18   1.8503e-19
 4232.07   1.8700e-18   1.8129e-19
 4235.15   1.9725e-18   1.8439e-19
 4238.22   1.9621e-18   1.8474e-19
 4241.29   2.1334e-18   1.8842e-19
 4244.36   2.1895e-18   1.8654e-19
 4247.43   2.2733e-18   1.8685e-19
 4250.50   2.1192e-18   1.8477e-19
 4253.58   2.3886e-18   1.8843e-19
 4256.65   2.4471e-18   1.9018e-19
 4259.72   2.6455e-18   1.9273e-19
 4262.79   2.7441e-18   1.9216e-19
 4265.86   2.6837e-18   1.9129e-19
 4268.93   2.4903e-18   1.8677e-19
 4272.00   2.5476e-18   1.8758e-19
 4275.08   2.5598e-18   1.8778e-19
 4278.15   2.6060e-18   1.8826e-19
 4281.22   2.4890e-18   1.8417e-19
 4284.29   2.5832e-18   1.8542e-19
 4287.36   2.4985e-18   1.8442e-19
 4290.43   2.2094e-18   1.7773e-19
 4293.51   2.2137e-18   1.7694e-19
 4296.58   2.4521e-18   1.7984e-19
 4299.65   2.3977e-18   1.7994e-19
 4302.72   2.3040e-18   1.7714e-19
 4305.79   2.3980e-18   1.8002e-19
 4308.86   2.4813e-18   1.8132e-19
 4311.94   2.5077e-18   1.8258e-19
 4315.01   2.3303e-18   1.8035e-19
 4318.08   2.4800e-18   1.8248e-19
 4321.15   2.5649e-18   1.8207e-19
 4324.22   2.5075e-18   1.8119e-19
 4327.29   2.5117e-18   1.7962e-19
 4330.36   2.4696e-18   1.7762e-19
 4333.44   2.4431e-18   1.7702e-19
 4336.51   2.3845e-18   1.7529e-19
 4339.58   2.4752e-18   1.7550e-19
 4342.65   2.5504e-18   1.7597e-19
 4345.72   2.5412e-18   1.7604e-19
 4348.79   2.4798e-18   1.7726e-19
 4351.86   2.4239e-18   1.7817e-19
 4354.94   2.4523e-18   1.7883e-19
 4358.01   2.4470e-18   1.7748e-19
 4361.08   2.5197e-18   1.7752e-19
 4364.15   2.4510e-18   1.7530e-19
 4367.22   2.3854e-18   1.7386e-19
 4370.29   2.3236e-18   1.7361e-19
 4373.37   2.3121e-18   1.7191e-19
 4376.44   2.1975e-18   1.6960e-19
 4379.51   2.2356e-18   1.7231e-19
 4382.58   2.3052e-18   1.7322e-19
 4385.65   2.3033e-18   1.7068e-19
 4388.72   2.3345e-18   1.7048e-19
 4391.79   2.3836e-18   1.7390e-19
 4394.87   2.4012e-18   1.7734e-19
 4397.94   2.3876e-18   1.7952e-19
 4401.01   2.4070e-18   1.7976e-19
 4404.08   2.4781e-18   1.7972e-19
 4407.15   2.3595e-18   1.8201e-19
 4410.22   2.0207e-18   1.7818e-19
 4413.30   1.6298e-18   1.6997e-19
 4416.37   2.0512e-18   1.8093e-19
 4419.44   2.4394e-18   1.8375e-19
 4422.51   2.5042e-18   1.7818e-19
 4425.58   2.5192e-18   1.7626e-19
 4428.65   2.5247e-18   1.7523e-19
 4431.73   2.4405e-18   1.7205e-19
 4434.80   2.4310e-18   1.7058e-19
 4437.87   2.5470e-18   1.7333e-19
 4440.94   2.4823e-18   1.7362e-19
 4444.01   2.4198e-18   1.7162e-19
 4447.08   2.4249e-18   1.7156e-19
 4450.15   2.4503e-18   1.7097e-19
 4453.23   2.4335e-18   1.7000e-19
 4456.30   2.2990e-18   1.6623e-19
 4459.37   2.2995e-18   1.6408e-19
 4462.44   2.4003e-18   1.6573e-19
 4465.51   2.4680e-18   1.6724e-19
 4468.58   2.5578e-18   1.6684e-19
 4471.66   2.5746e-18   1.6691e-19
 4474.73   2.4176e-18   1.6548e-19
 4477.80   2.2653e-18   1.6238e-19
 4480.87   2.3556e-18   1.6413e-19
 4483.94   2.4391e-18   1.6499e-19
 4487.01   2.3660e-18   1.6360e-19
 4490.08   2.3691e-18   1.6362e-19
 4493.16   2.4408e-18   1.6436e-19
 4496.23   2.3679e-18   1.6381e-19
 4499.30   2.3445e-18   1.6368e-19
 4502.37   2.3547e-18   1.6357e-19
 4505.44   2.3709e-18   1.6369e-19
 4508.51   2.4591e-18   1.6490e-19
 4511.59   2.4385e-18   1.6604e-19
 4514.66   2.3741e-18   1.6567e-19
 4517.73   2.4019e-18   1.6540e-19
 4520.80   2.4538e-18   1.6625e-19
 4523.87   2.4419e-18   1.6680e-19
 4526.94   2.3298e-18   1.6450e-19
 4530.01   2.2291e-18   1.6380e-19
 4533.09   2.2642e-18   1.6571e-19
 4536.16   2.4413e-18   1.6846e-19
 4539.23   2.3315e-18   1.6790e-19
 4542.30   2.2877e-18   1.6672e-19
 4545.37   2.3317e-18   1.6640e-19
 4548.44   2.5397e-18   1.6884e-19
 4551.52   2.5313e-18   1.6631e-19
 4554.59   2.4034e-18   1.6222e-19
 4557.66   2.2813e-18   1.6017e-19
 4560.73   2.2778e-18   1.6094e-19
 4563.80   2.4125e-18   1.6193e-19
 4566.87   2.3706e-18   1.6135e-19
 4569.94   2.2945e-18   1.6186e-19
 4573.02   2.3386e-18   1.6205e-19
 4576.09   2.3150e-18   1.6117e-19
 4579.16   2.2861e-18   1.6004e-19
 4582.23   2.2792e-18   1.5922e-19
 4585.30   2.3638e-18   1.5993e-19
 4588.37   2.3995e-18   1.6001e-19
 4591.45   2.2667e-18   1.5778e-19
 4594.52   2.2533e-18   1.5786e-19
 4597.59   2.2008e-18   1.5727e-19
 4600.66   2.2371e-18   1.5658e-19
 4603.73   2.2843e-18   1.5527e-19
 4606.80   2.1325e-18   1.5326e-19
 4609.87   2.1926e-18   1.5439e-19
 4612.95   2.2183e-18   1.5525e-19
 4616.02   2.3958e-18   1.5852e-19
 4619.09   2.3954e-18   1.5742e-19
 4622.16   2.3086e-18   1.5493e-19
 4625.23   2.4389e-18   1.5520e-19
 4628.30   2.5069e-18   1.5637e-19
 4631.38   2.5835e-18   1.5766e-19
 4634.45   2.4670e-18   1.5720e-19
 4637.52   2.5610e-18   1.5734e-19
 4640.59   2.6183e-18   1.5627e-19
 4643.66   2.4224e-18   1.5412e-19
 4646.73   2.3362e-18   1.5438e-19
 4649.80   2.2755e-18   1.5330e-19
 4652.88   2.2361e-18   1.5349e-19
 4655.95   2.4711e-18   1.5600e-19
 4659.02   2.5756e-18   1.5733e-19
 4662.09   2.4252e-18   1.5644e-19
 4665.16   2.4538e-18   1.5718e-19
 4668.23   2.3678e-18   1.5527e-19
 4671.31   2.4671e-18   1.5655e-19
 4674.38   2.5713e-18   1.5661e-19
 4677.45   2.4853e-18   1.5529e-19
 4680.52   2.3984e-18   1.5510e-19
 4683.59   2.2575e-18   1.5150e-19
 4686.66   2.3893e-18   1.5230e-19
 4689.73   2.3131e-18   1.5256e-19
 4692.81   2.4879e-18   1.5296e-19
 4695.88   2.6117e-18   1.5464e-19
 4698.95   1.9484e-18   1.4832e-19
 4702.02   1.9095e-18   1.4619e-19
 4705.09   2.0129e-18   1.4888e-19
 4708.16   1.9596e-18   1.4879e-19
 4711.24   2.0083e-18   1.4903e-19
 4714.31   2.3198e-18   1.4885e-19
 4717.38   2.2533e-18   1.4769e-19
 4720.45   2.4786e-18   1.4973e-19
 4723.52   2.5784e-18   1.5151e-19
 4726.59   2.5016e-18   1.4959e-19
 4729.67   2.4836e-18   1.4886e-19
 4732.74   2.5155e-18   1.4862e-19
 4735.81   2.5454e-18   1.4769e-19
 4738.88   2.5639e-18   1.4747e-19
 4741.95   2.5163e-18   1.4750e-19
 4745.02   2.3559e-18   1.4593e-19
 4748.09   2.2048e-18   1.4420e-19
 4751.17   2.2963e-18   1.4542e-19
 4754.24   2.3324e-18   1.4535e-19
 4757.31   2.2818e-18   1.4475e-19
 4760.38   2.2752e-18   1.4407e-19
 4763.45   2.2440e-18   1.4276e-19
 4766.52   2.3923e-18   1.4539e-19
 4769.60   2.3130e-18   1.4470e-19
 4772.67   2.3538e-18   1.4425e-19
 4775.74   2.3419e-18   1.4383e-19
 4778.81   2.4198e-18   1.4528e-19
 4781.88   2.5277e-18   1.4623e-19
 4784.95   2.4468e-18   1.4611e-19
 4788.02   2.3535e-18   1.4559e-19
 4791.10   2.2675e-18   1.4343e-19
 4794.17   2.2974e-18   1.4387e-19
 4797.24   2.4205e-18   1.4476e-19
 4800.31   2.3505e-18   1.4415e-19
 4803.38   2.3318e-18   1.4460e-19
 4806.45   2.3180e-18   1.4352e-19
 4809.52   2.3057e-18   1.4384e-19
 4812.60   2.3058e-18   1.4403e-19
 4815.67   2.3377e-18   1.4530e-19
 4818.74   2.3917e-18   1.4652e-19
 4821.81   2.3596e-18   1.4730e-19
 4824.88   2.3581e-18   1.4766e-19
 4827.95   2.4858e-18   1.4936e-19
 4831.03   2.4618e-18   1.4888e-19
 4834.10   2.3880e-18   1.4730e-19
 4837.17   2.3642e-18   1.4665e-19
 4840.24   2.3320e-18   1.4509e-19
 4843.31   2.2826e-18   1.4301e-19
 4846.38   2.2639e-18   1.4173e-19
 4849.46   2.3702e-18   1.4152e-19
 4852.53   2.4634e-18   1.4182e-19
 4855.60   2.3847e-18   1.4069e-19
 4858.67   2.2689e-18   1.3916e-19
 4861.74   2.2383e-18   1.3858e-19
 4864.81   2.2914e-18   1.3815e-19
 4867.88   2.3022e-18   1.3770e-19
 4870.96   2.3495e-18   1.3875e-19
 4874.03   2.3885e-18   1.3963e-19
 4877.10   2.3122e-18   1.3930e-19
 4880.17   2.3089e-18   1.3920e-19
 4883.24   2.3636e-18   1.4022e-19
 4886.31   2.3004e-18   1.3918e-19
 4889.39   2.2570e-18   1.3805e-19
 4892.46   2.4304e-18   1.3972e-19
 4895.53   2.5090e-18   1.4079e-19
 4898.60   2.4546e-18   1.3895e-19
 4901.67   2.4264e-18   1.3774e-19
 4904.74   2.3930e-18   1.3737e-19
 4907.81   2.3500e-18   1.3603e-19
 4910.89   2.2153e-18   1.3433e-19
 4913.96   2.2475e-18   1.3369e-19
 4917.03   2.3402e-18   1.3510e-19
 4920.10   2.3107e-18   1.3484e-19
 4923.17   2.3167e-18   1.3559e-19
 4926.24   2.2853e-18   1.3519e-19
 4929.32   2.3785e-18   1.3490e-19
 4932.39   2.3496e-18   1.3500e-19
 4935.46   2.2423e-18   1.3089e-19
 5101.32   2.0687e-18   1.2498e-19
 5104.39   2.0307e-18   1.2416e-19
 5107.46   2.0463e-18   1.2584e-19
 5110.54   2.1105e-18   1.2721e-19
 5113.61   2.1729e-18   1.2720e-19
 5116.68   2.1233e-18   1.2530e-19
 5119.75   2.0886e-18   1.2469e-19
 5122.82   2.2030e-18   1.2648e-19
 5125.89   2.2749e-18   1.2822e-19
 5128.97   2.3294e-18   1.2844e-19
 5132.04   2.3022e-18   1.2759e-19
 5135.11   2.3195e-18   1.2705e-19
 5138.18   2.3865e-18   1.2781e-19
 5141.25   2.3097e-18   1.2785e-19
 5144.32   2.1853e-18   1.2615e-19
 5147.40   2.1823e-18   1.2573e-19
 5150.47   2.3142e-18   1.2766e-19
 5153.54   2.2611e-18   1.2657e-19
 5156.61   2.2579e-18   1.2683e-19
 5159.68   2.1812e-18   1.2442e-19
 5162.75   2.2544e-18   1.2477e-19
 5165.82   2.3834e-18   1.2626e-19
 5168.90   2.3786e-18   1.2648e-19
 5171.97   2.0869e-18   1.2209e-19
 5175.04   2.2261e-18   1.2378e-19
 5178.11   2.2650e-18   1.2381e-19
 5181.18   2.5415e-18   1.2686e-19
 5184.25   2.9342e-18   1.3084e-19
 5187.33   3.1222e-18   1.3301e-19
 5190.40   3.0780e-18   1.3339e-19
 5193.47   3.1174e-18   1.3506e-19
 5196.54   2.9529e-18   1.3425e-19
 5199.61   2.8479e-18   1.3509e-19
 5202.68   2.4972e-18   1.3103e-19
 5205.75   2.2087e-18   1.2686e-19
 5208.83   2.2713e-18   1.2794e-19
 5211.90   2.3061e-18   1.2722e-19
 5214.97   2.2416e-18   1.2679e-19
 5218.04   2.0600e-18   1.2293e-19
 5221.11   2.2526e-18   1.2588e-19
 5224.18   2.3750e-18   1.2770e-19
 5227.25   2.1870e-18   1.2577e-19
 5230.33   2.3569e-18   1.2794e-19
 5233.40   2.2716e-18   1.2615e-19
 5236.47   2.3709e-18   1.2686e-19
 5239.54   2.2410e-18   1.2597e-19
 5242.61   2.2847e-18   1.2654e-19
 5245.68   2.3739e-18   1.2720e-19
 5248.76   2.3446e-18   1.2673e-19
 5251.83   2.2154e-18   1.2459e-19
 5254.90   2.3399e-18   1.2638e-19
 5257.97   2.6014e-18   1.2916e-19
 5261.04   2.0552e-18   1.2192e-19
 5264.11   2.3688e-18   1.2556e-19
 5267.19   2.3090e-18   1.2316e-19
 5270.26   2.2978e-18   1.2302e-19
 5273.33   2.2336e-18   1.2290e-19
 5276.40   2.2948e-18   1.2327e-19
 5279.47   2.3744e-18   1.2437e-19
 5282.54   2.5105e-18   1.2651e-19
 5285.61   2.7207e-18   1.2851e-19
 5288.69   2.8534e-18   1.2933e-19
 5291.76   2.9686e-18   1.2944e-19
 5294.83   3.0090e-18   1.3076e-19
 5297.90   3.0432e-18   1.3163e-19
 5300.97   2.9971e-18   1.3176e-19
 5304.04   2.9350e-18   1.3146e-19
 5307.12   2.7737e-18   1.2966e-19
 5310.19   2.4848e-18   1.2727e-19
 5313.26   2.4387e-18   1.2839e-19
 5316.33   2.3531e-18   1.2750e-19
 5319.40   2.3779e-18   1.2717e-19
 5322.47   2.4816e-18   1.2804e-19
 5325.54   2.3954e-18   1.2767e-19
 5328.62   2.5145e-18   1.2773e-19
 5331.69   2.7247e-18   1.2932e-19
 5334.76   2.9600e-18   1.3072e-19
 5337.83   3.5728e-18   1.3606e-19
 5340.90   4.1527e-18   1.4092e-19
 5343.97   4.5420e-18   1.4316e-19
 5347.05   4.6523e-18   1.4433e-19
 5350.12   4.5267e-18   1.4324e-19
 5353.19   4.2020e-18   1.4076e-19
 5356.26   3.5623e-18   1.3607e-19
 5359.33   2.7608e-18   1.2848e-19
 5362.40   2.1981e-18   1.2291e-19
 5365.47   2.0728e-18   1.2237e-19
 5368.55   2.2225e-18   1.2382e-19
 5371.62   2.4335e-18   1.2552e-19
 5374.69   2.4260e-18   1.2476e-19
 5377.76   2.3754e-18   1.2463e-19
 5380.83   2.3881e-18   1.2508e-19
 5383.90   2.3607e-18   1.2425e-19
 5386.98   2.2098e-18   1.2193e-19
 5390.05   2.3939e-18   1.2437e-19
 5393.12   2.4680e-18   1.2447e-19
 5396.19   2.4075e-18   1.2395e-19
 5399.26   2.3519e-18   1.2255e-19
 5402.33   2.4471e-18   1.2327e-19
 5405.40   2.4327e-18   1.2348e-19
 5408.48   2.3711e-18   1.2311e-19
 5411.55   2.3243e-18   1.2370e-19
 5414.62   2.1761e-18   1.2126e-19
 5417.69   2.3686e-18   1.2371e-19
 5420.76   2.2397e-18   1.2187e-19
 5423.83   2.2938e-18   1.2209e-19
 5426.91   2.3237e-18   1.2436e-19
 5429.98   2.1489e-18   1.2222e-19
 5433.05   2.2248e-18   1.2190e-19
 5436.12   2.2209e-18   1.2206e-19
 5439.19   2.2612e-18   1.2352e-19
 5442.26   2.0692e-18   1.2065e-19
 5445.33   2.1939e-18   1.2285e-19
 5448.41   2.4559e-18   1.2520e-19
 5451.48   2.1999e-18   1.2238e-19
 5454.55   2.2771e-18   1.2319e-19
 5457.62   2.4307e-18   1.2587e-19
 5460.69   2.2357e-18   1.2277e-19
 5463.76   2.4068e-18   1.2483e-19
 5466.84   2.2742e-18   1.2414e-19
 5469.91   2.3301e-18   1.2411e-19
 5472.98   2.5263e-18   1.2570e-19
 5476.05   2.6232e-18   1.2586e-19
 5479.12   2.5049e-18   1.2528e-19
 5482.19   2.4247e-18   1.2371e-19
 5485.26   2.3154e-18   1.2272e-19
 5488.34   2.4834e-18   1.2689e-19
 5491.41   2.3974e-18   1.2594e-19
 5494.48   2.3390e-18   1.2622e-19
 5497.55   2.4149e-18   1.2674e-19
 5500.62   2.1925e-18   1.2455e-19
 5503.69   2.2612e-18   1.2545e-19
 5506.77   2.2666e-18   1.2557e-19
 5509.84   2.2939e-18   1.2606e-19
 5512.91   2.3465e-18   1.2727e-19
 5515.98   2.3793e-18   1.2806e-19
 5519.05   2.2888e-18   1.2656e-19
 5522.12   2.3014e-18   1.2605e-19
 5525.19   2.3313e-18   1.2781e-19
 5528.27   2.3086e-18   1.2685e-19
 5531.34   2.2242e-18   1.2648e-19
 5534.41   2.2253e-18   1.2834e-19
 5537.48   2.2819e-18   1.2988e-19
 5540.55   2.2384e-18   1.3176e-19
 5543.62   2.2446e-18   1.3143e-19
 5546.70   2.2946e-18   1.3138e-19
 5549.77   2.3383e-18   1.3459e-19
 5552.84   2.5127e-18   1.3839e-19
 5555.91   2.5894e-18   1.4089e-19
 5558.98   2.4789e-18   1.4254e-19
 5595.84   2.2215e-18   1.3654e-19
 5598.91   2.2150e-18   1.3324e-19
 5601.98   2.2829e-18   1.3214e-19
 5605.06   2.2239e-18   1.3018e-19
 5608.13   2.2642e-18   1.2937e-19
 5611.20   2.3829e-18   1.2964e-19
 5614.27   2.1232e-18   1.2692e-19
 5617.34   2.2941e-18   1.2852e-19
 5620.41   2.4196e-18   1.2839e-19
 5623.48   2.2390e-18   1.2535e-19
 5626.56   2.1987e-18   1.2540e-19
 5629.63   2.1400e-18   1.2512e-19
 5632.70   2.3513e-18   1.2728e-19
 5635.77   2.1397e-18   1.2347e-19
 5638.84   2.4325e-18   1.2485e-19
 5641.91   2.3699e-18   1.2542e-19
 5644.99   2.3568e-18   1.2363e-19
 5648.06   2.2995e-18   1.2259e-19
 5651.13   2.4139e-18   1.2265e-19
 5654.20   2.4193e-18   1.2309e-19
 5657.27   2.4450e-18   1.2334e-19
 5660.34   2.4507e-18   1.2275e-19
 5663.41   2.4705e-18   1.2343e-19
 5666.49   2.2049e-18   1.1997e-19
 5669.56   2.3108e-18   1.2276e-19
 5672.63   2.2130e-18   1.2106e-19
 5675.70   2.3325e-18   1.2309e-19
 5678.77   2.2112e-18   1.2135e-19
 5681.84   2.3585e-18   1.2331e-19
 5684.92   2.3002e-18   1.2304e-19
 5687.99   2.1664e-18   1.2198e-19
 5691.06   2.4423e-18   1.2511e-19
 5694.13   2.1255e-18   1.2193e-19
 5697.20   2.0958e-18   1.2021e-19
 5700.27   2.1927e-18   1.2150e-19
 5703.34   2.2125e-18   1.2180e-19
 5706.42   2.3909e-18   1.2303e-19
 5709.49   2.4723e-18   1.2337e-19
 5712.56   2.4012e-18   1.2361e-19
 5715.63   2.1858e-18   1.2034e-19
 5718.70   2.1374e-18   1.2016e-19
 5721.77   2.0757e-18   1.1960e-19
 5724.85   2.1623e-18   1.1963e-19
 5727.92   2.1683e-18   1.2005e-19
 5730.99   2.3045e-18   1.2223e-19
 5734.06   2.2227e-18   1.2165e-19
 5737.13   2.0594e-18   1.1901e-19
 5740.20   2.0675e-18   1.1711e-19
 5743.27   2.2070e-18   1.1850e-19
 5746.35   2.2879e-18   1.1842e-19
 5749.42   2.1887e-18   1.1844e-19
 5752.49   2.1529e-18   1.1734e-19
 5755.56   2.1456e-18   1.1731e-19
 5758.63   2.1508e-18   1.1654e-19
 5761.70   2.3007e-18   1.1756e-19
 5764.78   2.2538e-18   1.1820e-19
 5767.85   2.1094e-18   1.1656e-19
 5770.92   2.1301e-18   1.1626e-19
 5773.99   2.0921e-18   1.1554e-19
 5777.06   2.0806e-18   1.1611e-19
 5780.13   2.0620e-18   1.1657e-19
 5783.20   2.1718e-18   1.1774e-19
 5786.28   2.1134e-18   1.1695e-19
 5789.35   2.1630e-18   1.1723e-19
 5792.42   2.1839e-18   1.1666e-19
 5795.49   2.1486e-18   1.1672e-19
 5798.56   1.9415e-18   1.1486e-19
 5801.63   1.8768e-18   1.1650e-19
 5804.71   1.8819e-18   1.1391e-19
 5807.78   1.9893e-18   1.1539e-19
 5810.85   2.0849e-18   1.1678e-19
 5813.92   2.0590e-18   1.1561e-19
 5816.99   2.0639e-18   1.1583e-19
 5820.06   2.1188e-18   1.1687e-19
 5823.13   2.2961e-18   1.1875e-19
 5826.21   2.3588e-18   1.2040e-19
 5829.28   2.2498e-18   1.1957e-19
 5832.35   2.1310e-18   1.1710e-19
 5835.42   1.9507e-18   1.1595e-19
 5838.49   2.0599e-18   1.1625e-19
 5841.56   2.0938e-18   1.1761e-19
 5844.64   2.0106e-18   1.1564e-19
 5847.71   2.1585e-18   1.1687e-19
 5850.78   1.8931e-18   1.1490e-19
 5853.85   1.9666e-18   1.1560e-19
 5856.92   2.0833e-18   1.1989e-19
 5859.99   2.1548e-18   1.2263e-19
 5863.06   1.9027e-18   1.2109e-19
 5866.14   1.9856e-18   1.2267e-19
 5869.21   1.9546e-18   1.2434e-19
 5872.28   2.2047e-18   1.2657e-19
 5875.35   2.2084e-18   1.2947e-19
 5878.42   2.0033e-18   1.3746e-19
 5881.49   2.1086e-18   1.5313e-19
 5884.57   2.1958e-18   1.6317e-19
 5887.64   2.2576e-18   1.7297e-19
 5890.71   2.0399e-18   1.6893e-19
 5893.78   1.9673e-18   1.6848e-19
 5896.85   2.1213e-18   1.6532e-19
 5899.92   2.1364e-18   1.5062e-19
 5902.99   1.9939e-18   1.3885e-19
 5906.07   2.0323e-18   1.2979e-19
 5909.14   2.0407e-18   1.2447e-19
 5912.21   2.0464e-18   1.2377e-19
 5915.28   2.0635e-18   1.2398e-19
 5918.35   1.9660e-18   1.2201e-19
 5921.42   2.0716e-18   1.2380e-19
 5924.50   1.9887e-18   1.2361e-19
 5927.57   1.9286e-18   1.2221e-19
 5930.64   2.0380e-18   1.2348e-19
 5933.71   2.0487e-18   1.2318e-19
 5936.78   2.0615e-18   1.2288e-19
 5939.85   2.1383e-18   1.2316e-19
 5942.92   2.0803e-18   1.2127e-19
 5946.00   1.9473e-18   1.1913e-19
 5949.07   1.9825e-18   1.1969e-19
 5952.14   1.9642e-18   1.1872e-19
 5955.21   1.9511e-18   1.1840e-19
 5958.28   2.0281e-18   1.2092e-19
 5961.35   1.9553e-18   1.1937e-19
 5964.43   1.9656e-18   1.1681e-19
 5967.50   1.9304e-18   1.1661e-19
 5970.57   1.9449e-18   1.1824e-19
 5973.64   1.9714e-18   1.1714e-19
 5976.71   1.9960e-18   1.1769e-19
 5979.78   1.9633e-18   1.1786e-19
 5982.85   2.0360e-18   1.1790e-19
 5985.93   2.0382e-18   1.1722e-19
 5989.00   2.0697e-18   1.1539e-19
 5992.07   2.0987e-18   1.1486e-19
 5995.14   1.9782e-18   1.1467e-19
 5998.21   2.0988e-18   1.1544e-19
 6001.28   2.1500e-18   1.1652e-19
 6004.36   2.1847e-18   1.1549e-19
 6007.43   2.0752e-18   1.1450e-19
 6010.50   2.0605e-18   1.1372e-19
 6013.57   2.0501e-18   1.1292e-19
 6016.64   2.0653e-18   1.1232e-19
 6019.71   2.0797e-18   1.1200e-19
 6022.79   2.0240e-18   1.1277e-19
 6025.86   1.8701e-18   1.1003e-19
 6028.93   2.1956e-18   1.1535e-19
 6032.00   2.0078e-18   1.1055e-19
 6035.07   1.9309e-18   1.1115e-19
 6038.14   2.0720e-18   1.1054e-19
 6041.21   1.9690e-18   1.0972e-19
 6044.29   1.9531e-18   1.0975e-19
 6047.36   2.0013e-18   1.0972e-19
 6050.43   2.0116e-18   1.1015e-19
 6053.50   2.1698e-18   1.0955e-19
 6056.57   1.9560e-18   1.0843e-19
 6059.64   2.0174e-18   1.0852e-19
 6062.72   1.8648e-18   1.0699e-19
 6065.79   2.0423e-18   1.0913e-19
 6068.86   1.9839e-18   1.0784e-19
 6071.93   1.9999e-18   1.0815e-19
 6075.00   2.0262e-18   1.0784e-19
 6078.07   2.0926e-18   1.0885e-19
 6081.14   1.9844e-18   1.0736e-19
 6084.22   1.9831e-18   1.0758e-19
 6087.29   1.9856e-18   1.0733e-19
 6090.36   2.0226e-18   1.0783e-19
 6093.43   2.0767e-18   1.0928e-19
 6096.50   2.0736e-18   1.0946e-19
 6099.57   1.9752e-18   1.0890e-19
 6102.65   1.9011e-18   1.0667e-19
 6105.72   1.9183e-18   1.0674e-19
 6108.79   1.9479e-18   1.0701e-19
 6111.86   2.0065e-18   1.0704e-19
 6114.93   1.9493e-18   1.0621e-19
 6118.00   1.9171e-18   1.0519e-19
 6121.07   1.9909e-18   1.0614e-19
 6124.15   2.0920e-18   1.0734e-19
 6127.22   2.0800e-18   1.0735e-19
 6130.29   2.0173e-18   1.0715e-19
 6133.36   1.9880e-18   1.0757e-19
 6136.43   2.0067e-18   1.0858e-19
 6139.50   1.9488e-18   1.0771e-19
 6142.58   1.9525e-18   1.0803e-19
 6145.65   1.9968e-18   1.0872e-19
 6148.72   1.9092e-18   1.0833e-19
 6151.79   2.0354e-18   1.0752e-19
 6154.86   2.0251e-18   1.0653e-19
 6157.93   2.0640e-18   1.0660e-19
 6161.00   2.0753e-18   1.0901e-19
 6164.08   2.0823e-18   1.0981e-19
 6167.15   1.9128e-18   1.0791e-19
 6170.22   1.9585e-18   1.0767e-19
 6173.29   1.8969e-18   1.0722e-19
 6176.36   2.0124e-18   1.0713e-19
 6179.43   1.8919e-18   1.0652e-19
 6182.51   2.0171e-18   1.0767e-19
 6185.58   2.0240e-18   1.0721e-19
 6188.65   1.9692e-18   1.0730e-19
 6191.72   1.9490e-18   1.0649e-19
 6194.79   1.8764e-18   1.0620e-19
 6197.86   1.8617e-18   1.0665e-19
 6200.93   1.9664e-18   1.0819e-19
 6204.01   1.9741e-18   1.0773e-19
 6207.08   1.9550e-18   1.0686e-19
 6210.15   2.0043e-18   1.0645e-19
 6213.22   2.0563e-18   1.0755e-19
 6216.29   2.2524e-18   1.0895e-19
 6219.36   2.1977e-18   1.0971e-19
 6222.44   2.0235e-18   1.0919e-19
 6225.51   2.1104e-18   1.1582e-19
 6228.58   2.0764e-18   1.1946e-19
 6231.65   1.9361e-18   1.1867e-19
 6234.72   1.8965e-18   1.1946e-19
 6237.79   1.9101e-18   1.1853e-19
 6240.86   2.0689e-18   1.2026e-19
 6243.94   1.8629e-18   1.1491e-19
 6247.01   2.0062e-18   1.1538e-19
 6250.08   2.1257e-18   1.1874e-19
 6253.15   1.9991e-18   1.1644e-19
 6256.22   2.1076e-18   1.1969e-19
 6259.29   2.1114e-18   1.1974e-19
 6262.37   2.0347e-18   1.1788e-19
 6265.44   1.9925e-18   1.1543e-19
 6268.51   2.0165e-18   1.1336e-19
 6271.58   2.1280e-18   1.1408e-19
 6274.65   2.1200e-18   1.1365e-19
 6277.72   2.0463e-18   1.1442e-19
 6280.79   1.9728e-18   1.1532e-19
 6283.87   1.9730e-18   1.1679e-19
 6317.65   1.9711e-18   1.1336e-19
 6320.73   1.9747e-18   1.1436e-19
 6323.80   1.9740e-18   1.1477e-19
 6326.87   1.9615e-18   1.1472e-19
 6329.94   1.9421e-18   1.1377e-19
 6333.01   2.1093e-18   1.1289e-19
 6336.08   1.9620e-18   1.1108e-19
 6339.15   1.8340e-18   1.0821e-19
 6342.23   1.9082e-18   1.0636e-19
 6345.30   2.0140e-18   1.0984e-19
 6348.37   2.0225e-18   1.1244e-19
 6382.16   2.0109e-18   1.0808e-19
 6385.23   1.9321e-18   1.0544e-19
 6388.30   1.9798e-18   1.0503e-19
 6391.37   2.0764e-18   1.0594e-19
 6394.44   1.9911e-18   1.0353e-19
 6397.51   2.0266e-18   1.0302e-19
 6400.58   1.9654e-18   1.0180e-19
 6403.66   1.9773e-18   1.0136e-19
 6406.73   2.0756e-18   1.0224e-19
 6409.80   2.0633e-18   1.0224e-19
 6412.87   2.0483e-18   1.0257e-19
 6415.94   2.0135e-18   1.0307e-19
 6419.01   1.8983e-18   1.0114e-19
 6422.09   1.9835e-18   1.0128e-19
 6425.16   2.0284e-18   1.0179e-19
 6428.23   2.0478e-18   1.0102e-19
 6431.30   1.9787e-18   1.0049e-19
 6434.37   1.9911e-18   1.0045e-19
 6437.44   2.0910e-18   1.0137e-19
 6440.52   2.0165e-18   1.0160e-19
 6443.59   1.9522e-18   1.0094e-19
 6446.66   1.8818e-18   9.9784e-20
 6449.73   1.8557e-18   1.0083e-19
 6452.80   1.9963e-18   1.0369e-19
 6455.87   2.0856e-18   1.0721e-19
 6458.94   2.0782e-18   1.0872e-19
 6462.02   1.9687e-18   1.0916e-19
 6465.09   1.8425e-18   1.0852e-19
 6468.16   1.8915e-18   1.0951e-19
 6471.23   1.8444e-18   1.0877e-19
 6474.30   1.9798e-18   1.0722e-19
 6477.37   1.9988e-18   1.0567e-19
 6480.45   2.0806e-18   1.0321e-19
 6483.52   1.9549e-18   1.0083e-19
 6486.59   1.9651e-18   1.0428e-19
 6489.66   2.0678e-18   1.0858e-19
 6492.73   2.0227e-18   1.0948e-19
 6495.80   1.9830e-18   1.1026e-19
 6498.87   2.0092e-18   1.1234e-19
 6501.95   1.8238e-18   1.0800e-19
 6505.02   1.9644e-18   1.0922e-19
 6508.09   1.8824e-18   1.0615e-19
 6511.16   1.9753e-18   1.0211e-19
 6514.23   2.0322e-18   1.0173e-19
 6517.30   2.0165e-18   1.0264e-19
 6520.38   2.0139e-18   1.0456e-19
 6523.45   2.1042e-18   1.0853e-19
 6526.52   1.9257e-18   1.0682e-19
 6529.59   2.1029e-18   1.0935e-19
 6532.66   2.0612e-18   1.0853e-19
 6535.73   1.9517e-18   1.0720e-19
 6538.80   2.0060e-18   1.0990e-19
 6541.88   1.9867e-18   1.0882e-19
 6544.95   2.0691e-18   1.1031e-19
 6548.02   2.2004e-18   1.1211e-19
 6551.09   1.9515e-18   1.0948e-19
 6554.16   2.0215e-18   1.0986e-19
 6557.23   1.7854e-18   1.0715e-19
 6560.31   1.9105e-18   1.0766e-19
 6563.38   1.8415e-18   1.0451e-19
 6566.45   1.8393e-18   1.0522e-19
 6569.52   1.8969e-18   1.0686e-19
 6572.59   1.9430e-18   1.0588e-19
 6575.66   1.8679e-18   1.0491e-19
 6578.73   1.9356e-18   1.0495e-19
 6581.81   1.8144e-18   1.0221e-19
 6584.88   1.6864e-18   9.9207e-20
 6587.95   1.7675e-18   9.8097e-20
 6591.02   1.8583e-18   9.9080e-20
 6594.09   1.8706e-18   1.0092e-19
 6597.16   1.9259e-18   1.0085e-19
 6600.24   1.8965e-18   1.0096e-19
 6603.31   1.8278e-18   9.9538e-20
 6606.38   1.8407e-18   9.8524e-20
 6609.45   1.8664e-18   9.7737e-20
 6612.52   1.8799e-18   9.7568e-20
 6615.59   1.8140e-18   9.6099e-20
 6618.66   1.8124e-18   9.5092e-20
 6621.74   1.8805e-18   9.5740e-20
 6624.81   1.8329e-18   9.6153e-20
 6627.88   1.8535e-18   9.6658e-20
 6630.95   1.9064e-18   9.7713e-20
 6634.02   1.9013e-18   9.7319e-20
 6637.09   1.9268e-18   9.7875e-20
 6640.17   1.8282e-18   9.6650e-20
 6643.24   1.8114e-18   9.5062e-20
 6646.31   1.7089e-18   9.3255e-20
 6649.38   1.7253e-18   9.2275e-20
 6652.45   1.7168e-18   9.3524e-20
 6655.52   1.6546e-18   9.3423e-20
 6658.59   1.7915e-18   9.3980e-20
 6661.67   1.6259e-18   9.3008e-20
 6664.74   1.7116e-18   9.5365e-20
 6667.81   1.6806e-18   9.5075e-20
 6670.88   1.7417e-18   9.5225e-20
 6673.95   1.7381e-18   9.5760e-20
 6677.02   1.6992e-18   9.5649e-20
 6680.10   1.6556e-18   9.5748e-20
 6683.17   1.5509e-18   9.4299e-20
 6686.24   1.6892e-18   9.5806e-20
 6689.31   1.5924e-18   9.3994e-20
 6692.38   1.6166e-18   9.3816e-20
 6695.45   1.6035e-18   9.4115e-20
 6698.52   1.6621e-18   9.3366e-20
 6701.60   1.7727e-18   9.4818e-20
 6704.67   1.7540e-18   9.4911e-20
 6707.74   1.6602e-18   9.2408e-20
 6710.81   1.6768e-18   9.2597e-20
 6713.88   1.7263e-18   9.2658e-20
 6716.95   1.6445e-18   9.1973e-20
 6720.03   1.8058e-18   9.3305e-20
 6723.10   1.8441e-18   9.3348e-20
 6726.17   1.7971e-18   9.2220e-20
 6729.24   1.8477e-18   9.3274e-20
 6732.31   1.7782e-18   9.2325e-20
 6735.38   1.7572e-18   9.2625e-20
 6738.46   1.6407e-18   9.1681e-20
 6741.53   1.5533e-18   8.9666e-20
 6744.60   1.6541e-18   9.0784e-20
 6747.67   1.6881e-18   9.1553e-20
 6750.74   1.6588e-18   9.0555e-20
 6753.81   1.6626e-18   9.0260e-20
 6756.88   1.6388e-18   8.9928e-20
 6759.96   1.6083e-18   8.9824e-20
 6763.03   1.6082e-18   8.9356e-20
 6766.10   1.5411e-18   8.8319e-20
 6769.17   1.5806e-18   8.8193e-20
 6772.24   1.5431e-18   8.8676e-20
 6775.31   1.5345e-18   8.8234e-20
 6778.38   1.5123e-18   8.7863e-20
 6781.46   1.6103e-18   9.0016e-20
 6784.53   1.5928e-18   8.9420e-20
 6787.60   1.6054e-18   8.8989e-20
 6790.67   1.6538e-18   8.9608e-20
 6793.74   1.6055e-18   8.9242e-20
 6796.81   1.5622e-18   8.8758e-20
 6799.89   1.5902e-18   8.9262e-20
 6802.96   1.5411e-18   8.8531e-20
 6806.03   1.5543e-18   8.8075e-20
 6809.10   1.4896e-18   8.9079e-20
 6812.17   1.5429e-18   9.0047e-20
 6815.24   1.5575e-18   9.3387e-20
 6818.31   1.6669e-18   1.0064e-19
 6821.39   1.5710e-18   1.0640e-19
 6824.46   1.5316e-18   1.1197e-19
 6827.53   1.4684e-18   1.1261e-19
 6830.60   1.4270e-18   1.1534e-19
 6833.67   1.5201e-18   1.1446e-19
 6836.74   1.5253e-18   1.1548e-19
 6839.82   1.6679e-18   1.1121e-19
 6842.89   1.3238e-18   1.0066e-19
 6845.96   1.3886e-18   9.5462e-20
 6849.03   1.5137e-18   9.4432e-20
 6852.10   1.3065e-18   1.0042e-19
 6855.17   1.4221e-18   1.0500e-19
 6858.25   1.4679e-18   1.0814e-19
 6861.32   1.4719e-18   1.0864e-19
 6864.39   1.3946e-18   1.1005e-19
 6867.46   1.2811e-18   1.0730e-19
 6870.53   1.2756e-18   1.0226e-19
 6873.60   1.3201e-18   9.4772e-20
 6876.67   1.3048e-18   9.0665e-20
 6879.75   1.3839e-18   9.2246e-20
 6882.82   1.4274e-18   9.2950e-20
 6885.89   1.3524e-18   9.3133e-20
 6888.96   1.2849e-18   9.1902e-20
 6892.03   1.4131e-18   9.5128e-20
 6895.10   1.4632e-18   9.6482e-20
 6898.18   1.5370e-18   9.4388e-20
 6901.25   1.5429e-18   9.6203e-20
 6904.32   1.7098e-18   1.0015e-19
 6907.39   1.6838e-18   1.0008e-19
 6910.46   1.5802e-18   1.0070e-19
 6913.53   1.5978e-18   1.0455e-19
 6916.60   1.7008e-18   1.0660e-19
 6919.68   1.7214e-18   1.0517e-19
 6922.75   1.7321e-18   1.0257e-19
 6925.82   1.7609e-18   1.0242e-19
 6928.89   1.7998e-18   1.0376e-19
 6931.96   1.7464e-18   1.0001e-19
 6935.03   1.7740e-18   9.8997e-20
 6938.11   1.7143e-18   1.0460e-19
 6941.18   1.7452e-18   1.0795e-19
 6944.25   1.8349e-18   1.0851e-19
 6947.32   1.8403e-18   1.0811e-19
 6950.39   1.7802e-18   1.0456e-19
 6953.46   1.8864e-18   1.0461e-19
 6956.53   1.9361e-18   1.0241e-19
 6959.61   1.7868e-18   9.7631e-20
 6962.68   1.7670e-18   9.5845e-20
 6965.75   1.9895e-18   1.0012e-19
 6968.82   1.9276e-18   1.0226e-19
 6971.89   1.8036e-18   1.0306e-19
 6974.96   2.0108e-18   1.0231e-19
 6978.04   1.9310e-18   9.9159e-20
 6981.11   2.0236e-18   9.8860e-20
 6984.18   1.9529e-18   9.5728e-20
 6987.25   1.9875e-18   9.5246e-20
 6990.32   2.0487e-18   9.4973e-20
 6993.39   2.3406e-18   9.7838e-20
 6996.46   2.9575e-18   1.0421e-19
 6999.54   4.0813e-18   1.1364e-19
 7002.61   4.5619e-18   1.1897e-19
 7005.68   4.7046e-18   1.1859e-19
 7008.75   5.0218e-18   1.1999e-19
 7011.82   4.7851e-18   1.1738e-19
 7014.89   4.0638e-18   1.1125e-19
 7017.97   2.6831e-18   1.0059e-19
 7021.04   2.2777e-18   9.4378e-20
 7024.11   2.2140e-18   9.2247e-20
 7027.18   2.2101e-18   9.2973e-20
 7030.25   2.2823e-18   9.5132e-20
 7033.32   2.2250e-18   9.4123e-20
 7036.39   2.0653e-18   9.4683e-20
 7039.47   1.8003e-18   9.4207e-20
 7042.54   1.7817e-18   9.4793e-20
 7045.61   1.7970e-18   9.5966e-20
 7048.68   1.7159e-18   9.5123e-20
 7051.75   1.6207e-18   9.4037e-20
 7054.82   1.7024e-18   9.4973e-20
 7057.90   1.6688e-18   9.3206e-20
 7060.97   1.5893e-18   9.1793e-20
 7064.04   1.7197e-18   9.3912e-20
 7067.11   1.7087e-18   9.2992e-20
 7070.18   1.6365e-18   9.2544e-20
 7073.25   1.5420e-18   9.2543e-20
 7076.32   1.6450e-18   9.3259e-20
 7079.40   1.6892e-18   9.2915e-20
 7082.47   1.5811e-18   9.2052e-20
 7085.54   1.5796e-18   9.0666e-20
 7088.61   1.6038e-18   9.1658e-20
 7091.68   1.6754e-18   9.2156e-20
 7094.75   1.6540e-18   9.0797e-20
 7097.83   1.6505e-18   8.8812e-20
 7100.90   1.6474e-18   8.8286e-20
 7103.97   1.6513e-18   8.9890e-20
 7107.04   1.6579e-18   8.7522e-20
 7110.11   1.5912e-18   8.7251e-20
 7113.18   1.5402e-18   8.7248e-20
 7116.25   1.5289e-18   8.6595e-20
 7119.33   1.5397e-18   8.8031e-20
 7122.40   1.4951e-18   8.7826e-20
 7125.47   1.6417e-18   8.9312e-20
 7128.54   1.6394e-18   8.9867e-20
 7131.61   1.6905e-18   9.1812e-20
 7134.68   1.5525e-18   8.9588e-20
 7137.76   1.5740e-18   9.1879e-20
 7140.83   1.4924e-18   9.1443e-20
 7143.90   1.5283e-18   9.0172e-20
 7146.97   1.5447e-18   9.1323e-20
 7150.04   1.6027e-18   9.1344e-20
 7153.11   1.5306e-18   9.0432e-20
 7156.19   1.4766e-18   9.1212e-20
 7159.26   1.5512e-18   9.1232e-20
 7162.33   1.8386e-18   9.3537e-20
 7165.40   1.8605e-18   9.3494e-20
 7168.47   2.0774e-18   9.6098e-20
 7171.54   2.1328e-18   9.5633e-20
 7174.61   2.1323e-18   9.4658e-20
 7177.69   2.0569e-18   9.3956e-20
 7180.76   2.0385e-18   9.3254e-20
 7183.83   1.7642e-18   9.1204e-20
 7186.90   1.7318e-18   8.8597e-20
 7189.97   1.6240e-18   8.7094e-20
 7193.04   1.6610e-18   8.7805e-20
 7196.12   1.5956e-18   8.7461e-20
 7199.19   1.4429e-18   8.6418e-20
 7202.26   1.3790e-18   8.6469e-20
 7205.33   1.3961e-18   8.7477e-20
 7208.40   1.3696e-18   8.6472e-20
 7211.47   1.4048e-18   8.7473e-20
 7214.54   1.5142e-18   8.9285e-20
 7217.62   1.5587e-18   9.1297e-20
 7220.69   1.4841e-18   9.2875e-20
 7223.76   1.4546e-18   9.3589e-20
 7226.83   1.4663e-18   9.9619e-20
 7229.90   1.4778e-18   1.1426e-19
 7232.97   1.4965e-18   1.2889e-19
 7236.04   1.3148e-18   1.3481e-19
 7239.12   1.3244e-18   1.3770e-19
 7242.19   1.4023e-18   1.4136e-19
 7245.26   1.3846e-18   1.4178e-19
 7248.33   1.3017e-18   1.3578e-19
 7251.40   1.2841e-18   1.2347e-19
 7254.47   1.2874e-18   1.0941e-19
 7257.55   1.3242e-18   1.0103e-19
 7260.62   1.3831e-18   1.0019e-19
 7263.69   1.3244e-18   1.0900e-19
 7266.76   1.2860e-18   1.2527e-19
 7269.83   1.3857e-18   1.3394e-19
 7272.90   1.3317e-18   1.3466e-19
 7275.98   1.2542e-18   1.3873e-19
 7279.05   1.3119e-18   1.4024e-19
 7282.12   1.3503e-18   1.3834e-19
 7285.19   1.1717e-18   1.2794e-19
 7288.26   1.1904e-18   1.1382e-19
 7291.33   1.3233e-18   1.1241e-19
 7294.40   1.3604e-18   1.1163e-19
 7297.48   1.4132e-18   1.0448e-19
 7300.55   1.4068e-18   1.1000e-19
 7303.62   1.2401e-18   1.1274e-19
 7306.69   1.4243e-18   1.2397e-19
 7309.76   1.4046e-18   1.2910e-19
 7312.83   1.4010e-18   1.2555e-19
 7315.91   1.3280e-18   1.2584e-19
 7318.98   1.4361e-18   1.2980e-19
 7322.05   1.4468e-18   1.2840e-19
 7325.12   1.4142e-18   1.2271e-19
 7328.19   1.4218e-18   1.1648e-19
 7331.26   1.3269e-18   1.3106e-19
 7334.33   1.3995e-18   1.3776e-19
 7337.41   1.2841e-18   1.3373e-19
 7340.48   1.4352e-18   1.2879e-19
 7343.55   1.4437e-18   1.2944e-19
 7346.62   1.3605e-18   1.2706e-19
 7349.69   1.4003e-18   1.2401e-19
 7352.76   1.4594e-18   1.1137e-19
 7355.84   1.5106e-18   1.1260e-19
 7358.91   1.3824e-18   1.2034e-19
 7361.98   1.5138e-18   1.2853e-19
 7365.05   1.4447e-18   1.2793e-19
 7368.12   1.3914e-18   1.2375e-19
 7371.19   1.4101e-18   1.2066e-19
 7374.26   1.4004e-18   1.1789e-19
 7377.34   1.3341e-18   1.1168e-19
 7380.41   1.3615e-18   1.0220e-19
 7383.48   1.3460e-18   1.0035e-19
 7386.55   1.3686e-18   1.0212e-19
 7389.62   1.4074e-18   1.0586e-19
 7392.69   1.4350e-18   1.1352e-19
 7395.77   1.3834e-18   1.1497e-19
 7398.84   1.3343e-18   1.1269e-19
 7401.91   1.3044e-18   1.1021e-19
 7404.98   1.4009e-18   1.0896e-19
 7408.05   1.3609e-18   1.0615e-19
 7411.12   1.3114e-18   9.9436e-20
 7414.19   1.2873e-18   9.2127e-20
 7417.27   1.3605e-18   9.1384e-20
 7420.34   1.3580e-18   9.4659e-20
 7423.41   1.3308e-18   9.4686e-20
 7426.48   1.3665e-18   9.5745e-20
 7429.55   1.3046e-18   1.0118e-19
 7432.62   1.4117e-18   1.0264e-19
 7435.70   1.3687e-18   1.0270e-19
 7438.77   1.3220e-18   1.0008e-19
 7441.84   1.3350e-18   9.7580e-20
 7444.91   1.4010e-18   1.0004e-19
 7447.98   1.2774e-18   9.0894e-20
 7451.05   1.2718e-18   8.9544e-20
 7454.12   1.3403e-18   9.2415e-20
 7457.20   1.3020e-18   9.4441e-20
 7460.27   1.4244e-18   9.7762e-20
 7463.34   1.1887e-18   1.0105e-19
 7466.41   1.5331e-18   1.0842e-19
 7469.48   1.4083e-18   1.0900e-19
 7472.55   1.3889e-18   1.1273e-19
 7475.63   1.3720e-18   1.1349e-19
 7478.70   1.3566e-18   1.1222e-19
 7481.77   1.3401e-18   1.0775e-19
 7484.84   1.3918e-18   1.0571e-19
 7487.91   1.5608e-18   1.0555e-19
 7490.98   1.3079e-18   9.7780e-20
 7494.05   1.4012e-18   9.4490e-20
 7497.13   1.2578e-18   9.1912e-20
 7500.20   1.2714e-18   8.9453e-20
 7503.27   1.3465e-18   9.0031e-20
 7506.34   1.2896e-18   9.0341e-20
 7509.41   1.4450e-18   9.4913e-20
 7512.48   1.3553e-18   9.9542e-20
 7515.56   1.3346e-18   1.1003e-19
 7518.63   1.4498e-18   1.1665e-19
 7521.70   1.4259e-18   1.1991e-19
 7524.77   1.4312e-18   1.1947e-19
 7527.84   1.4463e-18   1.2063e-19
 7530.91   1.3315e-18   1.1779e-19
 7533.98   1.2411e-18   1.0549e-19
 7537.06   1.2658e-18   1.0011e-19
 7540.13   1.2817e-18   9.5845e-20
 7543.20   1.3603e-18   9.3808e-20
 7546.27   1.3132e-18   9.3736e-20
 7549.34   1.2245e-18   9.2965e-20
 7552.41   1.1863e-18   9.2219e-20
 7555.49   1.2947e-18   9.3770e-20
 7558.56   1.2775e-18   9.6424e-20
 7561.63   1.2880e-18   1.0417e-19
 7564.70   1.3560e-18   1.1019e-19
 7567.77   1.2838e-18   1.0914e-19
 7570.84   1.2696e-18   1.0678e-19
 7573.92   1.2036e-18   1.0734e-19
 7576.99   1.1841e-18   1.0926e-19
 7580.06   1.1885e-18   1.0920e-19
 7583.13   1.1790e-18   9.9029e-20
 7684.49   1.1427e-18   9.7086e-20
 7687.56   1.2088e-18   9.7441e-20
 7690.63   1.3030e-18   9.8375e-20
 7693.71   1.2671e-18   1.0138e-19
 7696.78   1.3212e-18   1.0281e-19
 7699.85   1.2154e-18   1.0520e-19
 7702.92   1.2028e-18   1.1746e-19
 7705.99   1.1915e-18   1.3614e-19
 7709.06   1.1826e-18   1.5512e-19
 7712.13   1.1576e-18   1.6202e-19
 7715.21   1.1034e-18   1.6229e-19
 7718.28   1.2572e-18   1.6486e-19
 7721.35   1.2464e-18   1.6559e-19
 7724.42   1.1606e-18   1.4993e-19
 7727.49   1.1480e-18   1.3089e-19
 7730.56   1.3400e-18   1.1908e-19
 7733.64   1.3445e-18   1.1329e-19
 7736.71   1.3802e-18   1.0987e-19
 7739.78   1.3523e-18   1.2024e-19
 7742.85   1.2571e-18   1.3856e-19
 7745.92   1.3156e-18   1.4395e-19
 7748.99   1.3070e-18   1.4751e-19
 7752.06   1.3498e-18   1.5644e-19
 7755.14   1.4277e-18   1.6323e-19
 7758.21   1.3920e-18   1.5986e-19
 7761.28   9.8713e-19   1.3467e-19
 7764.35   1.2698e-18   1.2531e-19
 7767.42   1.2629e-18   1.2273e-19
 7770.49   1.2254e-18   1.1963e-19
 7773.57   1.2794e-18   1.1710e-19
 7776.64   1.4731e-18   1.2316e-19
 7779.71   1.3204e-18   1.1896e-19
 7782.78   1.2108e-18   1.3136e-19
 7785.85   1.3504e-18   1.4001e-19
 7788.92   1.5263e-18   1.4721e-19
 7791.99   1.2812e-18   1.4579e-19
 7795.07   1.3370e-18   1.3617e-19
 7798.14   1.3043e-18   1.4126e-19
 7801.21   1.4185e-18   1.4842e-19
 7804.28   1.3491e-18   1.3884e-19
 7807.35   1.2539e-18   1.2801e-19
 7810.42   1.4407e-18   1.2763e-19
 7813.50   1.2901e-18   1.4327e-19
 7816.57   1.2532e-18   1.4966e-19
 7819.64   1.4541e-18   1.5409e-19
 7822.71   1.5164e-18   1.5114e-19
 7825.78   1.2865e-18   1.4880e-19
 7828.85   1.3431e-18   1.4288e-19
 7831.92   1.3920e-18   1.4178e-19
 7835.00   1.3330e-18   1.2769e-19
 7838.07   1.3513e-18   1.2523e-19
 7841.14   1.4208e-18   1.2810e-19
 7844.21   1.3930e-18   1.3986e-19
 7847.28   1.3073e-18   1.5473e-19
 7850.35   1.3686e-18   1.6129e-19
 7853.43   1.3536e-18   1.6316e-19
 7856.50   1.1980e-18   1.6283e-19
 7859.57   1.2620e-18   1.6700e-19
 7862.64   1.2678e-18   1.6794e-19
 7865.71   1.2434e-18   1.5915e-19
 7868.78   1.2125e-18   1.5178e-19
 7871.85   1.1873e-18   1.4667e-19
 7874.93   1.2204e-18   1.4432e-19
 7878.00   1.1895e-18   1.4448e-19
 7881.07   1.2154e-18   1.4263e-19
 7884.14   1.3224e-18   1.4508e-19
 7887.21   1.3370e-18   1.4649e-19
 7890.28   1.2044e-18   1.4517e-19
 7893.36   1.2064e-18   1.3821e-19
 7896.43   1.3021e-18   1.3379e-19
 7899.50   1.3589e-18   1.2705e-19
 7902.57   1.3215e-18   1.2475e-19
 7905.64   1.3755e-18   1.3678e-19
 7908.71   1.1696e-18   1.5511e-19
 7911.78   1.0661e-18   1.6177e-19
 7914.86   1.2178e-18   1.7581e-19
 7917.93   1.2907e-18   1.7643e-19
 7921.00   1.1535e-18   1.7274e-19
 7924.07   1.3128e-18   1.8302e-19
 7927.14   1.2991e-18   1.5576e-19
 7930.21   1.4325e-18   1.4346e-19
 7933.29   1.2707e-18   1.3349e-19
 7936.36   1.1037e-18   1.2431e-19
 7939.43   1.1579e-18   1.2299e-19
 7942.50   1.3211e-18   1.2300e-19
 7945.57   1.0303e-18   1.1554e-19
 7948.64   1.2390e-18   1.2589e-19
 7951.71   1.4476e-18   1.3413e-19
 7954.79   1.2584e-18   1.3690e-19
 7957.86   1.5247e-18   1.6558e-19
 7960.93   1.6912e-18   1.5121e-19
 7964.00   1.3653e-18   1.5007e-19
 7967.07   1.5103e-18   1.5028e-19
 7970.14   1.3216e-18   1.5167e-19
 7973.22   1.2778e-18   1.6063e-19
 7976.29   1.2002e-18   1.4648e-19
 7979.36   1.1655e-18   1.2785e-19
 7982.43   1.1628e-18   1.2990e-19
 7985.50   1.0850e-18   1.4740e-19
 7988.57   1.1251e-18   1.6151e-19
 7991.65   1.1962e-18   1.7400e-19
 7994.72   1.1153e-18   1.5374e-19
 7997.79   1.2503e-18   1.4987e-19
 8000.86   1.1088e-18   1.4931e-19
 8003.93   1.0216e-18   1.3937e-19
 8007.00   1.1633e-18   1.2738e-19
 8010.07   1.1558e-18   1.1872e-19
 8013.15   1.2247e-18   1.2090e-19
 8016.22   1.1564e-18   1.2353e-19
 8019.29   1.2457e-18   1.3624e-19
 8022.36   1.1832e-18   1.4473e-19
 8025.43   1.2052e-18   1.4740e-19
 8028.50   1.1896e-18   1.4586e-19
 8031.58   1.1821e-18   1.4325e-19
 8034.65   1.1485e-18   1.3223e-19
 8037.72   1.0730e-18   1.2402e-19
 8040.79   1.2053e-18   1.1372e-19
 8043.86   1.2363e-18   1.0557e-19
 8046.93   1.1331e-18   1.0743e-19
 8050.00   1.1435e-18   1.1187e-19
 8053.08   1.1741e-18   1.1146e-19
 8056.15   1.1626e-18   1.1957e-19
 8059.22   1.2100e-18   1.2514e-19
 8062.29   1.2569e-18   1.2515e-19
 8065.36   1.0219e-18   1.2011e-19
 8068.43   1.0566e-18   1.1817e-19
 8071.51   9.9120e-19   1.2524e-19
 8074.58   7.8668e-19   1.0983e-19
 8077.65   9.4112e-19   1.0098e-19
 8080.72   1.0500e-18   1.0382e-19
 8083.79   1.1249e-18   1.0369e-19
 8086.86   1.2279e-18   1.0236e-19
 8089.93   1.1245e-18   1.0384e-19
 8093.01   1.1482e-18   1.0553e-19
 8096.08   1.2141e-18   1.0580e-19
 8099.15   1.1805e-18   1.0645e-19
 8102.22   1.1273e-18   1.0779e-19
 8105.29   1.0829e-18   1.0607e-19
 8108.36   1.0146e-18   1.0697e-19
 8111.44   1.1950e-18   1.0515e-19
 8114.51   1.2068e-18   1.0453e-19
 8117.58   1.2298e-18   9.8403e-20
 8120.65   1.0478e-18   9.6246e-20
 8123.72   1.0716e-18   9.3787e-20
 8126.79   1.2183e-18   9.9766e-20
 8129.86   1.0981e-18   8.9590e-20
 8132.94   1.1533e-18   9.7067e-20
 8136.01   1.1840e-18   9.8711e-20
 8139.08   1.2179e-18   9.3632e-20
 8142.15   1.1736e-18   1.0016e-19
 8145.22   1.2130e-18   1.0377e-19
 8148.29   1.0680e-18   9.8676e-20
 8151.37   1.0958e-18   1.0012e-19
 8154.44   1.1039e-18   9.7162e-20
 8157.51   1.0306e-18   9.6093e-20
 8160.58   1.0962e-18   9.5051e-20
 8163.65   1.0411e-18   9.2594e-20
 8166.72   1.0347e-18   9.2030e-20
 8169.79   1.0835e-18   9.1298e-20
 8172.87   1.0232e-18   8.9234e-20
 8175.94   1.0466e-18   8.9055e-20
 8179.01   1.0895e-18   8.9245e-20
 8182.08   1.1120e-18   9.2230e-20
